-1159.27 -547.7
-1159.8633344364166 -546.3574083566666
-1160.6423013401031 -544.941270184517
-1160.8285135668516 -542.999021601677
-1161.034633372426 -541.0396574258805
-1161.2701001805067 -539.0933565616608
-1161.098766554594 -537.349405002594
-1160.8216546070576 -535.381120634079
-1160.740842063427 -534.7357911586762
-1160.4114205431938 -532.7800580978394
-1160.1952189993858 -530.8255244016648
-1160.4738890719414 -528.8929823160172
-1160.8397476267814 -527.102289390564
-1160.986820538044 -525.2492696762085
-1161.423157800436 -523.3876666545868
-1161.1105033648014 -521.8875982284546
-1160.8947935593128 -519.9341494560242
-1160.676018793583 -518.0884718418122
-1160.4465137016773 -516.3069614887238
-1160.3575112116337 -514.5465836048127
-1160.0455315899849 -512.8967418193818
-1159.7782238018513 -511.07677502632146
-1160.0702100288868 -509.30060191154485
-1160.7488560569286 -507.4307724952698
-1160.9448870313167 -505.87109453678136
-1161.1968153905868 -504.3105563640595
-1162.2038912963867 -502.81027634143834
-1163.0069824647903 -501.2894572734833
-1163.7871127915382 -499.99678392410283
-1164.6580841732025 -499.00866229534154
-1165.734721083641 -497.73177678585057
-1166.8262300682068 -496.79945148229604
-1167.281201530695 -495.28245712518697
-1167.5686412644386 -493.56908274888997
-1167.7667482984066 -491.82558895349507
-1167.6075914692879 -490.00208450555806
-1168.12348623991 -488.71127427816396
-1168.497819174528 -486.8316441893578
-1168.461563129425 -484.89565314054494
-1168.1300277006626 -483.3921058297158
-1168.1904825907945 -482.0531423211098
-1167.7819322687387 -480.1906554818154
-1167.1405244213342 -478.52740658521657
-1166.1165391546488 -477.1707590937615
-1164.7432676893472 -476.44747592210774
-1163.8391512972116 -475.43554581403737
-1162.6914571863413 -474.9014618515969
-1160.9728236538172 -474.29974861145024
-1159.877724800706 -473.59366066455846
-1158.2651493889093 -473.3562422513962
-1156.374227796197 -473.16272143721585
-1154.8634021621942 -472.9656128406525
-1153.3360689026117 -472.63653267622
-1151.766471658349 -472.1592371284962
-1150.2169928890467 -471.57245395779614
-1148.5482886177301 -471.4157523334027
-1146.7327826362848 -470.3988137662411
-1145.5428729397058 -468.7334678590298
-1145.5092704039812 -467.2908683240414
-1145.2759448331594 -465.55923549532895
-1144.7347421091795 -464.49711768031125
-1144.4830470126867 -462.8270129382611
-1144.4891924899816 -461.02587620615964
-1143.9568145912885 -459.2770197808743
-1143.772967134118 -457.62689189314847
-1143.2452980619669 -455.8430428922177
-1143.3316362690925 -454.9670492827893
-1143.5282764923572 -453.2868117511273
-1143.2717626583576 -451.74345890879636
-1143.064355392456 -450.28731195330624
-1142.4888618183136 -448.59995917677884
-1142.3196858656406 -446.87371019721036
-1142.6821208190918 -445.68189446330075
-1142.254745323658 -443.8397423446179
-1141.2798583102226 -441.9863223254681
-1140.0928794932365 -440.3805340945721
-1139.7698752474785 -439.5558776676655
-1138.7908164453506 -438.0581288158894
-1137.1420713853836 -437.07338951230054
-1135.395938653946 -437.05811850428586
-1133.9646194171905 -436.49759731888776
-1132.7902662944794 -435.9134398519993
-1131.9683197927475 -435.62574906349187
-1130.727524061203 -435.07180143594746
-1129.3753467988968 -434.71926356554036
-1127.8740481328964 -434.55082367062573
-1126.4647221755981 -434.808234256506
-1124.7394635868072 -434.4996769845486
-1123.6345305633545 -434.18630192875867
-1121.8946415376663 -434.2774726569653
-1120.0218428564071 -433.3705050170422
-1118.9952669334411 -432.1682299792767
-1117.8941463422775 -430.8381458938122
-1117.6755088460445 -429.69772593379025
-1117.0743114840984 -427.9888152301312
-1116.4686838281154 -426.4198979556561
-1115.9517121207714 -424.8066727340222
-1115.4992938232422 -423.78273932337765
-1115.0771761727333 -421.7934490859509
-1115.0552726001292 -420.8098072826863
-1114.8010197491199 -419.37211714386945
-1114.207830330804 -417.41794262528424
-1114.081480956152 -416.00417779088025
-1113.4811332584172 -414.1975717365742
-1113.6515759886056 -413.1725052416325
-1113.286176180914 -411.7696324408055
-1113.0158444405347 -410.1264504015446
-1113.5100106359273 -408.3974228918553
-1112.9204144836217 -406.8908204853535
-1113.0043382108956 -405.2059968531132
-1112.853661140874 -403.5089765608311
-1111.9447801918536 -401.7908371508122
-1111.6811340660602 -400.46408615708356
-1110.3506127209216 -399.601242107153
-1108.9732316345721 -398.2774202048779
-1107.3855372280627 -397.19778172373776
-1106.036568602994 -396.91988555789
-1104.4068698496371 -396.3399609744549
-1102.4894871325046 -395.7828976333142
-1101.0489037842303 -395.8912336647511
-1099.898732027486 -396.10446589887147
-1098.1482452959567 -395.4702452987433
-1096.6175704807788 -395.9704337686301
-1094.9773871511966 -395.3175396293402
-1093.7558763832599 -395.6974688738585
-1092.3114831060916 -395.2401983112097
-1090.5723191113025 -395.34170466363435
-1089.6587956757098 -395.44933255463843
-1088.1645193905383 -395.6284171536565
-1086.7357509941608 -395.91516073495154
-1085.8661352009326 -395.62588312178855
-1084.2529617161304 -395.028358180821
-1083.0686568827182 -394.3476084068418
-1082.006049355939 -394.24161749035125
-1080.673553666547 -394.273176663369
-1078.8131186575442 -394.18163838312034
-1077.440639814809 -393.6352877847851
-1076.2094897837192 -393.481332384795
-1074.8807999701053 -393.3434321813286
-1073.2060963720828 -393.5550242595375
-1072.0251403660327 -393.7143636576832
