-1159.27 -547.7
-1158.1871656370163 -546.033163022995
-1157.6657954645157 -544.394090127945
-1158.012891728878 -542.7615396499634
-1157.3855751943588 -541.1822113513947
-1157.3578260023892 -540.0928719758988
-1157.0613308925927 -539.3585267782212
-1157.1355899949372 -537.5052922487259
-1156.6110723395645 -536.359563779831
-1157.2308611054718 -534.4484167814255
-1157.2826139558852 -533.4508464455605
-1156.6016867984831 -531.4892506718636
-1156.2816394795477 -530.2767102837563
-1156.9694330920279 -529.3441361308098
-1156.496913485676 -528.1084500670433
-1156.4174844105542 -527.2426436066628
-1156.382563855946 -526.0420299887658
-1156.1760572758317 -524.9703328728676
-1156.196554787904 -524.1460340738297
-1155.886376210004 -523.0962203264237
-1156.3282714565098 -522.0076934814454
-1156.0772462566197 -520.5434997797013
-1156.1850186367333 -519.0430033922196
-1156.6276519675553 -517.7380830764771
-1156.4958618809283 -516.5408662080765
-1156.6405908842385 -515.5372045755387
-1156.5156061653793 -513.9074105739594
-1156.1622446779907 -512.9630204558373
-1156.4017975334823 -511.64745546579366
-1156.6052859728038 -510.1578275084496
-1156.3559384052455 -508.95611108541493
-1156.108985722512 -507.46593834161763
-1156.7821328644454 -505.81651271581654
-1156.485062301606 -504.82906628847127
-1156.3993312869966 -503.3493523716927
-1156.2911994610727 -502.3890109777451
-1156.0408013020456 -500.84379775524144
-1155.9859711197018 -499.75221998691563
-1155.6082382169366 -498.0078653812409
-1155.2664972510934 -496.6789019823075
-1155.2339231786132 -495.82691295146947
-1154.4003727850318 -494.01924355030064
-1153.7495628413558 -493.1618228077889
-1153.4842881676554 -491.4278072237969
-1152.9130095359683 -490.33022655248647
-1152.9361918610334 -489.21448017358784
-1152.7984403860569 -487.81900097131734
-1153.1044189822674 -486.32071448564534
-1153.1734289643168 -484.54461969137196
-1152.6979106482863 -483.1445950388909
-1153.009468805492 -482.22784842252736
-1152.7926557776332 -480.52209271192555
-1152.4157419618964 -478.85808480978017
-1151.4618787583709 -478.2509269237519
-1150.560338538587 -477.02300937175755
-1149.4045453485846 -476.2465291142464
-1147.85108856529 -475.74670765995984
-1147.1886905846 -475.36426044702534
-1146.396473031938 -474.2781748890877
-1145.6500961598754 -473.5650310635567
-1144.672957521379 -473.1037860631943
-1143.6556829032302 -471.67613811492924
-1142.8242531833052 -470.5074270486832
-1142.4165644463897 -469.73683513402943
-1141.6760944542289 -468.8283737421036
-1141.4377922680974 -467.62691624164586
-1141.1685074535012 -466.36275596618657
-1141.3679192778468 -465.4060291767121
-1141.7482983586192 -463.67095656394963
-1141.4991233167052 -462.8023479700089
-1141.4057022672891 -460.903625202179
-1141.2811377984285 -458.97752947807317
-1141.3232472878694 -457.620657157898
-1141.5897941929102 -456.8714581251145
-1141.8268123310804 -455.6929947853089
-1141.8761921417713 -454.96696646213536
-1141.1760221016407 -453.4007573843003
-1141.59370236516 -451.9644847631455
-1141.7121418383717 -450.34358437061314
-1141.971249845326 -448.4450057268143
-1141.1087259319424 -447.5452790975571
-1141.0691905733943 -446.52929098606114
-1140.8040742096305 -445.45550329685216
-1140.8819144782424 -443.8460858583451
-1140.010023933351 -442.78186936378484
-1139.869727384746 -441.71766228675847
-1139.5303630647063 -440.5482707738877
-1137.982050281465 -439.21762962341313
-1136.4954804000258 -438.9137509286404
-1135.6541733559966 -438.34232280850415
-1134.4437271174788 -437.71869103312497
-1133.7712752637267 -437.2459137856961
-1132.1536269006133 -437.1059318006039
-1130.3732025441527 -436.65944336056714
-1129.1111713466048 -436.1405219852925
-1127.6920903739333 -435.6669623076916
-1127.156303268373 -434.7276792943478
-1125.9425977286696 -433.66374949812894
-1124.8443075236678 -432.9086692154408
-1123.9835294899344 -432.0328804671765
-1122.5338368830085 -431.1568500220776
-1121.8598525938392 -429.92077700495724
-1120.903781157434 -429.265739363432
-1119.9050757703185 -428.2831579267979
-1119.5480860885978 -426.7301078855992
-1119.6874172505736 -425.39915190339093
-1119.2331492719054 -423.8613016426564
-1118.581819754541 -422.3891207993031
-1118.0611425456405 -421.103784185648
-1118.0174277168512 -419.49963377118115
-1117.630598012805 -417.674850922823
-1118.0768915754556 -416.89171485304837
-1117.9507779371738 -415.7265502631665
-1117.377654005289 -414.4696363627911
-1117.77768455863 -413.19625524878506
-1117.4825505805015 -412.33383671641354
-1117.9147984576225 -410.7055809915066
-1118.0623252880573 -409.14154843688016
-1117.6375104677677 -408.1462097585202
-1117.2620511245727 -407.1363972842694
-1117.07876596272 -406.001841467619
-1116.9829589617252 -404.98519245982175
-1116.9360350859165 -404.1200651943684
-1116.1368583929539 -402.9869986593724
-1115.2421125662327 -402.15888957381253
-1114.900587309599 -400.8190396249295
-1114.1441035163402 -399.16109220385556
-1114.0400945734978 -397.73098961710934
-1113.1736695957184 -396.7381415188313
-1111.8912598085403 -395.848780733347
-1110.6787229967117 -394.6912759363652
-1109.3021533679962 -394.00319896340375
-1108.2779448223114 -393.0257537186146
-1107.0717288446426 -392.52115980982785
-1105.6148520898819 -392.39498430192475
-1103.7794902515411 -392.26181891262536
-1102.9020117115974 -391.73943873941903
-1101.668982822895 -391.64129273295407
-1100.2963869166374 -391.93782718181615
-1099.4437474799156 -391.9313449941576
-1097.9785065245628 -391.7175684206188
-1096.6241294932365 -392.3272201649845
-1095.1299106669426 -391.881771170348
-1093.7622240376472 -391.5171201460064
-1092.0776729178428 -391.37435268685226
-1090.5822071623802 -391.79065837785606
-1089.033513147831 -392.13781144544487
-1087.799834806919 -392.31067016050224
-1086.1084926915169 -392.10710329636936
-1084.5015285801887 -391.9130047641695
-1082.7654305291176 -391.47452760562305
-1081.0745095801353 -391.0426057361067
-1079.3373713088035 -390.0595228455961
-1077.8109848093986 -389.09234074577694
-1076.0201197457313 -389.0585663698614
-1074.5169484210014 -388.2958923362196
