-1159.27 -547.7
-1158.2679082345962 -546.8639977097512
-1157.462878961563 -545.9004707455636
-1156.842006225586 -544.9770114541054
-1156.0571927022934 -543.3832399964333
-1155.6657250118255 -542.2130628943444
-1154.8198040914535 -540.6700625538826
-1154.0631010723114 -539.8170688271523
-1153.9025697898865 -538.4992134690285
-1153.2782635879516 -537.3783967614174
-1152.7797091794014 -535.8105707287789
-1152.4192754220962 -534.9001367211342
-1152.176758889556 -533.4786015868187
-1152.4773392421007 -532.5496258854866
-1152.6162703227997 -531.7336272716523
-1152.949880619049 -530.9756251692772
-1152.6998508763313 -530.1914916753769
-1152.2084513497352 -529.425147664547
-1151.9227008712292 -527.4747297883034
-1151.8142235171795 -526.452092063427
-1152.4249787819385 -525.3021988987923
-1151.9326770198345 -523.8472862362862
-1151.7134947818518 -523.1583857655526
-1151.6473676007986 -522.0039234280587
-1151.5771978539228 -520.9171450257302
-1152.1065274518728 -519.5778664469719
-1152.1295147430897 -518.6006657004357
-1152.3982108426094 -516.8651744246483
-1152.0336041641235 -515.4644383311272
-1151.9905166518688 -514.3631862521172
-1152.233338598609 -513.3827793717385
-1152.2224253308773 -511.67079390287404
-1151.7516474616527 -510.64379204511647
-1152.0827324581146 -509.4954787611962
-1151.894078631401 -508.0425622582436
-1152.2433738303184 -506.6295516610146
-1152.5599361252785 -505.01374984979634
-1152.1850952398777 -503.80631448030476
-1152.6111240577698 -502.36424328088765
-1152.5994143378734 -501.2890060067177
-1152.488859821558 -499.7210644602776
-1152.7838936340809 -498.8449722051621
-1152.7845753920078 -497.6301065206528
-1153.069282759428 -496.09597773551945
-1153.5205795061588 -495.21884448528294
-1153.0542367589474 -494.4634975910187
-1152.819968034029 -492.7670185089112
-1152.3217548024654 -491.753447842598
-1152.632163066864 -490.1334472417832
-1153.2280340385437 -488.2177711248398
-1153.6678442549705 -486.7237857103348
-1153.0845770430565 -485.8739646196366
-1153.1669664499163 -485.0493958115578
-1152.893432688415 -483.545814049244
-1153.0473701772094 -482.80951280593877
-1152.6355581697821 -481.9729587554932
-1152.9666328248381 -480.8674728393555
-1152.0712438639998 -480.0543294668198
-1151.3263816055655 -478.468508553505
-1150.5761763867736 -477.0067961931229
-1149.6966260489821 -476.6075401425362
-1149.41118155092 -475.66236920356755
-1147.9155537900328 -475.1557446241379
-1146.9886211571097 -474.71325216889386
-1146.1018486437201 -473.9221402227879
-1144.931892555654 -473.0914879858494
-1143.6909896549582 -471.91637859940533
-1142.8897347864508 -470.2153734982014
-1142.3171058115363 -469.0772268593312
-1141.7325944718718 -468.3625094711781
-1141.701756131351 -467.34740636944775
-1141.5796242025494 -466.2322366058827
-1141.1367937889695 -464.99887631535535
-1140.5727047291398 -463.71885023713116
-1139.9744706717133 -462.34034679532056
-1140.4370230701566 -461.19709084630017
-1140.1146872904897 -459.2653176605702
-1139.6381260421872 -457.3074514687062
-1139.7056917589903 -456.3011057198048
-1140.3578218859434 -455.1831309616566
-1140.304455794841 -453.48632226586346
-1140.9208770771324 -452.45465384125714
-1141.0230117891729 -451.34546790719037
-1140.817125633806 -450.5387804329396
-1140.351306423992 -449.6377663433552
-1140.266033448726 -447.93408451676373
-1139.709738471061 -446.38664017319684
-1139.9338809330761 -445.49098966717725
-1139.825920150131 -444.2058490335942
-1139.8360102330148 -442.42862902283673
-1139.075929299444 -441.1204932749272
-1137.6656773243844 -439.93318520188336
-1136.448647276014 -439.11933378577237
-1135.5510797654092 -438.5869327604771
-1134.9361780439317 -438.35669354796414
-1133.566038325876 -438.55078807175164
-1132.1188153778016 -437.90290984213357
-1130.5802645240724 -437.01932999193673
-1128.8260145936906 -437.2217584371567
-1127.9947816883027 -437.3432229429484
-1126.485727623552 -437.550709989667
-1125.765676036924 -437.20886885821824
-1124.9084804211557 -436.88087486922745
-1124.017293587774 -436.9572811990977
-1123.1066838656366 -436.77778309285645
-1121.8867185269296 -435.9343699187041
-1120.401447788328 -435.9113195508719
-1118.865769163221 -435.34690081775193
-1118.5172758255899 -434.1950641840697
-1117.6667486582696 -432.98679089248185
-1116.916028932184 -431.6737692326308
-1115.2423727069795 -430.8846291273833
-1114.2616046224534 -429.64440965354447
-1113.2721276436746 -428.9244921177626
-1112.7030414496362 -428.63145166337495
-1111.051929012388 -427.2789335817099
-1109.8151596938073 -426.4353928536177
-1109.1262228642404 -425.4168758362532
-1108.4735515271127 -424.3167347878218
-1108.2503636334836 -422.5621068447829
-1107.3579683755338 -420.7592148751021
-1107.0624689911306 -418.8455951184035
-1106.9039034102857 -418.1630544632674
-1106.8753794175386 -416.46558618247514
-1107.373002950549 -415.27670895755296
-1106.9251589816809 -413.8680623739958
-1106.6939515513182 -412.06083380877976
-1106.6935445410013 -410.7018862932921
-1106.4031350654363 -409.99780571162705
-1105.8352163475752 -409.12823521792893
-1105.285973135829 -407.59949028193955
-1105.1849044156074 -406.792823073268
-1105.364205737114 -406.0892871588469
-1105.2289994251728 -405.4254302948714
-1104.445874620676 -404.46826719939713
-1104.5776630830765 -403.2911677330733
-1104.8976710033417 -402.18665861785416
-1104.4818460536003 -401.3869838684798
-1103.7757865977287 -400.0090758770705
-1103.3119453978538 -398.3662826985121
-1102.3869951558113 -396.75826596915726
-1101.557391781807 -395.13458168208604
-1100.9511517477035 -393.73623418509965
-1099.7213339996338 -393.61858005523686
-1098.070557255745 -392.6743312597275
-1096.5937745761871 -392.86897492110734
-1094.907494444847 -392.2916798561812
-1093.6565082263946 -392.3506907269359
-1092.9384206724167 -392.45937636941676
-1091.659221072197 -392.92257515043025
-1090.7937296819687 -392.63097942322497
-1089.5640151691437 -392.87592220753436
-1088.4814744186401 -392.5760500475765
-1087.1518963766098 -391.82748187035327
-1085.7755916309357 -391.1523110315204
-1084.3180864048004 -391.11080487892036
-1083.3866744232178 -390.8181318573654
-1082.0546055030823 -390.8667052023113
-1081.0731846284866 -391.42068960592155
-1079.654177684784 -391.9060774080456
-1078.3626629304886 -391.25730922147636
-1076.713498492241 -391.65959518477325
-1075.9560069036484 -392.1240176789463
-1074.8440439891815 -391.71501552388077
-1073.7659490299225 -391.8785080842674
