-1159.27 -547.7
-1158.653005976677 -545.7829746723176
-1158.4270264846086 -543.9566921710968
-1158.893157992959 -542.6048008918763
-1158.2639793497324 -540.6588919878006
-1157.3743768078089 -538.8602748632431
-1156.8927843016386 -536.8843029260636
-1156.2669422072172 -534.9666057348252
-1155.8153519672155 -533.3145344972611
-1155.2622625273466 -531.9445287704468
-1154.907427970767 -530.1528886079789
-1154.5162948411703 -528.3454342603684
-1154.3094499450922 -526.8367719173432
-1154.4248928171396 -524.9975389957428
-1154.3717045229673 -523.0880321979523
-1154.5599146229029 -521.5914542198182
-1154.7406074148416 -520.0164335489274
-1154.498231832385 -518.0916884660721
-1154.8899303120374 -516.6675283432007
-1154.651307259202 -514.7436215400696
-1154.247973356843 -512.8229240894318
-1153.9293620330095 -510.94383354187016
-1153.6697882157564 -509.16273875236516
-1153.4212896567583 -507.26896030902867
-1153.3319856268167 -505.4548722028733
-1152.850574169755 -503.5415855169297
-1152.1228213053942 -502.0955137729645
-1150.5557193499803 -500.9057040929795
-1149.121610377431 -499.39976866245274
-1147.6246363860369 -498.01114339828496
-1146.2163067799806 -496.8455986499787
-1144.6624235850572 -496.0009437322617
-1142.8204917651415 -495.3185522079468
-1141.072436068654 -494.5503032326699
-1139.9826636058092 -493.634708416462
-1138.3922164183855 -492.87668151855473
-1136.7366233807802 -492.569574546814
-1134.9639694434404 -492.4821613103152
-1133.1857849103212 -492.35480551123624
-1131.6031633359194 -491.79192094206815
-1130.6558772069216 -491.35259310603146
-1129.0922437649965 -491.0729520440102
-1127.6827388745546 -491.19470163136725
-1125.7472661477327 -491.0263912275434
-1124.0782953244448 -490.5771768882871
-1122.4883564454317 -489.90948118716483
-1120.637574289441 -489.89296924024825
-1119.0184629899263 -489.6029316082597
-1117.4083161097765 -489.80798237472777
-1115.5702843409777 -489.0578328862787
-1113.6826379042864 -488.39681373983626
-1111.8072032672167 -487.83219777494674
-1110.6279527884722 -486.82079135328536
-1108.9491464835405 -486.0877755776048
-1107.7636539679766 -484.85722302347426
-1107.047173474431 -483.9753080502153
-1106.0069629889726 -482.1809657707811
-1105.1060563069582 -480.494688500464
-1104.5155157786608 -478.5591186180711
-1104.3855499964952 -476.5733839169145
-1104.477491070032 -474.81801210790877
-1103.8642101180553 -473.5812009468675
-1103.662536714673 -472.5169682398439
-1103.9363317531347 -470.5329043760896
-1103.3022891324758 -469.0052711859346
-1102.7792582553625 -468.0334734216333
-1102.3832994145155 -466.87436621338134
-1102.0328036886453 -465.4606066241861
-1101.84286760211 -463.85186641365294
-1101.590384144783 -462.32138888984923
-1102.0642847013473 -460.64240269809966
-1102.1917475801706 -459.0898262754083
-1101.9965027165413 -457.65412144809966
-1102.0415229392052 -455.7740660205484
-1101.9413655889034 -454.80826335102324
-1101.5644394946098 -452.96729569584136
-1102.385169584751 -451.36782424598937
-1102.7649769973755 -450.1497809186578
-1102.5495270234346 -448.56697933822875
-1102.051552746892 -446.7761937871576
-1102.7799451690912 -445.32933252006774
-1102.7285372954607 -443.68703942447905
-1102.8272505146265 -442.35867707878356
-1102.6338327121734 -440.95043532997374
-1102.5631118309498 -439.3038405671716
-1102.2681032013893 -437.3751153245569
-1102.961457092762 -436.42374907881026
-1102.726131964922 -434.82621621042495
-1102.6518837106228 -432.9502320185304
-1102.4716986459493 -431.030953873694
-1102.3413729709387 -429.31141840368514
-1102.0665358942747 -428.5827538862825
-1102.0504557085037 -426.9478640452028
-1101.855109859705 -425.4560073509813
-1101.8667268198728 -423.65741013437514
-1101.6695326906442 -422.2408779755235
-1102.1051256400347 -421.28912626653914
-1102.8248250824213 -419.38419829756026
-1103.2418107134104 -418.04439472109084
-1103.2788924579322 -416.7163708105684
-1102.7280717496574 -415.4409892454744
-1102.7094579231739 -413.8459396257997
-1102.0463938009739 -412.4523485794664
-1101.6024318528175 -411.6224686995149
-1101.3323205006122 -409.9508780136705
-1100.8040103805065 -408.03652726560836
-1100.5386032950878 -407.0887961879373
-1100.5751134869456 -405.46859185844664
-1100.6309735444188 -403.94236152321105
-1100.2358334329724 -402.40763204246764
-1100.5085561540723 -400.57298343330626
-1100.626588423252 -399.0467159047723
-1100.3459466290474 -398.35502295643096
-1099.652305264473 -396.8308092847467
-1098.586205739975 -395.0440044894815
-1097.208053369522 -394.3040597930551
-1095.8405215930939 -393.94321732670073
-1093.9675185871124 -393.31791262775664
-1092.3480531167984 -393.4792165949941
-1091.0563261699676 -393.5419451788068
-1089.5693210554123 -393.65734185725455
-1087.7457574796676 -393.36414428502326
-1086.3153363656997 -393.1833847358823
-1084.619974989891 -392.47128101140265
-1082.92627348423 -392.59742372184996
-1081.5664905500412 -392.6091851189733
-1080.5246538114548 -391.96205880194907
-1079.7636573505401 -390.75793363600974
-1078.3986225318909 -389.80662359744315
-1077.362447757721 -389.6600127115846
-1076.4769126963615 -388.5827263489366
-1075.5496366214752 -387.52313255220656
-1074.3332936954498 -387.1279931560159
