-1159.27 -547.7
-1158.37082757473 -546.1420965909958
-1157.988928039074 -544.5056312799454
-1157.5839154314995 -543.3320534944535
-1156.9732151222229 -541.8625541448594
-1156.5695711266994 -540.3562680006028
-1156.5107859675586 -538.6221662282944
-1156.2190210227668 -537.3827268600464
-1155.69518280074 -536.4694404125214
-1156.1966965799033 -534.8026886701584
-1156.1002076347172 -533.2621620416642
-1156.2729568262398 -531.9424414157868
-1156.7094350536167 -530.5580452203751
-1156.6551936087012 -529.8459392905236
-1156.2051977035403 -528.643520963192
-1156.2204809975624 -527.5692430853844
-1156.5516129922867 -526.5809029459954
-1156.1475803744793 -525.5757718205452
-1156.4176976275444 -523.7190151333809
-1156.8549628448486 -522.2319617390633
-1157.182094950676 -520.7066490769387
-1157.0750215095281 -518.892960202694
-1156.5738185089826 -517.0392450213433
-1156.5367559310794 -516.241267156601
-1156.5451313019544 -514.7720009803772
-1156.1317701102048 -513.4126902341843
-1156.1706606135517 -512.56417812109
-1156.0649956599623 -511.2493611693383
-1155.7469908133894 -509.6470202326775
-1155.8110659629851 -507.9096834778786
-1155.9707951904088 -506.02044202089314
-1155.6414515734464 -504.5895124793053
-1155.3162649632245 -503.13063491582875
-1155.0574966729432 -502.28884549140935
-1154.7708315909654 -501.6013701677323
-1153.6753269494325 -500.1558885097504
-1152.909365779236 -499.64684243202214
-1151.7559988559037 -498.5477137088776
-1150.20159555085 -497.8642553210259
-1149.1152054131776 -497.3428443193436
-1148.004071003273 -496.1224381446839
-1146.6936116278916 -495.63240755796437
-1145.0618436396867 -495.3759409010411
-1143.4586284220964 -494.8542167961598
-1142.6661827028543 -495.1133906960488
-1141.6459669531137 -495.4961525321007
-1139.9433519304544 -495.5867602348328
-1138.939504808262 -494.8416925787926
-1138.04928118594 -494.6738155305386
-1137.2001174152642 -494.43958036303525
-1135.780477827862 -494.21599109172826
-1134.4281223476678 -494.26208851933484
-1133.0514238537103 -494.1162692725659
-1131.250769680813 -494.23046043217187
-1130.009890979603 -494.7297284275294
-1128.2487070024758 -494.27093782722955
-1126.4187707365304 -493.8761169880629
-1125.2242156923562 -493.55517050325875
-1123.6660589636117 -494.03635918796067
-1122.292032784298 -493.99205719754104
-1121.28328198798 -494.13462882563476
-1119.8442708910256 -494.39408158585434
-1118.9558722437173 -494.2621755830944
-1118.089936202839 -494.59980692788963
-1116.927603668049 -494.81273993179207
-1116.0454405010491 -495.2295229069889
-1114.6846287906915 -494.9277371399105
-1113.4444739282876 -494.8230774186552
-1111.506596988514 -494.87710685357456
-1110.3715332210809 -495.15682847127323
-1109.2152195633203 -495.4816676460207
-1108.0840063751489 -495.3841418407858
-1107.026351755932 -495.3776879988611
-1105.505665725544 -494.81658244952564
-1103.8100726068765 -494.89812364503746
-1102.7627454460412 -495.1601165167988
-1101.8417645157128 -494.6604352228344
-1100.607339805439 -494.6352982975543
-1099.010645216778 -494.6177855588496
-1097.3733025253564 -494.12837441340093
-1095.9220531643182 -494.7018356479705
-1094.628707236126 -494.5152569122613
-1093.2454453171044 -494.70064559653406
-1092.561849123314 -494.01363495066767
-1091.613968855217 -494.29970532730226
-1090.6245045722276 -494.2294354446233
-1089.0137288630754 -494.3157706789673
-1088.0239352048188 -493.6832888655365
-1086.3084338963777 -493.73205422684555
-1084.652454978302 -493.80203630849724
-1083.359029179886 -493.3159468404949
-1081.8260659039765 -493.59744181558494
-1080.2323771775514 -493.4417117618025
-1078.9135601580888 -493.4584247961641
-1077.4304747641831 -493.0236485496164
-1075.4803626597673 -492.9151621729136
-1074.5264037907868 -493.4283623963595
-1073.0049409926683 -493.49717862606053
-1071.6762994588166 -493.91673390269284
-1070.03833175309 -493.56760112643246
-1068.3569837868959 -493.6727697074414
-1067.2868979037553 -493.0971528708935
-1065.9667499125749 -493.18367591202264
-1064.7451376975328 -493.65038561522965
-1063.3012890876084 -493.44629917740826
-1062.0288269580155 -493.10847027301793
-1061.0683581293374 -493.4521943747998
-1059.39488024123 -493.883627396822
-1057.5708139599114 -493.1721774756909
-1056.3305984199792 -493.07582138925795
-1054.8958857715875 -492.7248563662172
-1054.1259598792344 -492.99941494017844
-1052.3276374400407 -492.19839992076163
-1051.3119518817216 -491.7248960927129
-1049.5921539128572 -491.3245570853353
-1048.2794845164567 -491.25441512912516
-1047.0093587697297 -491.64549416750674
-1045.819798713997 -491.6894788935781
-1044.0343613684922 -491.91285287290816
-1042.281236416176 -491.11079661995177
-1041.1358556807786 -491.24131651669745
-1039.3842458785325 -491.2927386954427
-1037.761610514 -491.10231771022086
-1036.5916056693345 -490.8606694236398
-1035.246500974968 -490.2188240781427
-1034.5466339052468 -490.1195009246469
-1032.9369437158853 -489.339011181891
-1032.1066953600198 -488.527526845038
-1031.058048909977 -487.14366160780196
-1031.1302170217782 -486.10348593145613
-1031.0440172911435 -484.79091726690535
-1030.5719672799855 -482.87940560728316
-1030.072308158949 -481.65698217302565
-1029.2087645293027 -480.0174577131868
-1028.3351128459722 -478.8852143183351
-1027.8731532157212 -477.2568626299501
-1027.4061769605428 -475.86181746870284
-1026.7727241874486 -474.202473987639
-1026.3834454477578 -472.9816044464708
-1026.4284730762988 -471.4419439926744
-1026.601115456298 -469.7422264710069
-1025.829266300872 -468.8458859816194
-1025.3965207845717 -468.1018890038133
-1025.1223584324866 -466.62682162672286
-1025.3495118827373 -465.37151895910506
-1025.3350802794844 -463.7093850269914
-1024.892994268313 -462.66142367273574
-1025.0662676826864 -461.66395323425536
-1025.0776555524021 -460.6399152770639
-1025.0892097563296 -458.89745919853453
-1024.5423054308444 -457.8717412248254
-1024.239014050439 -456.50833099037413
-1024.6178612620383 -454.5244275823236
-1024.31708644934 -453.4685103192926
-1024.5414871186763 -451.89039926677947
-1024.0174436778575 -451.0470003381372
-1023.5609335512668 -449.0883054032922
-1023.5335203525424 -447.9013556733728
-1023.400631648004 -446.89172392040496
-1023.3804443445802 -445.33786718994384
-1022.6979234781861 -444.07824843078856
-1022.1770803895593 -442.97998325973754
-1022.1350049418211 -441.59386222511534
-1021.6655420702696 -440.0917176499963
-1021.575842667818 -439.0947624340654
-1021.8670779657364 -437.4433370724321
-1021.6594573748112 -436.20193122774367
-1022.2596222651005 -435.4372358217836
-1022.5672762584686 -433.9426100149751
-1022.4241510224342 -432.72398864179854
-1022.6211508703232 -431.06340812593703
-1023.0761674237251 -429.87245224863295
-1022.6407811236381 -428.19774435907607
-1022.3097219657898 -427.4236367836595
-1021.9784056138992 -425.6003261700273
-1022.4299088311195 -424.81910406500106
-1022.817379553318 -423.7381162539125
-1022.5657972884178 -422.85899351984267
-1022.3545327228308 -421.89591144472365
-1022.5428746086359 -420.132085312903
-1022.6298611056804 -419.1640270248056
-1023.0335270059109 -417.7423240438104
-1022.7440010797977 -416.1287578836084
-1022.449355174303 -415.1139197841287
-1022.9482434880733 -414.1879457727075
-1023.3648918759823 -413.08969252258544
-1023.2976379883289 -412.25116531997924
-1023.0507427048683 -411.0800632730127
-1023.2264176499843 -410.08645479828124
-1023.5586678576469 -409.23627768903975
-1023.3983067315817 -407.46446143537764
-1023.8086426597833 -405.95557402521376
-1023.9096911814809 -404.0166740313173
-1024.1973219183087 -402.821188916266
-1024.687893089354 -401.38960694223647
