-1159.27 -547.7
-1158.6821617674827 -546.6384021759034
-1158.4923247736692 -545.4062884569169
-1158.5461501520872 -544.2571777820588
-1159.02024561584 -542.4650980949402
-1158.4776238840818 -541.6686081409455
-1158.1178819280863 -539.9360384464264
-1158.2623299700022 -538.628557753563
-1158.672733489871 -537.4798707485199
-1158.6303707551956 -536.3205840110779
-1158.785641823411 -535.0929378986359
-1159.4428860288858 -534.3264874935151
-1159.3448770087957 -532.6044859409333
-1159.1118910354376 -531.0922832012177
-1159.496916089654 -530.3525586843491
-1159.1385546964407 -528.8148532629014
-1158.8546632868051 -527.3241410970688
-1158.6820974838733 -526.227745127678
-1158.7208573114872 -524.7501476526261
-1158.959480677247 -523.9111711502076
-1159.1431730878353 -522.4328298091889
-1159.3904878985882 -521.0552346229554
-1158.94111068964 -519.9078262567521
-1158.6139255654812 -519.1412442445755
-1158.5919461739063 -517.8843945980072
-1158.3263175678253 -516.4171535491944
-1158.6702491235733 -515.5748894929886
-1159.101918656826 -514.5041775226593
-1159.6587885212898 -513.5413079977036
-1159.6259277541935 -511.75630064010625
-1159.1577057023346 -510.79198433160786
-1159.785208978206 -509.09912027120595
-1159.8103331201523 -507.8007618308068
-1159.6861247666925 -506.2503408312798
-1159.8370811440795 -504.5646435141564
-1160.1037386157363 -503.433124434948
-1159.3307774760574 -502.52620382308965
-1158.8232183554023 -501.48472280502324
-1158.3057409026474 -500.0202729225159
-1157.597268531546 -498.1921004772187
-1157.3614594437927 -497.2314877033234
-1157.1392605849355 -495.6113991260529
-1157.035116309747 -494.30339021682744
-1156.433643276319 -492.54889960289006
-1156.2526995488256 -491.1634901285172
-1155.7434124299139 -490.11165733337407
-1155.4817140349 -488.9020646333695
-1154.8893519886583 -487.4826730012894
-1153.7943328865617 -487.3029396653176
-1153.2539136656374 -486.9534670233727
-1151.9377696760744 -485.9920243740082
-1150.7674505957216 -484.95867271423344
-1150.0368542917818 -484.6086547493935
-1148.1594610460847 -483.75694824457173
-1147.4444650062173 -483.0593215346337
-1145.9998863586038 -483.05341936349873
-1145.2777409800142 -482.3088489890099
-1143.9163775690645 -481.8952095329762
-1142.4600686081499 -481.2511841475964
-1140.8344567068666 -480.0477451503277
-1139.4331947811693 -479.5215673267842
-1138.1661080368608 -478.51590798497205
-1137.486145819053 -477.638587397337
-1135.9334656842798 -477.93517838120465
-1134.5893417247385 -477.1292650520802
-1133.8414512523264 -476.936107647419
-1132.9532550223917 -477.4906239032746
-1131.2718189605325 -477.6282859563828
-1129.7131008752435 -477.79109467267995
-1127.974460447654 -477.6929976910353
-1126.8736568339914 -477.5375917077065
-1125.4716955073923 -477.4647899985314
-1123.8544205077737 -477.5768782168627
-1122.8711250671 -477.5318880051375
-1121.9187570460886 -477.38421769142155
-1120.8590191253274 -477.54170494973664
-1119.4955057748407 -476.7539718717337
-1117.829918826446 -476.3208094209433
-1116.7225522645563 -475.97248431742196
-1115.0207652696222 -475.7489950329066
-1114.153154278621 -475.29056188166146
-1113.8616165169328 -473.8347568184138
-1112.9165894635767 -472.80657490789895
-1112.4698265441507 -471.8035934835673
-1111.6342843421548 -470.77885338366036
-1112.009622509107 -469.25401267111306
-1112.1780611225217 -468.08817383348946
-1112.101179222092 -467.0191753774882
-1112.0689296521991 -465.41392942965035
-1112.0293485619873 -464.60011955797677
-1111.4816745021194 -463.19981011450295
-1111.831834713444 -461.4573472410441
-1111.1523337759822 -460.54032161533837
-1110.612590233311 -459.1216875582934
-1110.2053904929012 -457.42308321297173
-1110.4917746879905 -455.95257845222955
-1110.9681094684452 -454.28076174557214
-1110.831538791284 -452.8609452515841
-1110.6197418072074 -451.4552258521319
-1110.1248625912517 -449.6905969649554
-1110.5932890870422 -447.78702035248284
-1111.2023779251426 -446.4523438483477
-1111.0418562390655 -445.5186946064234
-1111.0145202581584 -444.6550312906504
-1111.2389920209348 -443.27196380198006
-1110.9500128780305 -441.89359983503823
-1110.9307338562608 -440.6881652742625
-1110.6231072214246 -439.6023186117411
-1110.3217700985074 -437.74864038527016
-1110.317659214586 -436.453380432725
-1110.6859680865705 -435.1038226753474
-1110.4876248542964 -434.10563239157204
-1110.5583511818945 -432.9827276140452
-1110.2166526545584 -431.1936390072108
-1110.4564114440977 -429.46196946203713
-1110.2155315209925 -427.74198242723946
-1110.1050093401968 -426.17458268702035
-1109.7243091990053 -425.48249432146554
-1109.2331610251963 -423.9066785246134
-1109.796245150715 -422.4655657678843
-1110.003769480139 -420.71447559893136
-1109.6136446525156 -419.1841628223658
-1109.440940760523 -417.71644815504555
-1109.2751196850836 -416.68959149420266
-1109.3508551944792 -415.642073956132
-1109.0047282506525 -414.29348370134835
-1108.806118004471 -412.59831377565865
-1108.8083895402774 -411.7444897562266
-1108.8112609642371 -410.12324461042886
-1108.3742112773284 -408.88219007551675
-1107.1792696374282 -407.9114219218493
-1106.765632714592 -406.9287332564593
-1105.2458423035964 -406.7147361904383
-1104.8132393616065 -405.9187625318766
-1103.644904758297 -405.4992309778929
-1102.6217659967765 -404.6813026040793
-1101.2637079017982 -404.4227889746428
-1100.3880254882201 -403.4601883858443
-1099.5742984670028 -402.29808377921586
-1098.5430646794662 -401.8657496541739
-1097.4669617074355 -401.301938828826
-1095.8113270657882 -400.5719989508391
-1094.563592995964 -400.1741446524859
-1093.6996315377578 -399.5250648528338
-1092.5325748580321 -398.6772941619158
-1091.683537031971 -398.8566719859839
-1090.7313465135917 -398.13410085141663
-1089.9004665273055 -397.6739208668471
-1088.3971526282653 -397.3922708302737
-1086.8980762618407 -396.84036722481255
-1085.2464173692092 -397.3708683520556
-1083.8912118333205 -396.98389729559426
-1082.7933690207824 -396.345465746522
-1081.056111540161 -396.12472411692147
-1079.2829637187347 -396.1065660834313
-1077.5582399028167 -395.37787760496144
-1077.103897656761 -395.00364009737973
-1075.538823212944 -394.2624477565289
-1074.2484736102447 -393.30227689147
-1073.2395655768737 -392.1498361051083
