-1159.27 -547.7
-1158.213838238716 -546.5426089286805
-1157.6264548492431 -544.7195412635804
-1157.189656187296 -543.1513306617737
-1157.315170545578 -541.6570541381836
-1156.3189712953567 -539.9480068206788
-1155.864770371914 -538.4135894298554
-1155.7038335990906 -536.7295770168305
-1155.2395601165294 -534.9074015140534
-1154.6826239717007 -533.3387143135071
-1154.2389496457577 -532.456951212883
-1153.7456633341312 -530.7210130214692
-1153.5509983491897 -529.1256196022034
-1153.0385260176658 -527.4319896221161
-1152.7572423410415 -525.6470775127411
-1152.5497630280256 -524.0320521116257
-1152.0888082426786 -522.2905081033707
-1152.3022307497263 -520.5245939016343
-1152.194060896039 -518.7724918842316
-1151.9888963890076 -517.5606488704682
-1151.5429600071907 -515.8839871406556
-1151.5176100325584 -514.4085626125336
-1151.9467165064812 -513.2731813907624
-1151.665923614502 -512.279427599907
-1151.882922102213 -510.5068376779557
-1151.938021529913 -508.6279139041901
-1152.428825546503 -506.8260476112366
-1152.961705852747 -505.0037693500519
-1152.9747382891178 -503.22230906486516
-1153.0638585877418 -501.4640292644501
-1153.1460368302464 -500.35826702117924
-1153.639459964335 -499.23267955780034
-1153.7013725680113 -497.62226052284245
-1153.4637849372625 -496.14260883331303
-1153.0741924089193 -495.0847852945328
-1152.770943109393 -493.74424977302556
-1152.9977514487505 -492.1311048984528
-1152.4360452634096 -490.6074099063874
-1151.2403272134065 -489.25624258518224
-1150.3666919213533 -487.68908877372746
-1149.8832224053144 -486.24523229599004
-1148.8065946739912 -485.603430223465
-1147.6219977778196 -484.4887902259827
-1145.8136674803495 -483.6666203260422
-1145.0682258051634 -482.78608555793767
-1143.865293328166 -482.01159240007405
-1143.079812888503 -481.5082762360573
-1141.587653402686 -480.98567022085194
-1140.6669656080007 -480.9741184905172
-1139.3747963947058 -480.4549684122205
-1138.324628238082 -480.3656740829349
-1137.1753145498037 -480.58164778798823
-1135.8364280503988 -480.4307118996978
-1133.98847461164 -480.6586578831077
-1132.9373781722784 -481.0473485335708
-1131.7623171848059 -480.51707032769923
-1130.41678619802 -479.858049248159
-1128.7753146928549 -480.09448114484553
-1126.8899692338705 -479.63641065806155
-1125.7779068988561 -479.29755622595553
-1124.2261972469091 -479.15275364071135
-1122.897856478095 -479.2204288065434
-1121.0487115424871 -479.2153974294663
-1119.2855778974294 -478.7501374006272
-1118.3781755012274 -478.80731509327893
-1116.539531711936 -479.2754382312298
-1114.9328705114126 -479.3912267953158
-1113.7582789701223 -479.1096197634936
-1112.6292541068792 -479.51254331767564
-1110.7943356078863 -478.85106134116654
-1110.0653766435385 -478.4406501024962
-1109.0388840478658 -477.29368912875657
-1107.9620670121908 -476.23678862750535
-1107.1792467874288 -474.5097860068083
-1106.3185451072454 -473.21974074542527
-1105.5358837884664 -471.5543650358916
-1105.7852123272419 -469.62317061126237
-1104.9767066133022 -468.73156261146073
-1104.9088792172074 -466.9307689636946
-1104.1609792080521 -465.6133079499007
-1104.3048000600934 -464.2126400440932
-1104.313065495789 -462.44983803927903
-1103.8582732644677 -460.65318393409257
-1104.0254316744208 -458.9885269373656
-1104.263084795773 -457.4970235794783
-1103.8648988571763 -455.8098018139601
-1103.688556444347 -454.7319338291884
-1103.219593834579 -453.41014444530015
-1103.4375724312663 -451.8847107857466
-1103.317692373395 -451.00052654445176
-1103.5519433063268 -449.96503817737107
-1103.6186676886678 -448.79696011245255
-1103.3977861371636 -447.20784663856034
-1103.736664738953 -445.6677260369063
-1103.887352373898 -443.89707827270036
-1104.053724822104 -442.4988282889128
-1104.1805735346675 -440.7742501467467
-1104.1330648106336 -439.93526577651505
-1104.294151429534 -438.1456562250853
-1103.9754569870233 -436.52689397037034
-1104.0376652297377 -434.76984584033494
-1103.3654064950347 -433.27810442149644
-1102.8020009216666 -432.51297223269944
-1102.6644540545344 -430.9285547703505
-1102.2282531377673 -429.36391508281235
-1102.1667628702521 -428.4256043404341
-1102.7273867544532 -427.0774680346251
-1103.2364000496268 -425.6893948286772
-1102.9481322285533 -424.7716224163771
-1102.652839255035 -423.2156331509352
-1102.7880609300732 -422.01102339923386
-1103.383915629685 -420.22012519538407
-1104.037760105431 -418.76376855075364
-1103.7485354211926 -417.5811731785536
-1103.7351270732283 -416.0202469795943
-1103.1677380618453 -414.27428948581223
-1102.803172570169 -413.02697264850144
-1102.9782604840398 -411.79547357261185
-1102.6662194994092 -410.81298434436326
-1102.819962349236 -409.54873513877396
-1102.2313530114293 -408.2450923889876
-1101.9820267674327 -406.5198258131743
-1101.359869968593 -405.59346902072434
-1100.3947935816645 -404.17691039741044
-1099.7513397452235 -403.54943704307084
-1098.1028812643885 -402.38794827163224
-1096.6187196490168 -402.32039308249955
-1095.6921315309405 -401.4289537638426
-1094.2212092992663 -400.51237612664704
-1092.433631312549 -399.5308640569449
-1091.244705927074 -398.35196858346467
-1089.3278789636493 -398.3872108727694
-1087.8196845170855 -397.74551954567437
-1086.2994015333056 -397.1146614223719
-1084.8478059884906 -396.9691849917174
-1083.5831464645266 -396.5317489475012
-1081.644714963138 -396.65378746092324
-1080.1658636447787 -395.6201458841563
-1079.6379132387042 -394.3951389461756
-1079.2773871538043 -393.526013699174
-1077.8991983053088 -392.0594129234553
-1077.2434293147921 -391.67149126231675
-1076.706783902347 -390.1430550783873
-1076.4856878635287 -388.98287415206437
-1075.6756454226374 -388.43676417768006
-1075.253568124473 -387.8036326736212
-1075.0887026903033 -386.4857392877341
