-1159.27 -547.7
-1158.8734111976623 -546.5422529697419
-1158.557986010313 -545.6744817614556
-1158.1623805058002 -544.0935744166375
-1158.2133602392673 -542.8875255703927
-1158.1162973237037 -542.1864664673806
-1157.8178793382644 -540.4734468579293
-1157.5323532116413 -539.7339668393136
-1158.058502305746 -538.1278994202614
-1157.7398776900768 -536.948936355114
-1157.4588802945614 -535.7301607251168
-1157.7268699598312 -534.630095255375
-1157.6276003015041 -533.2599755644799
-1157.5012629520893 -532.6325139522553
-1157.4193360996246 -531.4745904922486
-1157.3056836616993 -530.2414065122605
-1157.2830578875542 -528.6664700031281
-1156.9477620613575 -527.9701010107995
-1157.4934116494655 -526.7374957919121
-1158.2599551570415 -525.754989695549
-1157.8379067373276 -524.3342936754227
-1157.759187270403 -523.188838672638
-1158.146054316759 -522.1062767028809
-1157.9618545812368 -521.052625489235
-1157.6023448449373 -520.3947608590126
-1157.2588708144426 -519.3605971455574
-1156.9342868965864 -517.7024290680886
-1156.7735672336817 -516.4537563443184
-1156.7376971882582 -515.1211133122445
-1156.504144076705 -514.221987259388
-1156.2997030061483 -513.19787992239
-1157.2708939355612 -512.5142378926278
-1157.2748740059137 -511.3320299506188
-1157.4562886995077 -509.9574518322945
-1157.7578309816122 -508.86937941312794
-1157.5636693429947 -507.98380751609807
-1158.3255429458618 -506.8938127279282
-1157.9933648896217 -506.13983489274983
-1158.4132969868183 -504.9373831868172
-1157.9312093150616 -504.2145974159241
-1158.0506176543236 -503.1895150661469
-1158.421445388794 -502.42192132472996
-1158.4008672875166 -500.8183972358704
-1158.721134905219 -499.7127642154694
-1158.879348848462 -498.85892452001576
-1158.5396743160486 -497.2997326970101
-1158.332675356865 -496.0749005198479
-1158.6430838298797 -495.31435341835027
-1158.6453684610128 -494.0349092006684
-1158.451413039565 -493.10809106826787
-1158.3708721143007 -492.1111666679383
-1158.6045701694488 -491.0584392070771
-1158.212519068718 -489.89989168643956
-1157.9333475720882 -488.86297507286076
-1157.590602864027 -487.96703858375554
-1157.1834330451488 -486.64866538047795
-1157.0519846868515 -484.9763458490372
-1157.3955419552326 -483.7210294723511
-1157.4150506150722 -481.774146270752
-1157.2977160704136 -480.14753587245946
-1157.6761013758182 -478.51888389587407
-1156.4662613165378 -477.3108726263047
-1155.6601140987873 -476.31525738239293
-1154.1735920202732 -475.73658038377766
-1152.8360869181156 -475.3145467162133
-1151.7287667286396 -474.8931355297566
-1150.8963732612133 -475.2420533716679
-1149.2583588254452 -474.94089255929
-1147.915454019308 -474.6227235615254
-1146.4079399001598 -473.73085532784467
-1144.8946554553509 -472.8042724549771
-1143.8916350495815 -471.4028926312924
-1143.539030213356 -470.2281709134579
-1143.2775927972793 -468.69584493041043
-1143.1761950147152 -467.91932825446133
-1142.850527216196 -467.1181364476681
-1142.1543524158 -465.7015197694302
-1141.3856534850597 -464.88603822588925
-1141.2500335019827 -463.4125132977963
-1141.2977156829834 -462.2308563411236
-1140.6651833248138 -461.2125416219235
-1140.2676718127727 -460.0781857192517
-1140.2909072940051 -458.61350314021115
-1139.87213733837 -457.75767217278485
-1140.4936445061862 -456.10070250630383
-1140.4112917487323 -454.74495742917065
-1140.3760233712196 -453.0236354887486
-1140.436156232357 -451.4038160860539
-1140.7998800468445 -450.1411502182484
-1140.2564267110824 -448.7211452543736
-1140.7358354520798 -448.00246576666837
-1140.7870801281929 -447.09155992865567
-1141.2016707253456 -445.7885402858258
-1140.6151882004738 -444.3901423633099
-1140.8834597063064 -442.74625627398495
-1141.044316728115 -442.0115929663182
-1140.2624305081367 -440.8078781187535
-1138.993526775837 -440.2331431925297
-1138.4363722991943 -438.4685780823231
-1137.3905300092697 -437.48376248478894
-1135.8091249656677 -437.1403788745404
-1134.3932740879059 -436.51981369853024
-1132.9749015760422 -436.4517009675503
-1131.5071572256088 -436.35209919214253
-1130.742778081894 -435.2357813239098
-1129.455909986496 -434.9048972845078
-1128.248556394577 -434.17380280494694
-1127.1433514547348 -434.3528667509556
-1125.429415602684 -434.39268459081654
-1123.6213696193695 -433.93596832156186
-1122.0334146213531 -433.5734144568444
-1120.8380357217789 -432.62945533990865
-1119.0021189641952 -431.6646942019463
-1117.43142475605 -431.4699500471354
-1115.736340303421 -430.7353276878596
-1114.8314181160927 -429.886467781663
-1114.0431634378433 -429.6232719689608
-1112.4586681318283 -429.39409398734574
-1111.0660534095764 -428.95513850152497
-1109.7967862081528 -428.50776090919976
-1108.2091835927963 -427.60465237200265
-1107.014569182396 -426.78989281952386
-1105.9976289463043 -425.4806574851275
-1105.159209806919 -424.3267710477114
-1104.329498667717 -422.7640828162432
-1104.4788795155287 -421.67940321266656
-1103.841550115943 -420.9384622842074
-1103.8313762931898 -419.390948560834
-1103.934756690152 -418.1328621178866
-1103.6790728210285 -416.2996864587069
-1103.761934244521 -414.60043993294244
-1103.2367679117992 -413.6658300429583
-1102.7984463213756 -412.7269096642733
-1102.5027808188274 -411.46586230099206
-1101.8031459091976 -410.5457613140345
-1101.6100862412527 -409.561170783639
-1101.4193019955233 -407.72612377703194
-1101.3642496554926 -406.3390859037638
-1100.2848019092157 -404.8517279297114
-1099.0389446704462 -403.5945795446635
-1098.3121414868906 -402.87852891981606
-1096.9626252143457 -402.5845958858729
-1095.5730965821817 -401.9059644013644
-1094.0454077212885 -401.0847090750933
-1092.951953121908 -400.50588324368005
-1091.6097063510492 -400.0701579123736
-1090.8818939416483 -399.21163347065453
-1089.1568046300486 -398.6201951771975
-1087.8496906249597 -397.6395386129618
-1086.2988595454767 -397.52702755928044
-1084.5860185115412 -397.2707962214947
-1083.6282668201998 -397.30853663086896
-1082.6718130199984 -397.3028941571713
-1081.3464889614656 -396.5223148286343
-1080.5206707804277 -395.88388929963116
-1079.2634070007875 -395.2197117030621
-1077.469698199518 -395.32644986063247
-1076.413937815912 -395.8073722019792
-1075.419395336397 -395.9643466815353
-1073.6972612230852 -395.6609552249313
-1072.4935301630571 -395.57874147295956
-1070.989241012819 -395.4866643071175
