-1159.27 -547.7
-1158.2498707962036 -545.7955506563187
-1157.432268280983 -543.8912678480149
-1157.1083620977402 -542.4721391916275
-1156.5278973174095 -540.5136367797852
-1156.465072926581 -538.5684179782868
-1156.0349808004498 -536.856830906868
-1155.7070038583875 -534.9346485853196
-1155.2840286162495 -533.2430876016617
-1154.8421840336919 -531.4143195867539
-1154.9898694720864 -529.6801827669144
-1155.1728192088008 -527.8899160146714
-1154.6792653021216 -526.270386171341
-1154.9158805128932 -524.3763142347336
-1154.5500713703036 -522.4723237276078
-1154.176189315021 -520.5561710119248
-1154.2448260900378 -518.8600440740586
-1154.9720612880587 -517.3050205230713
-1154.7346511152386 -515.5623329401017
-1154.8965414729714 -513.639570426941
-1154.7641802546382 -511.8817448139191
-1154.4550120946765 -510.36502988338475
-1154.1616685506701 -508.5154436349869
-1153.9017042335868 -506.6117902517319
-1154.2000080165267 -504.8487720012665
-1154.1043039676547 -503.0924864530564
-1154.187631290853 -501.6761229753495
-1154.0990951177478 -500.0681427240372
-1153.9541382458806 -498.1597285985947
-1154.5126186874509 -496.2811477899552
-1153.7949670818448 -494.3699339151383
-1153.0562269356847 -492.82106764316563
-1152.2707516220212 -491.04006512165074
-1152.201239463389 -490.1368070363999
-1151.9324970808625 -488.56133384704594
-1150.575013693869 -487.84983391761784
-1149.195976909697 -486.128855419159
-1148.3472821679711 -485.0700436353684
-1147.0233230558038 -484.0505593538285
-1145.8679960933327 -483.30043418407445
-1144.9314598408341 -481.75502951145177
-1143.8726401892304 -480.534125161171
-1142.951746520102 -478.9252351045609
-1142.1499510374665 -477.19462759494786
-1141.6521370378136 -476.12407584190373
-1141.6767529439926 -474.205994796753
-1140.8995329332352 -473.07888669967656
-1140.3701552939415 -471.2987300872803
-1140.7026959252357 -469.8241394281388
-1140.1360601973533 -468.7183236598969
-1140.1387219321728 -467.0081653118134
-1139.7109617483616 -465.2927982330323
-1140.1579208862781 -463.60823841094975
-1139.6270317924022 -461.6624816179276
-1139.2089598071575 -459.7554274320603
-1138.9919368517399 -458.4723315954209
-1138.7947860103845 -456.7772205591202
-1138.50746599257 -456.0437808156014
-1138.1857237261534 -454.34282721281056
-1138.7556267422437 -452.4339493632317
-1138.7545482856035 -450.5408411145211
-1138.8896416467428 -448.9355763316155
-1138.983321402669 -447.04472244977956
-1138.629296515584 -445.3268056035042
-1138.251110200286 -443.8511934399605
-1138.1566871595383 -442.08244777917866
-1138.353136022091 -440.3563363671303
-1137.7672059726715 -438.7868640542031
-1137.0074192476272 -438.1821341633797
-1135.6177725982666 -437.37184060812
-1134.8216830682754 -437.1350543767214
-1133.370419998169 -436.85971262753014
-1131.7820307207107 -436.2276078730822
-1130.873197813034 -435.4460201531649
-1129.3364919614792 -434.4348436862231
-1127.7002886724472 -433.9601435333491
-1126.2849869918823 -433.435420241952
-1124.992561597824 -433.2923608988524
-1123.8823086214065 -432.72663616836076
-1122.2541920137405 -432.31350791156297
-1120.8377576065063 -431.71539544761185
-1119.4820327949524 -430.26814031302933
-1118.4830720615387 -428.945554253459
-1117.6258217287063 -428.0469070643187
-1117.3217405569553 -426.1710253924132
-1116.913912523985 -424.6350933283568
-1116.3590178382397 -422.6704021662474
-1116.26005356431 -420.7370027273894
-1116.1238739681244 -418.8859282702208
-1116.2390945893526 -417.60635375678544
-1116.6506161433458 -416.3396604031325
-1116.75875066638 -415.48273169696336
-1116.7672525117919 -413.5204735964537
-1117.2131948838755 -411.68765365779404
-1116.8150800238177 -410.29310869872575
-1116.3360397587344 -408.9153610438109
-1116.179967768006 -407.54666566550736
-1116.4432452986762 -406.31083523929124
-1116.8662434588 -405.43069672286515
-1116.6537045906111 -404.0246765583754
-1116.1398297617957 -402.66388857066636
-1116.3899939427897 -401.5374931067229
-1115.853415764384 -400.2330183953047
-1116.163230783753 -398.31546818912034
-1115.2624636958167 -396.60181283652787
-1114.418285078816 -395.095824238658
-1113.1912984321639 -394.60257279574876
-1112.1370330522582 -393.81474870145325
-1110.5093123386428 -393.37318417131905
-1109.3941626022383 -393.0971092253924
-1108.5848305891082 -393.25773518979554
-1107.632909364514 -393.52738082110886
-1106.8322461317107 -392.9999005764723
-1105.572757668309 -392.34588598907
-1104.3168248603865 -391.8254000514746
-1102.7694394062087 -392.3361791938544
-1101.4152852962538 -392.15277522504334
-1100.0566870639846 -391.54606210887437
-1098.257209009938 -391.19156816303735
-1097.2491720388457 -391.21419943943624
-1096.1652200887725 -391.53913171663885
-1094.241374440007 -391.6764597155154
-1093.2653014133498 -391.9031591869891
-1091.6685454319045 -391.5506727851928
-1090.96602440577 -391.94831143394117
-1089.371033913903 -391.99207866638903
-1087.9238766501471 -391.9692051120103
-1086.23726547461 -392.0196634985507
-1085.0914729903266 -391.39507024064665
-1083.345391757302 -391.6041819609702
-1082.398036844544 -390.9534784711898
-1081.5229905913397 -391.4000734843314
-1080.3818237851187 -391.0660274185241
-1078.95124340754 -390.8390682049096
-1077.8364167283103 -390.58199229910974
-1076.060749776177 -390.46699464395647
-1075.3051359723136 -389.5683468587697
-1074.7837696145102 -388.7949563272298
