-1159.27 -547.7
-1158.633030910492 -545.972264957428
-1158.5336032700538 -545.1559676647187
-1158.6267201197147 -544.1182438850403
-1158.0456899297237 -543.5021095991135
-1157.3825043332577 -542.3947793960572
-1156.1472720992565 -540.9936248779297
-1155.6171263945103 -540.1422266483307
-1154.9400867712498 -539.0727387189866
-1154.2731176507473 -537.870998454094
-1154.5389366340637 -536.0977636098862
-1153.9697114419937 -535.1212599992753
-1153.3515877318382 -534.1804269671441
-1152.9166606855392 -533.1073730111123
-1152.687758628726 -532.2736560225487
-1152.2785339695215 -531.5352807164193
-1152.4412411344051 -529.9904366850853
-1152.0122440648079 -528.2349835753441
-1151.7333012413978 -527.4684042453766
-1151.762105051875 -526.3329429149628
-1151.3558681350946 -524.6987612962723
-1151.5851638060808 -524.0769791126252
-1152.2260184031725 -522.7018881559372
-1151.9821959924698 -521.2372585058213
-1151.9385253083706 -520.0772212266922
-1152.385142941475 -518.8909456253052
-1152.6549556744098 -517.8845722198487
-1152.6484752488136 -517.1202009439469
-1152.7406209301948 -515.7001786947251
-1152.7599305775761 -514.89356995821
-1153.0767277744412 -513.478458416462
-1152.8316440549493 -512.1111490845681
-1152.367301878035 -511.2682255625725
-1152.3462516632676 -509.4522134184838
-1152.0481183496117 -507.7822684168816
-1152.1645760279894 -506.54137970209126
-1152.0276318830252 -505.5279312252999
-1151.9707916718721 -504.2141895413399
-1152.1082720202207 -503.08826507329945
-1152.6423335117101 -502.26700420379643
-1152.3890255135298 -500.56100649833684
-1152.329460297227 -499.1163700342179
-1152.187831107974 -498.3547382473946
-1152.1259828996658 -497.32807863950734
-1152.5605947864055 -496.0710229992867
-1152.149682034254 -494.7122275948525
-1151.9971793484688 -493.69590939283376
-1151.7428913903236 -492.5648692965508
-1152.0991552960872 -491.2314759612084
-1151.5581473600864 -490.1561700224877
-1151.7984134298563 -488.3253284811974
-1151.2740314346552 -487.28606690168385
-1151.1458393377065 -486.138654601574
-1151.3596288007498 -484.5932537436486
-1150.394200925231 -483.9169945240021
-1148.9498697561025 -483.041752588749
-1148.361937109828 -482.30476028919225
-1147.333695833087 -481.5431279063225
-1145.7063702982664 -481.10953522920613
-1145.0740947169065 -479.983926665783
-1143.5284497183561 -478.91360975503926
-1141.8400219124555 -478.4578803300858
-1140.7313721817732 -478.79679815173154
-1138.8777232807874 -478.4536793649197
-1137.8730439585447 -478.68940698802476
-1136.1770772379637 -478.7056629925967
-1134.6093245190382 -478.30267956554894
-1133.2923254412412 -477.85499143302445
-1131.806657139659 -477.2194067806006
-1130.1205106419325 -477.61377024352555
-1128.8936575096845 -477.84850507676606
-1127.3403940838575 -477.98462097048764
-1126.1248150509596 -478.39339853525166
-1124.8847201508283 -478.0795059025288
-1124.1438184422254 -477.9664051353932
-1122.9117351216078 -477.56907222867017
-1121.2208161991834 -477.5995643258095
-1119.854045574069 -477.19797883629803
-1118.3305465620756 -476.5129698336125
-1116.7970824879408 -475.8758465468884
-1115.6272388142347 -475.08968130946164
-1114.948102657199 -473.4722948491574
-1114.949367467761 -471.68871311545377
-1114.4063643854856 -470.7570366084576
-1114.1856878739595 -469.8160310208798
-1113.536423419118 -468.755921882391
-1113.5654694852233 -467.56572691798215
-1113.1116446074843 -466.29862229228024
-1112.9893341627717 -465.0433347642422
-1112.388246294558 -464.0403097093106
-1112.803847041428 -463.08707098364835
-1112.5569783118367 -461.69148425459866
-1112.613102466315 -459.88296036124234
-1112.1197788719833 -458.1381222426892
-1111.6099692587554 -457.0896226584912
-1112.1003961865604 -456.1321746528149
-1112.308144197315 -454.8645648181439
-1112.055634752363 -453.4411690652371
-1112.2284721885621 -452.1807756841183
-1111.7670269165933 -451.0366532027722
-1111.367992297262 -449.6937436282635
-1111.191746622771 -447.9042354047299
-1111.1905856584012 -446.49103705286984
-1110.746682152599 -444.8505040824414
-1111.3397040222585 -443.77948443293576
-1111.0029207621515 -442.9707423269749
-1111.0379054364562 -441.6349260628224
-1110.6762483534217 -440.41833387017255
-1110.93504817456 -438.60289369225507
-1110.338944208324 -437.8253649294377
-1110.565702777803 -436.6429984390736
-1109.7839065608382 -435.6557358324528
-1109.4738665935397 -434.90642557740216
-1109.0548609611392 -433.6364910423756
-1108.90355448097 -432.7391235649586
-1108.2980740484595 -431.8209265887738
-1108.2072054561972 -430.83604250550275
-1107.42557744354 -429.1200136959553
-1107.0045009669661 -428.2078130066395
-1106.3855797466636 -427.07664189934735
-1106.2941016373038 -425.3752199232579
-1105.6425264295935 -424.2599397718907
-1104.862649243772 -422.7571902096272
-1105.0885108676553 -420.9554623186589
-1104.6579527822137 -419.311889988184
-1105.02370246917 -418.4888976037503
-1104.5741298761964 -417.62346629500394
-1104.071185645163 -416.59351674914365
-1104.0820576664805 -415.48645440936093
-1103.435224187076 -414.841033500433
-1103.0781023022532 -413.42048029303555
-1102.8974444535374 -411.72041372656827
-1102.17906316787 -410.26001934409146
-1101.6375571754575 -408.5456042706967
-1101.0849179890752 -407.60032657980923
-1100.4087153342366 -405.7777979791165
-1099.804552462399 -404.4515712678433
-1099.6023828950524 -403.0952889144421
-1099.0394703117013 -401.4194076478482
-1097.659131642878 -400.18058614134793
-1097.0640701022744 -399.9074744701386
-1095.8766546216607 -399.20318926572804
-1094.9684636560082 -398.21152664422993
-1093.5276191201806 -397.8854026317597
-1092.2879443135857 -396.8743228435517
-1091.6068843570351 -397.04129011631017
-1090.4959343639016 -397.1839693307877
-1089.8313220706582 -396.737825524807
-1088.4047591653466 -396.24062676429753
-1086.8725600209832 -395.52618516683583
-1085.6353731122613 -395.5658644407988
-1084.5673617091775 -395.86910777986054
-1082.9318077531457 -396.0780763447285
-1081.485307213366 -395.5958080708981
-1080.264203068316 -395.70682453811173
-1078.608301755488 -395.1278144091368
-1077.0280150142312 -394.69935965240006
-1075.4774887529015 -394.38375833332543
-1074.5964614120126 -393.57425900995736
-1074.2942951586842 -392.2074750334025
-1073.0966373351216 -391.2921237021685
