-1159.27 -547.7
-1158.9770077955723 -546.579975438118
-1158.5259329271316 -545.3204572916031
-1158.2934079957008 -543.4005943059922
-1157.2694886517525 -542.1485069513321
-1156.556119222641 -540.6858883619309
-1155.4377780151367 -539.8343639492989
-1155.7031250190735 -538.7555824637413
-1155.9169695866108 -536.9060951590538
-1155.3884467971325 -535.7129727721215
-1155.107881743908 -534.3324701905251
-1154.840853114128 -532.5743317723275
-1154.7042462718487 -531.7090476870537
-1153.881585766077 -530.7941670536995
-1153.8704103124142 -529.102561724186
-1153.2908884775638 -528.1370982646943
-1153.230824623704 -526.5123158216477
-1152.4913230282068 -525.1233756065369
-1152.1455817562342 -523.5907682895661
-1152.4169483226538 -522.2057028532029
-1151.9481197041273 -520.8943267583848
-1151.499311749339 -519.8531018018723
-1151.0885848742723 -518.5126534223557
-1151.7582851988077 -517.0243606090546
-1151.652186949253 -515.9787648439408
-1152.2675028634071 -514.2466687679291
-1152.037214089632 -512.6015692472458
-1151.7976650637388 -511.1974532127381
-1151.509215388894 -509.4676298618317
-1150.9490203005075 -508.36687345504765
-1151.4184840661287 -506.4538528442383
-1151.2287269574404 -505.28198654651646
-1151.4801367264986 -503.88578159809117
-1150.9127478939295 -502.13229103088383
-1150.2271043998003 -500.54092640876775
-1149.257604394555 -499.4121289968491
-1148.7215532404184 -498.17220349311833
-1147.0415022712946 -497.1313763380051
-1145.1463003498316 -496.3791504621506
-1144.113440309167 -496.1785934388638
-1142.4269367796182 -495.4710405290127
-1141.370929275155 -494.7498950183392
-1139.4959402424097 -494.81433050036435
-1138.7590569001436 -494.1822898805142
-1137.768154655099 -493.9294222414494
-1136.4843072038889 -493.8529167890549
-1135.4963019829988 -494.0422850668431
-1134.0363331776857 -493.9125629782677
-1132.6175299626589 -493.97336411178117
-1131.3469683867693 -494.2791671723128
-1129.899720762372 -493.89479422271256
-1128.5944312554598 -493.5071868568659
-1126.848264310956 -492.78527554571633
-1125.8171635609865 -492.2839179903269
-1123.8753317338228 -492.24974927008157
-1122.8488609534502 -492.2548240691424
-1122.049629305005 -491.6054134637118
-1121.106954370141 -490.7667651444674
-1120.181913767457 -490.6484126120806
-1118.7117718797922 -490.12163224518304
-1117.0176316839456 -489.608874347806
-1116.2234174352884 -488.3111710816622
-1115.1185061079264 -487.1550903588534
-1114.6236659032106 -486.08055486977105
-1114.326725397706 -484.5829977065325
-1113.8025008779764 -483.28065195381646
-1114.2011623722315 -481.63349106609826
-1113.9546582740545 -480.8830501109362
-1113.9198880311847 -479.9537571936846
-1113.753207769692 -478.6871960431338
-1113.2300653126836 -477.28594317734246
-1112.9011261728406 -475.9155108004809
-1112.659474593103 -474.42061057388787
-1112.6415533278882 -473.77353378832345
-1112.6779425223172 -472.82563158571725
-1112.57836192891 -471.43454357683663
-1112.5280960914492 -470.18960162699227
-1112.8991550323367 -469.13673278391366
-1113.1652079638839 -468.00876995623116
-1113.1510090869665 -466.36814734041695
-1113.3450290602445 -465.3227345615626
-1113.0902980607748 -463.55246922075753
-1113.4225042802095 -461.8020690351725
-1113.54459641546 -460.13380667269234
-1112.8577601131797 -458.5810383230448
-1113.0858451393246 -457.35624941885476
-1112.4486386445164 -455.97776290476327
-1112.7204042938351 -454.8228327900172
-1112.871494796574 -453.5223979622126
-1112.1336897876859 -452.3730983406306
-1112.318604287207 -451.39884397089486
-1112.3119998839497 -450.5682910352946
-1111.8332354691624 -449.0227058798075
-1111.4662501481175 -447.43137523233895
-1111.6365384873748 -446.26787063181405
-1112.1570738372207 -444.6960733801127
-1112.2745505836606 -443.5874843269587
-1111.675387468636 -442.52001902163033
-1111.647627806738 -440.7045876652003
-1111.6995857716352 -439.3504681259394
-1111.8692020536214 -437.4611153274775
-1111.7259161830693 -435.73001643717294
-1111.2027751565724 -433.7757098346949
-1111.5930306673795 -431.98688634932046
-1111.6853442401439 -431.1659720808268
-1111.691861925628 -429.448955026269
-1111.2373453657888 -427.6945094734431
-1110.9215258341096 -426.6976177364588
-1111.6077337246202 -424.9828314453364
-1111.786980075743 -423.3306743770838
-1111.9929239731096 -421.6506572633982
-1111.7373007219098 -419.92418095171456
-1112.088487921264 -418.5842376619578
-1111.7054304163717 -417.85622957050805
-1111.7643455695174 -416.7083769112826
-1111.5959996413253 -415.78306618034844
-1110.9727480839751 -414.2068776160479
-1111.1787379812263 -413.3189975291491
-1110.6928077172302 -411.67353382408623
-1110.9792240988277 -410.5517066985369
-1110.3155529629253 -409.1337749034167
-1110.6032762657665 -407.4962137013674
-1110.2950660418533 -406.5776214867831
-1110.555277777817 -405.6088724404574
-1110.1559485029243 -404.86850395500664
-1109.1143302749656 -403.57179560959344
-1108.839377118256 -402.4052682191134
-1108.830577624943 -400.77839663326745
-1107.377267731335 -399.8214132457972
-1106.5440311562083 -399.591066595912
-1105.3171846996806 -398.9904777973891
-1104.421852840092 -399.05563032329087
-1102.742466701176 -398.8902756541968
-1101.377072585728 -398.8787967830897
-1100.1831941734813 -398.16665729582314
-1098.3918645512126 -397.3644661575556
-1096.59224487653 -397.10926785767083
-1095.0407061707042 -396.8275746971369
-1093.4391011129878 -396.29894372522836
-1092.6589448582195 -396.21499202847485
-1091.4943145643733 -396.6175719618798
-1089.7777032982372 -397.0963868618012
-1088.4751622807048 -397.5845434188843
-1086.6368448864482 -397.53038175106053
-1084.7075753342174 -397.6931959062815
-1083.9059174787067 -397.48428970277314
-1082.5560401212238 -397.37673638463025
-1081.43704612365 -397.4037458121777
-1080.6782333385013 -397.09692220091824
-1079.7789699565433 -396.83876786828046
-1078.803910924103 -396.07687513232236
-1077.6849661599658 -395.61269150376324
-1076.55288119426 -395.12066985368733
-1076.023961497452 -394.49585009813313
-1074.9265486728214 -394.06722999811177
-1073.7982689868472 -392.4815354466439
-1073.012384368088 -391.67032469511037
