-1159.27 -547.7
-1158.7479294729233 -545.8745400428772
-1158.8482481729984 -544.1352164268494
-1158.4487847578525 -542.3052491664887
-1157.1275297892093 -540.7723171234131
-1156.7765108835697 -539.091963005066
-1155.615247298479 -538.017212343216
-1155.2528458428383 -536.2295827388764
-1155.0392202925682 -534.5438410758973
-1155.0430731964111 -533.4443284988404
-1154.2494064164162 -532.3427388191224
-1153.7375008058548 -530.4054936885834
-1153.1407255125046 -528.745180797577
-1153.064401794672 -527.6702323675156
-1152.7353296768665 -525.7677479505539
-1152.378654141426 -523.8966055631638
-1152.251293067336 -522.0395388126374
-1152.8606227082014 -520.3689215898514
-1153.252385262847 -519.2103406906128
-1153.327193517685 -517.6640731811524
-1153.77211212039 -516.0547462224961
-1153.9660445940494 -514.7409795045853
-1153.9725831695646 -513.4296880483628
-1154.0783748277277 -512.1428012371064
-1153.696756983623 -510.23509676456456
-1154.152782941684 -509.0452914953232
-1153.5730362781137 -507.5797292709351
-1152.9252382167429 -505.6537839889527
-1152.3873226889223 -503.78081412315373
-1152.4090094216913 -502.27698309421544
-1151.9524405845254 -500.3876658201218
-1151.1079325922578 -498.5764207363129
-1150.0729527720064 -497.20902533531194
-1148.9203496225923 -496.40897930860524
-1147.479744816646 -495.08448458909993
-1146.1843387135118 -494.1682719111443
-1144.590744400844 -493.25242806673054
-1143.2677388437837 -492.51589561700825
-1141.6222384222597 -491.8393021345139
-1140.242373014316 -491.3232816576958
-1138.8750474699586 -490.54670567512517
-1137.5441782721132 -489.6826219081879
-1136.4002144583314 -488.5734697103501
-1135.3843305357545 -488.1902781248093
-1134.5745615609735 -487.09307308197026
-1133.1261151679605 -486.8228311359883
-1131.5770246633142 -486.33569119572644
-1129.8465897687524 -485.1102777540684
-1128.5040497430414 -484.92823630273347
-1127.0932696708292 -484.29450004994874
-1125.6026848205179 -483.9617471367121
-1124.276154006347 -483.3729045659304
-1122.8671854384988 -483.1016532748938
-1121.2987045892328 -482.9132396996022
-1119.36324879013 -482.07580487132077
-1117.5333426841348 -481.88464034795766
-1116.1582002290338 -481.4968449890614
-1114.65448757492 -481.0888202607632
-1113.1627778657526 -480.18744484782223
-1112.6424770601839 -479.44572685360913
-1111.4397266157716 -478.3354497969151
-1110.6190429576486 -476.4275876104832
-1110.6084080138057 -475.07387099862103
-1110.0454590716213 -473.19351015686993
-1110.02273405388 -472.359681648016
-1109.401310570985 -470.962362331152
-1109.192455895692 -469.9621818482876
-1109.3431218792498 -468.17475036978726
-1108.828522555977 -466.5544352948666
-1108.7093954835832 -465.55403200984006
-1109.259066299051 -464.1260930716992
-1109.0075906072557 -462.6344750344754
-1109.2740128193795 -461.0652747571469
-1109.6856985245645 -459.7739588439465
-1109.2719365213811 -458.41772179007535
-1109.608111218065 -457.19023768305783
-1109.021952584833 -455.3021641194821
-1109.1184225980937 -454.0187792003155
-1108.9804296199977 -452.6149295985699
-1109.5404909555614 -450.8704859435559
-1109.5562725406885 -449.34540478587155
-1109.2367086154222 -447.9749892175198
-1109.406925920844 -446.50871793627744
-1109.4686313387751 -445.1723620116711
-1109.610872488916 -443.6703803956509
-1109.8669442650676 -442.61069278121
-1110.251718622148 -440.93132309317593
-1110.3320300620794 -439.9969783842564
-1110.1283095818758 -438.5915785849095
-1110.0757657256722 -437.13488553166394
-1110.2052707192302 -436.03172777295117
-1109.7820376572013 -434.0939357101918
-1109.528706383407 -432.5756616413594
-1109.6675700363517 -430.9238185703755
-1109.976615589559 -429.30531857609753
-1109.4713580426574 -427.46156488060956
-1108.9706436809897 -425.55005560517316
-1108.9200142291188 -423.6394982159138
-1108.6550971236825 -421.76280019879346
-1108.953647312224 -420.0995908796788
-1108.7123680976033 -419.043112140894
-1109.1350243356824 -418.3419850289822
-1109.2902578231692 -416.4859767377377
-1109.0017596003413 -415.022034329176
-1109.2323520746827 -414.2313149392605
-1109.1849728268385 -413.2408590137959
-1108.827257041335 -411.68127117753033
-1108.3343187314272 -409.96805630326276
-1107.8427884322405 -408.80547831654553
-1107.1613607150316 -407.13719771504407
-1106.860028449893 -406.17187194228177
-1105.5629437607527 -404.8936274468899
-1105.932921115756 -403.4115662992001
-1106.1404027980566 -402.27115539908414
-1105.6673025232553 -400.9425858676434
-1104.6541565996408 -399.34140483736996
-1103.23582891047 -398.22135977149014
-1102.3200695258379 -397.27568559050565
-1100.7678446513414 -396.8530870497227
-1099.028478835225 -395.98193250298505
-1097.805432651639 -396.0838396817446
-1096.5024726134538 -395.820399132371
-1095.4040738087892 -395.1265127331019
-1094.513914142251 -394.6237345606089
-1093.4630314451456 -394.3857335567475
-1092.4718814235925 -394.1040135145188
-1090.8878307682276 -393.8878287941218
-1089.292401228547 -393.85302870422606
-1087.9713216167688 -393.7815354585648
-1086.240676317811 -393.7670583993197
-1084.4321736437082 -393.9258411496878
-1083.6108711105585 -393.77586583495145
-1082.525826368928 -394.3929373443127
-1081.319905076623 -393.92536334395413
-1080.0072044473886 -393.9261825203896
-1078.5918761831522 -393.56749741435056
-1077.6116723161936 -393.9695759236813
-1076.8968940716982 -393.79346354007725
-1075.7856257897615 -393.9762009352446
-1074.9511943799257 -393.7497373044491
-1074.2874797922373 -393.8700532883406
-1073.1712700468302 -393.3301055401564
