-1159.27 -547.7
-1158.3513091993332 -546.3799454689026
-1158.2628145259619 -544.5734592199326
-1157.825317029357 -542.8069222688675
-1157.26970112741 -541.131846857071
-1156.6764540714025 -539.5772026300431
-1156.3502018791437 -538.1233833551407
-1155.9076282423734 -536.4618223428727
-1156.1353218001127 -534.8565407514573
-1155.5995280784368 -533.2592449903489
-1156.2092343610525 -531.6897615909577
-1155.6491355341673 -530.2677707195282
-1155.196112189889 -528.7248322486878
-1155.3350730133056 -527.0133422136307
-1155.1285549145937 -525.8842823028565
-1154.6728274565935 -524.4043594121933
-1154.6399046820402 -523.2104960203171
-1154.75290027678 -521.8894223690033
-1154.4045519274473 -520.1314222335816
-1154.4559575659036 -519.2576460957528
-1154.99139967978 -517.3616669297219
-1154.603746150136 -515.563374054432
-1154.2582369488478 -514.392025244236
-1154.186821166873 -512.5048613667489
-1153.9093297463655 -510.77836490869527
-1153.7040613931417 -508.921783220768
-1153.4957166057825 -507.1976350665093
-1154.1652567130327 -505.5417989611626
-1154.8172499877214 -503.6639484286309
-1154.6628060233593 -501.7750605463982
-1154.913652945757 -500.03860975503926
-1154.6059800875187 -498.74911285638814
-1154.0539598953724 -497.0957244753838
-1153.565931339264 -495.1664098620415
-1152.7639064979553 -493.54783452749257
-1152.6218630713224 -491.7852826237679
-1152.1741101187467 -490.4375556826592
-1151.3268296164274 -488.87824012041096
-1151.1270180237293 -487.1773176312447
-1151.0643688482046 -485.2482699275017
-1150.8957767528295 -483.4243186831475
-1149.5160434287786 -482.2058242678643
-1148.090271000266 -481.21591587066655
-1147.0921620172262 -480.6672286510468
-1145.4406163734197 -481.0452456593514
-1143.929672603011 -480.3470066905022
-1142.3248659414053 -480.2042614638806
-1140.5879200738668 -479.4904154360295
-1139.2536394637823 -479.2848156809807
-1137.9218136113882 -479.0189858794213
-1136.5540324491262 -478.60848055481915
-1135.2200305503607 -478.49719916731124
-1133.4698982280493 -478.7909435525537
-1131.818910960555 -478.3418028250337
-1129.8749136966467 -478.1729498699308
-1128.3032894176245 -477.9438993826509
-1127.0664870780706 -477.59644251018767
-1125.1966764968633 -477.7867602899671
-1124.2947031897306 -478.4001028731466
-1123.2672964972257 -478.4298776134849
-1121.4258703631162 -478.3017036363483
-1120.620656375289 -477.9903841659427
-1119.0620029014349 -478.3966211125255
-1117.115727428794 -477.9023337706924
-1116.0978403133154 -477.3588818058372
-1114.9166616243124 -476.79570880979304
-1113.0423792642355 -475.86099115461116
-1112.5035996478796 -474.20865300744777
-1111.8434606832266 -473.2555617436767
-1111.602809716463 -471.88670817464595
-1110.7432895195484 -470.9452701553703
-1110.3880453896522 -469.4995740398765
-1110.0957795870304 -468.071787570417
-1109.787425507307 -466.6797536358238
-1109.5814188462496 -465.65637907832865
-1109.8514899653196 -464.7940200313926
-1109.3152642291784 -462.87958631366496
-1109.5924310427904 -461.1919249042869
-1108.9262267690897 -459.7224871858955
-1108.4684923630953 -458.36617336124186
-1108.5482403752208 -456.514073227346
-1108.415479388535 -454.66660246700053
-1108.7505944040417 -453.3473090872169
-1108.7313581970334 -451.6392600283027
-1108.452637937367 -450.39037070125346
-1108.5486736041307 -449.0573760017753
-1108.5889344480634 -447.2406960472465
-1108.7025040578842 -445.61371133178477
-1108.238882203102 -444.025108550489
-1108.1159309786558 -442.1365231022239
-1108.057084504962 -441.2279382690788
-1108.2855474990606 -439.6453581795097
-1107.962389652133 -438.386184309423
-1108.0054408800602 -437.24570832103495
-1108.337853063345 -436.1986101612449
-1108.1772679132223 -435.12296948283915
-1108.0797620606422 -433.8509435400367
-1108.0337072354555 -432.69382378906016
-1107.8116502207517 -431.6626717790962
-1107.9134790492058 -430.4045234665275
-1107.9530299049616 -428.91579923480754
-1108.2228354555368 -427.3356121525169
-1108.0638190996647 -425.57386896461253
-1108.747542668581 -424.17690536826854
-1108.357907642126 -422.85981998294596
-1108.74785872221 -421.3206712946296
-1108.7438212376833 -420.0454882130027
-1109.1672771316767 -418.8141391023994
-1109.6135602337122 -417.60388431400065
-1109.3488004249334 -416.5125899061561
-1109.3792067752033 -414.6924807772041
-1108.893222867027 -413.38509795516734
-1108.4275634870678 -411.9997303232551
-1109.144989548698 -410.160292480886
-1109.1054028556496 -408.7249501690269
-1109.0811325018108 -407.9519533261657
-1108.7653651539981 -406.09279242604975
-1107.9814141099155 -405.10338417142634
-1107.3175516431033 -403.4105525359512
-1106.6044712369144 -401.71258584111933
-1105.4354238812625 -400.6248369559646
-1104.3559763734042 -399.3553514823318
-1104.3960802261531 -398.5182068690658
-1103.0109137003124 -397.0341470584274
-1101.2717448179424 -396.3085623726249
-1099.6647872631252 -395.57923958152537
-1098.5439458791911 -395.0513768538833
-1096.7688673441112 -395.21521029323344
-1095.7150885765254 -395.08115293532614
-1094.4393034879863 -394.558864851296
-1093.4113069479167 -395.0652713373304
-1092.2523749773204 -394.5743805959821
-1091.5220380727947 -394.42119585424666
-1090.4839631025493 -393.86998288780455
-1089.5548504297435 -394.3540580168367
-1088.297649950236 -394.6484005644918
-1086.4053673450649 -394.2600518062711
-1085.1628241245448 -394.86218770295386
-1083.6688719694316 -394.27534284144645
-1082.0986042921245 -393.9756027653814
-1080.8089399044215 -393.56821005493407
-1079.066538542956 -394.1842384234071
-1077.8144011203945 -393.9011674717069
-1076.8775276844203 -393.77221389561896
-1076.1387915317714 -393.57094814330344
-1075.1817941372096 -394.3075654700399
-1073.6837501232326 -394.56593166738753
-1071.8706555072963 -394.68721187561755
