-1159.27 -547.7
-1158.2304433774948 -546.4009687423707
-1158.2645827126503 -545.339553308487
-1158.405943889618 -543.3934173107148
-1157.7171924304962 -541.6800802469254
-1158.0241806399822 -540.1054114818573
-1157.712224174738 -538.6097267389298
-1157.185532618761 -536.9887072563172
-1156.5309600126743 -535.4487578392029
-1156.7324082893133 -533.5635251522065
-1156.5419786316156 -531.5732724189759
-1155.9477254492044 -529.6543006420136
-1156.0497678261995 -527.7573453903199
-1155.9106266391277 -525.9837277650834
-1156.361916412115 -524.0090003728867
-1156.4388441634178 -522.8545432806015
-1156.1722430181503 -521.057771396637
-1155.874818046093 -519.2633434057236
-1155.6854269993305 -517.367281985283
-1156.2926807296276 -515.7057715177536
-1156.729517121315 -514.9573346495629
-1156.1539597702026 -514.0416638970376
-1156.1483867433667 -513.1898319840432
-1155.7407852080464 -511.806849372387
-1155.4746405151486 -510.2414903759957
-1155.720703985989 -508.35310174226765
-1155.3801336553693 -507.3049199700356
-1155.0856191781163 -505.60379196405415
-1154.8876762357354 -503.8451640725136
-1154.2530790534615 -502.9457926869393
-1154.0798602220416 -501.19643856287007
-1154.5666548129916 -499.46716333627705
-1154.4778062966466 -497.63264371156697
-1154.9138170745969 -496.15488148927693
-1155.0215003755688 -494.3440659165383
-1154.4526565936208 -492.7036999583245
-1153.9521032240987 -490.7819603800774
-1153.1339653399586 -489.4179915308953
-1152.8770133522153 -487.9513335347176
-1152.0205804374814 -486.91581631898885
-1152.171706136763 -485.52508867979054
-1151.0346651640534 -484.6962422847748
-1149.6622214880585 -483.44924123287205
-1148.255278405249 -482.69168086051945
-1147.5407218900323 -481.7570635795594
-1145.724894758761 -480.87513990402226
-1144.1798088517785 -480.0788542747498
-1142.8668122258782 -479.5427351713181
-1141.300661560595 -480.06995249986653
-1139.4423872199654 -479.59233452081685
-1138.5898851123452 -479.48966789692645
-1137.192729589045 -479.17779180854563
-1135.3683623042702 -479.45546490401034
-1133.877140518725 -478.84177631586795
-1132.153110024035 -478.5931521698833
-1130.2295002904534 -479.1279445931316
-1129.3527027335763 -479.1763150662184
-1127.6878522601723 -479.1599577374757
-1125.972537752688 -479.0932548798621
-1124.266816135943 -478.96033261790876
-1123.370655771792 -478.68638245835905
-1121.4636468854546 -478.40339075103407
-1120.2633601394296 -478.4691950537265
-1118.8173447814584 -478.52227488234644
-1117.2976862159371 -478.5081393865869
-1116.5519726839661 -477.73436798136686
-1115.5528066721558 -477.5784492788837
-1114.3325542774796 -477.9079784451053
-1112.6087542143464 -477.481481015496
-1111.3410187330842 -477.2524715809152
-1109.5110705462098 -476.73219598811124
-1108.3111105528474 -475.67698349040006
-1107.2716862526536 -474.8791237620637
-1105.9447459545731 -473.42539162915205
-1106.1147965756059 -471.79374046605085
-1105.8135851588845 -470.49683590214704
-1105.6423138347268 -469.0945325640962
-1105.8005367484689 -467.29185135643934
-1105.4503147271275 -465.4464541224763
-1105.5727869686484 -463.68935675900434
-1105.0753212985396 -461.9939147977159
-1104.7721506473422 -460.8704306630418
-1104.3540939208865 -459.35641606133436
-1104.328444391936 -457.9583953170106
-1104.1048025791347 -456.6422606257722
-1103.695430458039 -455.45219214241956
-1103.2308916155994 -453.6599325684831
-1102.972756088227 -451.8954572228715
-1103.202772051543 -449.97201545517896
-1103.4051685784757 -449.1252715138719
-1103.4154981081188 -447.8998996762559
-1102.799497217387 -446.22263951580976
-1102.3054101769626 -445.0104137210176
-1102.6270958785713 -443.543864443712
-1102.7205636058748 -442.04185135643934
-1102.7390082259476 -440.4278598574922
-1102.2947495956719 -439.2066204098985
-1102.2835515071451 -438.38334794323896
-1102.8907749582827 -437.2520452288911
-1103.1783958603442 -435.5880697516725
-1103.577206723839 -434.0231486110017
-1103.9184604515135 -432.1477800158784
-1104.2058436502516 -430.35236032288526
-1104.5589021076262 -428.94136591237043
-1104.8318262030184 -427.52421016972517
-1104.5534639288485 -426.2654363660142
-1104.6905378629267 -424.42470259945844
-1104.0602828790247 -423.1915897874162
-1103.5261132647097 -422.0043489484117
-1103.665076353103 -420.91515703480695
-1103.7269521434605 -419.1166725901887
-1103.3808328290283 -418.0748241690919
-1103.1805556346476 -416.57716055195783
-1102.874152623564 -415.00566811840986
-1102.8736441829055 -413.2147959021852
-1103.2781826951355 -412.4161474851892
-1103.4376745023578 -411.0639391092584
-1102.8630491890758 -410.11695469897245
-1102.8356091179699 -409.03435863535856
-1102.9065241166204 -407.16073931735014
-1103.1688969679922 -405.2789303211496
-1103.1452797748893 -403.8499896673486
-1102.026078949198 -402.23591269534086
-1101.9570361473411 -400.87934292834257
-1100.797535310015 -400.13835574667905
-1100.27093655847 -398.81981410067533
-1099.8612538673729 -397.90174008887266
-1098.6199871399253 -397.41239576023077
-1097.7642452218383 -397.0095025746152
-1095.8733348347992 -396.94058279674505
-1094.5518967606872 -396.70754353683446
-1093.1504762866348 -396.1824332920835
-1092.461003313288 -396.2766574023292
-1091.1335631706565 -395.64605408888315
-1089.4584909775108 -395.43820221703504
-1087.8999042608589 -395.6087037770078
-1086.3212299444526 -395.5796870140359
-1085.2596290209144 -394.92008002083753
-1084.1793915130943 -394.43903224151586
-1082.6798398592323 -394.47633403893565
-1081.6198605396598 -394.2769224977121
-1080.0656486847251 -393.77336517330264
-1078.9168672659248 -393.43676594253634
-1077.6014905073494 -392.86314425226306
-1076.8353384830802 -392.0838356947527
-1075.652831564173 -391.9277870839462
-1073.7398879625648 -391.24102606233214
