-1159.27 -547.7
-1158.5820484948158 -545.868447136879
-1157.6388226938247 -544.4338416576386
-1157.493101362586 -542.6598296880723
-1157.0331476670503 -541.1998260736466
-1156.508589540124 -539.7734050273896
-1156.0356870037317 -537.8381280422211
-1156.1221945625543 -536.2149260759354
-1155.9175711911917 -534.5259898424149
-1156.0678398799896 -533.0724821805954
-1155.7709249448776 -532.2178666114808
-1155.9098805975914 -530.4125103473664
-1156.0240379315615 -528.7120729207993
-1155.8391448301077 -527.768074464798
-1155.3827552837133 -526.2561079978943
-1155.0422042649984 -524.8955746412278
-1155.3383684796095 -524.0247866630555
-1155.8672187966108 -522.9688587903977
-1155.676378671527 -522.1505667686463
-1155.2442315858602 -520.5515379428864
-1155.449457128048 -518.9176349163056
-1155.351876322627 -517.2513877868653
-1155.5543465954065 -515.8031450033188
-1155.161254350543 -513.9103229761124
-1155.2490844842791 -512.5886134624482
-1154.9422202524543 -511.01350827217107
-1154.7562290099263 -509.9961727380753
-1154.5422753062844 -508.76233704090123
-1154.3180959787965 -507.06968827247624
-1154.0295635131001 -505.8730377674103
-1153.7761939433217 -504.7380272865296
-1153.8820719984174 -503.37563521862035
-1154.624107029736 -501.5640495538712
-1155.0248326030373 -500.0306605815888
-1154.8338302788138 -498.99251360893254
-1154.4709247168898 -497.971788597107
-1153.8449756917357 -496.46880109310155
-1153.5960239884257 -495.2412191152573
-1152.8957157251239 -493.4069667577744
-1152.5532971140742 -492.07747454643254
-1151.9688027021289 -490.2845804214478
-1152.4164790031314 -488.4535269260407
-1152.3679238972068 -487.45261008739476
-1152.576040637195 -485.7253922939301
-1152.056415450275 -484.38041765689854
-1152.1041156169772 -483.13153452873235
-1152.3345783618092 -482.03359551429753
-1151.9626841810345 -481.1714123606682
-1151.4511923459172 -479.30485428571706
-1151.0501420763135 -477.6238259196282
-1149.613674428761 -476.2198127627373
-1148.0920409229398 -475.71290422678
-1146.3716644313931 -475.280251544714
-1145.4513604310155 -474.57678512930875
-1144.7518590953946 -473.1629169404507
-1143.870776322186 -471.943154257536
-1143.7788909640908 -470.81819466948514
-1142.6430156198144 -469.4723393142224
-1142.2531919446587 -467.71397272944455
-1141.4702109065652 -466.3454450786114
-1140.8236468997598 -464.6238786399365
-1141.15934314996 -463.06944600939755
-1140.9538934198022 -461.5739870488644
-1140.6514943507314 -460.0843549191952
-1141.0341838267445 -458.503480476141
-1140.8325041499734 -457.07178811430936
-1140.6675445106625 -455.2606816709042
-1140.3306291368604 -454.0387638032437
-1140.02481454283 -452.28253046870236
-1140.7153865662217 -450.3701960265637
-1140.7204935978912 -448.5885395228863
-1140.4525608848594 -446.861106556654
-1139.9325485657714 -445.46137837767606
-1139.3869938086532 -443.73368863463406
-1139.049709124472 -442.0563539683819
-1138.2694743703864 -440.96632985472684
-1137.3611534070037 -439.8696768701077
-1136.2816263865493 -439.1158402383328
-1134.9187729786895 -438.0908648192883
-1133.1401687096618 -437.79271049499516
-1131.845135373976 -437.8212288588286
-1129.927126212027 -437.2684221833945
-1128.3297269772552 -436.36865383088593
-1127.2635381649993 -435.72521549165253
-1126.0333170126937 -434.97861033380036
-1124.9595919083617 -434.5279827386141
-1123.7239125203155 -434.0659861236811
-1123.3546940814517 -432.79109951555733
-1121.9495942126773 -431.993843343854
-1121.0567401777766 -431.02754416763787
-1120.6747967731021 -430.4344865947962
-1119.703014565613 -429.37755366861825
-1119.2293802927993 -427.69677087366586
-1118.5365630220435 -426.3333621889353
-1118.5300038661621 -424.9444895654917
-1117.972183665242 -423.8329461485148
-1117.6784950103424 -422.5578510433436
-1117.7548901494406 -421.5495179563761
-1118.245226895418 -420.40233298838143
-1118.579146658983 -418.7442348867655
-1118.8257719036005 -417.42300375998025
-1118.2334297653101 -416.312156406045
-1117.6449865456484 -415.2220934301615
-1117.248732781019 -414.3508400589228
-1116.7605508323572 -413.48787101805215
-1116.758442891743 -412.251085844636
-1116.3635212313197 -410.82379921972756
-1116.4697411190532 -409.64467200338845
-1116.2747737299464 -407.7200505405665
-1116.24566278046 -406.12908801138406
-1115.7535742241703 -404.73881324827676
-1115.6136273015104 -402.80390748083596
-1114.5551258195005 -401.49527737200265
-1113.6934801805578 -400.2012847334147
-1113.1633609998785 -398.3456582695246
-1112.4176563489996 -396.68189188539986
-1111.3502727020345 -395.7550635606051
-1110.6622716653906 -395.64003690779214
-1109.6085306871496 -394.705924358964
-1107.9741265047155 -394.3537787467242
-1106.5167388189398 -393.82019582092767
-1104.656118081864 -393.2054868012667
-1103.565935062226 -393.21434868574147
-1102.7027169931494 -393.43687325418
-1101.4229066837393 -393.0751460462809
-1100.1482016313635 -393.13877223134045
-1099.1507429946028 -393.49771098494534
-1098.1022434104048 -393.26979945302014
-1096.5324016678892 -392.8636265814305
-1094.9341900218092 -392.3126897633076
-1093.2159802783094 -391.7988630354405
-1091.5110142100416 -391.2901186764241
-1090.1296619046293 -390.8052969992161
-1088.244354354199 -391.3753433644772
-1086.583712683972 -391.2716309398413
-1085.0672913659178 -390.8246685236693
-1083.3077925313078 -390.77477130368356
-1082.5743897426687 -390.9943803854287
-1081.1730421054922 -390.38269063904886
-1080.2040158975683 -389.9677203305066
-1078.8232493866049 -389.8814926154912
-1077.3415354955755 -389.01707470491533
-1076.3908042777143 -388.2177366621793
-1075.1549701560102 -387.9674976177514
-1073.7172191012464 -387.7009604878724
