-1159.27 -547.7
-1158.9178333771229 -546.8640889644623
-1159.0114560839534 -545.7750985145569
-1159.0882306960225 -544.7233548879624
-1159.508691933453 -543.2551215410233
-1158.9414884713292 -542.1517102241517
-1158.6875533726811 -540.3489826440812
-1158.1130196717381 -538.6575566053391
-1157.5486795571446 -537.8713435649872
-1157.7679907944798 -536.0562083244324
-1157.7612752434611 -534.6514168500901
-1157.8524693962931 -533.0840008974076
-1157.43373436898 -532.0134207725525
-1156.7408967134356 -530.4680249214173
-1156.5552784916758 -528.7898329019547
-1156.1364756342768 -526.9939826250077
-1155.6625564214587 -525.6064869880677
-1156.0424902257323 -524.1966118335724
-1155.8903287914395 -522.8044121980668
-1155.6903502908349 -521.1146113395691
-1155.5994471725821 -520.2975778102875
-1155.6033772793412 -518.668820810318
-1155.8794279065728 -516.7607762336731
-1155.630795326531 -515.9834457159043
-1155.3489518728852 -514.9867023944855
-1154.872375485003 -513.5988981246949
-1154.4700205293298 -511.8328712701798
-1154.494214144051 -510.87216026782994
-1154.3643479016423 -509.39446229934697
-1154.0874537196755 -508.0241550922394
-1154.8669306007027 -506.1604974985123
-1155.341505524218 -505.3153364181519
-1155.2421531048417 -503.9535555362702
-1155.4796603885293 -503.1682579636574
-1154.5860670772195 -502.08769930601125
-1154.1439556446671 -500.8844528317452
-1153.8822482195496 -500.01702846288686
-1153.4442911413312 -498.77737463712697
-1153.661151793301 -497.3527020335198
-1153.5010305461287 -496.16769660711293
-1153.6451110062003 -494.4055172324181
-1153.4300126251578 -492.8356899142266
-1152.5904076513648 -492.1276518821717
-1151.9454245981574 -490.9133954763413
-1151.2242417749762 -489.4502205371857
-1150.9637256976962 -488.0970291614533
-1150.4307664749026 -486.9068320512772
-1149.0414999839663 -485.9796008586884
-1148.158278953731 -484.9294390201569
-1146.6301593896746 -484.5240261673928
-1145.4711599466204 -483.83285416364674
-1144.0344240781665 -482.9334029078484
-1143.483761381805 -481.9071005702019
-1141.67883141011 -481.1042174816132
-1140.449555349052 -480.57149125337605
-1139.1266920086741 -480.1361220002175
-1137.6314806458354 -479.8509211957455
-1136.3971033808589 -480.3857770979405
-1134.9016214129329 -480.50171596258883
-1133.0738251921534 -480.52935322076087
-1131.6058312174678 -479.9954652383924
-1130.7038645264506 -480.0645290136338
-1128.9232973572612 -479.49806149005894
-1127.3497967240214 -479.69161048233514
-1125.5924164769053 -479.84110095798974
-1124.7196878907084 -479.9465500980616
-1123.424540233314 -479.4342752963305
-1122.2709953305125 -479.24433076083665
-1121.2944543477893 -478.430212494731
-1119.4647024986148 -477.69184946715836
-1117.985907804668 -477.3626904457808
-1116.9820076343417 -476.76314967572694
-1116.4255055305362 -475.60931461751466
-1115.4759016153216 -474.5181730359793
-1114.6029240009188 -473.0095186799765
-1113.7477172729373 -471.62759345471864
-1113.304456424415 -470.67151307761674
-1112.6433932301402 -468.7999522656203
-1112.8150153574347 -467.84692161977296
-1112.8439046931267 -466.20586770474915
-1112.2148753595352 -464.40204947888856
-1111.8557918858528 -463.4522396296263
-1111.4793908786773 -461.87967931926255
-1111.3152854931354 -460.2099336355925
-1111.7201205980778 -458.8651840656996
-1111.5161087852716 -457.77889132201676
-1111.6573898088932 -456.0704920262099
-1111.6743554216623 -454.4921430319548
-1110.6263841730356 -453.2257958620787
-1109.6306387525797 -451.90651404559617
-1108.312363539338 -450.2118502825499
-1107.6167299491167 -448.8589962691069
-1106.8750080806017 -447.8110365837813
-1106.9467249256372 -446.1167418926955
-1106.978909831941 -444.8221586912871
-1106.7761687752604 -444.06553131043916
-1106.1852170941233 -442.50389283597474
-1106.6377002713084 -441.1320589154959
-1106.0636422750354 -439.7433084815741
-1105.5408686515689 -438.08037513196473
-1105.3788134124875 -436.8946344226599
-1105.410946097672 -435.3587369292975
-1105.2410123464465 -434.2440456718207
-1105.0462345001101 -432.58684116303925
-1104.8484126743674 -430.9553768008948
-1104.1438441690802 -430.103389915824
-1103.7484902259707 -429.3629640311003
-1103.868722167313 -427.85409485995774
-1104.2995345559716 -426.3678485125304
-1104.611648466885 -425.54413294494157
-1103.8817013767361 -424.5662048429251
-1104.195574876368 -423.6992478936911
-1104.296868417859 -422.27145129144196
-1104.0747033697367 -421.4513959258795
-1103.513088915944 -420.0749224990607
-1103.6835857969522 -419.409109351039
-1103.201669935584 -417.7215009897948
-1102.8394441646337 -416.7328740328551
-1102.7803357695043 -415.28706001937394
-1102.7275850144028 -413.9285659760237
-1102.095921215117 -412.3081134527922
-1102.2995060947537 -410.7672425478697
-1101.4615215328336 -409.5965589255095
-1101.5088340607285 -408.39189421832566
-1101.4898478356004 -407.57676016986375
-1100.7924845185876 -407.10310578048234
-1099.8976680007577 -406.51513212621217
-1099.0620214906335 -405.1389370530844
-1098.2005814281106 -403.7022725909949
-1097.5336452689767 -402.98474353253846
-1096.9450356331467 -401.847465094924
-1095.906969126761 -401.49538826644425
-1095.207875546515 -400.6360033720732
-1093.7594984140992 -400.39218586385255
-1093.0911300745606 -399.67846989333634
-1091.5754345026612 -399.3031242460013
-1089.7786131468415 -398.2525801032782
-1088.2587793436646 -397.6069292992354
-1086.9876791802049 -397.1913233965636
-1085.3261086311936 -397.14133635610347
-1083.908516701758 -396.9810441330076
-1082.6862615910172 -397.04312067180877
-1081.1605355110764 -397.0438729718328
-1080.4870346155762 -396.4392746880651
-1079.743831512034 -395.996080775559
-1077.973754402697 -395.57089169770484
-1076.4643562999368 -395.86011566668753
-1075.2979359593987 -396.0242535665632
-1074.4588662353158 -396.3998633816839
-1072.9629178014397 -396.3219568625093
-1071.337103125155 -396.69925539642577
