-1159.27 -547.7
-1159.1486113262176 -546.2669983625412
-1159.4268811833858 -545.1293847084046
-1159.1878231060505 -543.5946635723114
-1159.0371447992325 -541.867030453682
-1159.216049079299 -540.8697968244553
-1159.468064431548 -539.4539412975312
-1159.9168361467123 -537.9831305265427
-1159.9927705717087 -536.2074590444565
-1159.6365879964828 -535.4089116573334
-1159.5946653042733 -534.0417800664902
-1159.1830228124559 -532.2420235395432
-1159.307879537791 -531.3751956939698
-1159.0733247701824 -530.5234940171242
-1159.317270487994 -529.3693746447564
-1159.5204809908569 -527.7464196801186
-1159.7687712018192 -526.3682350039483
-1159.2591098253429 -524.8192596554757
-1158.7339293067157 -523.0839938044548
-1158.522245720476 -521.6926173090935
-1158.3742501740157 -520.4221873402596
-1158.494449854344 -519.5476884961129
-1158.7932151560485 -518.0666840195656
-1158.7583829317987 -516.2556216835976
-1158.696728527993 -514.6556816220284
-1159.0920800571143 -512.8167560219765
-1159.1726374928653 -511.46364296674733
-1158.8503059451282 -509.74851943254475
-1158.5903142993152 -508.36226845979695
-1159.2008960549533 -507.2581704974175
-1159.0742308352887 -506.5664160370827
-1158.650544450134 -505.26790107488637
-1158.1858511720598 -503.57550038099293
-1158.3854524050653 -502.59785486459737
-1158.0171924982965 -501.60853446722035
-1158.0572066311538 -500.640776526928
-1157.6900032763183 -499.19356526136403
-1157.5352896754443 -497.4966591715813
-1157.1821284000575 -496.4075608372689
-1157.1761856083572 -495.1270977377892
-1157.6447432641685 -494.1766777157784
-1157.4602524642646 -493.1865590333939
-1157.4782595042884 -491.6364850521088
-1157.390914261788 -490.0329607248307
-1158.1640240554511 -488.3241519451142
-1158.8251659278571 -486.4163864374161
-1158.978411347121 -484.7524291992188
-1158.5724275414645 -483.6677224159241
-1158.0183376972377 -482.6062093496323
-1157.813978255242 -481.0215807676316
-1157.0021460656822 -479.7155855417252
-1155.9063901309669 -479.0017427325249
-1154.3305256967246 -478.780464810133
-1152.9835022096336 -478.2880928039551
-1151.7853154544532 -478.28875748515134
-1150.7654483918845 -478.0322713375092
-1149.809488952607 -477.45293916463856
-1148.0229384307563 -477.9474022507668
-1146.7979599837959 -477.624641430378
-1145.4161606435478 -477.92775071859364
-1144.128270328492 -477.6131836891175
-1142.887468278855 -477.1402168691159
-1141.2783489827812 -476.84025214314465
-1140.3993785385787 -476.5915096074343
-1138.5560367111862 -476.6455785527826
-1137.325932264775 -476.6518303982914
-1135.816255927533 -477.0362021557987
-1134.4134187702834 -477.00656551197176
-1133.5631001000106 -476.74328458383684
-1131.6411343817413 -476.3738571412862
-1130.5280945305526 -476.6251489825547
-1129.484799862355 -476.16520714834337
-1128.5730890636146 -475.6899714775384
-1126.806024134606 -476.2970028229058
-1125.5236087445915 -476.117532209307
-1124.0814355020225 -475.9678192891181
-1122.2034168843925 -475.7424027331174
-1120.6130885486305 -476.0538732416928
-1118.9141046409309 -476.2752173252404
-1117.6067593698203 -476.23560735657816
-1116.2825604085624 -475.53847232535486
-1114.643328845948 -475.1001340158284
-1113.556876361817 -474.3309032924474
-1112.4819120769203 -473.4964256294072
-1111.660903931111 -472.22407627180223
-1111.066443682164 -470.61568117216234
-1110.3933367733657 -469.2207968242467
-1110.5740785901248 -468.0541936166585
-1109.5502953831851 -466.70746970251207
-1109.4759356682002 -466.05644351318483
-1108.6010079090297 -464.79701429679994
-1108.0547420088947 -463.4354240305722
-1108.26209850654 -461.84748500660066
-1108.6299883280694 -460.18741577938204
-1108.5803675805032 -459.2538462288678
-1108.1574781392515 -457.5233868964017
-1108.4702633474767 -455.9563129551709
-1108.5930507485568 -454.99590623453264
-1108.1483002011478 -453.49087631776933
-1107.4529348318279 -452.22562861517076
-1107.3414247636497 -450.8045005805791
-1107.7071479563415 -449.66911602094774
-1107.845230654329 -448.30807292535906
-1107.4273963724077 -446.8479996927083
-1106.841909006685 -445.2990103967488
-1107.0815101717412 -444.0524472005666
-1106.897823304385 -442.6726541526616
-1106.4192003016174 -440.7348461158574
-1106.0705719296634 -439.4199969775975
-1105.6822292213142 -438.58845114782457
-1105.5189814274013 -436.8179980523885
-1105.3420264576375 -435.005359531194
-1105.7459764038026 -434.1838063009084
-1105.3895262633264 -433.27159583643083
-1105.2175963525474 -431.5284825570882
-1105.4819303755462 -430.2480106361211
-1105.1233933870494 -428.9854910381139
-1105.4064430002868 -427.22719383314256
-1105.7938204412162 -426.41153168752794
-1105.9484909628331 -424.52038884237413
-1105.6564771090448 -422.96953797414903
-1105.5302738551795 -422.1243643768132
-1104.7205527429282 -421.06393349245195
-1104.9489109371602 -419.81167256906633
-1104.9342193309963 -417.99146258905535
-1104.675324023217 -416.9806013114751
-1104.5954273347556 -415.84118938520555
-1104.2727918033302 -414.6153507240117
-1103.7272986774146 -413.2418974645436
-1103.3930505220592 -411.31392765119676
-1102.5922645036876 -409.98928821161394
-1102.3575969044864 -408.3619775779546
-1102.2787835900485 -407.6257611520589
-1101.804677516669 -405.9030245549977
-1101.328959018439 -404.6329962022603
-1100.6359227006137 -403.57642936781053
-1100.0258477632701 -403.4751663215459
-1099.013349622935 -403.19240418151026
-1098.3425748054683 -402.13573291972284
-1096.9679014389217 -401.5179146833718
-1096.169481486529 -400.5988443203271
-1095.2608270351589 -399.78279158547525
-1094.2371880714595 -398.8787380166352
-1092.8160347644985 -398.3535599417985
-1091.8844675724208 -398.3432342715562
-1090.4344595377147 -397.47602889016275
-1088.660868972987 -397.46161595806484
-1087.6951482002437 -396.9340682409704
-1086.1427269880473 -397.1332683645189
-1084.9339769785106 -396.7287794731558
-1083.8706992571056 -396.0238238357008
-1082.5941496793926 -395.5636957071722
-1080.9679745142162 -394.87922678217296
-1079.1902067367732 -394.85095715969805
-1078.3038874571025 -394.2841615721584
-1077.314567298144 -394.74309599846606
-1076.4625591938197 -394.4923124954105
-1074.5474643413722 -394.45010644644503
-1073.4526447956264 -394.7932809337974
-1072.2905618850887 -394.4098344787956
