-1159.27 -547.7
-1159.4520024102926 -545.7536985397339
-1159.7428795737028 -544.7141491889954
-1159.9771921676397 -543.7997698307038
-1159.8733065617084 -542.959640455246
-1160.3442533504963 -542.0644154071808
-1159.696283210516 -541.2259565711022
-1159.2111474764347 -539.8830276846886
-1158.8804616522789 -539.272632431984
-1158.8145358902216 -538.0426337242127
-1159.1278882068395 -537.3150953173638
-1158.9338106703758 -536.1118283390999
-1158.8641382944584 -534.9524773478508
-1158.3297184598446 -533.8589606404305
-1157.5515999686718 -532.6926317334176
-1157.0439295065403 -531.4578623890877
-1155.8618501913547 -530.2512885451317
-1155.6636776816845 -529.366019499302
-1155.566086460352 -528.5038187623024
-1154.799707700014 -526.7761052966118
-1154.7540474426746 -526.018597137928
-1154.6810720157623 -525.332022202015
-1153.8926493120193 -523.7918524861336
-1154.3121912670135 -522.2303335785866
-1153.6571896266937 -520.9483729720116
-1154.167083222866 -520.1633305072785
-1153.4271907401085 -519.3327878236771
-1153.6087875258922 -517.6535871744156
-1153.0855739605427 -516.1199168682099
-1152.4384572398662 -514.2200939178467
-1152.7851796638965 -512.4834897041321
-1152.1939556491375 -511.2004794597626
-1152.3647061181068 -510.1538863897324
-1152.3106301543116 -508.189935040474
-1152.4560222443938 -506.89819283485417
-1152.497523945272 -505.0697242736817
-1151.6613752064109 -504.09686644077306
-1151.6987072345614 -502.8498377323151
-1151.3557374593615 -501.8173112392426
-1150.5230887052417 -500.8748663783074
-1149.7637270209193 -500.1174329042435
-1148.9969135639071 -498.65411050319676
-1147.3673055288195 -498.5568672537804
-1146.0000102636218 -498.1437756836415
-1144.9158178684115 -497.07905433774
-1143.7385276672244 -496.5163932859898
-1143.0591657873988 -496.75142515897755
-1141.9406593558192 -496.1179492592812
-1141.2457872149348 -495.7488266050816
-1139.7117347237468 -495.6658908620477
-1138.3093329188227 -495.39490651041274
-1137.2220133063197 -495.14773463159804
-1135.806542110145 -494.9144740596414
-1134.523673247993 -494.2706456676126
-1133.2904196497798 -494.61153604537253
-1131.709792446792 -494.62504187673335
-1130.6689553973079 -494.01004043668513
-1129.0406331536174 -494.0559449538589
-1127.9585827109217 -493.9427724525333
-1127.1088523980975 -494.0794886991382
-1125.7627527830005 -494.159733016789
-1124.4299419042468 -493.6785680249334
-1122.7854635831713 -492.76709212809806
-1121.241095316112 -492.8128530874849
-1119.6088643190265 -492.8385268643499
-1118.4807922956347 -491.9670832946897
-1117.5364058730006 -491.58038260489707
-1116.7923770663142 -490.3283126547933
-1115.7352672335505 -489.2623434260488
-1114.615226816833 -488.39000894576316
-1113.5716406819224 -487.8219950392843
-1112.3139268872142 -487.01380141526465
-1111.0740340468287 -486.25206430703406
-1110.5297449347377 -484.5944565132261
-1109.0758445975184 -484.08144845515494
-1107.860887837112 -482.503840585053
-1106.7323330160975 -481.3638742163778
-1105.9409592863917 -480.45724465399985
-1104.8557916399836 -480.1186905995012
-1103.871358167827 -479.21550654321913
-1102.5325523731112 -478.80585284978156
-1101.470697414577 -478.13955541402106
-1100.5954669830203 -478.16600735932593
-1098.775452863872 -478.19993146210913
-1097.5859201070666 -478.1761294946075
-1096.4709367868304 -477.6742972478271
-1095.4753639814257 -477.72236644178633
-1093.7062900182605 -477.77870624214415
-1092.5399265405536 -478.39803283363585
-1090.9246151563525 -478.11806901246314
-1089.5565985557437 -478.2570146813989
-1088.1069672223925 -478.02102467864756
-1086.7159897205233 -477.8719855591655
-1084.890631687343 -477.444773618877
-1084.0892757293582 -477.30142011195426
-1082.7367148515582 -477.56103958636527
-1081.3800317165255 -478.0239161148668
-1079.9213943597674 -477.94167349189524
-1078.0327594396472 -478.3777282878757
-1077.026759636104 -478.5576413914562
-1076.1859083291888 -478.64877102226023
-1075.5022124764323 -478.3579796895385
-1074.5267310854792 -478.234241989255
-1073.3361134049296 -477.6379343539477
-1071.6335992333293 -477.3301053911448
-1070.7208827254176 -477.31621934175496
-1069.2493236777186 -476.7224332213402
-1067.847409915626 -476.09943844079976
-1066.4157604691386 -475.639220905304
-1065.5649870154261 -475.2237228274346
-1064.9479746934771 -474.66567243337636
-1063.725573193729 -474.06859828233723
-1063.7292183157801 -473.1135128855706
-1063.574562740028 -471.3256775259972
-1063.312766623199 -470.4621707320214
-1062.9558221516013 -469.48203421831136
-1062.1152137336135 -467.62224174737935
-1061.7178498920798 -466.7748522281647
-1060.9331868705153 -465.1235343933106
-1061.4497181591391 -463.2094583034516
-1061.530054923594 -461.2559566020966
-1061.4841019776463 -460.0235578536988
-1061.3753735539317 -458.69670636653905
-1061.7635173019767 -457.65020544528966
-1061.9583093491196 -456.5492813110352
-1061.4763794508576 -455.114078116417
-1060.9340295758843 -453.6851818084717
-1060.9760858234763 -452.8731272935868
-1061.2603598055243 -451.4799737453461
-1061.2713853684068 -449.74064357280736
-1061.543055203259 -448.4533168792725
-1061.755854394734 -447.2921454429627
-1061.4412620332837 -445.93637950420384
-1061.0756560829282 -444.48469073772435
-1061.2174980011582 -443.12604601383214
-1061.387119409144 -442.10777742862706
-1060.802027222216 -440.6513673782349
-1061.2328853574395 -439.09969444274907
-1061.2028067079186 -438.0446896076203
-1061.567489978373 -436.13319535255437
-1060.8714336124062 -434.94652838706975
-1061.006420981586 -433.86974592208867
-1060.3463421580195 -432.179331612587
-1060.2759794038534 -430.86556596755986
-1059.6011802595854 -430.138705444336
-1059.6312559698522 -429.04722614288335
-1059.6730194245279 -427.60259444713597
-1059.965900645107 -426.4246280908585
-1059.5520359133184 -425.22175951004033
-1059.864478663057 -424.20227141380315
-1059.4806658183038 -423.21055395603184
-1059.2594961975515 -421.56875951290135
-1059.1606029574573 -420.075548362732
-1059.0834194426238 -418.4500008344651
-1059.1191365090012 -417.112889957428
-1058.924164172709 -415.61616606712346
-1058.7727394518256 -414.30446703433995
-1058.729981240332 -413.1549015760422
-1058.8491486874223 -412.190733742714
-1059.4655069079995 -410.75610299110417
-1058.8684397903085 -409.5879283666611
-1059.2554656532407 -408.34869749546056
-1059.310945701301 -407.6900970458985
