-1159.27 -547.7
-1158.2136423778534 -545.9230916023255
-1158.1720876586437 -544.3270935535431
-1157.781881262064 -542.7375802516938
-1157.2672185790539 -541.5144924640656
-1156.4930691611767 -540.5486360311509
-1155.4864033353329 -538.7917909145356
-1155.2566053760052 -537.5184077739716
-1155.2347733420133 -536.7984439253808
-1155.0545572978258 -535.8185140013695
-1154.5384351950884 -534.2877186655999
-1153.8812650185823 -533.0535469174386
-1153.5089196008444 -532.00196672678
-1153.5756319355964 -531.2912300348282
-1153.2405674350262 -529.904888701439
-1153.9023324143886 -528.3726894378663
-1153.498189855814 -526.8306200027466
-1153.634871442318 -525.1531917572022
-1153.4378057312965 -523.3352872848511
-1152.9510727417469 -521.4965579032898
-1153.0655632209778 -520.0401852846146
-1153.0382722583413 -519.0636424541474
-1152.696362581551 -518.1180068373681
-1152.6770008322596 -516.6435123801232
-1152.815919187367 -515.8930806040764
-1153.3624039557576 -514.760778439045
-1152.9809285667538 -512.9937740683556
-1152.7426073518395 -511.35741533041005
-1152.7565726828575 -509.52660573720937
-1153.4446514439583 -508.030803334713
-1153.525156442523 -506.56148518323903
-1153.611248370707 -505.5427686095238
-1153.7607557591796 -503.76662482023244
-1153.2715813931823 -502.55457581281667
-1153.649422865808 -501.32058311700825
-1153.8733948734402 -500.02933157682423
-1153.5917797651887 -498.7296981930733
-1153.3866896000504 -497.43633331060414
-1153.0445243683457 -495.7548412203789
-1152.6012428966164 -493.9548260092736
-1152.3439812329411 -492.454311144352
-1152.0198093917966 -491.68590719699864
-1151.9992622998357 -490.05314595699315
-1151.2195466426015 -488.3869115829468
-1151.331390735209 -486.5988827466965
-1150.3259532418847 -485.69800348281865
-1150.343528803885 -484.25808484554295
-1149.0053241816163 -483.08892757892613
-1147.5385690298676 -482.0718895912171
-1146.7945286598801 -481.41881377696996
-1145.2089382973313 -480.5158822655678
-1143.5346406069398 -480.2675664544106
-1142.7848209705949 -479.350439798832
-1141.6797969904542 -479.32203612923627
-1140.8423685398698 -479.34967325329785
-1139.4359890785813 -478.49540005326276
-1138.3296536770463 -478.0493897020817
-1137.4203092423081 -477.4827827036381
-1136.57086902529 -476.8998587548733
-1135.470348176062 -476.6977318644524
-1134.5092324581742 -476.7277729518712
-1132.6622359123826 -477.27745777443056
-1130.9375087586045 -477.2024044103921
-1129.4401292172074 -477.2813878513873
-1128.2734625902772 -477.28343342319135
-1126.6100416746735 -477.3646639965475
-1125.4570016232133 -477.373220705241
-1124.2767834034562 -476.85221030637626
-1122.560321983397 -476.9421674318612
-1121.1893135872483 -476.8841027028859
-1119.7622173395753 -476.34711343124513
-1118.2854519453645 -475.9168967016042
-1116.6689285603165 -476.0926468677819
-1115.266706880629 -476.13709127977495
-1114.7971676555276 -475.2046996958554
-1113.2676026788354 -474.6972802288831
-1113.2395684090257 -473.07591992691164
-1113.129163530171 -472.2265390761197
-1112.3390543726086 -471.5370810039342
-1111.6178794172406 -470.11711871698503
-1111.390552264154 -469.10961508825426
-1111.4238935676217 -468.27240002229814
-1110.7037309375405 -467.20737063959245
-1110.6585836824775 -466.5500980623067
-1111.0281364437938 -465.69370234087114
-1111.2190039274096 -463.8577641256154
-1110.9917653915286 -462.27562606409197
-1110.8057404723763 -461.3311688907445
-1110.7163169649243 -460.11672043874864
-1110.6619216617942 -458.70327615812425
-1109.8499980387091 -457.8316996105016
-1109.368259024322 -457.1245665557683
-1108.887939762771 -455.78696620538835
-1108.6341114160418 -454.77702057436113
-1108.166619491279 -453.20805311277513
-1108.3438044008612 -452.4099488265813
-1107.9230269905925 -450.6539272077382
-1107.8646829915047 -449.8894248016179
-1108.1314799976349 -448.8549258716405
-1108.5145839047432 -446.948158980161
-1107.824681122303 -445.17166590765123
-1107.2060745549202 -443.6844401367009
-1107.6880070757866 -441.96686601713304
-1107.1791370105743 -440.8619159467519
-1106.9327558916807 -439.6704262502492
-1106.7090707463026 -437.81149208620195
-1106.81988797009 -436.1028015621007
-1106.2899957042932 -434.3290328986943
-1105.9118511718511 -433.37466764524584
-1105.5863691610098 -432.5979817517102
-1104.8761221212148 -431.3199197657407
-1104.9394876551628 -430.45594823434953
-1104.332218606472 -429.40256583765154
-1104.324657034576 -428.51359218433504
-1103.8862544712424 -427.0395225889981
-1103.7151506212354 -425.21907872036104
-1103.5780878183245 -424.13865119293337
-1103.4310061600804 -422.4069388516248
-1103.601775702536 -421.3444214470685
-1104.1778951254487 -420.18575674369936
-1104.4858284559846 -418.60914689376955
-1104.2856414732337 -417.02970510795717
-1104.0369124826789 -415.4225112803281
-1103.4721305784583 -414.0827097304166
-1103.5316757676005 -413.18545532301073
-1102.881628524959 -412.1685622937978
-1102.0976263400912 -410.5248295076192
-1101.3238473650813 -408.90223383978014
-1101.5438664671778 -407.469253063947
-1101.2524999794364 -406.2695358999074
-1101.0572401103377 -404.8544155366719
-1100.5750537332892 -403.14772188737993
-1099.9289133962989 -402.2914214737714
-1099.3492529806495 -400.9298717387021
-1097.8494068798423 -400.20206540897493
-1096.6915414747596 -399.6879138953984
-1095.119108479917 -399.4259729094804
-1093.7015465912223 -399.0175902552903
-1092.249228876531 -398.3814750619233
-1090.4504706081748 -397.5203323669732
-1089.704830866754 -397.2713542886079
-1088.7647887286544 -397.00649777129297
-1087.8750746664405 -396.56525576189165
-1086.487820547521 -396.6575472660363
-1084.9037721571326 -396.6389912374318
-1083.229811232984 -396.6218487627805
-1081.660858195722 -395.84227734878664
-1080.1121194776892 -395.100582600385
-1078.9714434561133 -394.3177717931569
-1077.90608982414 -393.88215401843195
-1077.108307403028 -393.8074852831662
-1075.3271708902716 -393.8958865113557
-1074.6969454702735 -393.00520727112894
-1073.4969482836127 -392.5893935270608
