-1159.27 -547.7
-1158.334217209816 -546.2460278987885
-1158.0317173492908 -545.4098829746247
-1157.6200221967697 -544.573768568039
-1157.9566991519928 -543.8194742918015
-1157.260626335144 -542.2730124711991
-1157.1400026720762 -541.1682188034058
-1156.669234816432 -540.0240079879761
-1156.493074734211 -538.6481328725815
-1157.117284078598 -536.9745506763459
-1157.2333571952581 -535.3712465286255
-1157.1036144536733 -533.7255125761033
-1157.5013207238912 -532.4805179357529
-1157.2210921686888 -531.0399370908738
-1157.3336412203312 -530.0245812654496
-1157.5144714307785 -528.9890546321869
-1157.6875384938717 -527.039739561081
-1157.8012058925628 -525.7691956281662
-1157.5188113045692 -523.9882623672486
-1156.890972931385 -523.158006978035
-1156.9703103122115 -521.844760131836
-1157.0704523143172 -520.0952679634095
-1156.981006462574 -518.2127844810486
-1156.681298930645 -517.3119928359986
-1156.7659823861718 -516.059878897667
-1157.1926943030953 -514.5752473592759
-1156.6435880032182 -513.4740732431412
-1156.012402292788 -512.0091102838517
-1155.565915223658 -511.1674034118653
-1155.1162386801839 -509.8370778083802
-1155.455557372868 -508.07615680694585
-1155.2358985957503 -506.8209952831269
-1154.916660707891 -505.08032305240636
-1155.5313584026694 -504.27844287157063
-1156.0821656998992 -503.32850624322896
-1156.3013353165984 -502.5792364597321
-1156.101739358604 -500.765929889679
-1156.2782279965281 -499.75293607711797
-1156.166567709744 -498.2533831119538
-1156.467823651135 -497.2137066841126
-1156.0127957132459 -495.4737360000611
-1155.9625047561526 -493.844343495369
-1156.3090218421817 -492.1574068784714
-1156.3236337532103 -491.2657082796097
-1155.9714609910548 -490.09842724800114
-1156.4374091853201 -488.8563670635224
-1156.459970884472 -487.5401354551316
-1156.2266969163716 -486.13573367595677
-1155.6998011548817 -485.43515909910207
-1155.6594511945545 -484.15689707994466
-1154.9597834427655 -483.7394926667214
-1153.843271740228 -483.6122807979584
-1153.070978768617 -482.63602466583257
-1152.06899154976 -481.8510315537453
-1150.4506477196514 -481.70745758414273
-1149.0350552876293 -481.51538107991223
-1148.4154740054905 -481.1741601645947
-1147.6317430217564 -481.2033230930567
-1146.5913932998478 -481.0530946820975
-1145.1791777093708 -480.23746090829377
-1144.1095283706486 -480.1197301641107
-1142.4975267131626 -480.03098295331006
-1141.1246607978642 -480.0103988319636
-1139.5975316245854 -480.4029900103808
-1138.6534025152027 -480.3513894870878
-1137.4768729884922 -480.6144397452474
-1136.3668312509358 -480.6924282059074
-1135.5875513632595 -480.37093207687144
-1134.0906621296704 -480.0473465070129
-1133.2035917718708 -480.1316349178553
-1131.9776323516667 -479.805656310916
-1131.2953928788006 -480.22202887833123
-1130.4694036324322 -480.77019580900674
-1128.9536585886776 -480.93614630103116
-1127.234251626283 -481.40966064929967
-1125.3631817181408 -481.2694441199303
-1124.707334883958 -481.61717535257344
-1123.2539223511517 -481.27402878999715
-1121.3820133288204 -481.5141844719649
-1120.5279862959683 -481.2768920332194
-1119.140972622186 -480.2991529375315
-1117.9638140280545 -479.7412283688784
-1117.4771464546025 -478.4685462981463
-1116.389047332555 -477.3650034934283
-1116.2296243090927 -476.3567627936602
-1115.958336480409 -474.5906048089266
-1115.10508073166 -473.8977502852679
-1114.3587356884777 -472.52806368172173
-1114.3870915998518 -471.0397174626589
-1113.557858132273 -469.97634342014794
-1113.089743219763 -468.03685810863976
-1113.0389277045429 -466.92047264873986
-1113.2423487906158 -465.5000691682101
-1113.4625819776952 -463.95309748947625
-1113.0730106388032 -462.61855068504815
-1113.0554462489486 -461.6326637536288
-1112.9409029003978 -460.71063390076165
-1113.015457611978 -458.8746112853289
-1112.996061526686 -457.0906075507403
-1112.7690181066096 -456.17816653549676
-1112.0052193929255 -455.07889261543755
-1111.2498135496676 -453.76306798756127
-1110.0586643148959 -452.2582111626864
-1109.227375202328 -451.5246669322253
-1109.0841385354101 -449.8964914351702
-1108.6577589143812 -448.1682578593493
-1108.4481953163445 -447.33797970116143
-1107.5831158538163 -445.56052985489373
-1107.5763095919788 -444.70263555347924
-1107.5145143088698 -443.74641981422906
-1107.8296187338233 -442.5011860400439
-1106.9976863083243 -440.98819306194787
-1107.2578817722201 -439.31727531254296
-1106.845215511024 -437.9186364680529
-1106.8662300226092 -436.89821591675286
-1107.094689514935 -436.11668100655083
-1106.9580568042397 -435.065328386426
-1107.1193319526315 -433.5265455514193
-1107.201108750403 -432.171161082387
-1107.1827619825303 -430.6827349931002
-1107.223566737473 -429.34141006767754
-1107.2314649116993 -428.1738362580538
-1107.576076914072 -426.5287927657366
-1107.8273615729809 -425.19694128334527
-1107.494208086729 -423.88670590221886
-1106.7757902634144 -423.05438616573815
-1106.494956303835 -421.4912377864123
-1106.3177542877197 -419.7746378451586
-1105.9704251778126 -418.10798778831963
-1104.9613103163242 -416.40157010853295
-1104.622651745081 -414.9844428569079
-1104.7931256186962 -413.9469373494387
-1104.6988690388202 -412.8112558394671
-1103.9829565775394 -411.34255900681023
-1103.21232198596 -410.01391127407555
-1103.0284151923656 -409.32247557938103
-1102.481522012949 -408.2910491496325
-1101.7807059776783 -407.219153431058
-1101.0097150099277 -405.3446276456118
-1100.5382195305824 -403.70500972568993
-1100.020344991684 -402.79780128300195
-1099.1165340137482 -401.9007275372744
-1098.4822851014137 -401.2150224715472
-1097.6157154631615 -399.602246311307
-1097.1377913546562 -399.2176802426577
-1095.8686080765724 -398.0322704583407
-1095.3063866090774 -397.6641162306071
-1094.3414221596718 -396.1421969801188
-1092.797539551258 -395.7786262303591
-1091.4161934447288 -394.63534035980706
-1090.7924986672401 -394.4083819061518
-1089.3302130293846 -393.96151330769067
-1087.9625190091133 -394.1145997613669
-1087.1615582299232 -394.1538256078959
-1086.0238098692894 -393.51137843430047
-1084.9562005591392 -392.8833003908396
-1083.8240515780449 -392.5174946457148
-1082.812467534542 -392.72012877166276
-1081.1065456461906 -391.73612117469315
-1080.2675939393043 -390.99051707685
-1078.5721453022957 -390.8087813228369
-1077.558730442524 -389.78506725728516
-1076.7399851870537 -388.4377793639899
-1075.9765626978874 -387.8900334209204
-1075.0158015084266 -386.2704139322043
