-1159.27 -547.7
-1159.6549340677261 -546.4123039960862
-1160.798991818428 -545.2761561393738
-1160.3791478466987 -543.9185448408127
-1161.005080420971 -542.1023250341416
-1160.6479092729091 -540.582660984993
-1160.5357071948051 -539.430344414711
-1161.0809253048897 -537.5682814836503
-1161.2201535594463 -536.1387983083725
-1160.9519912493229 -534.5158135414124
-1160.5815484416485 -532.7744339227677
-1160.6194222015142 -530.9961455583573
-1161.0724291545152 -529.4009531259537
-1160.843183953762 -528.1859509468079
-1160.7981497389078 -526.6603073596955
-1161.5212797266245 -525.1028968811036
-1161.5286897164583 -523.4645428180695
-1161.5494091701507 -521.90636510849
-1162.1971805286407 -520.7161796808243
-1162.1294171777367 -518.995908689499
-1162.2621689108014 -517.7287098884583
-1161.752998855412 -516.7999968647957
-1161.5221209046244 -515.6861946702004
-1161.1605783817172 -514.0893614411355
-1161.2393712070584 -512.8376243233681
-1160.9751956132054 -510.9736449837685
-1160.9789176252484 -509.3924913525582
-1160.661772545874 -507.7679327845574
-1160.3823968437314 -506.59635592699055
-1160.6572609511018 -505.0263749480248
-1161.0745751228928 -503.66536356210713
-1161.5959106650948 -502.41813899278645
-1161.3759389188886 -500.9771374583245
-1161.729013171494 -499.3754789948464
-1162.1943185594678 -497.501359474659
-1162.5839124587178 -496.1490831494332
-1162.2706845667958 -494.67649246454243
-1161.824904408753 -493.6013578295708
-1161.5347697404027 -492.1645279049874
-1161.383835029304 -491.42291094064717
-1161.7696267482638 -489.68635154962544
-1161.6961219128966 -488.10675026178365
-1161.7687158253789 -486.6331281781197
-1161.5936099109053 -485.64656890630727
-1161.3814194318652 -484.25448621511464
-1161.3689857017994 -482.4645043730736
-1161.3157561053335 -480.7071392655373
-1160.475289606005 -478.97714353799824
-1159.6919993390143 -477.7663979649544
-1158.9186445106566 -476.62433041334157
-1157.571401797682 -476.16451708674435
-1156.5738186468184 -475.7691943466664
-1154.79825826779 -475.589310464263
-1153.3477725614607 -475.1441335052252
-1151.780116044432 -474.56739818751817
-1150.580409490019 -473.9865887731314
-1149.5857066740095 -474.14283537566666
-1148.3145150770247 -474.12613594233994
-1147.1573329795897 -473.46786892116074
-1146.2008314956724 -472.1880351275206
-1144.8546973098814 -471.67757296264176
-1144.4599729408324 -470.3007423847914
-1143.0307769407332 -469.7892862528563
-1143.2642952729761 -467.90437173545365
-1142.804288380295 -466.73533868491654
-1142.1781753231585 -464.9153178900481
-1142.2951803435385 -463.45739459693436
-1142.6449426044524 -461.7884536951781
-1142.6888587851822 -459.85519551932816
-1142.250215985328 -458.112874981761
-1141.8385562975704 -456.29126500785355
-1141.5939625580609 -454.5527632206679
-1141.7254961659014 -453.4798279970885
-1141.4402015139162 -451.9380536049605
-1141.3622810100019 -450.26095974147324
-1141.0912939761579 -448.48780035674577
-1141.2253607665002 -447.01934134662156
-1141.6892005060613 -446.1798947423697
-1141.570575133413 -444.6186669439078
-1141.190279558748 -443.25358467996125
-1140.9926390503347 -441.77215999066834
-1139.9407243584096 -440.227555808425
-1138.7796606872976 -439.10462802350526
-1138.2738252733648 -437.82444470822816
-1136.98692475304 -436.4541390508414
-1135.5263233040273 -435.7962040275336
-1133.7379891727865 -435.63137855827813
-1132.7445765589177 -434.93248971998696
-1130.9608224485814 -434.2572713166476
-1129.3406876181066 -433.47628512680535
-1128.373458251804 -432.90995236933236
-1127.1466019009054 -432.2474472790957
-1125.9731426094472 -431.5594473153353
-1124.4433953617513 -430.9697863131762
-1123.7774029229581 -430.97844889462
-1122.5107620213926 -430.81773507297044
-1121.4250051234662 -430.14749544560914
-1120.6040203426778 -428.6965739101172
-1119.9138252590596 -427.16313308179383
-1119.0681197498739 -425.7447062104941
-1118.3052856181562 -424.22894471585755
-1117.8080246601999 -422.33407681882386
-1117.907938361615 -420.7355915874243
-1117.592226356715 -418.88961094319825
-1117.330476820916 -416.988675531745
-1117.9177054171264 -415.53213447034364
-1118.322129458636 -413.56435078084473
-1118.0311957602203 -412.1329686015845
-1117.7432222668826 -410.80945747792725
-1117.5670446906984 -409.02651208341126
-1117.7461769585311 -407.90915804803376
-1117.391609877795 -407.02685230672364
-1117.34192716375 -406.0663962334395
-1117.325268701166 -405.1824318736792
-1117.3892332915962 -403.52397018373017
-1117.6655059163272 -402.3680989116431
-1117.7179741342366 -401.01798218190675
-1117.6182970707118 -399.1753361791373
-1117.0830359761417 -397.7095141977072
-1116.3034005467593 -396.15030735433106
-1115.6413175170123 -395.33024137914185
-1114.4573966567218 -394.93155878484254
-1113.2586752478778 -393.5975999206305
-1112.119022399634 -393.0805466741324
-1111.0219189231098 -392.3921984404326
-1109.8978742663562 -392.1933687895537
-1108.6220865552127 -391.7423663705588
-1107.179589778632 -391.3240861564875
-1105.4364964072406 -391.82052299082284
-1104.4313319031894 -391.5492825776339
-1103.5266923610866 -391.54422398731117
-1101.9429816906154 -390.88217916414146
-1100.9624854032695 -391.13378312513237
-1099.7485103313625 -390.9080545686186
-1099.0099802915752 -390.5217610381544
-1097.9961682264507 -391.21406427845363
-1097.2851037685573 -390.6426368735731
-1096.0608566705882 -390.38562566861515
-1094.8399431411922 -390.638908752054
-1093.9955054228008 -390.49251256212597
-1093.145045608729 -390.41503682062034
-1092.234691888541 -390.6613495282829
-1091.337490350455 -390.2908096246422
-1090.352818042487 -390.698725604266
-1089.4819560353458 -390.27502348348503
-1087.8071567122638 -390.00009160563354
-1086.5453130309284 -390.1043466188014
-1085.2327571217716 -389.8352184154094
-1084.3393979375064 -389.5696368671954
-1083.4270657603442 -389.3860739924014
-1082.282563597411 -389.96763376966123
-1080.6618894641101 -389.69952689185743
-1079.3825458590686 -389.22665382996206
-1077.8478002850711 -389.1954572357238
-1076.9750008885562 -388.5794426955283
-1075.4481602017581 -387.21043630018835
-1074.6244641844928 -386.39508052244787
