-1159.27 -547.7
-1158.9014566135406 -545.7818289518357
-1159.2345009040832 -543.9803385257721
-1159.3354459297657 -542.059215259552
-1158.9275498878956 -540.4325569391251
-1158.9335229289532 -538.955920290947
-1158.600716729164 -536.9874902486802
-1158.3159632873535 -535.3178543567658
-1157.8905812394619 -534.050775718689
-1157.6862938892841 -532.2343503952027
-1157.6194603037834 -530.4186295986176
-1157.5889996778965 -528.4967129945755
-1157.6935719144344 -526.6424477815629
-1157.7379625034332 -524.7561629533768
-1157.353665162325 -523.1208208322525
-1157.0833712410927 -521.8094094514847
-1157.1696367454529 -520.2319374799729
-1157.5171245527267 -518.3555417776108
-1157.3123728227615 -517.4569473981858
-1157.2657686662674 -516.0608145713807
-1157.0352732431888 -514.8031088829041
-1156.763252336979 -513.4203440666199
-1156.7146083903313 -511.6887343645096
-1156.9249186110496 -509.7941461324692
-1156.5738717508316 -508.85776491165166
-1156.83227055192 -507.7258885622025
-1156.8133459579944 -505.9100595235825
-1157.0983130824566 -504.6597764015198
-1157.2770802420378 -502.9971413135529
-1157.2069771331549 -501.1734963178635
-1157.7054725331068 -499.86670250892644
-1156.9782149237394 -497.9043316364289
-1156.7261694413423 -496.2614326000214
-1156.6222503226995 -494.557504606247
-1155.5592502397299 -493.627271604538
-1155.1222910028696 -492.5330461978913
-1154.6693404954672 -490.7256936550141
-1154.0586262983084 -489.26814122200017
-1153.1465882104635 -487.53351564407353
-1151.8848027032614 -486.2759890079499
-1150.495696787238 -484.99943704605107
-1148.9615407031774 -484.2935538411141
-1147.5349164050817 -483.8821023523808
-1146.1586551707983 -482.9604098618031
-1144.5531635326147 -481.9617409527302
-1142.9080884498358 -481.0073784410954
-1141.2508697551489 -480.12605164647107
-1139.8694632095098 -479.3715902984143
-1139.191496912837 -478.6043841063977
-1138.253858987689 -478.4645289897919
-1137.1967563074827 -477.6076855182648
-1135.6272695702314 -477.9153784036637
-1133.9297961634397 -477.30911434888844
-1132.4517272156477 -476.760973584652
-1130.9918794077635 -476.7047157481313
-1129.0483669680357 -476.1787095263601
-1127.6991136711836 -476.06403114348655
-1126.2191743296385 -475.8515625491739
-1124.5272383135557 -475.332141686976
-1122.9847070616484 -475.2603692308069
-1121.364689771533 -475.0692050650716
-1120.4592933100462 -475.2832968875766
-1118.6056708735227 -475.1930924996734
-1116.8114673537016 -474.7963401123882
-1115.6746599119901 -473.81526816338305
-1114.1252216738462 -473.8421732231975
-1113.0736948889494 -472.31012309044604
-1112.1477839392423 -470.63411903828387
-1112.28333963871 -468.8111525818706
-1111.447895784378 -467.3453342959285
-1111.04255782485 -465.7283661410213
-1110.363960672617 -464.47873497456317
-1110.7678267848491 -462.7239456221462
-1110.363862235546 -461.23992670029406
-1110.4068182823062 -460.3093846485019
-1109.9958013412356 -459.403505627811
-1110.008049864769 -457.72554713934665
-1109.9247772586345 -456.07070261687045
-1109.723742787242 -454.60912174433474
-1109.456158105731 -452.7639322921634
-1109.6110428017378 -451.4177480384708
-1109.8760004681349 -449.9339864894748
-1110.1503491741419 -448.19555086344485
-1109.7557426732778 -447.20278829783206
-1110.015526060462 -445.7681046172977
-1109.53731865108 -444.80055171698336
-1109.6554626640677 -443.4248859331012
-1109.344324093759 -442.08070344179873
-1109.4394396063685 -440.1610810205341
-1109.1730828401446 -438.8457490846515
-1108.8836661693454 -437.12095553129916
-1109.1263988730311 -435.83483535498385
-1109.1833017584681 -434.2029042884708
-1108.959757682383 -433.04826695173983
-1108.656768437922 -431.41058165282016
-1108.8425963190198 -430.2190223380924
-1109.4257337120175 -428.38335425108676
-1109.1373632219434 -426.99602181166415
-1109.4226804342866 -425.77522832602267
-1109.7190359202027 -424.19429141730075
-1110.112147566378 -422.56570810526614
-1109.815516885817 -420.9082787677646
-1109.5804767426848 -420.03464091271167
-1109.6720825624466 -419.22541285008197
-1109.4335240912437 -417.5249706551433
-1109.5326433074474 -416.16319251507525
-1109.3402191889286 -415.4954430505634
-1109.15694357872 -414.0569605275989
-1108.6679846537113 -412.6309525415302
-1108.2421857905388 -411.8273565217853
-1108.159270402491 -410.58273166865115
-1108.3150817123055 -408.9080053016544
-1107.9443788197636 -407.4471828386188
-1106.8059504893422 -406.57479882687335
-1105.3865569499135 -405.4308303639293
-1103.8128319647908 -404.4397625371814
-1102.2695768740773 -403.45716220587497
-1101.244100060761 -402.52656335085635
-1100.0571123030782 -402.02171928137545
-1098.8758496907353 -401.0972005769611
-1096.999127831757 -401.0220276013017
-1095.8206677106023 -400.36931966692214
-1094.4094725516438 -400.23329540044074
-1093.7081096437573 -399.3393868401647
-1092.2369141843915 -398.85138731151824
-1090.7340129879117 -397.91718243509536
-1089.5885335472226 -397.56386779695754
-1087.9023983743787 -397.2436601117254
-1086.4520366457105 -397.50182201415305
-1084.5740580824017 -397.47886173129086
-1083.018387105763 -397.40319396257405
-1081.7101712492108 -396.8314402222634
-1080.2491479185223 -396.19404108524327
-1078.5635644462704 -395.376204264164
-1076.7083107498288 -395.0541787862778
-1075.6752691534161 -394.6200288653374
-1074.7166250017285 -393.194785130024
-1073.9160734084248 -391.8547452807427
-1073.5908472207188 -391.1354612231255
