-1159.27 -547.7
-1158.7842192542553 -545.9531538009644
-1159.149952698946 -544.2725136995316
-1158.375936795473 -542.4108689546586
-1157.0345995914936 -540.8797794103623
-1156.0241616261005 -539.5820317983628
-1155.5711010587215 -538.0529695272446
-1155.598703969717 -536.0954039812088
-1155.2818714869022 -534.3338559389115
-1155.3187013608217 -532.5450862169266
-1154.8821981292963 -530.7980561971665
-1154.240578327775 -529.3160844564438
-1153.5103969317674 -527.5142148256302
-1153.4344955277443 -525.8113140583039
-1153.333435703516 -523.944702577591
-1152.7203716528415 -522.7835230350495
-1152.2348191034794 -521.0224650621415
-1152.268996451497 -519.4050400972367
-1152.2620991063118 -517.566554260254
-1151.8302405667305 -515.8793146133423
-1152.0143633675575 -514.070687365532
-1151.9334848862886 -512.2740019083024
-1151.8938218843937 -510.82358534336095
-1151.7831467431783 -508.89324517250066
-1151.5667731505632 -508.05697352886204
-1151.393583033681 -506.2949689149857
-1151.208407883048 -504.4887502908707
-1151.5721554797888 -503.2866646766663
-1151.3172805052995 -501.5346581459046
-1150.9584181052446 -500.03482611179356
-1150.4757116776705 -498.23432667255406
-1149.4031389695406 -497.1407955408097
-1147.529095147252 -496.1249123334885
-1145.8376545649767 -495.15115149021153
-1143.9202210646868 -494.3716442108155
-1142.1649889689684 -494.24312326014046
-1140.776990030408 -493.6393901377917
-1139.3253137809038 -492.9568956762553
-1137.3953861933946 -492.33605268299584
-1135.6341243726015 -492.75463232100014
-1134.3014172059297 -492.46580356061463
-1132.5306149464845 -492.0013083785773
-1130.7591474992037 -491.61052077710633
-1128.9764028531313 -491.302473422885
-1127.2933284980058 -490.9461045235396
-1125.526686642766 -490.89275586307053
-1123.9207524996996 -490.8971494108439
-1122.7425158959627 -491.414690938592
-1121.2847007256746 -491.5230926841498
-1119.604473207593 -491.34443172514443
-1118.177403305173 -491.6790764302016
-1116.7587254983187 -491.22351371943955
-1115.0020974618196 -490.9316330522299
-1113.5841010552645 -491.5725299686194
-1112.397797320485 -491.63777121603493
-1110.785483573079 -491.25864040553574
-1108.9114663344621 -491.41623916924004
-1107.261334155202 -491.88755383789544
-1106.476286266446 -492.27874183356766
-1105.1734976512193 -492.0809682875872
-1103.7367958766222 -491.67361053526406
-1102.296916578412 -491.5164954334498
-1100.4397121411562 -491.1509866982699
-1098.8000709754228 -491.5115655332804
-1097.4993215543032 -491.8763182729483
-1095.6885565263033 -492.0562709540129
-1094.1369904023409 -491.34852093160157
-1092.4662292939424 -490.79182678163056
-1091.5184219819307 -490.5870129436255
-1090.0182424527407 -489.8706504672766
-1088.1862753373384 -488.98157363832
-1086.9729062062502 -488.4068211883307
-1085.652667735219 -487.621878322959
-1083.793114874959 -487.53025329560046
-1082.1895215255022 -487.55138555616145
-1081.23306617558 -487.03712997287516
-1079.9691142779589 -486.5545867130161
-1078.0900990706682 -486.18521443456416
-1076.6810810309648 -486.4204659804702
-1075.6293390733003 -485.9508683726192
-1074.1819904786348 -485.4764601632953
-1072.5133406859636 -485.34390016347174
-1070.900803540349 -484.88345374614005
-1069.592133257985 -485.0758285865188
-1068.5811822158098 -484.4592746838928
-1067.3713742238283 -483.89878502935176
-1065.967045519948 -483.11131421178584
-1065.4290100079775 -481.67596450895076
-1065.2102383118868 -480.9302029356361
-1063.935450885892 -479.49919841140513
-1063.0872592669725 -478.1213624224067
-1062.8125287038088 -477.29240891784434
-1062.1575346928835 -476.02691635936503
-1061.5326989632845 -474.99582800716166
-1061.4875878733396 -473.66179714053874
-1060.9777817171812 -471.91965076774363
-1061.0148675781488 -470.75528929084544
-1060.7625607293844 -468.78846595138316
-1060.6157863479852 -467.3203370317817
-1060.485491592884 -465.61570236533885
-1060.0643609058857 -464.3799643263221
-1059.6829252135753 -462.8887184605003
-1059.9754560184479 -461.1953305944801
-1060.0400688838959 -460.06897017806773
-1060.0842511472106 -459.1289949163795
-1059.9119593319297 -457.6107151255012
-1059.7823983547091 -455.9543211206794
-1060.3929630634188 -454.7654067024589
-1060.0809301552176 -453.25847647041087
-1060.3436963674426 -452.4756803259254
-1060.7320395228267 -451.4860336527229
-1060.2615634021163 -450.3355390772224
-1060.6647930559516 -448.99490043967967
-1060.3054567691684 -448.0638583645225
-1060.0920864757895 -446.2347877964378
-1060.355891418159 -444.9175824865699
-1060.3967777122557 -443.00639459937815
-1060.6778603126108 -441.339041684568
-1060.4238856066763 -440.1602240547538
-1060.9952410687506 -438.6038632139564
-1060.8325378973782 -437.1852626547218
-1060.7440216620266 -435.8900927051902
-1060.9887528051436 -434.5473721966148
-1060.8999942173064 -433.50672230571513
-1061.1288713742792 -431.78275749534373
-1061.32825066939 -430.8528009399772
-1061.0945390988886 -429.72986194938426
-1061.423436485678 -428.87413242906337
-1061.0670859445631 -427.5243809565902
-1060.944566719681 -426.3349678859115
-1060.7485523153841 -424.55031314939265
-1060.5515744020045 -423.05183628648524
-1060.7209594477713 -421.61031368821864
-1060.581392877251 -420.0651513680816
-1060.6901346300542 -418.95882299989466
-1060.7360292342305 -417.59511414617305
-1061.0906131830811 -416.07884327024226
-1060.5906516876817 -414.6663455113769
-1060.7842113938927 -413.19426265805964
-1061.0259937164187 -411.3401097401977
-1061.554123890102 -409.6951458796859
-1061.122514438331 -407.9310679778457
-1060.8063664850592 -406.9694757804275
