-1159.27 -547.7
-1159.3230024766922 -546.3623144149781
-1160.1039366912842 -545.3229763031006
-1160.3726774048805 -544.714786362648
-1161.176092762947 -543.5318263292313
-1161.3660047394037 -541.65771920681
-1161.2105998885631 -539.8563650369645
-1160.8747628223896 -538.1885588884354
-1160.1934935939312 -536.8121406555176
-1159.7195357573032 -535.4829412221909
-1159.3986983191967 -534.2126827955246
-1159.1919625145197 -532.4684698104859
-1158.5445295912027 -531.3545103788376
-1157.6557090622186 -529.7047541856766
-1156.987824473977 -527.8000983715058
-1156.4635435682535 -526.2290249586106
-1156.6161135178804 -524.4183626890183
-1156.5668774065375 -522.639935207367
-1156.040697556436 -521.1553711414338
-1155.860251751244 -519.5408479690552
-1155.8628413793444 -517.7164352655411
-1155.6771989879012 -516.6156237840653
-1155.7866926160455 -514.8213175058365
-1155.6013734009862 -513.079148721695
-1156.2063125637173 -511.87287456989293
-1156.0104190078378 -511.1686109423638
-1156.4016958740353 -509.9702051997185
-1156.072565999329 -508.5792418837548
-1155.4207999971509 -507.31209303140645
-1155.5088912513852 -505.7968106389046
-1154.7589549091458 -504.96155382394795
-1154.1170797017217 -503.45127846002583
-1154.396555033028 -501.8107566952706
-1153.3906662133336 -500.4234274744988
-1153.4254722860455 -498.9246560454369
-1153.0758183565736 -497.48725355863576
-1152.341596302092 -495.9076985239983
-1152.663640525639 -494.34594990015034
-1152.1141786840558 -493.2290655493737
-1151.4892468717694 -491.39145447015767
-1150.9524680641293 -490.10920859575276
-1151.0596709516644 -488.3487788558007
-1150.1557692554593 -487.3486474871636
-1148.9328528907895 -486.55038322210316
-1148.0705472496152 -484.96683706045155
-1146.6183053520322 -484.89314879179005
-1144.9966856506467 -483.73580456972127
-1143.4407605198026 -483.164291214943
-1142.3643273380399 -482.2696535110474
-1140.843795326054 -482.31725756526
-1139.0604918268323 -482.19021397531037
-1137.5716824796796 -481.82804679572587
-1135.8496766355634 -481.5937713056803
-1134.9807381895184 -481.6282184541226
-1134.0157962110638 -481.6642119407654
-1132.2406503227353 -481.23446257114415
-1130.993195798695 -480.4787114977837
-1129.10183503896 -480.0954203128815
-1128.0423329141736 -479.5770868182183
-1126.9104337957501 -479.39643709063535
-1125.8532136943936 -479.7417868793011
-1124.5544891622662 -479.2156128108502
-1122.7920892503857 -479.52712981104855
-1121.6055621173978 -480.0760850131512
-1120.6535066631436 -480.1282140247524
-1118.933592107594 -480.55638080164795
-1117.107864883244 -480.7208916328848
-1115.6177230146527 -480.467149116844
-1114.791728284657 -479.4952065132559
-1113.7433222797513 -479.2246773026884
-1112.8432024982571 -478.64681432470684
-1111.1251026657224 -478.0274420164526
-1110.2950682905316 -477.09008423313503
-1109.6361605790257 -476.43936828598385
-1108.1402811673283 -475.5261083029211
-1107.4734805491566 -474.1887348078192
-1107.0791115131974 -473.5388603590429
-1106.395782109797 -471.8795643232763
-1105.7637150254845 -470.41713217720394
-1105.0355308023095 -468.77368215546016
-1104.885454338491 -468.00817708000545
-1104.6920784828067 -467.13673988804226
-1104.7153454986214 -466.2483697317541
-1104.0052584972977 -464.9300159595907
-1103.97642638579 -463.58359352573757
-1104.107611798197 -462.3962346695364
-1103.6612628628313 -461.004350104183
-1103.8327466328442 -460.093324341625
-1103.2082247813046 -458.5322927616537
-1103.181257635802 -457.4898308895529
-1102.9910909090936 -455.61479250416164
-1102.772724211663 -453.75744811519985
-1103.3533977870643 -452.54536763653164
-1102.898639858216 -451.73641756996517
-1103.3551555280387 -450.5429962061346
-1102.7639698390662 -448.94019536003475
-1102.9220978026092 -448.00018767341976
-1102.5170916323364 -446.1263475798071
-1103.1561492685973 -444.90758184418087
-1102.981831253022 -443.11214474663143
-1103.436781913489 -441.7992333553732
-1103.3827484813332 -440.49853114113216
-1103.0526870158315 -439.3364726684988
-1102.8450103667378 -438.47995821461086
-1102.9349761721492 -437.4500388287008
-1103.3259202358126 -436.1060816429556
-1102.7786854025721 -434.3981854103506
-1102.800043080449 -432.94497767910366
-1103.2150147598982 -432.0356228731573
-1103.3445202600956 -430.5769375942648
-1103.9449154627323 -429.2849569700659
-1104.2459312570095 -428.2141750238836
-1104.1904542189836 -426.37645391449337
-1104.6471108835935 -424.7771418474615
-1103.955653731227 -423.4336620949209
-1103.395799998641 -422.1902737997473
-1103.2055083554983 -421.1134217165411
-1103.0273818713426 -419.20532969459896
-1103.3400518637895 -418.4268594168127
-1103.4546149265766 -417.21105245575313
-1103.369220186472 -415.74050454124813
-1103.7860462856293 -414.20592311844234
-1103.3033740711212 -412.88070706352596
-1102.795375187397 -411.67502919659023
-1102.2952711772919 -410.22822324261074
-1101.9949878048897 -408.86589995846157
-1102.1342144203186 -407.57549170479183
-1101.4420735430717 -406.19429198727016
-1100.3337167096138 -404.8811883114279
-1098.9599655461311 -403.61754540428524
-1097.778296906948 -402.2145803354681
-1096.244000632763 -401.4098183892668
-1095.266961414814 -400.6736536405981
-1094.2357372832298 -399.5636818788946
-1092.9650976252556 -398.9939224503935
-1091.7314800810814 -398.14754585251217
-1090.9275152277946 -397.5378830812872
-1089.9222091031074 -397.46389089599256
-1088.48306091547 -397.58989480212335
-1087.298705894947 -397.6974851943553
-1086.2936956477165 -397.498041228205
-1084.7087869238853 -396.9020287550986
-1083.8885861825943 -396.4076988257468
-1082.4934601974487 -395.6186811484397
-1081.2178459358215 -395.7484221465886
-1079.7861707401275 -395.57265836074953
-1078.46258582592 -395.8649392731488
-1076.9749561738968 -395.40335109904413
-1075.2045880746841 -395.3404392533005
-1073.434215683937 -395.21585980877285
-1071.7618222427368 -394.6711576364935
