-1192.22 -440.36
-1193.3173047018051 -438.7026859378815
-1193.87793299675 -437.77503655910493
-1194.622463555336 -437.2207558608055
-1195.4728291344643 -436.57617883443834
-1195.7697444868088 -434.8995845770836
-1196.8915544462204 -433.68863980531694
-1197.9381528806687 -432.2263300871849
-1198.6448007535935 -430.6458574986458
-1198.715428070426 -428.7037495827675
-1199.3091655534506 -427.112682864666
-1199.4332458239794 -425.2355517601967
-1200.0659212332964 -424.29230146169664
-1200.2319202584029 -422.914214656353
-1200.7457833451033 -421.38002745866777
-1201.2811277669668 -420.00329022169115
-1201.7131672662497 -418.8501093840599
-1202.212117241025 -417.4122196888924
-1201.5749650460482 -415.57951800584794
-1201.705854640603 -414.08729736566545
-1202.123099551797 -413.1955001807213
-1202.6844420892 -412.19420687913896
-1202.6670516741276 -411.6209474658966
-1202.9360602211952 -409.9008312082291
-1203.3309295487404 -408.3137447690964
-1203.0659581434727 -406.40192459583284
-1202.9161322128773 -405.110932097435
-1203.2174244832993 -403.2295238828659
-1203.350942851305 -401.8232219076157
-1202.8071073305607 -400.02255259513856
-1202.9305543911457 -398.9846296167374
-1203.0877833676338 -397.10880039691926
-1203.5215694618225 -395.3713546848297
-1203.3941987764836 -394.1317483043671
-1203.3116528850794 -393.46983937978746
-1203.8373386722803 -392.47957186460496
-1202.9279706341028 -390.7787371134758
-1203.24770639956 -389.3230257487297
-1203.2460403603316 -387.79849045038225
-1202.871028379798 -386.1073675608635
-1203.5180694025755 -384.20698766469957
-1203.1959132117033 -382.3997023558617
-1203.0282274347544 -380.86093573331834
-1203.3955834668875 -379.46519963502885
-1203.352356479764 -378.2606240963936
-1203.4969519388676 -376.42319469213487
-1203.0823028695584 -374.8796482539177
-1203.0907343488932 -373.9223150467873
-1203.1487228286267 -372.15072600603105
-1203.4654245388508 -370.52482108831407
-1204.0124989163876 -368.7324084496498
-1203.7786058795452 -367.0601147866249
-1203.5880941164494 -365.40882234334947
-1203.8506026279927 -363.862397954464
-1204.0766062003374 -363.2386583542824
-1204.3879485589266 -361.65576605558397
-1204.056260035634 -359.9498399949074
-1203.981013880372 -358.74176065683366
-1204.3766871851683 -356.8099862790108
-1204.3198948216439 -355.56879048109056
-1204.653342218399 -353.7928393340111
-1204.3204350185395 -352.2840683913231
-1203.6294814062119 -350.6201323723793
-1203.3649937224388 -349.27076689958574
-1203.4541878265143 -347.44065193891527
-1203.787257270217 -345.5987019991875
-1203.7874245357514 -343.89074139356615
-1203.2916431736946 -342.1962517952919
-1203.77921459198 -341.4427869772911
-1204.2166277480126 -339.8333379483223
-1204.3724164378643 -338.7777481532097
-1204.5471634578705 -337.6573700165749
-1204.3688103419543 -335.7911098456383
-1204.5034293991328 -334.56970779657365
-1204.1178091925383 -333.5886016345024
-1203.866933093667 -332.6143447613716
-1204.21935503304 -331.0627459740639
-1204.172483996749 -329.4226376271248
-1203.8337905567885 -327.6994704461098
-1203.900532231927 -326.0979203438759
-1204.0094132882357 -325.6324594473839
-1204.1073599916697 -324.17249421834947
-1202.8148225408793 -322.98102645635606
-1202.687185869813 -321.9473392224312
-1201.3939990860224 -320.7959403252602
-1200.579276726842 -320.16748772621156
-1200.2234242719412 -318.89749895095827
-1199.8273393672705 -318.1036110377312
-1199.7072402995825 -316.8352383828163
-1198.2139181655646 -316.2801487898827
-1197.622675256133 -315.39263515233995
-1196.4126197856665 -315.6212929940224
-1195.9104113143683 -314.56652037858964
-1194.5099088710547 -313.8353960967064
-1193.835421101451 -313.4247367537022
-1193.0649759930373 -313.6764320588112
-1191.471885816455 -313.1187313055992
-1190.6008290213347 -313.43201498746873
-1190.0501558345557 -313.49949348777534
-1188.7184917491675 -313.74451495021583
-1187.9869516056776 -313.7398474222422
-1187.4205946487189 -313.2853495782614
-1186.3790090841055 -313.1290020054579
-1185.7299880546332 -313.219529748559
-1185.1223782461882 -312.717307985425
-1184.3811806601286 -312.48715582549573
-1182.805946008563 -311.83803489863874
-1182.200603441596 -311.72997801065446
-1180.56402833879 -311.44006137609483
-1179.4534049791098 -311.311351672411
-1178.5859859746695 -311.745482609272
-1177.9373079103232 -312.3126120424271
-1177.1908875268698 -312.5183426296711
-1176.5068323773146 -312.1753528273106
-1175.489540593028 -311.71216704010965
-1174.710497455001 -311.5976583516598
-1174.160310522914 -311.11830698013307
-1173.5833143752814 -310.88337327599527
-1172.1250823301077 -311.31975568890573
-1171.325825290084 -310.717819467783
-1170.11960180223 -310.12288583874704
-1169.500569538474 -310.1522503501177
-1168.6132133764029 -309.78380319535734
-1167.9620997470618 -309.2422361081839
-1167.4521228832007 -309.41366952717306
-1166.2832470697165 -308.87241345703603
-1165.5567637246847 -308.23235994637014
-1165.089820639491 -308.71637582838537
-1164.0616231125593 -309.09572306334974
-1163.2295096081496 -309.078317437917
-1161.4757280510664 -308.5740441425145
-1160.0548732441664 -308.882589314729
-1159.3636711400748 -308.5129194302857
-1158.6608446401358 -308.7828205867112
-1158.0278580349684 -308.40072411730887
-1157.5036571782828 -308.7937151236832
-1156.732315377593 -308.8361800803244
-1156.2511423391104 -308.5127503170073
-1155.2535181802511 -307.94324242010714
-1154.037185267806 -307.28549389973284
-1153.4695053857565 -306.4458244933188
-1152.7885225576163 -305.9062418831885
-1151.525346235633 -305.42912783160807
-1151.015308932662 -304.52685328260065
-1151.1364104610682 -303.0119016958773
-1150.937525497079 -302.46511789098383
-1150.6161205929518 -301.0058621956408
-1150.4297004055977 -300.2517828537524
-1150.4065851432085 -299.08089836373927
-1150.468582392931 -297.68823142781855
-1150.4707522404194 -296.04121180310847
-1150.7731857013703 -294.59752162232996
-1151.1156125974655 -293.75738658443095
-1150.8379350316525 -292.1518861247599
-1151.1147763442993 -290.88928844466807
-1150.6178751301766 -289.249372382313
-1151.0593832147122 -287.62728561893107
-1150.6676993978024 -286.22687377467753
-1150.9765139830113 -285.24388029113413
-1151.077508122921 -284.20089747443797
-1150.8200155806542 -282.4298430873454
-1150.8756311249733 -280.9802055551112
-1150.8831650477648 -280.321648914963
-1150.6169184011221 -279.4020787073672
-1150.9785181444884 -277.7337723566592
-1150.8523274075985 -276.64136667981745
-1150.3120498669148 -275.5924819304049
-1150.7436493647099 -273.7969351603091
-1151.2334898722172 -272.789625723511
-1150.9822023522854 -271.7813531948626
-1151.1843499553204 -270.72806640401484
-1151.3807283353806 -268.81383021607996
-1151.505378932953 -268.1978507234156
-1151.0264488172531 -266.8942909432948
-1151.2209793043137 -265.9423218561709
-1151.456787647009 -264.615362007767
-1150.8173338782788 -262.84656818643214
-1151.0570486348868 -261.5642747475207
-1151.4453369838 -259.7453310085833
-1151.3126810204983 -258.36501343980433
-1151.210924909711 -256.6844977928698
-1151.4715196949244 -254.963596303612
-1151.2896962028742 -253.65075250402094
-1151.0075809818507 -253.10926826730372
-1151.3823418480158 -251.47698207631709
-1151.393467680812 -249.55517788663508
-1151.0825950068236 -248.63913675084711
-1151.0557961773873 -247.69740803971888
-1150.7675697517395 -246.77772976890208
-1151.2476412665844 -245.2852534247935
-1150.5926683557034 -243.81949653163554
-1150.940822364092 -242.52251221671702
-1150.6341847193241 -241.39761151805521
-1150.0504747641087 -240.60303076043726
-1149.736581773758 -239.22728117242457
-1149.8569099318981 -238.01804228559138
-1150.0591343653202 -237.04856290355326
-1150.079464854002 -235.74286009803416
-1149.8579165649414 -233.98343815341593
-1149.453783453703 -232.87852229610087
-1148.799358190298 -231.83641721740366
-1149.0816582155228 -230.24200024142863
-1148.5334618997574 -228.9877428008616
-1148.8028385949135 -227.73360671535136
-1148.5478231620789 -226.20939435496928
-1148.1547756505013 -224.43378653064372
-1147.929448054433 -222.87255229488017
-1147.9948940736056 -221.3137928439677
-1147.8604540836811 -220.0907051755488
-1147.9288711410761 -218.733436126858
-1147.5898588758707 -217.83436330094935
-1147.7020979386568 -216.25963540807368
-1148.2262647014857 -214.7165556742251
-1148.166268297732 -214.04917003646494
-1147.8456782785058 -213.38335259690882
-1147.205185481608 -212.41288151279093
-1147.374670931399 -211.17027642264964
-1147.4020524856448 -210.3929912044108
-1147.765155696571 -209.5626508189738
-1147.9862658020854 -207.62259544864298
-1147.3883795377612 -206.06455411449076
-1147.1499764558673 -204.70487370029093
-1147.8582790133357 -203.06333090797068
-1147.9250631418824 -201.2149887277186
-1147.676270582974 -199.5711136056483
-1147.3481456425786 -198.0256416989863
-1147.103672900498 -196.8680124475062
-1147.4835679021478 -195.9238099052012
-1147.639391401112 -195.16003729835154
-1147.5409541738034 -194.3703088952601
-1147.8190722179413 -192.55662681594492
-1147.3763034057617 -190.80861176982523
-1148.0098864746094 -190.08683921828867
-1147.7805269521475 -189.41602226033808
-1147.88725435853 -187.94823117986323
-1147.2798743855953 -186.9897868229449
-1147.4982847583294 -186.37806429401041
-1147.192839921713 -184.9373164369166
-1146.9768798959255 -184.2570523811877
-1147.6183641564846 -183.19829829469325
-1148.0007594835758 -182.37651856675745
-1148.1533330094815 -181.29559655919672
-1147.5972762715817 -180.26549382939936
-1147.7415057134629 -179.59327228799464
-1147.629720376134 -177.91167815461756
-1146.9033278685808 -176.90149780049921
-1146.889071495533 -175.2236311031878
-1147.528639228344 -173.53823586240412
-1147.2982872140408 -172.24853976503016
-1147.5578517329693 -170.7935615374148
-1147.7159260821343 -169.45540364518763
-1146.942704410553 -167.90551741853358
-1146.1609396648407 -166.2622488333285
-1146.2560832810402 -165.4033388091624
-1146.0867501211167 -163.94247855678202
-1145.1810081911087 -162.60711874499918
-1143.804037065506 -161.5264746142924
-1142.0487754058838 -161.58486034408213
-1140.3903958511353 -160.83310117259623
-1139.2918630552292 -160.25684108272196
-1138.8077897143364 -159.46550865903498
-1138.129699499607 -159.56908142253758
-1137.4492667031288 -159.5906316383183
-1136.76936170578 -159.87896824315192
-1135.7830773305893 -159.54321438506247
-1134.0430015039444 -159.5621801583469
-1132.9345674228668 -160.0545777051151
-1131.89897939682 -160.08050934657456
-1131.1964818549156 -159.77435229405762
-1129.5276681494713 -159.48805688008667
-1128.2592882227898 -158.86980120524765
-1127.5585159373284 -158.6716133324802
-1126.6775702548027 -158.35287168309094
-1126.0911788058281 -158.85194837734105
-1125.4620400977135 -159.03803011462094
-1123.9209565234185 -158.46935578867794
-1122.5643168997765 -158.40747392609717
-1121.3805822443962 -158.56382564142348
-1120.15338316679 -158.7619162543118
-1119.1447034192086 -159.3922146303952
-1118.4729429793358 -159.59959336057307
-1117.7895034265518 -159.2063759161532
-1117.327906639576 -158.93317224517466
-1116.1449559044838 -158.1858077837527
-1114.6000597786904 -158.27116463020445
-1113.475973637104 -158.77903053596617
-1112.66297093153 -158.35917455390097
-1110.8048678946495 -157.78869617417456
-1109.6336433005333 -157.81247588679196
-1108.0841306757927 -157.19847365900876
-1106.839587123394 -157.45172387048603
-1105.5841238808632 -157.52962165758015
-1104.7508017134667 -157.65842611774804
-1103.7878234696389 -157.92519218906762
-1102.0409715485573 -158.65976269230248
-1101.2072270226479 -158.98011417374016
-1099.842681081295 -159.3710918544233
