-1192.22 -440.36
-1193.3312186908722 -440.1183099156618
-1194.8441632699967 -439.91437533557416
-1196.378858180046 -439.1728700107336
-1197.0066047620774 -438.5052044695616
-1198.344725341797 -438.30697366654874
-1199.013501317501 -437.3042121833563
-1199.8849829149246 -436.74560782372953
-1199.4493790876866 -435.2742652601004
-1199.4359606516362 -434.6312569087744
-1200.2672554266453 -433.7082712954283
-1200.0696232628823 -432.64678576648237
-1199.7317127597332 -431.6953329151869
-1199.6025151622296 -430.68562379539014
-1199.3856633615494 -429.18778577506544
-1199.2051878583432 -427.6941700285673
-1199.1394087386132 -425.8709271258116
-1199.5973114979267 -424.2403290575743
-1200.2790673983097 -422.93043497264387
-1199.880148382187 -421.53843203246595
-1199.8415621829033 -420.2165936535597
-1200.8294508767128 -419.11916747748853
-1201.1573992085457 -418.5515717571974
-1201.0190688532591 -417.3647092884779
-1200.7133237880469 -416.758112103343
-1200.2801962059737 -415.01640668570997
-1200.017994300723 -413.8442383116484
-1199.7096704405546 -412.9334644383192
-1200.1776980918646 -411.49882748782636
-1200.027578727603 -410.27581289470197
-1199.780503229499 -409.62203517615796
-1199.5534049135447 -408.1995014256239
-1199.9074799877405 -406.3266750878096
-1199.7841578286886 -405.742555231452
-1199.9423235666752 -404.9880361264944
-1200.318325431347 -403.83576485574247
-1200.122899891138 -402.5885390943289
-1200.6237883579731 -400.8262898629904
-1201.4700984370709 -399.16417047441007
-1201.5274438199401 -398.21929910838605
-1201.703270443976 -396.7408207958937
-1201.442927249968 -395.53298786342145
-1200.8959703531862 -394.07946839988233
-1201.0272350993753 -392.94071188628675
-1201.3124092903734 -391.8325547283888
-1200.7645011034608 -390.26309934318067
-1200.934761056006 -389.00234475791456
-1200.8464908388257 -387.5217157906294
-1200.6544425871969 -386.68171516120435
-1200.285332122147 -385.7822371429205
-1201.2822533038259 -385.09859141767026
-1201.2551907387376 -384.46157166421415
-1200.8718721356988 -383.83578786313535
-1201.2995729532838 -382.79613003194333
-1201.003649213612 -381.9591048663855
-1201.0320160326362 -380.4891429847479
-1201.7426000770927 -379.6568870252371
-1201.388741159141 -379.056054443717
-1201.1414056357742 -378.29926410377027
-1200.8617282149196 -376.65408375918867
-1200.9356679406762 -375.7558214968443
-1200.9811871287227 -374.4363558596373
-1201.4585079190135 -373.7950096434355
-1201.2703776147962 -372.9506532853842
-1200.897470304072 -371.9262587732077
-1201.2967892673612 -370.23136517465116
-1200.7592847135663 -369.58021989524366
-1200.4205995586515 -368.0968338555098
-1200.4652237084508 -366.98914864718915
-1200.552771487534 -365.61901655852796
-1200.2380275514722 -363.90917435348035
-1200.5737010028959 -363.1011405295134
-1200.2097463694215 -361.66812637507917
-1200.126151868403 -360.7606746262312
-1201.0196692433954 -359.0413440769911
-1201.5757038083673 -357.42026344001295
-1201.0227984276414 -356.51608130395414
-1201.3593764391542 -355.1830659812689
-1201.4279795226455 -353.7020381397009
-1200.9308897194267 -352.25126943051816
-1200.4415678617358 -351.0844514077902
-1200.6631569501758 -349.5694082683325
-1201.3672064182163 -348.31768402516843
-1201.7220170733333 -347.7615192240477
-1201.6433501255513 -346.4284334486723
-1202.1189907801152 -345.0825583046675
-1201.8961254221201 -343.3936287468672
-1201.5292648535967 -341.6475451296568
-1201.2423267227412 -340.3985607928038
-1200.7807855170965 -339.1170403069258
-1200.6707046043873 -338.3596190518141
-1200.3705122482777 -337.1714045113325
-1200.627879024744 -335.59084478080274
-1200.8616757255793 -334.68217364013196
-1200.9620935481787 -333.53419712245466
-1200.6944555801153 -332.1754420107603
-1200.5805517446995 -330.8289897745848
-1200.3127713811398 -329.6689688271284
-1200.117177964449 -328.3119180506468
-1200.1446415495873 -326.9318950480223
-1200.350791336298 -325.54581549823286
-1200.643328369856 -324.45644167125226
-1201.580802859068 -322.659030944705
-1201.8532655251026 -321.7663756912947
-1201.2369325172901 -320.8390807813406
-1200.8733003151417 -320.3351612991095
-1200.7904473108053 -319.43917891442777
-1201.3197591465712 -317.7755806154013
-1201.0739407253266 -316.3481734699011
-1200.9618950796128 -315.02574619710447
-1200.6313810062409 -314.43288794219495
-1200.232627363205 -313.6472007340193
-1200.445548505783 -312.5167516773939
-1200.472882540226 -311.8225646919012
-1200.673637957573 -310.38994953095914
-1201.5852725815773 -308.5973703569174
-1201.305722386837 -307.35109362065793
-1201.6514166903496 -306.3284129804373
-1201.3629540514946 -305.02657362878324
-1200.9774444115162 -304.2196498221159
-1200.5205723655224 -302.9617975062132
-1200.8837412011624 -301.80532768428327
-1201.295787395239 -300.2904155558348
-1201.9654808652401 -299.08025088965894
-1201.6284438979626 -297.8751845663786
-1201.6260764014721 -297.00043597877027
-1201.3896235388518 -295.321076900363
-1202.1029355686903 -293.8290685719252
-1201.6769977372885 -293.21704325139524
-1201.2828169625998 -291.8150880044699
-1201.0576268297434 -291.021619707942
-1201.4751265507937 -289.37381628215314
-1201.9569504123926 -288.4800635880232
-1201.4110749226809 -287.3773707455397
-1201.298362852335 -285.95126715362073
-1201.161687375307 -285.2886386817694
-1201.9428894531727 -284.7166370457411
-1202.5069491875172 -283.3686201876402
-1201.8413720738888 -282.4541706746817
-1201.7627492633462 -281.16684135854246
-1201.9367868241668 -279.9675664609671
-1202.1841121402383 -278.794778675437
-1201.8668541994691 -278.1648093169928
-1201.4780655291677 -277.3802144831419
-1201.5720994856954 -275.6436226671934
-1201.8983280447126 -274.76862147510053
-1201.3876762774587 -273.0174079245329
-1201.0393541243673 -271.19855395019056
-1201.2282182362676 -269.6969098156691
-1201.1761223611236 -268.65642729461194
-1200.6166713771224 -267.8725483721495
-1200.7456659463048 -266.52616325080396
-1201.3037497785688 -265.0039531296492
-1201.372011141181 -263.51911512076856
-1202.0809834164381 -262.51733210742475
-1202.6658401054144 -261.746028572917
-1202.4468403321505 -260.95090976417066
-1202.1714025300741 -260.01207378566266
-1202.9101465505362 -259.06966009795667
-1203.137642340064 -257.31357255637647
-1202.9321577858925 -256.5958212918043
-1202.5289129626751 -254.8660375183821
-1203.0549748551846 -253.6399357622862
-1202.9717981678248 -252.0017477577925
-1202.8646185708046 -250.90269020259382
-1202.6179971408844 -249.68590417563917
-1202.0009209227562 -248.55414000213148
-1201.379489929676 -247.98146924436094
-1201.4296482142806 -247.0607371634245
-1201.784286135137 -246.60718980491163
-1202.1695227560401 -245.86235264003278
-1201.6670591768623 -244.8448794192076
-1201.3410336014629 -244.11471918284894
-1201.3420660284162 -242.4410205191374
-1201.3461049881578 -241.44800910413267
-1201.1615524974466 -240.74493011891843
-1200.6479024377466 -239.91805276334287
-1201.1902473655343 -238.03852281033994
-1201.2946709108353 -236.30053910672666
-1200.8122740995884 -234.57248982846738
-1200.6976590913534 -233.41800829827787
-1200.223887578845 -232.71705362260343
-1199.8700342339278 -231.45236286580564
-1200.8161783379317 -230.57517656743528
-1200.6562480938435 -229.53839573323728
-1200.179131628275 -227.7175945943594
-1200.417824150324 -227.2149486845732
-1200.0768579852581 -226.0056755846739
-1199.4718368661404 -225.03164973914625
-1199.3595300775767 -224.37782153546812
-1199.0990156394244 -223.76777353942396
-1199.5167744320631 -223.2420328563452
-1198.992126838565 -222.24392178714277
-1198.1768451493979 -221.25685718715192
-1197.1701958936453 -219.5642180746794
-1196.8759291630984 -218.9178584522009
-1196.1347061258555 -217.8068029588461
-1195.7198875409365 -217.55071282446386
-1194.2762201291323 -217.21357351601125
-1193.369724856019 -216.45546644985677
-1191.7133750778437 -216.0890637344122
-1190.3504074674845 -215.81207636058332
-1189.1629364353419 -215.94219005167486
-1187.4542491298914 -215.49370122015478
-1186.6235011678934 -215.40581819474698
-1185.8049996954203 -215.45583728015424
-1184.9875767093897 -215.98999276816846
-1184.2773084503413 -215.78386274039747
-1183.102168546319 -215.67226149201394
-1181.33590577662 -215.86020061433317
-1179.6262311798334 -215.51499357879163
-1178.2384893757105 -215.55945180416109
-1177.0681980711222 -215.65127782583238
-1175.4877095085383 -215.11065779685975
-1174.6256371599436 -214.79164569139482
-1173.688661800027 -214.49699072599412
-1172.0480217796564 -214.8523252463341
-1170.6966581207514 -214.59866802453996
-1170.0483808380366 -214.54381503969432
-1169.2658697229624 -214.52281379759313
-1168.4158685666323 -214.07401874721052
-1167.7918082338572 -213.47116532981397
-1166.1492417913676 -213.8223316973448
-1164.4044576746226 -214.07114629507066
-1163.2636551719904 -213.5853538966179
-1161.9382684093714 -213.27448071599008
-1160.176690326333 -213.8151662504673
-1159.545110808015 -213.64290781378747
-1158.0839067560435 -213.11189909338952
-1157.3478348118067 -212.81378354191781
-1156.8362433177233 -211.24720014691354
-1156.0263979297877 -210.66205693840982
-1155.4673613768816 -209.77396883130075
-1154.7955719691515 -209.2720566546917
-1153.9333773118258 -209.19360770344736
-1152.967285321355 -208.52882207989694
-1152.1129322510958 -207.6462341105938
-1151.2219383579493 -207.17523367762567
-1150.3614500623942 -206.74386055827142
-1148.4596897226572 -205.8858788764477
-1147.0157149893046 -205.41466157197954
-1145.5700305563212 -204.66745398998262
-1144.6641840797663 -203.50201891422273
-1143.9431255322695 -203.0387565946579
-1143.8278339666128 -202.00884424209596
-1143.201873497367 -201.60372506141664
-1142.35094137609 -200.33834658622743
-1142.7888806027174 -198.9272266483307
-1142.2455270451308 -197.90848051071168
-1141.9026484650374 -196.88383637428285
-1142.2481072705984 -196.2731150841713
-1141.7515702408552 -194.87422113180162
-1141.441464946866 -194.2236127114296
-1140.5650458794833 -193.00550799131395
-1139.429742859006 -191.86771588087083
-1138.9129950267077 -190.17713193655015
-1138.3593457204104 -189.40597884416582
-1136.7571063500643 -188.93537251710893
-1135.8608187896014 -188.24243007659913
-1134.7737881404162 -188.06919825136663
-1134.3133486372233 -188.36664635002614
-1132.5780491691828 -188.58531452775003
-1130.9673367601633 -188.71915051400663
-1129.7422312361002 -187.9953640407324
-1127.9936629396677 -188.1986739343405
-1126.1474546056986 -188.40871936142446
-1124.7295353275538 -187.77497679054738
-1124.1356365543604 -187.6612128174305
-1122.5656262499094 -187.28631444334985
-1121.4747749429941 -186.62054176688196
-1119.8124960523844 -186.60101333133878
-1118.8414497834444 -187.2608574318141
-1117.6426728230715 -187.31875583402814
-1116.960921869874 -187.70204481355847
-1116.3164905768633 -187.15340825788678
-1114.6584021311999 -187.72354975216092
-1113.4485578995943 -188.12570920459927
-1112.6543270808459 -187.7153748559207
-1110.9900956612826 -188.07600661985578
-1109.5577828150988 -187.50934329502286
-1108.629914150834 -187.14248028270902
-1107.2899734836817 -187.03303752712907
-1105.8887638908625 -187.075134492144
-1104.6977935892344 -187.11899514369668
-1102.8802009683848 -187.27757187061013
-1101.7971036297083 -187.03892974428834
-1101.007201538682 -186.74413393311204
-1099.3203086715937 -186.76072657167913
