-1192.22 -440.36
-1193.0287793588639 -439.51663248300554
-1193.8387111139298 -438.40447501897813
-1194.9452861261368 -437.6019586181641
-1195.9586847734452 -437.6694093501568
-1197.2257584047318 -436.01989753603937
-1197.70488342762 -435.22047914624216
-1197.6609655332566 -433.75046505093576
-1197.6523271214962 -432.76129056572915
-1197.9858707201481 -431.8497946417332
-1198.370107562542 -430.54623712658884
-1198.3671421420574 -429.34107555508615
-1198.0238373291493 -427.4419652378559
-1197.6056747746468 -426.1345249569416
-1198.3959791374207 -424.860424772501
-1198.2393338990212 -423.1003043806553
-1198.1635601830483 -421.31374074578287
-1198.1245891165734 -419.4457705175877
-1198.6092641663552 -418.20517601132394
-1198.4597601008415 -416.8271465456486
-1198.5521157544852 -415.3102791464329
-1198.6121588808298 -413.54374624848367
-1198.69555616498 -411.9386226093769
-1198.4755806040764 -410.44040097355844
-1198.5166991961003 -408.8865932381153
-1198.4626276654005 -407.34420587182046
-1198.7114381206036 -406.076945797205
-1199.1621570301056 -404.2335734522343
-1198.728961558342 -403.4596667444706
-1198.427594126463 -401.7257790720463
-1198.217164517641 -399.77841474175455
-1197.9610463988781 -399.0236556684971
-1198.3355207157135 -397.8105187571049
-1198.070698620081 -397.18505890727045
-1198.4969221067429 -395.6111294782162
-1198.6210206013918 -394.59770675063135
-1199.0725236099959 -392.7890076196194
-1198.5335754913092 -391.2177797114849
-1198.4140777152777 -389.917391256094
-1198.1655791264773 -388.0632786309719
-1197.8236890000105 -386.20432443976404
-1197.5785363775492 -384.55167718291284
-1197.7817237687111 -382.9540187871456
-1197.8269845855236 -382.13418419718744
-1198.0978640329838 -380.9765815293789
-1198.4311551463604 -379.1471660888195
-1198.7232867193222 -377.5290159738064
-1199.0942797374726 -375.66477902293207
-1198.7811563324929 -373.73458083033563
-1198.9586427670718 -372.69749768137933
-1199.5836010438204 -370.8399642264843
-1199.3930988025666 -369.20968063235284
-1199.6132105600834 -367.7339479482174
-1199.0361722123623 -367.02265496611597
-1198.9673874986172 -365.60402925372125
-1198.4564855110646 -363.64815719485284
-1198.7785441291333 -361.84766085505487
-1198.471042187214 -360.0044465816021
-1198.5558137905598 -358.7302699840069
-1199.187819184065 -357.8300753390789
-1199.5699042987824 -355.9830168044567
-1199.3234173667431 -354.6703542029858
-1199.297392667532 -352.8200965678692
-1199.7842575323582 -351.5987911975384
-1199.6541942965985 -350.0854020869732
-1200.0780356240273 -348.7303072965145
-1200.0605983448029 -347.12686558127405
-1200.0652424705029 -345.36839576125146
-1199.666135789156 -343.692049459219
-1199.9875619125366 -341.9045689857006
-1200.9049964261055 -340.3967386043072
-1200.7611723554135 -339.08398325800897
-1201.1458352816105 -337.18032784819604
-1201.6193991911412 -335.6305112397671
-1201.1707831633091 -334.00132580161096
-1201.077068747282 -332.6012895858288
-1200.6449086678028 -331.25795431494714
-1200.1832517397404 -330.0669457471371
-1200.1134608250857 -328.2716370379925
-1200.8842249971628 -327.172772244215
-1201.2175738674403 -325.24928601145746
-1200.9846506726742 -323.39405556082727
-1199.977997840643 -322.2233689582348
-1198.8399512183667 -320.41144235491754
-1197.9120500695706 -318.86032541155816
-1196.1030502927304 -318.4035235798359
-1194.6792307507992 -318.28316906899215
-1193.36935490489 -318.03774725705387
-1192.5413728368283 -317.5468715956807
-1190.9180728805065 -316.62129949837924
-1189.110569895506 -316.83887856513263
-1187.4606203448773 -315.57192652732135
-1186.5324139010906 -315.0927175214887
-1185.1690551650524 -314.22317522078754
-1184.0060436141491 -313.88627462893726
-1182.700236262083 -312.3355976870656
-1181.397155226469 -311.82703339368106
-1179.9871634852886 -310.7030366590619
-1178.3514814984799 -310.2296216121316
-1177.5188767325878 -309.3248665562272
-1175.9491700541973 -308.65781530052425
-1174.7111474883557 -308.71942608863117
-1173.9812422406674 -307.927988820374
-1172.337696017027 -308.03471354454757
-1171.0184697520733 -307.36013577193023
-1169.6528405559063 -306.8803871354461
-1168.8205626618862 -306.313170619905
-1167.2848030936718 -305.5543449005485
-1165.5588186395169 -304.3565687021613
-1164.275056899786 -303.57563687175514
-1163.04127186656 -303.34146630078556
-1161.4992629897595 -302.56977307111026
-1160.2076154363156 -302.30119323045017
-1159.2164316785336 -302.2549675038457
-1158.046218932867 -301.9743105402589
-1157.2628870618344 -300.97946324259044
-1155.8002888572216 -299.8679187527299
-1154.731343806982 -298.39281036764385
-1153.2944895637036 -297.63817402035
-1152.2435297381878 -297.051965200007
-1152.087077857256 -296.0655821195245
-1151.410317839384 -294.59577258735897
-1150.3388344657421 -293.21560605674983
-1149.751534165144 -291.46059509426357
-1148.863554121256 -290.59697701841594
-1148.5086597514153 -289.0593652954698
-1148.2385625553131 -288.0376401177049
-1148.3720801186562 -286.63528659254314
-1148.0846896481514 -285.1718042126298
-1148.2303051960469 -283.3519846430421
-1147.6588290941716 -282.1187492838502
-1148.1308639061451 -280.13620736509563
-1147.7124977719784 -278.6412379971147
-1147.2623471331597 -277.23243048101665
-1147.8775737595558 -276.1856053104997
-1147.4530596148968 -275.172768496573
-1147.7252427649498 -273.83508613020183
-1148.3475076270104 -271.88921096235515
-1147.9436657738686 -270.183027767241
-1148.6722497653961 -268.95008053690196
-1148.5656109166146 -267.90620615392925
-1147.8297822785378 -267.04031827360393
-1147.6446292114258 -265.4726424446702
-1148.2935005140305 -263.82319047361614
-1147.9688032877445 -262.5023981562257
-1147.6410903942585 -261.35358800798656
-1148.1517273199559 -259.41662874132396
-1148.2064648580551 -258.22491242796184
-1147.8630543661118 -256.75050594717266
-1147.6584362101555 -254.96596696287395
-1147.674086907208 -253.33364524751903
-1148.3816166308522 -251.5842377176881
-1149.0762449887395 -250.0166243544221
-1148.6138053026796 -248.6353690853715
-1148.550095589161 -247.21721722990276
-1148.9228688788414 -245.94674351125957
-1148.3412801933289 -244.21652367025615
-1148.0160712909699 -243.2963159313798
-1147.720103443861 -241.49861981779338
-1146.9457141768933 -239.6235089531541
-1147.218474150896 -238.1677725544572
-1147.4264194977284 -237.19864936977626
-1146.9044719946385 -236.65793510586025
-1146.2812732470036 -235.61491807609798
-1145.6145844471455 -234.16221519619228
-1144.8329013597966 -232.20899804741146
-1144.6935309630633 -231.26165290981533
-1144.5042814475298 -229.61897429138423
-1144.6548602741957 -228.34582205921413
-1144.0471595686674 -226.76420088917018
-1143.7853033703566 -224.90520843178035
-1143.7419962969423 -223.11437400490047
-1144.2237424340844 -221.52638062149288
-1143.5590112891794 -219.7371822229028
-1143.1218231108785 -218.65187164455654
-1143.082294267863 -217.50222476631404
-1143.3316620860994 -216.5673344960809
-1143.3666888450086 -214.89083262592555
-1143.898435113281 -213.1516780486703
-1144.154764649719 -211.5706200233102
-1143.651148018688 -210.5108661285043
-1144.0044580970705 -208.90037318378688
-1144.204278794378 -207.15749784618617
-1143.8209005568922 -205.76339336544277
-1143.8131693129242 -204.03619202286006
-1142.9723401789367 -202.878666125834
-1142.3229298119247 -201.67309697777034
-1141.7620675091446 -200.11606010109188
-1141.7561911691726 -198.46754392296077
-1141.6356873486936 -196.9962701430917
-1141.5052698676288 -196.223272882998
-1142.1170656506717 -194.68395670562984
-1141.7962897841633 -193.86250736624004
-1142.1879553620518 -192.349509023726
-1142.6406126742065 -190.8231977453828
-1142.1642895762623 -189.8537739148736
-1141.8137426798046 -188.73803719192745
-1141.209636015147 -187.02932079941036
-1141.5342948262394 -185.09275838047267
-1140.9522254888714 -183.6533094277978
-1140.9305459235609 -181.8822494378686
-1140.9905267332495 -179.9372301927209
-1140.8550540034473 -178.75562866836788
-1140.7266902004183 -176.91968449264766
-1140.7479366485775 -176.22395905166866
-1140.752260056585 -174.76743599087
-1140.6498496805132 -174.13611938863994
-1140.9587321554125 -172.41920258909465
-1140.627510932535 -171.11516323000194
-1141.2074500595033 -169.46049990564586
-1140.8252333079279 -168.75269987493755
-1141.2399702642858 -167.03152348905803
-1140.1917625044287 -165.60657861143352
-1139.6955442105234 -164.04793693929912
-1138.2637011681497 -162.7886016598344
-1137.0378223334253 -162.47418605595828
-1136.1825980220735 -162.12128242164852
-1134.5330106292665 -161.54457720428707
-1133.838247564882 -160.4234031072259
-1132.7724278245867 -160.25271996170284
-1132.0048518453539 -159.7428065171838
-1130.5925773654878 -159.8430816164613
-1129.7026816879213 -159.9386898210645
-1128.3452748332918 -159.7415074041486
-1126.5682876382768 -159.32817896515132
-1125.4677059923113 -159.3450427284837
-1124.3064748321474 -159.310824521482
-1122.64289012298 -158.67616195291282
-1121.6494956885278 -158.62113764196636
-1120.8187232886255 -159.1469018688798
-1119.8627059136331 -158.53578867822887
-1119.084191647619 -158.12940683275463
-1118.3747447405756 -157.7344836524129
-1116.5261181269586 -157.3484995892644
-1115.2038422499597 -157.7149570515752
-1114.2145965968073 -158.12387257128955
-1113.1034217749536 -157.56408291369678
-1111.935565558523 -158.1672446063161
-1110.3511160288751 -158.4737426570058
-1109.4034978424013 -157.77012055426837
-1108.6801241908968 -157.5409276714921
-1106.97452702865 -157.73268129736186
-1105.9873669420183 -157.5510923793912
-1105.3001081620157 -157.3161344459653
-1104.5078780327738 -157.15868493229152
-1103.1437556420267 -157.70350530058147
-1102.5744846139849 -157.57167250722648
-1101.464851168245 -157.42780488044025
-1099.865604070276 -157.46593401268126
-1098.0886870895326 -157.70378247335555
