-1192.22 -440.36
-1192.7203935694695 -440.138818577528
-1193.6403537106514 -440.13675545588137
-1194.3696420502663 -439.67168285384776
-1195.4009294819832 -439.65289171472193
-1196.4641372275353 -438.9041429950297
-1197.6294889760018 -438.2468791796267
-1198.4682306361199 -437.41500570312144
-1199.0729000282288 -436.6545019938052
-1198.991252989769 -435.2147098375857
-1199.470203639269 -433.6270999504626
-1199.2878220689297 -432.6844259096682
-1199.6653691542149 -431.27137263551356
-1199.8870037657023 -429.81110842958094
-1199.8743130129576 -428.2992875172198
-1199.7248282295466 -427.25760253205897
-1200.0066330891848 -425.7563367678225
-1200.5632337790728 -423.85432561174036
-1200.2602712970972 -421.9035847975314
-1200.25954847157 -420.4384705616534
-1200.6818014544249 -418.5448267056048
-1201.3703743380308 -416.9917738033831
-1201.2250583779812 -415.54810281530024
-1201.2459182155133 -413.6052538944781
-1201.0772454750538 -412.7957418753207
-1201.0849408966303 -411.21594961419703
-1200.578857229352 -409.2866068674624
-1200.309677914977 -407.4593139483035
-1200.7489079993964 -405.69772561326624
-1200.7476755094528 -403.9676564528048
-1200.2928647708893 -402.0770153595507
-1199.824913175106 -400.28031011357905
-1199.5182792556286 -398.48103805318476
-1199.1706033658982 -397.37551375165583
-1198.9911411118508 -395.59326549306513
-1198.9757325586677 -393.7691917015612
-1198.6990880307555 -392.26508553758265
-1198.790252649486 -390.70381673112513
-1198.1263528105617 -389.33340056672694
-1197.702622615993 -387.71767218843104
-1197.7848768767715 -386.7827443672717
-1198.229947501123 -385.65519936814906
-1197.8175212678314 -383.94258840814234
-1198.4285982188583 -382.20703824296595
-1198.5336547133327 -380.31241019502284
-1197.9802776810527 -378.44302161470057
-1197.6000395056606 -377.2805343462527
-1197.7887796995044 -375.4592624498904
-1198.310705268085 -374.57342704072596
-1198.0053300496936 -372.9616844250262
-1197.6682026025653 -371.0842656685412
-1197.9718132254482 -369.1599677397311
-1197.7698643442989 -367.24155457749964
-1197.7894304183126 -366.36119558349253
-1197.6607521262765 -364.5923768474162
-1197.5240549829603 -362.6789869262278
-1197.1750583735109 -361.29550542369486
-1197.3429011490941 -359.53662075534464
-1198.031090119183 -358.69599481359126
-1198.3380880144239 -357.21190377011897
-1198.1524668720365 -356.3415812446177
-1198.8179695394635 -354.4919250203669
-1199.6591673877836 -352.6865179730952
-1199.6633566704393 -351.130267162472
-1199.2708476868272 -349.2658976508677
-1199.7104140606523 -348.62834759488703
-1199.770502218306 -347.1939327313006
-1199.4862563100457 -345.92846449151637
-1199.8950972047448 -344.4898349834979
-1199.5208082583547 -342.6248764587939
-1199.2804400113225 -341.4257410360873
-1199.2141604807973 -340.1576357676089
-1200.0384658959508 -339.0401265217364
-1200.6629363682866 -337.87193711534144
-1200.0996842768789 -336.06003947988154
-1199.5444065716863 -334.28193600907923
-1199.3885184016824 -332.443856318146
-1199.8712996926904 -330.7036789251864
-1199.387776323855 -329.0668963982165
-1199.3663492289186 -327.4368800713122
-1199.743386605084 -325.84850867524744
-1199.0149452474714 -324.0841685129702
-1198.9754839327932 -322.680038292557
-1199.1800758627057 -321.51620229020716
-1199.1443091121316 -319.9294187618792
-1198.5466994729638 -318.1604513718188
-1198.6165414911509 -316.79064377084376
-1198.460674763918 -315.19816370740534
-1198.0016970944405 -313.75976439252497
-1197.0954269480706 -312.3609361244738
-1196.290887684822 -310.9814279867709
-1194.5450006437302 -310.19408335223795
-1192.8641844701767 -310.6510819388926
-1191.1932893705368 -309.8349158360064
-1189.5207174730301 -309.7979251636565
-1188.4206430625916 -308.831860293299
-1186.857866616249 -309.20545690193774
-1185.7629972410202 -308.5588543905318
-1183.9739921998978 -307.91028236284853
-1182.2816447925568 -308.49513946905734
-1180.9636509132386 -308.67991182640196
-1179.9690761876107 -308.72222806945445
-1178.6094619345665 -308.04836161866785
-1177.297419579029 -308.04215604126455
-1175.5941746544838 -308.0569191879034
-1174.4791051459313 -307.199093670249
-1172.708058269024 -306.194073767066
-1172.2749937486649 -306.0452714419365
-1170.5112765741349 -305.24134306669237
-1169.049592347145 -304.27712975502016
-1168.1508784008026 -303.44808755874635
-1166.4433883142472 -302.67451523303987
-1165.0446021270752 -303.26556210279466
-1163.1667544555664 -303.2370602717996
-1161.518734664917 -303.6390905311704
-1159.6605932426453 -302.92823421269657
-1157.9801971626282 -302.9022294512391
-1156.5638659906388 -302.22324206739665
-1155.851970524788 -301.26880624204875
-1154.5142167520523 -301.11062408298255
-1153.221323223114 -300.9039629480243
-1152.2585275483132 -300.21295974463226
-1151.4490093302727 -299.1456600210071
-1150.3783485007286 -297.90971086233856
-1148.9289254260063 -296.8632001659274
-1147.9406886410713 -295.01994250029327
-1147.3314367842675 -293.82305262297393
-1146.5677983474732 -292.2968251487613
-1146.7644144308567 -290.66513774603607
-1147.020795763731 -288.75941727370025
-1147.3859391224385 -287.39865718096496
-1146.8219892394543 -285.637765981853
-1146.731235743761 -283.89831958025695
-1146.3338182580471 -282.9162421604991
-1146.4758625340462 -281.41739968270065
-1146.5447249126435 -279.6613774678111
-1147.0693648171425 -278.6158284327388
-1146.8587084424496 -277.5929713627696
-1147.1463784587384 -276.6686767718196
-1147.0143288087845 -274.8704296728969
-1147.786448867321 -273.5169865271449
-1147.3333989095688 -271.69207731693984
-1146.78072306633 -270.03852073162795
-1147.1280784916878 -268.0910228869319
-1146.4497481298447 -266.46219734162094
-1146.3334785786271 -264.6141775032878
-1145.6220102992654 -263.4041617295146
-1145.3883587506414 -261.8052748820186
-1145.2265987482667 -260.6690107962489
-1144.7462386277318 -259.0116888663173
-1144.7599056319148 -257.96544066876174
-1144.9458053664118 -256.1164342543483
-1144.257038648501 -255.58985922545196
-1143.9382733360678 -254.829957344234
-1144.3036542192847 -253.7729937812686
-1144.4505734846741 -252.3963212749362
-1144.3866587982327 -250.67883250921966
-1144.6327143416554 -249.62710080355407
-1145.5106879577786 -248.00791607111694
-1145.3849514827878 -246.28360185831787
-1146.118845711723 -244.77929542273284
-1145.7647400603444 -243.57445714682342
-1145.562118838802 -242.1646275302768
-1145.7374446795136 -240.35637424200775
-1145.4745522842557 -238.81449029654266
-1145.6029876873642 -237.3107933780551
-1145.8746400878579 -236.81569943636657
-1146.2002081678063 -234.84698424547912
-1146.0448436693102 -233.04397306650878
-1145.6591153100878 -231.61848209112884
-1144.7599018768221 -229.85872075766326
-1144.7337310493738 -228.85070071429016
-1144.2659749568254 -227.23721621245147
-1143.9966528297216 -226.55041799753906
-1143.5283336222917 -224.8938811799884
-1142.472488123253 -224.1208427926898
-1142.1749752939493 -223.63082931250335
-1142.17859846659 -222.0507505914569
-1142.101456675008 -220.65752849787475
-1141.5020418495685 -219.79891452997924
-1141.311531040147 -219.03730932682754
-1141.0263369411975 -217.8583683153987
-1140.7252477438003 -216.045478143394
-1141.0868650109321 -214.1711843392253
-1140.6488940746337 -212.36578301399948
-1140.0598624975235 -210.86970893353225
-1140.8373140723259 -209.0458945414424
-1140.142031255439 -207.19174496144058
-1140.4580673307926 -206.7448195001483
-1140.2115687013418 -205.57108781546356
-1140.1279290349037 -203.94469831198455
-1140.1090712130815 -202.71576628893615
-1139.4494462192804 -201.05552671164276
-1139.8175631345064 -199.87192926615478
-1139.8201935750246 -197.979060985744
-1139.6413195443154 -196.48850879877807
-1139.398659081459 -195.41823325365783
-1139.9453059148789 -194.0913145324588
-1139.5675192189217 -192.87312767714263
-1139.279586942196 -191.57347998827697
-1138.7080370497704 -190.3748724243045
-1137.5038787436486 -189.14587841242553
-1136.7002859425545 -189.04460657447578
-1135.197029979229 -189.1555807670951
-1133.8854714941979 -188.73667720764877
-1132.6107472491265 -188.37063384860755
-1131.8345265698433 -187.7054791530967
-1130.321518213749 -187.14686287254096
-1128.6613759112358 -186.2904760321975
-1126.9670448613167 -185.56425649732353
-1125.083552391529 -185.33573275119068
-1124.1692323994637 -185.81415730029346
-1122.468940050602 -186.3756768038869
-1120.6680150341988 -186.7775073578954
-1119.6023028206826 -186.72559998244049
-1117.6352827858925 -186.8300497314334
-1115.9315526795388 -186.90504100978376
-1114.8296195578575 -187.2117370671034
-1113.6931318354607 -186.674453586936
-1112.5944210600853 -185.9712887710333
-1111.8926982593537 -186.04134896457197
-1111.2408700299263 -186.59592261970045
-1110.4909509134293 -186.50657489210369
-1108.548299164772 -186.72651351302864
-1107.858670861721 -186.56394077152015
-1107.2612620902062 -186.13696793526412
-1106.3498139691353 -186.22838576942684
-1105.6093183469773 -186.06854825526477
-1104.5462308835984 -185.77093397885562
-1102.8110938978195 -186.03951012402774
-1102.1409404587746 -186.0327797947824
-1101.5262251210213 -186.33359746322037
-1100.24455586195 -186.75564233645798
-1099.4882303786278 -186.65643058404328
