-1192.22 -440.36
-1193.0078156900406 -439.8154336667061
-1194.1237084579468 -439.13379351854326
-1194.587362856865 -438.5358877635002
-1195.4714235377312 -437.9491571044922
-1196.5675229144097 -437.2799126362801
-1197.8371138882637 -436.6233338570595
-1199.265209467411 -435.9856945729256
-1199.6352551591397 -434.08048097848894
-1199.6866024446488 -432.5484713768959
-1199.4282650065422 -430.7975075697899
-1199.3713804197312 -429.08813814878465
-1199.1199663889408 -427.16871051549913
-1199.0370390725136 -425.4200190758705
-1198.9565734875202 -423.8622229552269
-1198.9765364837647 -421.9580941653252
-1199.5041900587082 -420.0700164294243
-1199.7623781871796 -418.2275865530968
-1199.449751676321 -416.50101547002794
-1199.5625350487232 -414.7871120429039
-1200.3795359146595 -413.03019456624986
-1200.3866577756405 -411.17110590696336
-1200.3719659459591 -409.39424018621446
-1200.6709176313877 -407.6035355782509
-1200.4051765215397 -405.65417139291765
-1200.2863231611252 -403.8219823098183
-1199.8110419523716 -401.9145180439949
-1200.4478645336628 -400.60588412046434
-1200.0781361472607 -398.94449882268907
-1200.0630128097534 -397.5232255911827
-1200.0104623150826 -395.9018586134911
-1200.2983961117268 -393.9774154877663
-1201.0464550864697 -392.057099506855
-1201.3814349782467 -390.7587379670143
-1201.9596454513073 -388.84047786951066
-1201.63217777133 -386.9090204691887
-1202.112766982317 -385.6272467827797
-1202.172530682087 -383.9833568787575
-1201.77689150095 -382.0780648446083
-1201.239322693348 -380.5397795891762
-1202.004231722355 -378.91905359983446
-1201.4644905042649 -377.0118825888634
-1201.7982005786896 -375.20935492277147
-1201.9606778335572 -373.50957374334337
-1201.4465831232071 -371.7521260237694
-1201.1177104723454 -370.3568270659447
-1200.9731127482653 -368.5649419283867
-1200.977130816579 -367.08406786680223
-1201.3272524935007 -365.22981719732286
-1201.1602996450663 -363.50262944459917
-1201.357401804328 -361.8205322480202
-1202.068843857646 -360.04760079145433
-1201.413005129695 -358.5342864251137
-1201.2156683069468 -357.22347538232805
-1201.648148522973 -355.8241727805138
-1202.1374558967352 -353.95958785772325
-1202.2249321129918 -352.5776769375801
-1202.5889103797078 -350.6379868245125
-1202.4429919955135 -348.6922466015816
-1201.9956370827556 -346.9978822922707
-1201.9636754107476 -345.3875359749794
-1202.2381689858437 -344.2528878903389
-1202.2916397538781 -342.5587891793251
-1201.9586916652322 -340.62137191057207
-1201.8032471624017 -338.708412334919
-1201.3686734822393 -336.7381768679619
-1200.8351080802083 -334.87645249128343
-1201.427222647965 -333.23067955732347
-1200.9329555121064 -331.309193418026
-1200.750985839665 -329.4995497918129
-1200.3816044119 -327.61071221590043
-1200.8732554104924 -325.869195625782
-1200.6153623250127 -324.365491912365
-1200.3511867013574 -323.2606159901619
-1200.8186516848207 -321.38300733327867
-1200.921675772667 -319.89698605299
-1200.6811407965422 -317.99599652051927
-1201.0157890182734 -316.18937318086626
-1201.3829667431116 -314.6417535996437
-1201.9400775891543 -313.50069265127183
-1202.438835130334 -312.4950581049919
-1201.928410397172 -311.1091530776024
-1202.144702629447 -309.31308083295824
-1202.7792859238386 -307.458106443882
-1202.9286527943611 -306.8577204799652
-1203.308134199381 -305.6622462129593
-1202.6932309877873 -303.7949061250687
-1202.0235625517369 -302.22811208724977
-1202.2476248306036 -300.5384739494324
-1202.3677021872998 -299.02979265213014
-1202.3829689782858 -297.4419609165192
-1202.3962087717653 -295.5124615287781
-1202.1425038066507 -294.61514894723894
-1202.1330445495248 -293.47591428518297
-1201.9125729289651 -291.9628944849968
-1201.4476427224279 -290.09265367746355
-1201.9438310649991 -288.1975807404518
-1202.521558919251 -286.50763671159746
-1201.9242601779104 -285.30145196676256
-1201.5107707765699 -283.3784172987938
-1201.2286380913854 -281.89192549943925
-1201.7121106174588 -279.9520506119728
-1202.318931081593 -279.07481996774675
-1202.3691448245943 -277.2344621872902
-1201.7683593903482 -275.3532695031166
-1201.944773298949 -274.2641561484337
-1201.6698445503414 -272.65964846372606
-1201.396782052964 -270.71746294260026
-1200.9822983269394 -269.04093019723894
-1201.4344575230778 -267.1212244486809
-1201.6646902088821 -266.1377497768402
-1201.6599787448347 -264.5948061800003
-1201.6905040939153 -262.7962831115723
-1201.452542667538 -260.875771150589
-1201.3781450290978 -259.16145072937013
-1201.098131646663 -257.20184432029725
-1200.99511465922 -255.56820748806
-1201.0130790372193 -254.1795027112961
-1200.9424416472018 -252.4223759031296
-1200.9199583430589 -250.62280665397645
-1200.9272847671807 -249.18382357120515
-1201.6430117984116 -247.99684177398683
-1201.5626122106612 -246.8088891363144
-1201.040188406855 -244.98122595310213
-1201.8853543151915 -243.1604461526871
-1202.3843243469298 -241.50675784111024
-1201.753131185919 -240.64813767433168
-1201.9406918634475 -239.00735221862794
-1202.1679019381106 -237.12535296440126
-1202.2423199240864 -235.4210331296921
-1202.2495624397695 -234.55457972049714
-1202.0049086485803 -232.7416455602646
-1201.742157844156 -231.2276769733429
-1201.8273155365885 -230.4239638900757
-1202.1289090488851 -228.77689109802247
-1201.4862279866636 -227.28625308036806
-1201.1844926451147 -225.82947646141054
-1201.2030117337406 -223.92216454505922
-1200.338338715285 -222.3198745107651
-1199.5571074311435 -220.58546207904817
-1198.825276297778 -219.4206895685196
-1198.4207186226547 -218.54730580806734
-1197.6581035976112 -217.38392077445985
-1196.5924795989692 -216.24885593414308
-1195.029704463929 -215.98195757031442
-1194.4459118966759 -215.34038730025293
-1192.6417636995018 -214.95540966153146
-1190.8381509904564 -214.09146590590478
-1190.2106098656357 -214.51569850802423
-1189.0562656645477 -214.23073412537576
-1188.0524446491897 -213.65607728123666
-1186.3618646387756 -213.71555043816568
-1185.1279769663513 -213.4487612104416
-1183.5576599363983 -212.80211488962175
-1182.5007719521225 -212.7474896094203
-1181.8731905941665 -212.46816644877197
-1179.945184660405 -212.00941164106132
-1178.328507256955 -211.75123042672874
-1177.2142878298462 -212.00768513292076
-1175.6807742838562 -212.563858576715
-1174.0154792790115 -212.1602129122615
-1172.6916820530594 -212.29198800832035
-1171.3716752056778 -211.82665108948947
-1170.29787726447 -212.02056679934265
-1168.9516233925522 -211.6035561940074
-1168.0122112755478 -212.20316890686752
-1166.9813415531814 -212.4280378302932
-1165.1728749994934 -211.93682349532844
-1164.2659461025894 -211.70479140490295
-1163.7729604367912 -211.96415383428337
-1161.937043440789 -211.95793389588596
-1160.4212905292213 -211.35052704125644
-1159.0301522140205 -210.74463646918537
-1157.6634823207557 -210.75269957691432
-1156.1430150394142 -209.72317405849697
-1154.4911328677833 -208.82846107393505
-1152.8059638862312 -207.62209024339916
-1151.145249259919 -206.85900452047588
-1149.4760822181404 -205.76913382917644
-1148.1924084548652 -205.63412942796947
-1146.7635671024025 -204.45866897016765
-1145.7599215631187 -203.63395311743022
-1145.124174309224 -202.78946461588146
-1144.6018745426834 -201.9740545383096
-1144.3264120344818 -200.61981125980617
-1144.2431053344906 -199.05972739368679
-1143.876322222203 -198.58342333942653
-1143.651025903672 -196.94386359363796
-1143.4372948680818 -195.26998385101558
-1142.4747300420702 -193.5130598178506
-1141.946837810129 -192.28757020145656
-1141.0682913933695 -191.2785501113534
-1139.8281731282175 -190.5937146177888
-1138.8911265407503 -189.4952608576417
-1137.6833514247835 -188.20369281679393
-1136.278815535158 -187.5657612910867
-1135.3001129303873 -186.74243380934
-1133.855465260595 -186.29863935023548
-1132.7889195357263 -186.02249460726978
-1131.8682528410852 -185.3899186781049
-1130.5727673445642 -185.4396072408557
-1128.7636890088022 -185.8166327854991
-1127.0043112908304 -185.85672643840314
-1126.1378250394762 -186.37427786052228
-1124.9006747280062 -186.89218714892866
-1123.229434517473 -186.31903252065183
-1121.6552167211473 -185.6534541553259
-1120.5900388036669 -185.91451028048994
-1119.7345329795778 -185.46480989515783
-1118.0778088842333 -184.81752646028997
-1117.3341440831125 -185.314256311059
-1116.177251187414 -186.0237154966593
-1114.9843164359033 -185.47244870722295
-1114.163375106901 -185.77911910474302
-1113.4034384165705 -185.4047523444891
-1111.6094032202661 -184.91021761357786
-1110.5487528716028 -185.13278152108194
-1109.526726809591 -184.61373640656473
-1108.7701520596445 -184.90530346393587
-1107.876241890043 -185.23537556886674
-1106.1298064862192 -185.9529514169693
-1104.9307979021967 -185.6723075067997
-1104.3388339553774 -185.17184479594232
-1103.8165586863458 -184.9787072247267
-1102.4109130774439 -185.3563689595461
-1100.586389747709 -185.14777725994588
