-1192.22 -440.36
-1192.9009288263321 -438.87893413066865
-1194.131353468895 -438.1004407262802
-1195.725472779274 -437.36767785310747
-1197.166826338768 -436.230434820652
-1197.776639134884 -434.79275195360185
-1198.7967721533776 -433.44630281686784
-1199.7598156046868 -432.2467239356041
-1199.8917817336321 -431.06959717035295
-1200.4083347779513 -429.9105124926567
-1201.0400233131647 -429.1456702208519
-1201.6151785117388 -427.7118814444542
-1201.6335836586356 -425.91617970228197
-1202.3003132876754 -424.25278692007066
-1202.3795456972719 -422.592162296772
-1202.8843239036203 -421.8842028832436
-1202.1269998636842 -419.9919897770882
-1202.66337836653 -418.5489532208443
-1202.8820105579496 -417.176572368145
-1203.1779114988447 -415.6826782679558
-1202.7072305169702 -414.8715241408348
-1202.2595744219423 -413.24849753141405
-1202.0660742011667 -411.40966109991075
-1202.4853922215104 -410.0267975783348
-1202.555933841765 -409.2322251057625
-1202.683621787727 -408.57453642845155
-1203.0293555495143 -407.7701804494858
-1203.5230174300075 -406.1318143463135
-1203.5370746788383 -404.2987884140015
-1203.6645165321231 -403.9001319861412
-1204.041546189487 -402.7711049771309
-1203.8309426394105 -401.2395608878136
-1203.8868464615941 -400.3921353673935
-1203.7775195625425 -398.78316615581514
-1203.7502184000612 -397.2538798904419
-1203.4407850590349 -396.33357285022737
-1203.592278816998 -395.5164295291901
-1203.3834829416871 -393.7313895082474
-1203.4895846036077 -393.2569548344612
-1203.0171550300718 -391.6353673195839
-1203.535481312573 -390.9802368736267
-1203.2188139346242 -389.78800199985506
-1203.595289298594 -388.0574736452103
-1203.758260884583 -386.9364136314392
-1203.7171094802022 -385.39629887104036
-1204.138302513659 -383.79267035484315
-1203.9394596454501 -382.37593363285066
-1204.2502681550384 -381.14280913829805
-1204.4327795740962 -380.40785758256914
-1204.2619533327222 -379.96551035404207
-1204.2947426524759 -378.33453951835634
-1204.5861390915513 -376.6239353275299
-1204.4293757465482 -374.79126153945924
-1204.744743653834 -373.0572134113312
-1204.59231413275 -371.24244581222536
-1204.4174178031087 -369.9439502811432
-1204.5248113957048 -368.3119124031067
-1204.608669140637 -366.4106453514099
-1204.9304002907872 -364.65483604431154
-1204.5475531306863 -362.9482568359375
-1203.6469158616662 -361.082580909729
-1203.4711124834419 -359.14541958332063
-1203.2416954872012 -357.24900911808015
-1203.7848185536266 -355.4164068555832
-1203.774147951305 -354.41368208885194
-1204.096625560224 -352.91446827411653
-1204.21603702873 -351.05651544094087
-1204.1564404156804 -349.13235877513887
-1204.1810478058458 -347.84597085475923
-1204.0149531748891 -345.912227139473
-1204.0930897083879 -343.97667382717134
-1204.3133699086309 -342.1241090154648
-1203.9999766734243 -340.28346501350404
-1204.4055197027326 -338.78074620723726
-1203.4900235918165 -337.0924582338333
-1203.7288922008872 -335.30188153743745
-1203.4340580639243 -334.0521390295029
-1203.9635813769698 -332.4334235048294
-1204.0058131453395 -330.4738907670975
-1203.8729698446393 -329.6283939933777
-1203.2170027282834 -327.88497732639314
-1203.7729718473554 -325.9357123231888
-1203.5115533855558 -324.0384340143204
-1203.965784111321 -322.27250813007356
-1204.0843659427762 -320.53759728431703
-1204.2917925205827 -318.6496739244461
-1204.2817434754968 -317.01482604503633
-1204.2095422533155 -315.22107563972475
-1204.1200842794776 -314.2405356025696
-1204.2914169964195 -313.1426844453812
-1203.7246520456672 -311.20932732582094
-1204.0279400286079 -309.3595336532593
-1203.5827537712455 -307.54857073783876
-1203.5231070008874 -305.66403804779054
-1203.6159358260036 -303.7376071071625
-1203.2733496960998 -301.88182519435884
-1203.0728125062585 -300.122566447258
-1202.9256447342038 -298.16401158332826
-1203.35796851784 -296.4845896816254
-1202.5487825360894 -295.3666831111908
-1202.5721889224649 -293.9914096450806
-1202.0301851120591 -292.010092124939
-1202.4570881810785 -290.37922154426576
-1202.4173352767527 -288.46000586509706
-1202.3705801193416 -286.5311211204529
-1202.6710114602745 -285.37957869529725
-1203.1220595662296 -283.46496759414674
-1203.3059567634762 -281.57028470993043
-1203.41542780146 -279.667302236557
-1202.8465890859068 -277.8180447673798
-1203.235844669193 -275.989336476326
-1202.9577746365965 -274.0748050069809
-1203.3053909216821 -272.28100846767427
-1203.0817130182684 -270.58313261032106
-1203.348341253847 -268.7856048202515
-1203.2513467048109 -267.13463591098787
-1203.7749462102354 -265.6059592819214
-1203.6759459201992 -263.61819063186647
-1203.6209356833995 -262.0053005075455
-1202.8426747371257 -260.9023896312714
-1202.7806631226838 -259.0608788585663
-1203.270783533603 -257.15174983501436
-1202.8267467220128 -255.51317249298097
-1202.8415968606994 -253.77673946380617
-1203.2873456965015 -251.7994760131836
-1203.4747345934436 -249.87569736003877
-1203.4186449239776 -248.3477429008484
-1203.4010544235632 -246.38375411987306
-1204.0377949888632 -244.64031158447267
-1204.147343855612 -242.83297501564027
-1204.047393542044 -240.98422728538515
-1203.8545780594275 -239.62661360263826
-1202.677174490206 -237.9803294992447
-1202.2152398044989 -236.33754299640657
-1202.268779080622 -235.30646239280702
-1201.8606144006178 -233.80751882553102
-1201.2663457806036 -232.11624608993532
-1200.4097673113272 -230.39206944465639
-1200.4284425790236 -228.96547435283662
-1199.9001794869826 -227.24429188728334
-1199.559474956505 -225.5609189128876
-1198.7710449213907 -224.2611187553406
-1197.9032505865023 -223.11963044166566
-1197.4551767225191 -221.93481610774995
-1196.8178488726542 -220.99511699438096
-1196.33344687175 -220.25835608005525
-1194.7138629074022 -219.6048641061783
-1194.0704228396341 -219.06762544870378
-1193.3929013128206 -218.7641573405266
-1192.8047406191752 -218.18429552078248
-1191.9080496544764 -217.67919771432878
-1190.519128989689 -217.2783419942856
-1190.0555909986422 -216.79632847070695
-1188.6779600496218 -216.32437558531763
-1187.9629423136637 -216.01980195999147
-1186.7422424073145 -215.56706018805505
-1186.340402972214 -215.51039369463922
-1185.2612432355807 -215.68179322838785
-1184.6377151722834 -215.8966507470608
-1183.0855284447596 -216.0579661434889
-1182.2778206581995 -216.2325961893797
-1181.3947517390177 -216.31071630179883
-1180.6254993791506 -215.79723790347578
-1180.12855751466 -215.33766654193403
-1179.6741371269152 -215.23712575495244
-1179.1236989016459 -214.91257301032545
-1177.5698536152765 -215.23667338550092
-1177.024054777138 -215.55708766043188
-1176.0610325450823 -215.3423428541422
-1175.6155553574488 -215.20295736253263
-1173.9335897679255 -215.03897541821004
-1172.813386749737 -216.15227276146413
-1172.0682622904703 -215.96258521139623
-1171.3160744423792 -215.88930255234243
-1170.314620208256 -216.09845495283605
-1168.9295274729654 -215.773836106658
-1167.5950211996958 -215.60211142957212
-1166.1270293707773 -215.3995873039961
-1165.2963253374025 -215.10045504629613
-1164.282945525162 -215.31721076428892
-1163.6122350807116 -215.87790647208692
-1162.6723960156367 -215.34646746575834
-1162.2403577084467 -215.74628287613393
-1161.4225391859934 -215.3387368029356
-1160.3313763852045 -214.85985818564893
-1158.851177525036 -214.4035330718756
-1157.4590292687342 -214.4574224098027
-1155.756447624676 -214.2251477880776
-1155.4312501664087 -213.22952986195685
-1154.6935562605784 -212.81837043598296
-1153.9659642691538 -211.81356630161406
-1152.8914062495157 -210.57267293766142
-1151.7922707314417 -209.51511702373625
-1150.0797043557093 -208.4660819514096
-1148.5759019370005 -207.3719486935437
-1148.1654495115206 -206.75706348255278
-1146.6467119569704 -205.819712613374
-1146.646697949879 -204.6241459591687
-1145.6811656470225 -203.16728267505766
-1144.5008162970469 -202.20328417852522
-1144.802829634659 -200.24379888609053
-1144.2903599853441 -198.5245677573979
-1144.3690804059431 -196.8967329604924
-1144.3842250074074 -195.03843394353987
-1144.558685031049 -193.73068276479842
-1144.1899582410977 -192.26213649347426
-1144.4573164249584 -190.72484437063338
-1144.7375267411396 -189.05385378435255
-1145.0724125767872 -187.2556560380757
-1144.9123361076042 -186.01274255350233
-1144.9130598868057 -184.95926860406996
-1144.3512871230766 -183.15593770578505
-1143.6002219880745 -181.29712954595686
-1144.2044674123451 -179.5977324588597
-1143.5229985083267 -178.12351361349226
-1143.0572238231823 -176.69438043668868
-1142.58974229943 -175.3013846023381
-1142.3350999916718 -173.64558211401106
-1142.1906107927487 -171.84556523397566
-1141.521501984708 -170.21351758077742
-1141.7128317917511 -169.0894897325337
-1141.4384412432835 -167.7587898118794
-1141.425820019357 -166.76681766346098
-1140.9846217299626 -165.34350237682463
-1140.6535513068363 -164.74488291576506
-1140.3638926411793 -163.81713864639403
-1139.9501873518154 -163.0137240035832
-1139.4030425215885 -163.24480966165663
-1138.006166424863 -162.21609309747816
-1137.4630205298588 -161.7022747142613
-1136.885076727979 -161.32938856318594
-1135.601673569791 -160.44499290421606
-1134.0833722020313 -160.98244321778418
-1133.1757281089947 -160.70179874137045
-1132.4802029396221 -160.15394753649832
-1131.1213102604077 -159.86354890897871
-1130.225876715295 -160.2501547677815
-1129.1854714418575 -159.7753337068856
-1128.20014378082 -159.82123814210297
-1126.78707465183 -159.9265305145085
-1125.3840039635822 -159.2751010401547
-1124.3881954218075 -158.86606955960394
-1122.8662246729061 -158.7852038486302
-1121.979221549146 -158.652959112674
-1120.6155855323002 -159.30391210749747
-1119.2169236804173 -158.9794492764771
-1118.4368530179188 -159.63197195962073
-1117.0730219746754 -159.24653220608832
-1116.2034643555805 -158.82600775793196
-1115.590210702531 -158.4267263157666
-1114.0744402671978 -157.89034030273558
-1112.7745830084011 -157.55140194728972
-1111.6934616829083 -157.67965366378428
-1110.6122691894695 -157.77512420400978
-1109.6370854641125 -157.3665040551126
-1108.31833555948 -157.52523089632393
-1106.9581398035214 -157.30692143425347
-1105.526137139909 -157.76928953513504
-1104.3143134380505 -158.08508555278183
-1102.6557257438824 -158.26480649098755
-1101.8050486112759 -158.54577640876175
-1099.918007519357 -158.32574353799225
-1098.4852514530346 -158.1700768737495
