-1192.22 -440.36
-1193.5344139051438 -438.79195068836214
-1194.1660575580597 -437.3515364980698
-1195.7398104381562 -436.0056869840622
-1197.049308271408 -434.4350163793564
-1198.199027748108 -432.68555294036867
-1198.6497772943974 -431.13245461940767
-1198.9239973139763 -429.2163257455826
-1199.3326759946347 -427.30975817203523
-1199.1085303139687 -425.90890394210817
-1198.9893085819483 -424.1248587226868
-1198.5461213451624 -422.36661861896516
-1199.215387867093 -420.62100862026216
-1198.7524849039316 -419.3833792066574
-1198.8284234416485 -417.4119676208496
-1199.2312078487873 -415.9523540592194
-1199.6913677465916 -414.2816387271881
-1199.469493420124 -412.4642459011078
-1199.5666338515282 -410.7397097206116
-1199.116575987339 -408.8321033573151
-1199.1075582814217 -406.91540251731874
-1199.0794432622195 -404.9315639591217
-1199.2759532493353 -403.1987966156006
-1199.5511963528395 -401.35125397205354
-1199.2430583399534 -399.6233637189865
-1199.2505868834257 -397.95138107299806
-1200.0254342120886 -396.0516633844376
-1200.5847869676352 -394.12393282413484
-1200.3297709983588 -392.3406677103043
-1200.8182926636935 -390.71056602954866
-1200.5046935540438 -389.6729303455353
-1201.1558238130808 -387.92235122680665
-1201.4461294275523 -386.00020586013795
-1201.494022899568 -384.0237582778931
-1200.9520488914848 -382.8998614406586
-1200.9827381626517 -381.06508551597597
-1201.2818058089167 -379.1316910839081
-1200.896977539435 -377.50059054851533
-1200.1950892166049 -376.42594359874727
-1200.4825246290118 -374.541254029274
-1200.74438336052 -372.6862771368027
-1200.1951950446517 -370.70598100185396
-1200.2916577563435 -368.8143672800064
-1200.3441111140698 -367.1531859493256
-1200.160694672987 -365.3464506721497
-1200.9323869489879 -363.9792173957825
-1200.541415675804 -362.281333193779
-1200.3206821822375 -360.41976521968843
-1200.8767646097392 -358.45125554561616
-1200.2332734607905 -356.5666215276718
-1199.9861250513047 -354.80032537937166
-1199.494020580575 -352.8692171430588
-1199.884444534108 -351.2265490150452
-1200.3774631612748 -349.3547030544281
-1201.2313510172814 -348.07050679683687
-1200.7772509746999 -346.3073286867142
-1201.5393391542882 -344.4689359521866
-1201.2320153408498 -343.0212997055054
-1201.3335887932033 -341.256586060524
-1201.1546637111157 -339.37114010810853
-1200.8277566128224 -337.43960081100465
-1201.5059851699323 -335.79290638923646
-1201.852770596072 -334.0251520729065
-1201.9608548872918 -332.96176384449006
-1201.7237490259856 -331.26204763412477
-1202.3212343298644 -329.499683008194
-1202.5645911090821 -327.6623318052292
-1202.7283727072925 -326.0713231420517
-1201.9674517058581 -324.3757495737076
-1201.6971362673492 -322.52843020915986
-1201.1843646012992 -320.6044249391556
-1200.952493473217 -318.82765005588533
-1200.5272232138366 -316.8514482831955
-1200.0467886769027 -315.180170879364
-1200.870227798149 -313.3501647567749
-1200.3587619506568 -311.5278465604782
-1200.1183208369464 -309.6852958059311
-1200.943131639883 -308.25708840847017
-1200.323590650484 -306.8628303861618
-1200.4997439973802 -305.09997843265535
-1200.6555634283275 -303.1521863794327
-1201.268867924139 -301.4506137228012
-1201.8334447287768 -299.81277988910676
-1201.4339739524573 -297.87958334445955
-1201.1267056011409 -295.92980669498445
-1200.6860175871104 -293.97287450790407
-1201.4896366142482 -292.10992656707765
-1201.7103648924083 -290.53413222789766
-1202.0979818248004 -288.55000577926637
-1202.2237812571973 -286.7240205860138
-1201.7136167579145 -284.7828074550629
-1201.3368288569898 -283.6179427957535
-1202.1462410383672 -281.72449468135835
-1201.6896896653623 -280.31947909355165
-1201.2777052813024 -278.77838252544404
-1201.2159013294429 -276.98249195575715
-1201.1903857433051 -275.0635336494446
-1201.1960517012328 -274.02984379291536
-1200.9629078202695 -272.0784537649155
-1201.524720459506 -270.55307374954225
-1202.2134976678342 -268.72009216308595
-1202.3840946846456 -267.8270180678368
-1202.2320896231383 -266.1793342089653
-1202.9314509474486 -264.7311319565773
-1203.2522118829936 -262.77514998674394
-1203.2680111893267 -261.08331672906877
-1202.9011074670404 -259.431099460125
-1203.46670333229 -257.6508352017403
-1203.0083629258722 -256.40500061273576
-1203.3555791743845 -254.9024173474312
-1203.807907558307 -253.14885370492937
-1203.9593619772047 -251.71930317640306
-1203.3741196461767 -249.8592374777794
-1203.5743433304876 -247.91992215871812
-1202.7473046847433 -246.15749697446824
-1202.2371273704618 -245.3210866904259
-1201.8276493617147 -243.51945357084276
-1201.5422755547613 -241.77336101293565
-1201.1116332181543 -240.07391862630845
-1201.4446564980597 -238.60335044622423
-1201.0232156582922 -236.78586129903795
-1200.9342440434546 -235.50986163377763
-1200.7384696670622 -233.8694354748726
-1200.3200523921103 -232.12110607385637
-1199.3317873545736 -230.41428224802019
-1198.3955297537893 -229.42221610307695
-1198.330872572288 -227.7756923890114
-1197.6194758781046 -226.1131962990761
-1196.6543740995974 -225.07853917837144
-1196.4400830038637 -223.4964318728447
-1195.596970892772 -222.2292052960396
-1194.1471532353014 -221.43910853624345
-1193.1994116076082 -220.48071615457536
-1191.6372313269228 -219.57982169151308
-1191.0202165015787 -219.38254715561868
-1189.6121087440104 -219.56330223441125
-1187.7603240378946 -219.40053108394147
-1186.1733632453531 -218.83359661757947
-1184.9324903853983 -218.39751946985723
-1184.0464350946993 -218.738161624074
-1183.1441061266512 -218.45035147726537
-1182.0448891886324 -218.19096016943456
-1180.9587850340456 -218.1308897739649
-1180.2361998923868 -217.99232176005842
-1178.9180422195047 -217.9296115344763
-1177.5742822059244 -218.08543536126615
-1176.7066419490427 -218.84239313066007
-1175.533172524795 -218.8058269327879
-1174.841379679069 -218.93265931367876
-1173.130113638267 -218.59449179530145
-1171.9942174323648 -218.33609743475915
-1171.5242360600084 -218.175476000309
-1170.0062561997026 -218.2002601182461
-1169.4281582006067 -218.37960672438146
-1168.531332827434 -218.12748229563238
-1167.9381149180979 -217.9204169815779
-1167.0633366473764 -218.08392848134042
-1165.9111787446589 -217.83352781891824
-1164.4109785922617 -218.0244534021616
-1163.7354319461435 -217.76542088449003
-1162.1300176747889 -218.33384230792524
-1160.9186805852503 -218.00713732898237
-1159.6646619208902 -217.960119009614
-1159.0217914351076 -217.63044720947744
-1157.7301335104555 -217.58499263286592
-1156.4474878080935 -217.82967105567457
-1155.9043766029924 -217.60314363300802
-1155.100444770679 -216.30633550941945
-1154.3933538564295 -215.03245776951314
-1153.9069203504175 -213.50366479218007
-1153.2989738353342 -212.02229386627675
-1152.1700986989588 -210.9839200383425
-1150.9673284658045 -209.56230539143087
-1150.3436183103174 -209.5360998517275
-1149.814547873363 -208.7174302941561
-1148.2745090492815 -207.70117181599142
-1147.3901218541712 -206.54650873005392
-1146.2748570808023 -205.07729667484762
-1145.05978218399 -203.8021413689852
-1144.5013826855272 -202.86335855782033
-1143.9875891574472 -202.2293735152483
-1143.9607421823591 -200.80331784546377
-1144.2473943897337 -198.93790644466878
-1143.5322615572065 -197.7720091944933
-1143.4973623857647 -196.12223261654378
-1143.707584123388 -194.63606542408468
-1143.6814383149892 -192.8817529088259
-1143.3907193721086 -191.13874572575094
-1143.22217150338 -189.61816912949087
-1143.4848958731443 -187.7525852328539
-1143.1219293356687 -185.89568859398366
-1143.4823719144613 -185.2526187902689
-1143.5075719908625 -184.193583727479
-1143.7532764927298 -183.23782587110998
-1143.4383077875525 -181.41634082853795
-1143.4821851731092 -179.61743521749975
-1143.9903952956945 -178.29684209883214
-1144.1050813675672 -176.57622599661352
-1143.3521261096746 -175.84400492966176
-1143.1055160344392 -175.28498518526555
-1143.1119009510428 -173.39741766512395
-1143.6651568666846 -172.5555585628748
-1143.9465457157046 -170.71817398130895
-1143.5793276385218 -169.65511834681035
-1143.2420877472312 -169.15221816360952
-1142.7369007722289 -168.41077834427358
-1141.9971230284125 -166.76111465752126
-1141.3030907765776 -165.51713508427144
-1140.8283616558463 -164.7518738514185
-1139.9219432727248 -163.41142690241338
-1138.976900900975 -162.41563344061376
-1138.350933219567 -161.94103774487974
-1137.0178320661933 -161.04206791579725
-1135.7965618626029 -160.88140656113626
-1134.0963244692236 -161.12295590400697
-1132.4727142111212 -161.17186710298063
-1131.2413409010321 -161.7215723103285
-1130.0133403793723 -161.04960456550123
-1129.3991729871184 -160.89750835359098
-1128.3906379596144 -160.8895232385397
-1126.6803053275496 -160.6809712356329
-1125.8421082154662 -161.12052029430868
-1124.1905953542143 -160.75390413463117
-1123.6213740364462 -160.65057660698892
-1121.8811368004233 -161.21655614733697
-1120.2595998302847 -160.57453478932382
-1119.0819906250388 -160.65784198850395
-1118.5938226834685 -160.83909294813873
-1118.1057862297446 -160.6422461947799
-1117.0313821092993 -160.99806512206794
-1116.4984390393645 -160.89640571236612
-1115.1280059472472 -160.83169137746097
-1114.2307224527747 -159.92520331650974
-1113.5652205006033 -159.50892960339786
-1112.1779757992178 -159.09632324486972
-1110.97606864132 -159.2691597273946
-1110.0601541057974 -158.6772081783414
-1108.8249618069083 -157.95824181348087
-1107.9293284670264 -157.74202502578498
-1106.9584719792754 -157.3883101424575
-1106.0032552138716 -158.012966581285
-1104.6372285739333 -158.05061073288323
-1103.089027370587 -157.96112846270205
-1101.5561214343459 -157.63742678299548
-1101.0756814137847 -157.43360381260516
-1099.5554148808867 -158.42994265690447
-1097.8150329247862 -158.55105442985894
