-1192.22 -440.36
-1192.3061653387547 -439.7151172018051
-1192.7771157932282 -438.067456946373
-1192.8737763178349 -436.25120543003084
-1194.1516931068898 -434.90133701324464
-1194.7153037798405 -433.4518395519257
-1195.8598942768574 -432.3307009792328
-1195.8544686448574 -430.63473640441896
-1197.1975401055813 -429.0201246595383
-1197.5946874332428 -427.2419386959076
-1198.2237640333176 -425.5827507829666
-1197.7149612617493 -423.83124481201173
-1198.2888475370407 -422.2372215843201
-1198.6636911344528 -420.32996021270753
-1199.4011182498932 -418.79378615379335
-1199.5035593894124 -416.9061938381195
-1199.1968057242036 -414.9719706630707
-1199.8300463047624 -413.43651841640474
-1200.4339813676477 -411.65374539852144
-1200.8854488816858 -410.18872021198274
-1200.661579245031 -408.2850775575638
-1200.0658218201995 -406.813018784523
-1200.4613471266628 -404.9381490802765
-1200.1999415394664 -403.82307837963106
-1199.7694370684028 -402.181613073349
-1199.3602569040656 -400.8490630245209
-1199.4046500188113 -399.01130007267
-1199.4248639208079 -397.48220895290376
-1198.984607474208 -395.7272608137131
-1198.296997205615 -393.9765899038315
-1198.0070444506407 -392.81339047908784
-1197.9141032260657 -391.5982230758667
-1196.9105835717917 -390.5118580913544
-1195.7747605603934 -389.06787405967714
-1194.3311503690481 -388.6405258333683
-1193.1381098788977 -387.54652001023294
-1191.9342507880926 -387.00744499325754
-1190.2118004125357 -386.436471477747
-1188.9165465396643 -386.27645766794683
-1187.7732870143652 -385.56845933258535
-1186.5182013076544 -384.8902372723818
-1185.5526476663351 -384.2376189237833
-1183.8251436513663 -383.941665918231
-1182.4812985223532 -384.2447475796938
-1181.1836658281088 -384.87770110428335
-1179.3795693677664 -384.28117930948736
-1178.03400154531 -383.2569041258097
-1177.202958123088 -382.12221431791784
-1176.850856141448 -380.9979360109568
-1175.7453641456366 -379.4067705875635
-1175.453109369874 -377.76119864046575
-1175.401154564023 -376.02193045675756
-1174.8570763927698 -374.2580926424265
-1174.318125115037 -372.5804715162516
-1173.8563042742014 -371.65593570530416
-1173.2876094442606 -369.8418654805422
-1173.1025513124466 -368.11905115902425
-1172.433168144226 -366.3029262429476
-1172.1007583451271 -364.4212796097994
-1171.8627450478077 -362.6451858884096
-1171.1970046174526 -360.78415530979635
-1171.4599721443653 -358.9040140515566
-1171.3437983703614 -357.0357174283266
-1171.095264927745 -355.60095757305623
-1170.4323502343893 -353.77951306164266
-1170.4398788523674 -352.12312525570394
-1170.9508705449105 -350.7957194453478
-1170.5714433801174 -349.6503009206057
-1170.8526729357243 -347.77754086315633
-1170.947026604116 -345.83957952320577
-1171.4923596915603 -343.9495336419344
-1172.0653614339233 -342.0496448880434
-1172.1158348482847 -340.1668164139986
-1172.2469136577845 -338.2988023167849
-1172.3678422731161 -336.99143427670003
-1172.8760763567686 -335.66217380821706
-1172.980331377387 -333.90055447876455
-1172.9095201280713 -332.23242014706136
-1172.6148458507657 -330.9938089257479
-1172.5985228654743 -329.4327656632662
-1173.201909148395 -327.6348338729143
-1173.0429764774442 -325.8918265706301
-1172.011198976338 -324.27294308006765
-1171.6132362869382 -322.4594988232851
-1171.5839361336828 -320.7355145817995
-1170.7663011339307 -319.89022684156896
-1169.9064434555173 -318.5663716799021
-1168.1545830753446 -317.60532522261144
-1167.6443467524648 -316.58006203234197
-1166.71094928056 -315.64806354105474
-1166.200937190354 -314.7941071397066
-1164.9574550774694 -313.9856716400385
-1164.2980127719045 -313.6708187764883
-1163.2736732152105 -312.9740845268965
-1162.5158473041654 -312.354127497077
-1161.6710288313031 -311.99413979113103
-1160.6478493002057 -311.209670663476
-1158.9336311605573 -310.8727585679293
-1158.1870039489866 -310.7973679608107
-1157.3201873090864 -309.82539418399335
-1156.271060922444 -308.73592832744123
-1154.9075151470304 -308.1427316373587
-1153.191044190228 -306.9842748349905
-1152.710484841168 -305.514566988349
-1151.6230778482557 -304.29472193181516
-1151.4099417415262 -302.8176240628958
-1150.5463038173318 -301.285679191947
-1149.8968983379007 -299.35930082261564
-1150.2865448382497 -297.79121396005155
-1149.5428072598577 -296.6924707597494
-1149.2457503166795 -295.39904078900815
-1149.4724028792978 -293.86949285924436
-1149.7222819414735 -293.1336936658621
-1148.9878317800164 -291.46389803349973
-1149.5801576462388 -290.14539477288724
-1149.7507344570756 -288.286855430007
-1149.7600480255485 -286.6143530315161
-1149.688940384686 -284.67520508229734
-1149.3099604037404 -283.15208110272886
-1148.8266631749273 -281.3553422397375
-1149.4297037509084 -279.38656935155393
-1148.7819019940496 -278.43065658271314
-1149.0125645932555 -276.55912938773633
-1148.3348516759277 -275.10232952296735
-1148.7294996318221 -273.5726239985228
-1148.9552771684528 -271.7346794909239
-1148.598871820867 -269.87184706389905
-1148.9369550582767 -268.1117524212599
-1149.3228484925628 -266.5008372372389
-1149.002222442329 -264.7479597634077
-1148.9309909877181 -263.62760606467725
-1148.454567962587 -262.2265061444044
-1148.788440668285 -260.62114682853223
-1148.7389746171236 -259.76337447822095
-1149.0624112945795 -258.69980445563795
-1149.2067409914732 -257.474903613925
-1149.0071411293745 -255.81467011630536
-1149.4108153146506 -254.19951728045942
-1149.6166321200133 -252.3824026888609
-1149.8327832382918 -250.90975382983686
-1150.0132926118374 -249.11083033740522
-1149.988315538764 -248.29361370265485
-1150.1821523469687 -246.45064523875715
-1149.8438058656454 -244.74460437953474
-1149.9338940542937 -242.92464235484601
-1149.09790094316 -241.32835438907148
-1148.3854819101095 -240.6266796296835
-1148.2330322426558 -238.94045147359373
-1147.6833148163557 -237.2721919721365
-1147.6299542200566 -236.3271418517828
-1148.2542214405537 -234.89393195569517
-1148.8137769711018 -233.42222818791868
-1148.4986455452442 -232.51798436105253
-1148.1633993697167 -230.88490495145322
-1148.2116342012584 -229.614443153739
-1148.5857302372158 -227.79447469174863
-1148.8658400003612 -226.3445172017813
-1148.178307813853 -225.21693107545377
-1148.0149175052345 -223.65215191304685
-1147.2484992866218 -221.90657004773618
-1146.9899864022434 -220.54633435666562
-1147.3021230225265 -219.2061350053549
-1147.2381056521833 -218.1231717771292
-1147.1639345858991 -216.9113692945242
-1146.64508360371 -215.52386614739896
-1146.3730899070204 -213.8140508836508
-1146.066832599491 -212.69536265790464
-1145.544669148773 -210.98767218053342
-1145.446346489042 -210.0331403321028
-1144.296754089445 -208.35225907027723
-1143.8787801538408 -207.50232514798643
-1143.9854268555343 -205.98980888783933
-1143.4699846033752 -204.42422458589078
-1142.6629098181427 -202.70102927148343
-1142.7490016196668 -200.7456252282858
-1142.02066415295 -199.75832459390165
-1141.8930428896845 -198.07438668668271
-1141.7593304638565 -196.4362866586447
-1141.6898496349156 -195.42043063104154
-1141.8629815031588 -194.01135262906553
-1141.1984678556025 -193.22560736596586
-1141.106220637709 -191.4113135045767
-1141.81594983235 -189.7403477138281
-1142.5827336658538 -188.40446421563627
-1142.182393347174 -186.47283551156522
-1142.670823251158 -185.66484054982664
-1142.8387609620393 -183.9032512611151
-1143.295704742223 -182.50445339143278
-1143.018798877746 -181.95309236705305
-1143.1349502180517 -181.31154087245466
-1143.3739385281503 -179.84256842792036
-1143.2597640876472 -177.93580725848676
-1142.933269840926 -176.10014715850355
-1142.8310571660102 -174.5840059822798
-1143.0781307716668 -173.14929786384107
-1143.1467274923623 -171.75044909179212
-1143.4340035815537 -169.9895645684004
-1143.529456307441 -168.18144455611707
-1143.1921230752766 -167.58297315299512
-1142.1628983218968 -166.500245243907
-1141.2708153922856 -165.01065209567548
-1139.886212964803 -164.5736151045561
-1139.274650951177 -163.8277142351866
-1138.0818336208165 -162.9131542748213
-1137.2178195913136 -162.27642652451993
-1135.80908348158 -161.5791291898489
-1134.1429939468205 -161.19782194554807
-1132.7761142452061 -160.69473341166974
-1131.3305570085347 -160.28829118669034
-1130.2145360906422 -159.90159639775754
-1129.042838474065 -159.28511521279813
-1128.047189911157 -158.8515582984686
-1126.2542554934323 -159.09842132091524
-1125.6784832079709 -159.09080055415632
-1124.7530487377942 -158.84707550764085
-1122.8250435192883 -158.91840541422368
-1121.8797749479115 -158.96159471631051
-1120.4797264535725 -159.54183580040933
-1119.8993209202588 -159.06951732993127
-1118.2230227787793 -159.07818336844446
-1116.4693544705212 -158.67628412008287
-1114.8694762785733 -158.17398928165437
-1113.5812159378827 -157.8701885199547
-1113.0039951999486 -158.18306250929834
-1111.2926879127324 -157.64406128287317
-1110.1155055959523 -157.3536060011387
-1108.2807095248997 -157.35625839293004
-1107.6929911573231 -158.0486423379183
-1106.671682973653 -157.63228717505933
-1105.7218567331136 -157.63005223929883
-1104.391927858144 -158.37656864583494
-1103.0524770219624 -158.1911342895031
-1102.2372841437161 -158.04566548824312
-1100.695417841226 -157.40946523904802
-1099.038467963487 -157.56809757709505
-1097.8255984385312 -157.17049913167955
