-1192.22 -440.36
-1193.2271873664856 -439.95246763587
-1193.713629872799 -439.1699509179592
-1194.5431388926506 -439.0358101731539
-1195.6258529734612 -438.0209515696764
-1196.128651828766 -437.3171195393801
-1197.5303215694428 -437.32245838701726
-1198.352929623127 -435.98438751757146
-1198.227802426815 -434.6853926187754
-1198.472289161086 -432.96465539991857
-1199.0036351245642 -431.6963407999277
-1198.5683705073595 -429.95480775892736
-1198.2372069519758 -429.2582197791338
-1197.9195020657778 -427.4137879019976
-1198.4523172837496 -426.71123129189016
-1198.9136972290278 -425.5838750010729
-1198.6645936381817 -424.7276786571741
-1198.4511175614596 -423.7539809948206
-1198.6692485374213 -421.95035064280034
-1198.7575645011664 -420.9695173507929
-1199.2162501972914 -419.46492469370367
-1198.922145561576 -417.7806571727991
-1198.6041862529516 -416.74100911676885
-1199.1662383836508 -415.81689852535726
-1199.6454904836417 -414.66424816906454
-1199.574171127081 -413.86590141117574
-1199.3061705839634 -412.6248688107729
-1199.5001050245762 -411.6096716529131
-1199.878490985632 -410.7989984756708
-1199.6988820147515 -408.97633993685247
-1200.1765331935883 -407.385807633996
-1200.2932972994447 -405.4325040584803
-1200.6369377163053 -404.1688013082743
-1201.2432378318906 -402.65048658907415
-1200.8890657511354 -401.69269949257375
-1200.70570150882 -401.1120327717066
-1200.1993428853154 -399.59770762979986
-1200.3025772359968 -398.8512482649088
-1199.861715951264 -397.5222655540705
-1199.9377061513067 -395.79001975119115
-1199.2567901995778 -394.3950052267313
-1199.2948181119561 -392.92693495810033
-1198.688064405024 -392.32141482889654
-1197.8599611011148 -392.22643935739995
-1196.7753861632943 -391.090240598321
-1196.1247976508737 -390.68773615419866
-1194.264188119471 -390.24043348491193
-1193.0152735200525 -389.80388107955457
-1192.1229603973031 -389.1825324600935
-1190.751139947474 -389.5581624811888
-1190.0621836867929 -389.4414600214362
-1188.8403511729837 -389.26283321589233
-1187.942993709147 -388.520001270473
-1186.5029185500741 -388.4106498962641
-1184.9435036864877 -388.4137907113321
-1183.4059607473016 -387.9274333800562
-1182.6520335164666 -387.8444260518439
-1181.6784015980363 -387.5828936259635
-1179.8151308384538 -388.1204779903777
-1179.1086631503701 -388.4487520913966
-1177.6660383430124 -388.0071618418582
-1176.2177571740747 -387.76532106207685
-1175.5713028398156 -387.2318541269191
-1174.9402436700464 -387.3866054724343
-1173.9204354968667 -387.1753305356391
-1172.8119924750924 -386.77487529920415
-1171.1062222209573 -386.38111575054006
-1169.843368240893 -385.8795806925185
-1168.3568086114526 -385.0402612845786
-1167.4876077857614 -385.56215705083684
-1166.259964415133 -385.4260116826184
-1164.6060552087426 -385.3017214100249
-1163.1755783048272 -385.6218465726264
-1161.499053427279 -385.1600474278815
-1159.733339497149 -385.55664847897367
-1159.0958715167642 -385.46190644906835
-1157.1461086955667 -385.1621921818145
-1156.0405364719034 -384.18520404504613
-1154.5541836705804 -383.9904993038066
-1153.5407437768579 -383.94542307140307
-1151.9629771199823 -383.52013084771113
-1151.2459165540338 -382.9465608942695
-1150.2729854670167 -381.95033434512095
-1149.5108533588052 -381.40545401455836
-1148.3107034650445 -380.24105522515254
-1148.7296372142434 -378.9498779523559
-1148.413970926106 -377.65759310605006
-1148.5151673045755 -376.47624931218104
-1147.712640413344 -374.6008848893829
-1147.2289168921113 -373.5367793786712
-1147.273645990789 -372.6431435692497
-1146.8442776736617 -371.35842577101664
-1146.6557880577445 -370.2991353619285
-1146.8405364689231 -368.780445848722
-1146.4236546692252 -367.91627315165476
-1146.5436536830664 -366.8046102869697
-1146.5109928113222 -365.25265673281626
-1146.4976743918658 -363.66928604723887
-1146.4236639004946 -362.43713823439555
-1146.0160611134768 -360.77403155447917
-1145.2158018809557 -359.3042737591453
-1144.1001190406084 -357.9965343821235
-1143.6760303241015 -356.2698169100471
-1143.6012477588654 -354.5098069060035
-1142.9944797468186 -353.02626112582163
-1143.119886995554 -351.6950472939201
-1142.5043649089337 -350.06427518012003
-1142.2585461449623 -348.30069211604075
-1142.2920880180598 -346.69293645503
-1141.8378662627936 -345.5118447888084
-1141.8603349637986 -344.0595306503959
-1141.9148920562864 -342.9484765875526
-1141.4578960624337 -341.51143470885233
-1141.1260822799802 -340.034582649488
-1141.264904269278 -338.2071528780647
-1141.5062323746085 -336.39941385867075
-1141.2630175736547 -335.2592916834541
-1140.9381935682893 -333.4124009955116
-1140.9629095506668 -332.29795840861277
-1141.67598590374 -331.127004061956
-1141.5306981813908 -330.21772102000193
-1141.2958900344372 -328.39519837977366
-1141.2561422039569 -326.8504001248069
-1142.2759566952288 -325.6694522249885
-1142.341460158378 -324.58167294146494
-1141.9952869911492 -323.2338538515754
-1142.5290076036752 -321.733019982595
-1142.8778073687852 -320.6733519184776
-1143.308717777282 -319.8040851104446
-1143.8055749435723 -318.00142869831996
-1143.106984784156 -316.74362645031886
-1143.227535982877 -314.8582259166427
-1143.1827367556095 -313.36855444790797
-1143.432341696024 -312.0271473872848
-1142.8659653675556 -310.86987576367335
-1143.3078923237324 -309.86804566266017
-1143.2365236592293 -308.238161538858
-1143.0689226698876 -307.60546216847376
-1142.5344209980965 -306.31352624775843
-1142.1611304593087 -305.4358147132583
-1142.4328117084503 -304.43541834237055
-1142.9664743852616 -303.08406696202235
-1143.1187185359001 -302.44928458811717
-1142.7292906355858 -301.55608168723063
-1142.3639962387085 -300.6386382925697
-1142.9343017053604 -299.3155931580253
-1143.2621196520329 -298.4913322079368
-1143.192057506442 -297.08536115767436
-1142.9621727478504 -296.5272903788276
-1143.5897900474072 -294.76962700964884
-1143.9333567035198 -293.4592814791389
-1143.3215758216381 -291.9960348952003
-1143.6273711633683 -290.7727548229881
-1143.2244339299202 -289.6652267325111
-1143.084140689373 -287.87265792967753
-1143.6695928883553 -286.5288945782371
-1143.601683588028 -285.4159578430839
-1144.4619798374176 -284.67211363198237
-1144.1772783708573 -282.92320892693476
-1144.1466346991062 -281.7880643356033
-1144.1140278589726 -280.7594370591827
-1145.146446825266 -279.9758095491119
-1144.984052093029 -278.2095772969909
-1145.4378515791893 -277.29487094761805
-1145.8836600494385 -275.7781573283859
-1145.8319846105576 -274.6798459041305
-1146.9516519021988 -273.54861853005366
-1147.7252701830864 -272.10318419815974
-1147.9326597762108 -271.2629837739654
-1147.8850382503867 -270.3162638294883
-1147.960682028234 -269.22705427290873
-1147.7026565906406 -268.58550116898493
-1147.4356929299236 -267.11903724553065
-1147.0163988110423 -265.6449213969894
-1146.807781392038 -264.1379301297851
-1146.9451020744443 -263.07666644932704
-1147.7959675577283 -261.93580076577143
-1148.6022373226285 -261.0063088882156
-1148.28000752002 -259.2187840688415
-1148.6752757814527 -258.59389940382914
-1148.6989049960673 -257.3179159510322
-1148.9109218020737 -256.1991519081779
-1149.0711353768409 -254.5267303335853
-1148.9410584916175 -253.5247714865394
-1148.7770080317557 -251.84822777392344
-1149.0145634163916 -250.5194176781364
-1148.8581700076163 -249.4747169363685
-1148.6391642440856 -247.85288838030772
-1148.90241000548 -246.94305912138896
-1148.7359960277379 -245.61341587187724
-1148.0911660392583 -243.92377928378062
-1147.949058239609 -242.23942426325755
-1148.2842370916903 -241.13452700259165
-1148.0063112725318 -239.90162972094492
-1147.386646245867 -238.8640870201774
-1147.646741693169 -237.20570055129008
-1147.6880133759976 -235.70983532549815
-1148.0293230724335 -234.242110406179
-1147.8709102731943 -232.5676319945045
-1147.8188659076393 -230.6976335394569
-1147.3522583965957 -229.5679240572639
-1146.9130762641132 -228.15886703612284
-1147.1750852887333 -226.7221352207847
-1147.3350800399483 -225.77224877955393
-1146.8627904181183 -224.14204994322733
-1146.2666984324158 -222.74486712099986
-1145.4981597189606 -221.0895543444343
-1145.5779094521702 -220.37459162356333
-1144.9608874742687 -219.05856183649973
-1145.357768279761 -217.5639869320579
-1144.9525677089393 -216.75201943995432
-1143.8998752956093 -215.12977400900797
-1143.7259308819473 -214.42229500891642
-1143.8811313186586 -213.95337829472498
-1144.0344626878202 -212.61684701325373
-1143.3853007529676 -211.25926539780573
-1143.6217538391054 -209.47246739747004
-1143.769719300121 -207.94096395852046
-1143.0547493074835 -206.40255663277583
-1142.5822236810625 -205.16393849732356
-1142.4249140743912 -203.59926268937068
-1142.2778504018486 -202.16205236794428
-1141.6785616998375 -200.26040003182368
-1141.251905632466 -198.80196735741572
-1141.527859133929 -197.23308513047175
-1141.90519968912 -196.11705062272028
-1141.627827001065 -194.43810758473353
-1142.2017464761436 -193.4474279034324
-1142.7777888302505 -192.63398758055644
-1142.78308494322 -191.08429006220774
-1142.7299803153426 -190.3928220021911
-1143.2590442553908 -189.5227563131042
-1143.7672859684378 -187.86796710373835
-1143.6513794169575 -186.88392493607478
-1143.7699910134822 -185.61367556931452
-1143.8252175629884 -184.65498343588786
-1144.0627606988699 -183.44951883437113
-1144.5021554709226 -181.54393569113688
-1144.7270625115186 -179.94625273825602
-1144.8743693561107 -178.63704470278697
-1144.3007932633907 -177.86167881371455
-1143.8132888705284 -176.1691472280212
-1143.3746659190208 -174.95302936913447
-1142.6418400437385 -173.86944112660365
-1142.9809777469188 -172.0781863677688
-1142.2576861114055 -171.159902130384
-1142.1639930487424 -170.179315422792
-1141.6889934719354 -168.3424446332641
-1141.7446097613126 -167.65546414734797
-1140.548576521948 -166.61881027104334
-1139.7661967159063 -165.40574130894618
-1139.517721998766 -164.33344826580958
-1137.7867983461172 -163.05634436490016
-1136.7205647111684 -162.4311105358787
-1136.0569887638837 -161.85598221899943
-1134.617766666487 -162.31469390274958
-1133.0519974709302 -161.3885267722793
-1131.313638734892 -161.56488952519373
-1130.5229171396047 -161.12175378682093
-1129.915692198351 -160.61538157345728
-1128.4742932201177 -159.9300916540809
-1127.8778585077077 -159.51426148893313
-1126.7466713071615 -159.07814771415667
-1125.5546529174596 -159.60019261123614
-1124.2558156133443 -159.55839725317435
-1122.8559595227987 -159.19306733192877
-1121.2973644614965 -159.56136359753089
-1120.2448532462865 -159.67731766136365
-1119.3677812696249 -159.74697345228867
-1118.3596312881261 -159.28649785848336
-1116.6071162105352 -158.85750207038598
-1115.6042693734914 -159.06838074060158
-1114.7077538848669 -158.51507112117486
-1112.9598271728307 -159.09773495526986
-1112.495311248377 -158.81507906051354
-1110.694597947672 -159.15664919944481
-1109.3214702487737 -158.77410870524125
-1107.7928656221181 -158.2439019057341
-1106.6595637679845 -157.72758900852875
-1105.6490069509298 -157.43766832085328
-1104.8829261542112 -157.2618884417601
-1104.1860684634 -157.58956384392457
-1102.849356937483 -158.25508892269806
-1101.735904383734 -158.24293570699172
-1100.8961802006513 -159.07801072778182
-1099.699252414778 -158.28946887435393
-1098.2800986052305 -159.1379815834947
