-1192.22 -440.36
-1193.4050496530533 -439.7429394578934
-1194.5943683099747 -439.12769715547563
-1195.7207981061936 -438.63786481380464
-1197.139417142868 -437.8563582158089
-1197.8442974996567 -437.2959067082405
-1199.26905128479 -436.75940679073335
-1199.5295742464066 -435.1398743247986
-1199.511487634182 -433.5642467594147
-1199.9114763748646 -431.85467873573305
-1199.9067080628872 -429.99056445121767
-1200.0008844000101 -428.3821209526062
-1200.2246568661928 -427.1266289806366
-1200.3182223153115 -425.7057901477814
-1200.3617655944824 -424.74338762521745
-1199.8876036715508 -422.9887539601326
-1199.5536708545685 -421.20248143434526
-1199.5857501339913 -419.38814918756486
-1199.262264699936 -417.9975132203102
-1199.49662537992 -416.7424786543846
-1199.4515345555544 -414.86669485330583
-1199.2539226275683 -413.63212661504747
-1199.824645088315 -412.18204216718675
-1200.5243486624956 -410.68848101854326
-1200.930158392787 -409.07165162324907
-1200.799566553235 -407.20195882081987
-1200.6262243252993 -406.4834127879143
-1200.2752234202624 -404.6016762709618
-1200.4776047331095 -403.3174566483498
-1200.5817202043534 -402.1613089299202
-1200.4805411410332 -400.53975586652757
-1200.3825960469246 -398.6717064833641
-1200.7366435837746 -396.9077575659752
-1200.3061815214157 -395.63397733926774
-1200.8740796756745 -394.76971392393114
-1200.391488404274 -393.5348351454735
-1200.3233598780632 -391.8304450964928
-1199.9498440635205 -390.4670333123207
-1200.0453051191569 -389.5536966776848
-1200.619869337678 -388.4313762640953
-1200.4345491540432 -386.6363771414757
-1201.1174221646786 -385.28739111185075
-1201.4629833114147 -383.55766515493394
-1201.2027947616577 -381.6302155709267
-1201.1276213687659 -380.4380677199364
-1201.1120473754406 -378.7981853938103
-1201.1885217514634 -376.9451544737816
-1200.829103448689 -375.71272496938707
-1200.522627272904 -373.817446038723
-1200.5793026325107 -372.11916820764543
-1200.9835738179088 -370.4634925580025
-1200.8159710255266 -368.6683516955376
-1200.8718219187856 -367.46947674512865
-1200.5447155621648 -365.54727427721025
-1200.6091669139266 -363.59302680253984
-1200.2480923172832 -362.16846935510637
-1200.9049934980274 -360.3182754969597
-1201.3388612803817 -358.64403168916704
-1201.3162125584483 -356.69580976724626
-1201.8630444046855 -354.9967602944374
-1201.7460982960463 -353.2527069306374
-1201.1840098065138 -352.17795567274095
-1201.3734578800202 -350.45649485349657
-1202.023244292736 -349.30172221422197
-1201.8465467107296 -348.12198369264604
-1202.0649610471726 -347.0414804673195
-1202.3539003443718 -345.34025232553483
-1202.172509522438 -343.51428429841997
-1202.2109230992198 -342.0247817492485
-1202.7564610478282 -340.4419987654686
-1202.991036989987 -339.1681746697426
-1202.7658233132959 -337.26759068727495
-1202.449729808867 -335.46494881868364
-1202.21059189111 -333.6638237690926
-1201.934507587254 -331.8306171154976
-1202.140201100409 -330.40369801282884
-1201.5961029615999 -328.50614361524583
-1202.0313029375673 -327.13021354436876
-1202.5678275313974 -325.29345373868944
-1201.8292808023095 -323.5494139647484
-1201.552203783095 -322.16441159009935
-1201.1093493786454 -320.7381037926674
-1200.9881451514364 -319.120349214077
-1201.571458258927 -317.21961025953294
-1201.1078033831716 -316.15404574632646
-1201.0851152923703 -314.7611577963829
-1201.8674448516965 -313.44664017915727
-1201.8651176330447 -311.65740339517595
-1202.3391055104137 -310.2207993721962
-1201.8548596140743 -308.3242639756203
-1202.5922366020084 -306.35664384126665
-1202.4115547326207 -305.20398180246355
-1202.3313139241934 -304.15787009954454
-1202.6192638140917 -302.38419298887254
-1202.6345677080378 -300.43063454389574
-1202.5668388607726 -298.64696483373643
-1203.0157242717967 -296.9072022891045
-1202.6619632246718 -295.2892590022087
-1202.8655056807027 -293.7127197241783
-1202.973103881143 -291.85961680173875
-1202.9363987038657 -290.26982991456987
-1202.2086472104118 -288.701505587101
-1201.995233748369 -287.4120725846291
-1202.083781790249 -285.8145412659645
-1201.603641104214 -284.6366653895378
-1202.397262882702 -283.78590576410295
-1202.8826005871222 -282.5991309142113
-1202.6441871936247 -280.9697633242607
-1203.0317695255205 -279.2947407221794
-1202.4915901536867 -277.43204681634904
-1202.248536762111 -276.142877266407
-1201.7196510995552 -274.6389688706398
-1201.772624518983 -273.086404607296
-1201.9173120672629 -271.5353930449486
-1201.445580434315 -270.0301350808144
-1201.599459942691 -268.30658476114274
-1201.561775576584 -266.5496775364876
-1201.1622450466082 -265.0264739251137
-1201.4444168026373 -263.5053685164452
-1202.3017686421797 -262.0531956410408
-1201.9837766404078 -260.26700417757036
-1202.5555126185343 -258.3694538331032
-1202.8996725196764 -256.59173195123674
-1202.7872882599756 -255.45855622053148
-1202.7036054248736 -253.67967931985856
-1202.2221204752848 -251.94209306001665
-1202.2215736734495 -250.4195275759697
-1202.555798910819 -248.6484415984154
-1202.3203715312109 -246.702855155468
-1201.9056181537733 -244.88169591188432
-1202.081661545001 -243.76367740392686
-1202.7187547909841 -242.09900252580644
-1202.8332574668154 -240.76222722291948
-1202.2540470066294 -238.94863681554796
-1202.0470824840293 -237.88785402536394
-1201.999045960866 -236.40320198297502
-1202.6720936226473 -234.52108018159868
-1202.4837701844797 -232.79475037813188
-1202.4028919565305 -230.9367658352852
-1202.0952086376772 -229.35377113580705
-1201.8094074356184 -227.73796765565874
-1201.2694487797842 -226.4771072125435
-1201.8749834525213 -224.89197652101518
-1202.0897542166338 -223.1407772755623
-1201.171119801961 -221.97898523569108
-1200.0108522104845 -220.3437618470192
-1198.7660925316438 -219.14335982561113
-1197.8611892985925 -218.7976650452614
-1196.3520491647348 -217.30565230607988
-1195.1554234552011 -216.00230901002885
-1194.6497700738535 -215.0854891395569
-1193.308501653634 -214.36405436754228
-1191.5624819326029 -214.7667071080208
-1190.473388366662 -214.69406114578248
-1188.7927059459314 -213.9583558893204
-1187.7407662200555 -214.353575245142
-1186.2133085059747 -214.05251638650896
-1184.7174476909265 -213.2973854994774
-1183.3012176084146 -213.52354960203172
-1181.5326259660349 -213.23678754329683
-1180.680100791417 -212.86058948993684
-1179.2995376515016 -212.35545228481294
-1178.0539731907472 -212.0340128695965
-1177.309288792573 -211.47966833472253
-1176.319076232873 -211.95000593423845
-1175.2248842048273 -211.62635277271272
-1174.033994965516 -211.74641856610776
-1173.3053990530595 -211.2746460145712
-1171.673960559331 -211.3220194733143
-1170.298884861432 -211.22568981409074
-1169.6884308385477 -211.041621581316
-1168.2214959191904 -210.94206483721734
-1167.6362911986932 -211.00694106578828
-1166.5304306077585 -211.3622543370724
-1165.5653917121515 -211.6925280249119
-1164.8704454826936 -211.7035266762972
-1163.753803245984 -212.04056605756284
-1162.3696095871553 -211.7294427162409
-1161.6480624603853 -211.6804364925623
-1159.7694184708223 -211.58349249571563
-1159.0669537710771 -211.15572137445213
-1157.6467468666658 -210.35045094102622
-1156.3731859850511 -209.6760423859954
-1155.2767292189226 -208.75205857366325
-1154.1730812716112 -207.88623810619117
-1153.7737978028879 -206.7167607626319
-1152.1389130878076 -206.10951770156623
-1151.184634439908 -205.77664677113296
-1149.770154468976 -205.1876331946254
-1148.635487668477 -205.66708514899017
-1148.135249905549 -205.0211621901393
-1146.92569654461 -204.8033912858367
-1146.577555530034 -203.4111157140136
-1145.212363951169 -202.5069626054168
-1144.4231383728609 -201.20702344983818
-1143.5329263138399 -200.42263496726753
-1142.7692381071672 -198.7722878536582
-1142.7643898653612 -197.23285294383766
-1142.4821308779344 -195.83658517211677
-1142.5388964640722 -194.037466891706
-1141.9482150303945 -192.62816572993995
-1141.7267160641775 -191.0284348806739
-1140.8547191845998 -190.40333897680046
-1139.2361903416738 -189.49669987767936
-1137.8102557885275 -189.02182162612678
-1136.4310362565145 -189.0947502037883
-1135.3189651000127 -188.297208943069
-1134.286597870551 -188.42967265158893
-1132.6940354334936 -188.6531012734771
-1131.6473334061727 -188.15365124553443
-1130.7448392140493 -187.74658761233093
-1129.3458941208944 -188.02185729950668
-1127.7001917588339 -188.21935933142902
-1126.9131903874502 -187.64620768338443
-1125.2982987391576 -187.58590917348863
-1124.116660736762 -186.7201270914078
-1122.7305493580923 -186.09046946525575
-1122.0073946940527 -185.74035875558855
-1121.1259415375814 -185.70066927433015
-1119.5006237256155 -185.85870967864992
-1118.9397544490919 -185.46862717032434
-1117.1766085254774 -185.14917667269708
-1115.4305734264478 -184.63330014109613
-1114.0326445924863 -185.03483827471734
-1113.2751267182455 -184.58396793961526
-1111.502055429183 -185.00386853575708
-1109.990878127776 -184.4479157483578
-1109.0772177207098 -184.72341986060144
-1108.1584311949835 -184.69843848109247
-1106.3195882069692 -184.9651807999611
-1105.606276475154 -185.093077660203
-1104.9533800708875 -185.45454353153707
-1104.3851099836454 -185.55409774243833
-1103.4751945364103 -185.274124712348
-1101.9917801248655 -185.62464204490186
-1100.5533352720365 -186.40797790944578
-1099.9529904353246 -185.79533222377302
