-1192.22 -440.36
-1193.6682851028443 -438.97996984481813
-1195.0771811914444 -437.5757701253891
-1196.715764374733 -436.67720077991487
-1198.1543410730362 -435.00966022968294
-1198.850552828312 -433.18736575603486
-1199.6434102964402 -431.4237530088425
-1200.4970810723305 -429.48414300441743
-1201.1908371758461 -427.64241002559663
-1201.1587799277902 -426.10871945381166
-1201.4139600482583 -424.13402555942537
-1202.0232979145646 -422.2798204278946
-1202.4077005770803 -420.3766382789612
-1202.9221804526449 -418.43904505729677
-1203.2832466450334 -416.60725711345674
-1203.485287823975 -414.7381760931015
-1203.95253775388 -412.88735924720766
-1204.3113737490773 -411.4546810245514
-1204.3426670220495 -409.5545046186447
-1204.5141359356046 -407.80773089885713
-1204.7573800173402 -405.96047256946565
-1204.6143260088563 -404.2750060415268
-1204.7873349574209 -402.5156386947632
-1204.8858947840333 -400.6509791469574
-1205.116523423493 -399.196852312088
-1204.9925969329477 -397.3764022445679
-1205.3032816436887 -395.6375688171387
-1205.4306437757612 -393.833813533783
-1205.6329794314504 -392.021372423172
-1205.6830039408803 -390.26250635147096
-1205.8783995297551 -388.4284759616852
-1206.0585747745633 -386.7721060371399
-1205.8343136098981 -384.9522570228577
-1205.937642851174 -383.4632935380936
-1206.0175553944707 -382.25604914188386
-1205.9822521594167 -380.58298681735994
-1205.1679042366147 -378.8353021001816
-1205.4311204639077 -377.4974697685242
-1205.082004198134 -375.93189440727235
-1205.2240839985013 -374.2283969974518
-1205.3804136899114 -372.9559099531174
-1205.2479402807355 -371.32299397945405
-1205.533664920628 -369.87816844940187
-1205.408051469624 -368.5593761062622
-1205.4091890838743 -366.8025156116486
-1205.693092444241 -365.24787722587587
-1205.6378891554475 -363.69502876758577
-1205.8634550061822 -361.94975207805635
-1205.9483661141992 -360.2799756383896
-1205.875996568501 -358.53387807369234
-1206.049182036221 -357.50834463596345
-1206.2730721619726 -355.76190637111665
-1206.4917819288373 -354.1202632045746
-1206.6701443579793 -352.8898775434494
-1206.6336253073812 -351.0618517255783
-1206.7499998000264 -349.2895862913132
-1206.6436534908414 -347.6477027988434
-1206.6324030545354 -345.88625966072084
-1206.5036062684655 -344.40163706302644
-1206.2694661703706 -342.5449094629288
-1206.2971685913205 -340.9795446252823
-1206.5708271053434 -339.16001175403596
-1206.369475850165 -337.5238185977936
-1206.36089358598 -335.8094104385376
-1206.1441812303663 -334.263945684433
-1206.2206771460176 -332.72869740486146
-1205.9844649520517 -331.2179354286194
-1205.7205780234933 -329.41429935455324
-1205.766600587666 -327.6096988773346
-1206.1088059034944 -325.7113491153717
-1205.638710000813 -323.8618081665039
-1205.5726624813676 -322.3117273902893
-1205.8362884309888 -321.7094670391083
-1206.1055892792344 -319.9975651359558
-1206.356990942061 -319.11482785701753
-1206.5344399300218 -317.56768010616304
-1206.6288496342302 -316.287733540535
-1206.7857884255052 -315.4446596360207
-1207.0045865264535 -313.9617468571663
-1206.9314135697484 -312.19744484186174
-1206.5724072244764 -311.3618362402916
-1206.4401718464494 -309.59090356588365
-1206.270671942532 -308.1622698760033
-1205.442599156201 -306.599530980587
-1205.5720867303014 -305.22196392774583
-1205.266526260674 -303.7465395188332
-1205.6121656087041 -302.0429109787941
-1205.7514000621438 -300.97970418691636
-1205.9952264514566 -299.9481639122963
-1206.1063923624158 -298.2384919381142
-1206.2959658291936 -296.694034383297
-1206.421176352799 -294.9928050494194
-1206.6164771404863 -294.04669468164445
-1206.8389257279039 -292.46458368062974
-1206.911671229899 -291.83502249479295
-1207.033294686377 -290.81471435785295
-1207.2030057993531 -289.89185802698137
-1206.9202276852727 -288.75812046289445
-1206.9806267407537 -287.28645448446275
-1207.0443857100606 -286.24530749082567
-1207.1524959591031 -284.91334728956224
-1206.6762643244863 -283.6082758164406
-1206.3432959702611 -282.0994477725029
-1206.3517141726613 -280.86828939676286
-1206.342682876885 -279.3675156092644
-1206.6738568630815 -278.6372284150124
-1206.863565364182 -277.08192531824113
-1207.0633003500104 -275.6844659304619
-1206.9413747277856 -274.0643806910515
-1207.1468859699369 -272.6658441281319
-1207.4812579539418 -271.5747203087807
-1207.6025464323163 -269.93576709985734
-1207.7435766246915 -268.5350474572182
-1207.9272796300054 -267.3309456562996
-1207.6530886080861 -265.66092078447343
-1207.8564740207792 -264.2893720126152
-1207.218093612492 -262.48964898347856
-1206.7017980602384 -261.197093770504
-1206.610552945435 -260.42525415182115
-1206.5632435765863 -259.0590584731102
-1206.1789985385537 -258.34170119524003
-1206.3694693234563 -256.67489807367326
-1206.4523777750135 -255.28158645391466
-1205.6959857729078 -253.61634568929674
-1205.6750710693002 -252.44171123266221
-1205.9768081989885 -251.2628477072716
-1205.7879870322347 -249.5529287314415
-1206.185464271605 -248.42483095884324
-1206.1978324440122 -247.5101335501671
-1206.5925160434842 -246.32702522039415
-1205.8485334900022 -244.50279764890672
-1205.8445856061578 -243.01515607595445
-1205.8298673120141 -241.39213518857957
-1205.6441818860173 -239.7147140955925
-1205.1604622390867 -238.34202759027482
-1205.024877229035 -237.06678251981737
-1204.777518966496 -235.93331520318986
-1204.709555247128 -234.9438840007782
-1204.265305915177 -233.5949946498871
-1203.1216389325261 -233.06644927024843
-1202.699866631329 -231.7949743127823
-1202.5490950730443 -230.50835631847383
-1202.234256246388 -229.3445267534256
-1201.449601688683 -228.281217918396
-1201.3933449175954 -226.93027184963228
-1201.0183874157071 -225.84835361003877
-1200.194065668881 -224.7271544790268
-1199.7996915367246 -224.249741063118
-1199.2970742371679 -223.0907678461075
-1198.4865787413717 -223.36761669874193
-1197.7308061507345 -222.60129867553712
-1197.432206967175 -221.4094182109833
-1196.7135200288892 -221.13685195207597
-1195.1406225946546 -220.37869946718217
-1194.5191469576955 -219.93821998000146
-1193.6763414528966 -220.2111415719986
-1192.549685755074 -219.61665092468263
-1191.9406803038717 -219.18438716292383
-1191.4571243909002 -219.23195503711702
-1190.4562759783864 -218.99593079149724
-1189.9266698148847 -218.58346122562887
-1189.0956430223584 -217.95600146114828
-1188.4174219158292 -218.2490478461981
-1187.771145143807 -217.85292100965978
-1187.3194572713971 -218.130531013608
-1186.760767915547 -217.59012264072896
-1186.3008806493879 -217.95692735970022
-1185.7120637086034 -218.00135344326497
-1185.1405140545965 -218.23792311608793
-1184.5580494192243 -218.8853391712904
-1183.0079470661283 -218.75317463338376
-1182.5340818551183 -218.44975760638715
-1182.0073082831502 -218.44139126934112
-1180.5882149127126 -218.06363076962532
-1179.9488242653013 -217.8556822190434
-1178.5096239832044 -218.18782376743854
-1177.7867123273015 -218.11884720124306
-1176.885369577706 -217.59629548586906
-1176.309679606259 -217.18488938607277
-1174.94534442693 -216.71549744404854
-1174.4602310445905 -216.59362700082363
-1173.604420402348 -216.2152647624165
-1173.0506310847402 -215.99353309966625
-1172.3114153531194 -216.05403694011272
-1171.5825810220838 -216.2353051850945
-1171.1065563347936 -215.8873454282433
-1170.7344174173475 -215.80960466958584
-1170.099912801087 -216.38983603812756
-1169.5533830311895 -216.8312865445763
-1168.9924153473974 -216.56893887616695
-1167.232589879334 -216.11646523572506
-1166.2956272152067 -216.42211913563312
-1164.8409340170026 -216.79516589142384
-1164.380526998341 -216.7455146262795
-1163.6997668531537 -216.75528031088413
-1162.0249615696073 -216.4810873220116
-1161.361820140183 -215.82866119839252
-1160.8341828373075 -215.9782938013226
-1160.4124431398511 -215.58432772256435
-1158.9630521324277 -215.77719020344318
-1158.320962229073 -215.36781301595272
-1157.2371595290304 -214.4802935371548
-1156.7632529225946 -213.508260274902
-1156.425706037581 -212.42862107850613
-1155.3273804274202 -211.79641106225552
-1154.8184643474222 -211.50872265793384
-1154.285468646586 -210.82517909504475
-1153.6697539773584 -210.09220504261555
-1153.2426173773408 -209.10131227470936
-1152.3516333785653 -208.80015974737705
-1151.533657142222 -207.76784616209568
-1151.0659723368287 -207.26817827917637
-1149.7892373886705 -206.20099549986423
-1149.372435399592 -205.43868237234653
-1148.613086411059 -205.06857355929913
-1147.603908726275 -204.4580603490025
-1147.2412695971132 -202.88128527499737
-1146.3183502045274 -202.3985900232941
-1146.2052033630014 -200.85713785387577
-1146.3017710533738 -199.322153384462
-1146.5117933240533 -197.60389214254917
-1146.5035510149598 -195.690557057634
-1146.0402813640237 -194.5731324503571
-1145.9918437984586 -193.68342190481724
-1145.9642673519254 -193.00527184702457
-1145.2328281787038 -191.61666517950596
-1144.4534559634328 -189.7413610766083
-1144.7604954627157 -188.35602229334415
-1145.1789216187597 -186.80124824739994
-1145.4441540625692 -185.59314923979343
-1145.4020766404271 -184.28250938154758
-1144.9275188532472 -182.5339797089249
-1144.7690773394704 -181.71460991598667
-1144.6837580439449 -180.00279169775547
-1144.6338702526689 -178.4110003063828
-1144.6664534893632 -177.57287066675724
-1144.0380174604059 -176.02995293833317
-1144.5989577260614 -174.470963055864
-1144.5309052553773 -172.93342083193363
-1144.3872319099307 -171.20752113558353
-1144.139853411615 -169.7593272278458
-1143.310640746057 -167.9770198414475
-1142.2564803895355 -166.49542289473118
-1141.9399786528945 -164.95687537886204
-1141.0015002426505 -163.75622444845737
-1140.2679328855872 -162.83845823504032
-1138.952171677053 -163.02305721737446
-1137.6594594654441 -162.2019483397156
-1136.7392363485694 -162.22664629913868
-1135.9302029547096 -161.7990794131905
-1134.7548720774055 -161.89583229519428
-1133.7517354425788 -161.0970531652123
-1132.7205606636405 -160.81960501767696
-1132.2900047239661 -161.23615362741054
-1131.306351417005 -160.7528188774735
-1130.119287365377 -160.15791898466648
-1129.3223980006576 -160.70579260088505
-1127.92665486902 -160.31478753186764
-1127.4754190978408 -160.6138550887257
-1126.544725471437 -160.70217202849688
-1125.8407709535957 -161.08253167815508
-1125.2339186009765 -160.49827693648638
-1124.2731980618835 -160.54806687928738
-1123.0871397790313 -160.89463671542705
-1121.765110307634 -160.6815368781239
-1120.2463274535537 -160.729378881529
-1118.7615435656905 -160.70891781397165
-1117.379793816507 -160.96773348994554
-1115.7402031955123 -161.09850405402483
-1115.1427015003562 -161.1913819486648
-1113.4707060989738 -161.03905727215113
-1112.7649160560966 -161.08092649526895
-1112.181514376104 -160.8536370868236
-1111.0514419016242 -160.34594010062517
-1110.3571094211936 -160.11342405028643
-1108.6016913589835 -159.70105700440706
-1107.5802123484016 -160.0204017633945
-1106.3020286497474 -159.40622870869936
-1105.139546149671 -159.59620334453882
-1103.4338474211097 -158.99491442985834
-1101.6409794029594 -158.43705846615137
-1100.6350281175971 -158.1294984097034
-1099.1568984922767 -158.20138943441214
