-1192.22 -440.36
-1193.4158731412888 -439.60681514501573
-1194.2538945388794 -439.0701319432259
-1195.4006610822678 -438.9421963250637
-1196.2884633255005 -438.9217417693138
-1197.196580619812 -438.25207684993745
-1198.0652372550965 -437.2603621339798
-1199.1624291849137 -436.2727281308174
-1199.2573279750347 -434.6721382594109
-1199.6185747098923 -433.06121985673906
-1199.653345913887 -431.7866659617424
-1199.2209225308895 -430.17621569395067
-1199.4847107541561 -428.36669139623643
-1199.635798559785 -426.5924611544609
-1199.523712233901 -425.029150531292
-1199.7524876606465 -423.53016369104387
-1199.527101070881 -421.8820555663109
-1199.4269696187973 -420.18929557561876
-1199.862268717289 -418.5645106291771
-1199.4777568292618 -417.1981922841072
-1199.1885868918896 -415.7196222996712
-1199.3229808819294 -413.92054836511613
-1199.429337681532 -412.2756809449196
-1200.4827293765545 -410.70835511446
-1199.9903260183335 -409.1537169671059
-1200.2854432177544 -407.2504410004616
-1200.7929779601097 -406.15114264249803
-1201.0538867723942 -404.5533866143227
-1200.7409499299526 -402.86011187791826
-1200.238802255392 -401.2433666443825
-1199.946952970028 -399.3110422348976
-1200.1991719317436 -397.4928774094582
-1199.9831550431252 -395.7907971596718
-1199.595473767519 -394.5940173125267
-1199.8810064208508 -392.91932158231737
-1199.9802200359106 -391.5052907919884
-1200.2872416538 -389.57755117177965
-1201.2099804443121 -387.74152235746385
-1201.728748754859 -385.8344436144829
-1201.67714712888 -384.2655945277214
-1201.5852063682676 -382.49412588834764
-1201.103363313973 -380.82115225553514
-1201.0980695274473 -379.07250396966936
-1200.859411084354 -377.11350958108903
-1200.599422955215 -375.28342692613603
-1200.4369966325164 -374.34191779851915
-1200.8053977426887 -372.66204647779466
-1200.839065605104 -370.7996566748619
-1201.1885473367572 -369.14594821691514
-1201.3765451696515 -367.3745842432976
-1201.3853270050884 -366.06852798223497
-1201.0981296238303 -364.5410643076897
-1200.6832712230087 -362.8490932440758
-1200.3000316855312 -362.18248437404634
-1200.3352160093189 -360.8208153104782
-1200.5218456026912 -358.960363612175
-1200.4177601721883 -357.0224509096146
-1200.1854974713922 -355.8381497716904
-1201.038012572825 -354.0072457647324
-1200.4676732507348 -352.0743374681473
-1200.297793367207 -350.33374188899995
-1200.3840369966626 -348.98025034427644
-1200.061775007546 -347.6526468849182
-1199.6991090264917 -345.9125552034378
-1199.4065463033319 -344.5760898447037
-1200.2450050798059 -343.15842364788057
-1200.2675941374898 -341.25108788967134
-1200.8711976197362 -340.0569021558762
-1200.6325691577792 -338.55352316856386
-1200.1794392105937 -337.50670205116273
-1200.391479485929 -335.8056820487976
-1199.9272757408023 -333.86474095344545
-1199.9261070427299 -332.25832413196565
-1199.6551647421718 -330.63205216884614
-1199.2763845857978 -328.9167744970322
-1198.888824248016 -327.42035697460176
-1198.9962747332454 -325.54807780742647
-1198.991566413343 -324.23891280651094
-1199.4601845380664 -322.358308300972
-1199.3135446843505 -321.3455823516846
-1200.1444708642364 -319.5934656715393
-1200.5904047426582 -317.97832654476167
-1201.2363479670882 -316.48214732170106
-1200.881533050239 -314.58250163555147
-1201.4034818050266 -313.3209162807465
-1200.9267436501384 -311.53547726631166
-1201.3535571929813 -310.3421447134018
-1201.221841776073 -308.5499884939194
-1200.8361288246513 -306.8627700662613
-1200.6819360491634 -305.056671128273
-1200.413769596517 -304.1715725517273
-1200.6189483937621 -302.60588251113893
-1200.2721303638816 -300.8158279514313
-1200.2098405000568 -299.0241571521759
-1199.983117544353 -297.44742594718934
-1200.107924976647 -295.7196606254578
-1200.2043818321824 -294.01789222717287
-1199.9443926301599 -292.2200822687149
-1200.5499080505967 -290.62183128356935
-1200.2761854019761 -288.9135743236542
-1199.9335409489274 -287.52142678260805
-1199.5322735992074 -285.7496780014038
-1199.6593802955747 -283.92085014343263
-1200.6155197408796 -282.94964675664903
-1200.649625339806 -281.6676874613762
-1200.9710759308934 -280.57838051080705
-1201.7338549283147 -278.68951492071153
-1201.6504760172963 -276.7985585188866
-1201.7816348609329 -275.87155561208726
-1201.962360971868 -274.1537988638878
-1202.189885610044 -272.3800498700142
-1202.2585832563043 -270.4907268738747
-1201.7967001584173 -268.991287753582
-1201.9420348641277 -267.0255669808388
-1201.9887241695822 -265.11182002782823
-1201.928707626909 -263.9874774670601
-1202.049868849367 -262.16725318193437
-1202.024492931813 -260.83155326604845
-1202.1943376486004 -259.23596863508226
-1202.6503308539093 -257.725174472332
-1202.8426603500545 -255.95163039922716
-1202.085883242339 -254.11178927183153
-1201.8335532967747 -252.16726009607316
-1201.4985863988102 -250.48834066152574
-1201.2071132485569 -248.87566523313524
-1201.698514265269 -247.26158897638322
-1201.8195476283133 -245.42719511747362
-1202.1332089950145 -243.58624891996385
-1201.9433572639525 -241.83251945734025
-1201.880837147385 -239.8860736346245
-1202.1322010804713 -238.23945419549943
-1202.1175823931396 -237.50099061489107
-1202.2165125583113 -235.9191562986374
-1202.6639735971391 -234.08627460956575
-1201.9918419991434 -232.39012704849245
-1202.1074492160976 -230.52146790981294
-1201.9699233596027 -228.7296873188019
-1201.1821462337673 -226.8939367389679
-1200.7237708096206 -225.29204784393312
-1200.4830457691849 -224.39735959529878
-1199.6629578594864 -222.70150516986848
-1198.8144064669311 -220.86720155239107
-1197.682686162442 -219.36154638290407
-1196.7186480288208 -217.87684093475343
-1195.2587412123382 -217.05053786993028
-1194.3856538657844 -216.20203356504442
-1192.7350044374168 -215.20362465143205
-1190.9277963761986 -214.43912486791612
-1189.7607019071281 -214.6572039282322
-1188.5686662320793 -214.11483843684198
-1187.523511660546 -213.84744687438013
-1186.0880904321373 -213.18719936966897
-1184.270241034478 -213.44893832564355
-1182.5023398523033 -212.80070169329645
-1181.6309185151756 -212.954881772995
-1180.196195614785 -212.60317559599878
-1179.4651038174331 -212.42391745805742
-1178.3616126303375 -211.9408552503586
-1177.4082915906608 -212.30715607166292
-1175.6115856294334 -212.0561726844311
-1173.8951048974693 -212.14526361286642
-1172.3012926702202 -211.77029547154905
-1170.394877922982 -211.23940756976606
-1168.9278577689827 -211.4706951981783
-1167.4440759544075 -211.40232898354532
-1165.9524811629951 -211.91314871668817
-1164.1141352777183 -211.85990651011468
-1163.3853268747032 -212.50858093857767
-1161.7437054042518 -212.5684202207625
-1160.198605311364 -212.55036920368673
-1158.7312886838615 -212.28955027520658
-1157.1527390603721 -211.23426339089872
-1156.2327439312637 -210.54280647695066
-1154.988206577748 -209.3789099162817
-1154.3776665453613 -208.0478096908331
-1153.3462990050018 -206.81708642899991
-1151.9334271673858 -205.8683429068327
-1150.8869715456665 -205.04589363992216
-1150.0771337871254 -204.30952867925168
-1148.3580054168403 -204.02673828661443
-1146.60568488881 -203.1462215191126
-1145.0723176126182 -202.1396090990305
-1144.2011658076942 -200.9033519035578
-1143.9709000115097 -200.43230593264104
-1143.5045010571182 -199.73705160677434
-1143.032290083617 -198.18180763781072
-1142.3921651665867 -196.45618450701238
-1141.704827708453 -195.1160678869486
-1141.2763649050892 -193.42985105574132
-1141.3045121853054 -192.7517827755213
-1139.9950954143703 -191.14477551043035
-1138.953444403857 -190.0544874674082
-1138.1750990574062 -188.87884950697423
-1137.2383588974178 -188.04847383558752
-1136.5626988832653 -187.6971630460024
-1134.9497993414104 -187.68565426826478
-1134.2339542333782 -187.09223245143892
-1132.876491111964 -186.3906529402733
-1131.785349649638 -186.0780737257004
-1131.0079227511585 -186.43768446207048
-1129.1144920413196 -186.96759085416795
-1127.5046065871418 -186.89315464407207
-1126.0780486886204 -187.32798039227725
-1124.6741974179447 -187.9684811165929
-1123.4495726649463 -188.0142650088668
-1122.1750627581775 -187.93300283014776
-1120.7640510623157 -187.66009378492834
-1119.3860052649677 -187.04556345999242
-1118.50020394966 -186.7433896368742
-1116.862515193671 -186.83700142115356
-1115.9741841976345 -186.5224716743827
-1114.5455835287273 -186.7268207898736
-1113.3039862339199 -186.6984633269161
-1111.5990916912258 -186.08082503698768
-1110.804042083472 -185.92403266452254
-1109.3105001275242 -185.89349353186788
-1107.5329812590778 -185.34535640351476
-1106.2579325263202 -185.3119484769553
-1104.5762631718815 -185.93655383460225
-1103.4604531352222 -185.79721650354566
-1101.5200384680927 -185.69778215758504
-1100.4384547297657 -185.67640941463412
