-1192.22 -440.36
-1193.3280042123795 -439.19722615242006
-1194.1961849045754 -437.9313493824005
-1195.3921066832543 -436.7002056694031
-1195.754063398838 -435.150673494339
-1196.012019724846 -433.58244501113893
-1197.2106721115113 -432.164588675499
-1197.1664457631111 -430.46840713977815
-1197.6061066699028 -428.5860364294052
-1197.8025328677893 -426.6977801179886
-1198.5269215863943 -425.6040987825394
-1199.1769150656462 -424.2490371322632
-1199.3689548832178 -422.3863056755066
-1199.6456990998984 -421.544157371521
-1199.4584416460991 -420.0100097513199
-1200.0520193886757 -418.1533393716812
-1200.4111431849003 -416.35279749393464
-1200.1521285784245 -414.5444903230667
-1199.7095288944245 -413.3950300073624
-1199.5105003726483 -412.1155433511734
-1199.2591534864903 -410.4736373281479
-1199.7106009435654 -408.88607119083406
-1199.7197504651547 -406.9962887620926
-1199.9831238996983 -405.04251192569734
-1200.3354990792275 -403.35049508571626
-1200.4884792876244 -401.5381610250473
-1200.3346777123213 -400.5258666133881
-1200.1765180391073 -398.7468112564087
-1200.1340455201268 -397.26663170814516
-1200.0464489397407 -395.93651233673097
-1199.5680594977737 -394.15217672348024
-1200.0296774742008 -392.1859483575821
-1200.2926991817355 -390.26031945705415
-1200.4900017169118 -388.3629262304306
-1199.9968921032548 -386.4619494533539
-1199.6577779737115 -384.52625118255617
-1199.516678505838 -382.6262410736084
-1199.4685912814737 -381.5742554521561
-1199.8804873910547 -379.62612889766694
-1200.55202842623 -377.694606051445
-1200.8829093661905 -375.8105528211594
-1201.392844864428 -373.9045263385773
-1201.2146848526597 -372.0009420967102
-1201.2845657256246 -370.73302684783937
-1201.7464099910856 -368.88733206748964
-1201.80618016541 -367.8395005321503
-1201.9703591030836 -366.2074943637848
-1201.4000873726607 -364.58994923591615
-1200.864144281745 -363.3105192041397
-1200.2720949214697 -361.3575553750992
-1199.6515363615752 -359.54842828273775
-1199.7196596425772 -357.83626888751985
-1199.4168566030264 -356.2467427110672
-1200.1391062301398 -354.3564487552643
-1200.1064823430777 -352.5579615688324
-1199.7353495520354 -350.5893407917023
-1199.6053681832552 -349.0321285581589
-1199.5083318811655 -347.7039666032791
-1199.2287093561888 -345.8748450136185
-1199.4815054696799 -344.14313553333284
-1199.05010558784 -342.40146230220796
-1200.0466470879317 -341.19090484142305
-1200.5274697107077 -339.2920358037949
-1200.5342799437046 -337.4752184009552
-1200.0349650990963 -335.9440657949448
-1200.2488398861885 -334.1823476409912
-1200.8715111327172 -332.46215783119203
-1200.6175979089737 -331.1624573326111
-1200.488303796649 -329.43927560806276
-1200.2370227438212 -327.4911321258545
-1200.010829345584 -325.6109183883667
-1199.6886575680971 -323.8850873565674
-1199.4800115686655 -322.0227860069275
-1199.5724449914694 -320.20862112998964
-1199.7274700564146 -318.43015371322633
-1199.5188921999932 -316.5489057159424
-1199.5148711812496 -314.9634473180771
-1200.036334873438 -313.02778922080995
-1200.9138820183277 -311.08531533241273
-1200.7965314400196 -309.3600696182251
-1200.6561265003681 -308.2163151359558
-1200.369384468794 -306.49260900974275
-1200.0296996247769 -304.67205248832704
-1199.712706090212 -302.73230610847475
-1200.0178192567826 -301.0406287765503
-1199.657640786171 -300.0966417050362
-1199.9860948038101 -298.2517371630669
-1199.5516580057144 -297.0383754229546
-1199.9652693581581 -295.4216219639778
-1200.2292251896858 -294.16275148153306
-1200.3307684448362 -292.80577032327653
-1200.7290406611562 -291.5234787917137
-1200.3642962661386 -289.65515141248704
-1200.6546245899797 -288.8427297329903
-1200.4759585347772 -287.0672100043297
-1200.116904475987 -285.722989962101
-1200.625868716538 -284.5984541630745
-1200.4762336996198 -283.1331440663338
-1200.4383432504535 -281.63041918039323
-1200.0803990897537 -280.1591288304329
-1199.8837982353568 -278.3722160315514
-1200.0956191059947 -277.40106879234315
-1199.7929114934802 -275.7185090637207
-1200.7121347424388 -274.7099790430069
-1200.3801812168956 -273.29879997730256
-1200.5786203083396 -271.38147018909456
-1201.1038225230575 -269.7539561843872
-1200.7017302450538 -268.29392419815065
-1200.6326525446773 -266.7927213764191
-1201.0859319207073 -265.0576351737976
-1200.6712119218707 -263.49796412944795
-1200.6395415750146 -261.71658276081087
-1200.378968307078 -260.24841009140016
-1200.8377690401674 -258.37544070243837
-1200.7637431409955 -256.6920543766022
-1200.2943314698339 -255.0172575569153
-1200.3144855287671 -253.1305993652344
-1200.5922620680929 -251.2674276685715
-1200.605533772409 -249.77334903240205
-1200.2943482932449 -248.07114933490755
-1200.2232700821758 -247.168773458004
-1199.967864626348 -245.90306966066362
-1200.0565628048778 -244.070322201252
-1200.221612059772 -242.32196919679643
-1200.4423751172424 -241.00671939611436
-1200.5839576658607 -239.10178761243822
-1199.5007620987296 -237.25504116773607
-1199.2482067283988 -235.7198639369011
-1198.9547612306476 -233.79334859609605
-1199.1087977078557 -232.52824990510942
-1198.8396926906705 -230.85348515272142
-1198.958285727799 -230.14392583131792
-1198.4577565577627 -228.72874181032182
-1197.710729995072 -227.32800547838212
-1197.5912099269033 -225.67736725568773
-1196.7707862046361 -224.0496068453789
-1195.9708557513356 -222.97932438611986
-1194.9097774413228 -221.54226355314256
-1193.4544644740224 -220.4511713242531
-1191.9845652964711 -220.20969989955427
-1190.4613675263524 -219.4541659063101
-1189.2972164538503 -218.58238336503507
-1187.5271170523763 -218.07005158126356
-1186.7029793646932 -217.8895951664448
-1185.1094229605794 -217.21969081521036
-1183.3280363467336 -217.04328173458578
-1181.4953589823842 -216.8757536417246
-1180.8946673062444 -216.7469386315346
-1180.1109402564168 -216.71004372894765
-1178.5438089755178 -216.26112592279912
-1177.1828685191274 -216.49783521950246
-1175.992169418633 -216.12128558814527
-1174.3063869860769 -215.60887888133527
-1173.7909373429418 -215.9128680831194
-1172.4162413266301 -215.9352198547125
-1171.563383319676 -215.72194615066053
-1169.8900700595975 -215.93566125690938
-1168.0508459594846 -216.59667927086355
-1166.9636624839902 -216.32448697149755
-1165.9504712608457 -216.0676600342989
-1164.187724569142 -215.7461498385668
-1163.694089331925 -215.35372930824758
-1161.9570265200734 -215.8968197709322
-1160.5406345513463 -215.56785205066205
-1158.882737198174 -215.02579239070417
-1157.823912062943 -214.55725452363492
-1156.2151931908727 -214.98125335633756
-1155.4559055355192 -213.76027533471586
-1154.0527205255628 -212.87660017669202
-1153.6349118736387 -211.7163152998686
-1152.914781191647 -211.33642199695112
-1152.3108522084356 -211.34009364306928
-1151.4468707230687 -210.23044601142408
-1150.426022568047 -209.18007221877576
-1149.0849401143194 -207.96145823657514
-1147.8753146317601 -206.93177560031415
-1147.4739402320981 -205.8426912134886
-1146.718333580792 -204.5978648966551
-1145.7568738248945 -203.23403337657453
-1145.490208336413 -202.10343518912794
-1145.212559619248 -200.44791880309583
-1144.1979871180654 -198.71321764647962
-1143.589990594685 -196.8877282446623
-1143.7747838285566 -195.56548693835737
-1143.0311003115773 -193.9145894354582
-1142.3487136748433 -192.22862914264203
-1142.4852672752738 -190.65693739116193
-1142.0934579309821 -189.82326331794263
-1142.0793177869916 -189.02236810386182
-1142.8531106498838 -187.71149233043195
-1142.901513287127 -186.31673219859601
-1143.37757150203 -184.64121368587018
-1142.9309147682786 -183.34648504912855
-1142.3887807813287 -182.23981466948987
-1142.1982583639026 -180.45943787753583
-1142.007443317473 -178.75473848044874
-1142.1128144350648 -177.33790269553663
-1141.8649156478048 -175.50906708896161
-1142.3345732179284 -174.46765270888807
-1141.6347165194154 -173.2986066645384
-1141.8596545246244 -172.59915831744672
-1141.956414499581 -170.64037516772748
-1142.0748835888505 -169.68332186400892
-1141.4689735260606 -168.2937764233351
-1141.0513779905439 -167.4934988921881
-1140.304003277123 -166.05475124776365
-1139.4974998620153 -165.4053456491232
-1139.448318400681 -163.87753602921964
-1137.7186509755254 -162.7458283609152
-1136.981545009911 -162.28423067986967
-1135.1905517962575 -161.83682259976865
-1133.7051221516729 -161.98198267877103
-1132.7348869231344 -161.9166597133875
-1132.1545852807164 -161.7155827587843
-1130.8751571562887 -161.30512225687505
-1129.0884063628316 -161.33565618157388
-1128.075915017426 -160.52066637635232
-1127.138123073876 -160.24611313700677
-1125.9465952304006 -159.99696642220022
-1125.2020129349828 -160.67746102869512
-1123.6779557850957 -160.56439410954715
-1122.5459201720357 -160.88447599917652
-1120.9479352620244 -160.65628797620536
-1119.518088259995 -160.9622811755538
-1118.5594284322858 -161.10480102211238
-1116.7917233493924 -160.84809642344715
-1115.1637871053815 -160.62589023321868
-1114.5334668543935 -160.3326784154773
-1113.1205636647344 -160.3302403098345
-1111.7973677304387 -160.1589045828581
-1110.6951158431173 -159.9377415186167
-1110.2183028247953 -159.88375689148904
-1109.0926089075208 -160.09930364847185
-1108.2567293432355 -159.74326179981233
-1107.4885073688627 -159.02962599754335
-1106.7085551407934 -158.61564655661584
-1105.9571051386 -158.48362715601922
-1104.7307104852796 -158.0450201189518
-1103.4771066692472 -158.5033230340481
-1101.8378749874234 -158.8809518969059
-1100.3978454855085 -159.04071898818017
-1099.7127197769285 -158.53804703116418
-1098.9659186390043 -158.25202362298967
