-1192.22 -440.36
-1193.3539211463928 -439.3737990117073
-1194.44593832016 -438.2916559433937
-1195.324615688324 -437.9940917348862
-1196.4532210540772 -437.24287562131883
-1197.4539133024216 -435.9163926100731
-1198.20887103796 -434.4030857539177
-1198.8734361839295 -432.5537345862389
-1199.0978399527073 -431.3236350274086
-1199.583189637661 -429.7497812962532
-1199.622287773788 -428.1272196030617
-1200.4875314471126 -426.3949553227425
-1200.1427380678058 -424.85781638383867
-1200.311920875013 -423.4397864794731
-1200.965098374784 -421.50324659109117
-1201.257485204637 -420.0269915318489
-1201.7388969895244 -418.62948243379594
-1202.253261232078 -417.2746278500557
-1202.774076783359 -416.06578438043596
-1203.0138636168838 -414.7441539025307
-1203.0514686641097 -413.5038120007515
-1202.6054368552566 -411.77315203905107
-1202.9542837676406 -411.0717419242859
-1203.0169590947032 -410.44486330509187
-1202.6053209540248 -408.7166917181015
-1202.6768158462644 -407.60763143062593
-1202.1228578475118 -406.54460655212404
-1202.6646882084012 -404.79628907203676
-1203.187880256474 -402.96074090957643
-1203.2398746398092 -401.1260961151123
-1203.2557881560922 -400.0906413650513
-1202.6649777379632 -398.5718819952011
-1203.180099734366 -396.68150769233705
-1203.042622768581 -394.84484706878663
-1203.4282672044635 -393.3547035312653
-1202.4968937274814 -392.61869542360307
-1202.9283477303386 -391.68260781526567
-1203.4010977086425 -390.37166874170305
-1203.5688655909896 -388.9774322962761
-1203.2103129562736 -387.65912167787553
-1202.6879679498077 -386.03454689741136
-1201.8453484711051 -384.91404752492906
-1201.8631575492025 -384.069242105484
-1201.762146742344 -382.14090167045595
-1202.153428913355 -380.5382945394516
-1201.7214953315258 -378.85284887313844
-1201.517142803669 -376.9246805763245
-1201.4745115873218 -375.2620893573761
-1202.1201902267337 -373.3460787391663
-1202.2086179491878 -371.64039526939393
-1202.7589428660274 -370.67548607349397
-1203.1220266458392 -368.89561198711397
-1203.2731950220466 -367.38121448516847
-1203.4010257062316 -365.86010561943056
-1203.6524940666557 -364.2464986896515
-1204.0578978297115 -363.46381066799165
-1204.2806276318431 -361.7901916360855
-1204.1658290860057 -360.349527463913
-1204.0262806501985 -358.5402681684494
-1204.3137744751573 -356.9443986272812
-1204.4333331671357 -355.77996264457704
-1204.6187412527204 -354.12494348049165
-1204.9393597331643 -353.1833200311661
-1204.825735115707 -351.4725057935715
-1203.9292674300075 -350.2155142879486
-1204.008238607347 -349.0585093355179
-1203.2363007602096 -347.98855577468873
-1203.3909552928806 -346.8646446323395
-1203.909930729568 -345.02074109077455
-1203.675459214747 -343.35238085746767
-1204.0903536763788 -341.8673666572571
-1204.5891072240472 -340.1398776626587
-1204.8050597694516 -338.4549904918671
-1204.2365479257703 -336.60811506271364
-1204.1649728503824 -334.9678968048096
-1204.4790531483293 -333.6145289993286
-1204.3747840163112 -331.76894770622255
-1204.732390933931 -331.0554745054245
-1205.0463559564948 -330.3439533567429
-1205.3537056085468 -329.39112614154817
-1205.3810175296665 -328.0467953538895
-1205.0878181692958 -326.50485490322114
-1204.7392887112499 -324.64411436080934
-1205.064682149589 -322.98090373039247
-1205.1071968016029 -321.16228567123414
-1205.1607983645797 -319.59830926418306
-1205.132446193397 -318.1677208995819
-1204.790132009685 -316.55535982608797
-1204.5846854534745 -315.99812959194185
-1204.6853620496393 -314.96784149169923
-1204.4957754400373 -313.43525527477266
-1204.294763931334 -312.05155323505403
-1204.5360395398736 -310.7610274410248
-1204.4429891046882 -309.392505273819
-1204.5974104937911 -307.78802834510805
-1204.4636244413257 -305.9154428100586
-1204.1813289162517 -304.2350824928284
-1203.9028321442008 -302.40401803016664
-1204.1562474307418 -301.0874351119995
-1203.4374841985107 -299.24574504852296
-1203.4276371833682 -297.7015710926056
-1203.5976429221034 -296.483032450676
-1203.5917668429017 -295.5219718074799
-1203.593546294868 -294.513377532959
-1203.7710922148824 -293.2186893081665
-1203.9078151223064 -291.4428382968903
-1204.081615858972 -289.9839334344864
-1204.4001497861743 -289.0999901151657
-1204.0320118007064 -287.99189351558687
-1204.363154077232 -286.26580117702485
-1204.6086546716094 -284.5295250272751
-1204.13468115896 -282.6442688560486
-1204.503524595201 -281.35089360237123
-1204.3975696054101 -279.4442888355255
-1204.204500773251 -278.06991039276124
-1204.5071713116765 -276.87724445819856
-1204.7319101628661 -276.2256361103058
-1204.8644373354316 -274.3305455303192
-1204.8501947459579 -272.4802654838562
-1204.7824482557178 -270.70598779678346
-1204.9575880405307 -269.3129724121094
-1205.2619016107917 -267.908690199852
-1204.9522540208698 -266.3471084690094
-1205.0141364571452 -264.8200635766983
-1205.1412678298354 -263.1338381624222
-1205.0979216483236 -261.27021525859834
-1204.8792816486955 -259.6767096376419
-1204.4478837934137 -257.8311707830429
-1203.776351877749 -256.50104318618776
-1203.3267682281137 -255.1499971008301
-1203.9669994202256 -253.2179012155533
-1204.1149427828193 -251.2738606786728
-1204.2403052386642 -249.50756667613985
-1204.0186188009382 -248.18411551475526
-1203.8018589106202 -247.5081329202652
-1203.6959355559945 -245.54992745876314
-1203.73600535959 -243.99807260990144
-1203.0000916060806 -242.35432587623598
-1203.3145578441024 -240.829663977623
-1202.2201800879836 -239.19056974411012
-1202.2291150030494 -238.36669443607332
-1201.9046972629428 -236.58728407382966
-1201.0845045682788 -235.2297158098221
-1200.5631080505252 -233.50007031917573
-1200.4457468029857 -231.75541649818422
-1199.9547299084068 -230.29972504138948
-1200.0497640606761 -229.05769501686098
-1200.1031679150462 -228.07515381336214
-1199.1088611122966 -226.73560510635377
-1198.0853069064021 -225.3086484527588
-1197.7662222620845 -225.0791083431244
-1196.2743413683772 -224.89157836198808
-1195.8375652965904 -223.5538895583153
-1194.675963395536 -222.56695286989213
-1193.9685360130668 -221.1750070309639
-1193.4086307820678 -220.03374140024187
-1191.9321582850814 -219.98906751036645
-1191.321329766214 -219.94352386951448
-1190.307595783174 -219.357427046299
-1189.7414650258422 -219.5784066772461
-1188.859300428331 -219.37493386924268
-1187.9566488799453 -219.78323769629003
-1187.2133453425765 -219.1757538920641
-1186.1227497395873 -219.1774507468939
-1185.1976318892837 -219.00635412395002
-1184.7480825719238 -218.55873963296415
-1183.6039277848602 -219.0632259553671
-1182.9203489360214 -219.04234504386784
-1181.2412025269866 -218.52858757659794
-1180.061129861772 -218.93251454517247
-1178.8134068784118 -218.60607403203846
-1177.782998853624 -218.07584267541768
-1177.2655055460334 -217.92218662485482
-1176.6496712502837 -217.89696018084885
-1175.0150297221542 -218.52692471131684
-1173.67392485708 -218.81722257718445
-1172.0940510568023 -218.29917160853745
-1170.3498018321395 -217.65194134101273
-1168.8587252435088 -218.25424574002625
-1167.3056630429626 -218.36768361613156
-1166.1744068202377 -217.9624296693504
-1165.5063115891815 -218.51598635002972
-1164.8650766548515 -218.83726471349598
-1164.006285482347 -218.93478178665043
-1163.3124315676093 -218.61006050989033
-1161.9957351621986 -218.6590182004869
-1160.9063733753562 -217.66921595916153
-1159.2269923624397 -217.5597855268419
-1157.575137847364 -217.11472172722222
-1156.2123597797752 -217.01399121865632
-1155.5339164671302 -215.64153061494233
-1154.5389714178443 -214.41943441018464
-1153.8614143070579 -213.23760781869294
-1153.155347341001 -211.96435878857972
-1152.5111049947143 -211.39250467404725
-1151.3410478171706 -210.39412276133896
-1149.8684419927001 -209.3640486417711
-1149.5344824132324 -208.64161447867752
-1148.6965957817436 -207.73890743836762
-1148.222114377916 -207.51878131613137
-1147.7217350539565 -206.40766991361977
-1147.2528099951148 -206.04490448221566
-1146.2240111765266 -205.14111669048668
-1146.0612879034877 -204.08418877109887
-1145.1443373200298 -202.69917900547387
-1144.6315587994457 -201.8514950989187
-1144.403953680098 -200.87590475067498
-1144.6184296992421 -199.9266390322149
-1143.7744232800603 -198.67101545318963
-1144.254447915852 -198.10131813272835
-1144.3377399531007 -196.39804173693062
-1144.4570153740049 -194.46580053552987
-1144.3907622036338 -193.8351351736486
-1143.7750220236182 -192.41041309818627
-1143.9831885483861 -190.54148132786156
-1143.362243809998 -189.71293086990715
-1143.946479716599 -189.15193421825768
-1143.6963274863363 -187.46991987213494
-1143.3640920606256 -186.39130730614067
-1143.023179062903 -184.75713152870537
-1142.8986205843091 -183.75563366398217
-1142.9519231182337 -182.46782155022026
-1142.702776120305 -181.29979677185418
-1142.4406694930792 -180.28482348904015
-1143.0688443940878 -179.55659211859108
-1142.8445911568404 -177.65529025778176
-1143.3118119698763 -175.79306925520302
-1143.3521681067348 -174.2582589505613
-1143.6549926039577 -172.83068479284645
-1143.6009610828758 -171.51398552641274
-1143.4935145911575 -170.06890071615578
-1143.0690614518523 -168.739406478256
-1142.4315318998695 -167.69522191271187
-1141.4578807291389 -166.97384185776116
-1141.6413726446033 -166.30863137230278
-1141.3380605217815 -165.2838428734243
-1140.769659781158 -164.22993059143425
-1140.5077663895488 -163.01356811508538
-1138.806519651115 -162.2307193993032
-1138.2224920627475 -162.45186687693
-1136.9009015199542 -162.03742481455208
-1136.3410167333484 -162.43787063345314
-1135.6421438094974 -162.1904828964174
-1135.1201544639468 -162.04094811961056
-1134.2881250616908 -161.79635783717038
-1133.100845360458 -160.8759937553108
-1132.323960864246 -161.39583477064969
-1131.5797379252315 -161.3178900523484
-1129.7568238016963 -160.9809403164685
-1128.7209165331722 -161.0700107036531
-1127.864399933517 -160.7068117080629
-1126.9273534056545 -160.24894334062935
-1126.0520308849216 -160.74538211211564
-1125.3159991142154 -160.3482981143892
-1124.6506516572833 -159.8097939310968
-1122.945433818996 -159.84842922225596
-1121.1005229589343 -159.79031397834422
-1119.2039646741748 -159.8198643258214
-1118.4324439403415 -160.11308815389873
-1117.1817397710681 -160.48966526299716
-1116.052699649036 -160.44688982576133
-1115.293378317058 -160.32204356849195
-1114.316761636436 -160.57341674029828
-1112.9799129006267 -160.03418287694456
-1111.5702454087138 -159.94787663280965
-1110.7226445910335 -159.7792328900099
-1109.9190929171443 -159.70109470993282
-1108.6249093052745 -160.02601888090373
-1108.0444323059917 -159.22844066530467
-1106.1946541306377 -159.57809659153224
-1104.7308817145229 -159.76868889540435
-1104.0705603596568 -159.0718642255664
-1102.8195713993907 -159.03219714820386
-1101.929103398025 -159.24942065835
-1101.2641283509136 -158.84532536625863
-1099.749570631683 -159.0013661390543
-1098.0970072981715 -159.22445803940298
