-1192.22 -440.36
-1192.9940336060524 -438.86492250919343
-1193.8596691203118 -437.49312709331514
-1195.4905618739128 -436.13062833309175
-1196.986809642315 -434.54095815181734
-1197.0291463446617 -432.79738543987276
-1197.2474140238762 -431.0480332231522
-1197.2048621487618 -429.3902487611771
-1197.2604742062092 -427.4845871782303
-1197.8707504284382 -426.503903195858
-1198.6294168245793 -424.73751215696336
-1198.469343931675 -422.8280568575859
-1198.351378889084 -420.90958218336107
-1199.0843863797188 -419.0669383263588
-1199.0892316114903 -417.33973400354387
-1198.932542489171 -415.7711891388893
-1199.1685295116902 -414.00052683115007
-1199.019161016941 -412.2201410984993
-1198.993960351944 -410.432969019413
-1198.8632514935732 -408.59530966043474
-1198.4546134632826 -406.76075951814653
-1198.3694324356318 -405.0245231842995
-1198.2645056706667 -403.11254780054094
-1198.9247787457705 -401.9446695303917
-1199.3440851730109 -400.27166800260545
-1199.5816791814566 -398.5769141173363
-1198.9683255118132 -396.7615170931816
-1198.8827587080002 -394.90996329545976
-1198.8826188755036 -392.9708304858208
-1199.4890156698227 -391.3175747847557
-1199.0260210943222 -389.4092362380028
-1199.9271779370308 -387.82880394220354
-1199.641248883009 -386.1457113480568
-1199.1006587159634 -384.1772956109047
-1198.7483611416817 -382.4375881409645
-1199.0144425046444 -380.6626772141457
-1198.6662487101555 -379.48645024061204
-1199.046239734888 -378.49687014579774
-1198.4795044076443 -376.52959166526796
-1199.1484931719303 -374.7785897111893
-1198.6443749678135 -372.92639564037324
-1198.2677558672428 -371.0657014703751
-1197.951675028801 -369.2782361364365
-1198.5317096424103 -367.51430915355684
-1198.4278922986985 -366.26183579921724
-1199.3767631959915 -365.1744406080246
-1199.2967822116614 -363.3146405076981
-1199.4691137385369 -361.45863603115083
-1199.5018682566285 -359.91690944194795
-1200.3501482692361 -358.0107774591446
-1200.6761287537217 -356.1928095674515
-1200.1491650429368 -354.7743273830414
-1199.6581402507425 -353.13599692344667
-1200.1247612920404 -351.29001675605775
-1200.3343403425813 -349.42743490695955
-1200.7805254545808 -347.5932079410553
-1200.7475315493346 -345.77211569309236
-1200.4508499068022 -344.03728435993196
-1200.347899080515 -342.2193455553055
-1200.192697928548 -340.32443617343904
-1199.9580667924881 -338.86690519809724
-1199.851834000349 -337.6307211971283
-1199.79468752563 -335.6833655691147
-1200.1758452218771 -334.1544328784943
-1199.6806618136168 -332.3819888687134
-1199.6880057018996 -330.57095418930055
-1199.6343326282501 -328.8980437374115
-1199.6635962587595 -327.1206296539307
-1199.3141398888827 -325.23954473495485
-1198.9589799803496 -323.5815406894684
-1199.088422985077 -321.9041597700119
-1199.4804632079602 -320.71989940166475
-1199.802222133875 -318.84589098453523
-1199.4270417106152 -317.330179438591
-1199.4125485432148 -316.1657317733765
-1200.2529960882664 -314.2692483520508
-1200.4734348964691 -312.33193837165834
-1200.3864999425411 -310.5898412322998
-1200.2319528770447 -308.85220895767213
-1199.7068332147599 -307.6327369070053
-1199.2099669885636 -305.8523474788666
-1199.237148077488 -304.37619863510133
-1198.9666968595982 -303.0359834289551
-1199.151118234992 -301.8940694189072
-1198.9472133678198 -299.9512610292435
-1199.9418687981367 -298.8354905700684
-1200.034886532724 -297.73944197654725
-1199.9778181102872 -295.860066280365
-1199.9105512437225 -294.0454569911957
-1199.9408803370595 -292.31911180973054
-1200.1469524738193 -290.6183669424057
-1200.1841730710864 -288.96444724559785
-1199.8237806496024 -287.5395964241028
-1199.690144353807 -285.82256732940675
-1200.1777200040221 -284.1596767759323
-1200.2755415451527 -283.0081157541275
-1199.9183740329743 -281.0831141328812
-1200.365834505558 -279.3439714765549
-1201.2155379366875 -277.72822843551637
-1200.7984236490727 -275.8529666519165
-1200.323857010603 -273.9897175884247
-1200.9800044310093 -272.13117466926576
-1201.1377953451872 -270.7314190721512
-1200.8944160950184 -268.8445815896988
-1200.7908282589913 -267.0537648057938
-1200.4549452972412 -265.78155528068544
-1201.2370449018479 -264.39226399421693
-1201.2173282814026 -262.5820128774643
-1201.7056525659561 -261.2368861293793
-1201.3817020964623 -260.4987565135956
-1201.0672306728363 -259.94483839035036
-1201.2896218013764 -258.2737536287308
-1201.4200853270293 -256.4861764764786
-1201.566396714449 -255.4777272796631
-1201.9421808433533 -253.76009784698488
-1201.6910407853127 -252.08211623191835
-1201.2553322029114 -250.3104510164261
-1201.3322074350715 -248.4932505941391
-1200.9266889628768 -246.72291372776033
-1201.4549589690566 -245.04572556972505
-1201.6946446236968 -243.0695605134964
-1200.5411272582412 -241.63986240386964
-1200.2758440312743 -239.93778310775758
-1200.7500612673164 -238.0773240184784
-1200.0587314900756 -236.35162936210634
-1199.1838358578086 -234.39643703460695
-1199.0546876725555 -232.51499699115755
-1199.4724437829852 -230.65745197296144
-1199.4195320729912 -228.85979734420778
-1199.0308240775764 -227.7774647331238
-1198.376324427575 -226.13647733688356
-1197.9190940384567 -224.7877483224869
-1198.0939520125091 -223.0084535932541
-1198.0729867939651 -221.65945480823518
-1196.625464630574 -220.17448829174043
-1195.366186452359 -219.18286202907564
-1194.3182631258667 -218.35226248264314
-1192.9540221218765 -217.37879245042802
-1191.484262419194 -217.44395791053773
-1190.8097196941078 -216.73813943624498
-1188.8523053054512 -216.41994254350664
-1187.1830606584251 -216.02564130783082
-1185.9138162259758 -215.78573033273221
-1184.7888090734184 -215.44123569190504
-1183.3836439971626 -214.8812939232588
-1182.4894310359657 -214.36136356055738
-1180.9348732356727 -213.98439282238485
-1179.9671771650017 -214.18460074126722
-1179.1711008672416 -214.61449691712858
-1178.0048489694298 -214.37949778199197
-1176.4795662288368 -214.14454004228116
-1174.8845036153496 -213.92231720745565
-1172.988359463662 -214.34549665510656
-1171.740292442292 -214.27745050251485
-1170.5189180497825 -214.1363040214777
-1169.279906642884 -214.39863252699377
-1167.6255514745415 -214.57535447239877
-1166.4980846767128 -215.0797577059269
-1165.8218589548767 -214.46764464735986
-1164.2050129894913 -214.1869054889679
-1163.19256455943 -213.95619215130807
-1161.8150318388641 -213.26396586060525
-1160.4562648062408 -213.12429896056653
-1159.0256713156402 -212.34423777520658
-1157.441814852208 -212.1442912822962
-1155.75930304572 -211.76112610161306
-1155.0725806479156 -210.79130464851858
-1153.3246966128052 -209.8495000010729
-1152.1008942846954 -208.88271063625814
-1151.095082116574 -207.77185696423055
-1150.3210858230293 -206.38701719105245
-1149.7307967667282 -204.95696681797506
-1148.147032571286 -204.58101645171644
-1147.8597075168789 -203.3916048115492
-1147.8473301802576 -201.7474011486769
-1147.4492798422277 -200.78005179822446
-1147.6113988284767 -199.37922081410886
-1146.7804544691742 -198.24815294206144
-1146.560362470597 -197.40218469560148
-1146.3169242863357 -195.5565532153845
-1145.8876962785423 -194.69235500752927
-1145.9114325933904 -193.65617904126645
-1145.7983444773406 -191.96293279588224
-1145.1568608724326 -190.1027254766226
-1144.7787385129184 -189.23229792773725
-1145.087894453928 -187.5869071787596
-1144.9374051385373 -186.90098723828794
-1145.3096020513028 -185.46695181787015
-1144.622421174571 -184.68314388453962
-1145.1350291066617 -182.91243639647962
-1144.878559171483 -181.19271078765394
-1144.86946709387 -179.70732632339002
-1145.162958040163 -178.88584950625898
-1145.9350227855891 -177.1858158415556
-1146.3122725033015 -176.18988296449186
-1146.1110469841212 -174.66104814469816
-1145.9929672472924 -173.01988145768644
-1146.373508959338 -171.7145428365469
-1145.9906762533635 -170.69858226239683
-1145.2813705497235 -169.21982130467893
-1145.5873064094037 -167.44851598203184
-1145.461867152974 -166.613966614604
-1144.6396811597795 -164.82199445426465
-1143.9277563088388 -163.70797517955305
-1143.1965501301736 -162.96866783559324
-1141.4150171273202 -162.31237152278425
-1139.5123761885613 -162.36521269440652
-1138.7097440951318 -161.5142550623417
-1137.081259488389 -161.31835432410242
-1136.0225057595223 -161.5805690443516
-1134.8264049284905 -161.85547782540323
-1132.961785435006 -161.29361505866052
-1132.0571284287423 -160.69362349867822
-1131.250905155465 -160.2255079007149
-1129.7812249653787 -159.8186862921715
-1128.1106861823052 -160.43635962963106
-1127.2190179222077 -160.34666848987342
-1126.5575272434205 -160.49592941313983
-1125.3350223892182 -160.46589744336904
-1123.6975436799974 -161.09198487050833
-1122.5360524051637 -161.16054092593492
-1121.0035379522294 -160.80634980149568
-1119.5862570398301 -160.33739964909853
-1118.1886983507127 -160.05952741451563
-1117.155086576268 -159.7703471953422
-1115.6749555461854 -159.47898791976274
-1113.8463987701386 -159.80382789917292
-1111.9770781391114 -159.554693537429
-1110.500454127118 -159.26695542283358
-1108.7868511074037 -159.31479504205288
-1107.0388371341676 -158.99932148553432
-1106.1310213201493 -159.25064396359028
-1104.6115410917253 -159.2099027248472
-1102.9968882196397 -158.55240400753917
-1102.2187200181932 -158.0293010684103
-1100.7855773561448 -157.96569631122054
-1099.6194793575257 -158.08389361076058
-1098.3696488731355 -158.816803528592
