-1192.22 -440.36
-1192.2349762034416 -438.97096930503847
-1193.0491976451874 -437.369218454361
-1193.4232067477703 -436.2173989868164
-1193.8613724422455 -435.1198184347153
-1195.2237368535996 -433.5940625524521
-1195.9240827274323 -432.1286495780945
-1196.356835873127 -430.7482387876511
-1196.6014803659916 -429.4393755054474
-1197.2250639212132 -427.77998076438905
-1197.6404881489277 -426.0591991996765
-1197.4410733890534 -424.2208071804047
-1197.8933219623566 -423.0506372308731
-1198.0560465168953 -421.1507296419144
-1198.2274883401394 -419.3741079425812
-1198.7561822545529 -418.0121661281586
-1198.9806610953808 -416.9215224838257
-1199.2586164784432 -416.1187775588036
-1199.1284156602621 -414.35650567770006
-1199.6435222786665 -412.5115628695488
-1199.3039605778456 -411.80664531946184
-1199.6289211076498 -409.99520747423173
-1199.8959934276343 -408.3490199303627
-1200.0710264903307 -407.35928849935533
-1199.6633581382036 -406.3483551001549
-1199.4658689510823 -404.69412235975267
-1199.3088453722 -403.48425380945207
-1199.103068189025 -401.8168949341774
-1199.026713551283 -400.6196967816353
-1199.6430599701405 -399.0452850317955
-1199.3184353721142 -397.17709903478624
-1199.2986498188973 -396.462829515934
-1199.362869696021 -394.6013268685341
-1199.27718870461 -392.9522097563744
-1199.5265772801638 -391.6167867636681
-1200.0883059364558 -390.29080204725267
-1200.0142160069943 -388.78007392644884
-1199.504953147173 -386.85871808290483
-1200.0719242107868 -386.1618179535866
-1199.8099685919285 -384.8398719286919
-1199.9858226639033 -383.1836550688744
-1199.646505163312 -382.10745053052904
-1199.7151338768006 -380.1964900946617
-1199.9523587089777 -378.5421820139885
-1200.2642403405905 -377.07842724084855
-1200.172974230051 -375.9452320790291
-1199.632128776312 -374.42075924634935
-1199.861537413001 -372.477645919323
-1199.7015035611391 -371.2096547341347
-1200.4464731675387 -369.7203692650795
-1200.1910153490305 -368.36418227910997
-1199.8667799693346 -366.6830543732643
-1200.7215929490328 -364.868918941021
-1200.7559353497625 -363.26972751379014
-1201.340459444821 -361.9861746287346
-1201.9381748822332 -360.3499353384972
-1201.4471372452379 -358.6684917664528
-1200.9752144601941 -356.9422524428368
-1200.4600413826108 -355.25555805921556
-1200.0734979894758 -353.3037455534935
-1199.5426888254285 -351.4610519862175
-1199.2775942769647 -349.7940757727623
-1199.2693947640062 -347.8738644576073
-1199.6411776927114 -347.19434492349626
-1199.2065777269006 -346.09704463243486
-1199.5777020540834 -344.3752786374092
-1199.264456936419 -342.58018653154375
-1198.8257580187917 -341.1945566391945
-1198.855719485581 -339.53250138521196
-1198.6401786592603 -339.00464646577836
-1198.8471310821176 -337.37123183965684
-1198.8188827124238 -335.90251736402513
-1198.9466787663102 -335.222031519413
-1198.6029760625959 -333.40547971487047
-1198.421444245875 -331.5584377503395
-1198.7252137747407 -330.2375027394295
-1199.0113962081075 -329.25436316490175
-1199.119674884975 -328.1444659090042
-1199.543027662933 -326.77170489788057
-1199.3315609928966 -325.71727202892305
-1199.3066107456386 -324.4672782278061
-1198.7780564253032 -322.63219378948213
-1198.6074948583544 -321.4298093175888
-1198.6124956284464 -320.4234984970093
-1198.2672545586527 -318.93819747924806
-1197.8063824747503 -317.5853749370575
-1196.5000602577627 -316.8638259625435
-1194.7204968307913 -316.38727299928667
-1193.3983281229437 -315.92576573848726
-1191.8052799080313 -315.62137828826906
-1190.1082422111929 -314.997568295002
-1188.4442589853704 -314.1629528260231
-1186.8577256773413 -313.42526225805284
-1185.627070722431 -312.7353339648247
-1184.5448442076147 -312.2486364102364
-1182.8230183695257 -312.29835809081794
-1181.004295167774 -312.29308150023223
-1180.0593234275282 -312.97890207976104
-1178.3362938140333 -312.7381953379512
-1176.9973945592344 -313.1847293159366
-1175.091021296829 -312.7766369661689
-1174.1041355703771 -312.4115581890941
-1172.5323360536993 -312.41283623188735
-1170.8957065914572 -311.6033341667056
-1170.0077330444753 -311.5153483977914
-1168.5189401482046 -310.4719355931878
-1166.8215419624746 -309.61141022354366
-1165.719185409397 -309.5785440286994
-1164.3940076206625 -308.9895925602317
-1163.4118795965612 -308.66546840280296
-1161.910126504749 -308.06042999833824
-1161.3262041781843 -307.3191704234481
-1160.3762803052366 -307.2425262710452
-1159.4319760774076 -307.000481851995
-1158.3648164246977 -307.036918335259
-1157.4432855819166 -306.4352183273435
-1155.5997369264066 -306.3599778792262
-1154.0744290326536 -305.4977862021327
-1152.3889783595503 -304.7368103644252
-1152.0693209443987 -303.75232068508865
-1151.2372257982195 -302.3130492350459
-1150.7727192018926 -300.62443272084
-1150.2420870636404 -299.01666907280685
-1149.8826810096205 -297.1709230324626
-1149.1170414660871 -295.407059468925
-1149.1668334689737 -293.7061857363582
-1149.0770978194475 -292.1232504031062
-1148.4032481771708 -290.54002884835006
-1149.1736407142878 -288.8309069058299
-1148.7043297153712 -287.7940839907527
-1148.1445278984309 -287.0111264368892
-1147.7468255025149 -285.5074788710475
-1147.4010292750597 -284.5031460902095
-1147.8584314149618 -282.7406740567088
-1147.6642237466574 -281.1212702175975
-1147.5934046518803 -279.70928470104934
-1147.766735778451 -279.0275872132182
-1148.105180130601 -277.12490300148727
-1147.7383935314417 -276.0581268450618
-1148.216871933341 -274.11908701866867
-1148.216077246964 -273.07273487061263
-1148.0734420505166 -271.8581142804027
-1147.440484353602 -270.009571351707
-1147.572119602263 -268.6222057721019
-1147.5618733254075 -267.8352947613597
-1147.1461699691415 -266.903118827045
-1146.7505194929242 -265.0985418340564
-1147.4363555696607 -264.0492185136676
-1147.4331456658244 -262.64733288496734
-1147.7811249133945 -261.0862298986316
-1147.5802237775922 -259.4827836534381
-1148.1986052182317 -257.6769929906726
-1148.2280522559583 -256.03555462569
-1148.6279941771925 -254.46523258894683
-1148.277316210121 -252.65278158396484
-1148.405626294464 -250.79090819567443
-1148.0986178193987 -249.40098879545928
-1148.0847587485612 -247.6179727098346
-1148.6065996189416 -246.3057955285907
-1148.191767861396 -245.42850611418487
-1147.9865425427258 -243.8449195405841
-1147.5612531800568 -242.71873603075744
-1147.4720253024996 -240.80230245798828
-1147.674018559307 -239.69174430578948
-1147.2824630115927 -238.6297930261493
-1146.57009720549 -236.73792908400299
-1146.4453193445504 -235.55802307337524
-1146.8853880663216 -234.85328588694335
-1146.764230286032 -233.26487848967315
-1146.7025966134668 -232.3594597360492
-1146.1897589054704 -231.3111812850833
-1146.3258355346322 -229.50157258719207
-1146.3315531735122 -228.7498336812854
-1146.6112749998272 -227.4735555431247
-1147.1327956144512 -225.67209098547698
-1146.4925060097873 -224.084205724895
-1147.0571740691364 -222.65021310061218
-1147.2565437977016 -220.94215569704772
-1147.0130734567344 -219.11011610239746
-1146.9853533406556 -217.97147391051055
-1146.2075155873597 -216.66092262476684
-1145.8613384564221 -214.83582291811706
-1145.6372269888222 -213.79800365179779
-1145.7043181334436 -212.618855573833
-1145.8274150390923 -211.0472231885791
-1146.397848238498 -209.42519364565612
-1146.7564619977773 -208.86058024376632
-1146.1085583169759 -207.46970204323532
-1145.8590198357404 -205.71516195744277
-1145.65612119928 -204.30784193485977
-1145.658279364258 -203.0591730257869
-1145.6547957111895 -201.30045715779067
-1146.2381802250445 -199.9299267908931
-1145.7860142339766 -198.38865534275772
-1145.7959979300201 -197.308932223022
-1145.3531728808582 -195.4755169531703
-1145.3099885557592 -193.89794746845962
-1145.8067706798017 -193.11980024784805
-1146.6263277505338 -192.66823855847122
-1146.9029546354711 -191.77107421368362
-1146.3771355126798 -190.54035262078048
-1146.7306654427946 -189.12093762367965
-1146.3848753546179 -188.45252279251815
-1146.4685912628472 -187.07571367233993
-1146.0443724294007 -185.71221772640945
-1145.7849213679135 -184.1226036927104
-1146.2215623159707 -183.18226818054916
-1146.2150688369572 -182.516549744308
-1145.8159040112794 -182.08672735899688
-1146.438689519912 -180.83598492354156
-1145.873509337455 -179.9737677356601
-1146.1128942121566 -178.23466203421356
-1146.3911055971682 -176.62067113131286
-1146.81617299214 -174.8843483707309
-1146.7180871714652 -173.54495332449676
-1146.7754438866675 -172.07401869505645
-1146.9133004446328 -170.77620384901763
-1146.97610505417 -169.06111023634674
-1146.8285949875415 -167.99149236887695
-1146.5343322207034 -166.4654336950183
-1145.8548778940738 -165.6265397450328
-1145.7073826541007 -163.92244438141586
-1145.3698645879329 -163.40679565876724
-1143.8729084779322 -161.89287249058486
-1142.565051560551 -161.1115119239688
-1141.2683420230449 -160.12318012923004
-1139.7377284814418 -159.54771516531707
-1137.890294675976 -159.35269565194847
-1136.3387132932246 -159.526848115623
-1134.5145522405207 -160.14053610771896
-1132.964632396847 -160.27589768975974
-1132.0516969014705 -160.01487074106933
-1131.3012230445445 -160.3815600654483
-1130.3151690413058 -159.93757791131736
-1129.2581533838809 -159.80300327450038
-1127.5080177237094 -159.2472524276376
-1126.2849953819812 -158.58392592579128
-1125.221796696335 -158.3635092458129
-1123.7403013159335 -158.93570274919273
-1121.8260958839953 -159.14995595127345
-1120.9512055565417 -159.47417401582004
-1119.8436180998385 -159.1238573423028
-1118.4209423710406 -159.19487736433746
-1116.4929142643512 -158.95838321059944
-1115.277252023369 -158.8151885649562
-1114.5257394362986 -158.15465620964767
-1112.712745552212 -158.01319057554008
-1111.4723132897914 -157.54057744950057
-1110.0236064244807 -157.9986060640216
-1109.3348408986628 -158.51241669863464
-1107.7355043937266 -158.47513898894192
-1106.3986861754954 -158.54752363696696
-1104.7959322978556 -158.2785934700072
-1103.3805143882335 -157.80222236052157
-1102.8087373425067 -157.8204270718992
-1101.6203841616214 -158.23593948468567
-1100.260329311043 -158.4732236234844
-1098.8438136030734 -158.8039913146198
