-1192.22 -440.36
-1193.02872797966 -438.71633218288423
-1194.089668006897 -437.3384566164017
-1195.2443170261383 -436.4318992948532
-1195.8934929084778 -434.92648445129396
-1197.0545898389817 -433.26970540046693
-1197.664372177124 -431.4676776981354
-1198.5193659973145 -429.65434776306154
-1198.7848027658463 -427.7501640176773
-1199.3275015068054 -425.9462365961075
-1199.7861029219628 -424.06797193050386
-1200.2168095123768 -422.1720747804642
-1200.676191688776 -420.257934794426
-1200.950682939291 -419.45763073921205
-1201.5034031879902 -417.6052154159546
-1201.4146318224073 -416.4665467596054
-1201.1101139870286 -415.08101187705995
-1200.4347974148393 -413.15403066635133
-1200.7628456738591 -411.6941739177704
-1200.9796563473344 -409.8760610675812
-1201.096374334097 -408.20391856193544
-1201.397946537733 -406.3156374549866
-1201.6202423733473 -404.5874932861328
-1201.6132144641876 -403.0083008861542
-1200.8563216638565 -401.0420523738861
-1200.4485091876984 -399.4930226659775
-1200.789808959961 -397.76234768390657
-1200.8117903985828 -396.28323791980745
-1200.4388852336258 -394.66160105228425
-1200.9207765676827 -393.55367706775667
-1200.306472382769 -391.989398226738
-1199.846929273829 -390.01823125839235
-1200.4191575863213 -388.363613114357
-1200.2675060548634 -386.40859840869905
-1200.7063831903786 -385.3951175069809
-1200.2269610979408 -383.7095296239853
-1200.3768942274899 -382.42515192985536
-1200.8500244834274 -380.51354335308076
-1200.382850221619 -378.6853427743912
-1200.5202475406975 -377.39352999687196
-1201.200006089434 -375.6827736949921
-1201.1281127550453 -373.9332934474945
-1201.5799343206734 -372.1120182132721
-1202.089152000174 -370.47552596092225
-1201.753718308434 -368.79775415420534
-1202.198877833113 -367.218016371727
-1201.4750568487495 -365.27058456897737
-1201.7231419899315 -363.64091287612916
-1201.7005661644787 -361.9257775402069
-1202.263908437714 -360.0266293144226
-1202.53453900598 -358.26047788619996
-1202.3725980439037 -356.60850606918336
-1202.727913818583 -354.8843215560913
-1202.9617509164661 -353.26051555633546
-1203.2703373350948 -351.51617084503175
-1203.6216427006573 -350.1765589570999
-1204.03096037291 -348.34320174217225
-1204.215229413733 -347.1934164619446
-1204.1232033290714 -345.5451476430893
-1204.169669143185 -343.85723517894746
-1204.3693678893894 -342.4854596710205
-1203.9521927752346 -340.549722776413
-1203.7335167595 -338.81912778377534
-1203.926239959225 -336.98132143974306
-1204.2437320568413 -335.163715467453
-1203.6358322717995 -333.25892196655275
-1202.9797678806633 -331.3123675441742
-1202.9726612933725 -329.35249172210695
-1202.6884063252062 -327.40843854904176
-1203.0252260037512 -325.5572386837006
-1202.7593754597754 -324.1912616348267
-1203.173698610887 -323.45993064403535
-1203.3719445236773 -321.52794884204866
-1203.0569042929262 -319.80609689712526
-1203.4297001131624 -318.88045059204103
-1203.5514066883177 -317.6115674829483
-1203.2876253493876 -315.8330440378189
-1203.0110058554262 -313.9622037267685
-1202.8973471888155 -312.4534067964554
-1202.7174899347872 -310.5752396440506
-1203.18822992526 -309.1114053583145
-1202.4736408063025 -307.37157367229463
-1203.1192529865355 -305.620270357132
-1203.6416122981161 -304.13703654766084
-1203.5833605893702 -302.4510872220993
-1202.6996850737185 -300.6081199502945
-1202.3225438066572 -298.7799973344803
-1202.6585131355375 -296.9928822374344
-1202.3067900904268 -295.49701975345613
-1201.8644089766592 -293.54421852588655
-1202.1510292359442 -292.20186375141145
-1202.3160229691118 -290.519569978714
-1202.6705376871676 -288.5923687076569
-1203.1568231054396 -286.7124286746979
-1203.459624178037 -284.9441488838196
-1203.780664748773 -283.1380749797821
-1203.4224763282389 -281.3586610412598
-1203.089636124 -279.67062865257265
-1203.2379910417646 -277.93667231559755
-1202.8412673541159 -276.2415363645554
-1202.3661586412043 -274.67931710243226
-1203.0520950921625 -272.90846608638765
-1203.4269990690798 -272.0125899767876
-1203.651566303596 -270.10686855077745
-1203.739283382222 -268.41252116918565
-1203.7037614502758 -266.5222778773308
-1204.0966149189323 -265.1731294846535
-1204.6472661115974 -263.38368861436845
-1204.8135430880636 -261.8497671341896
-1205.210837669 -260.0576566910744
-1205.6637365289778 -258.50395302534105
-1205.72298849307 -256.58169786691667
-1205.1598318286985 -255.37876527071
-1205.4558747478575 -253.5915874695778
-1205.2484428652376 -251.8644202208519
-1205.2588083513826 -250.03804616689683
-1204.6096004017443 -248.453809068203
-1204.0065817602724 -246.7968299841881
-1203.4494569071383 -244.87329439878465
-1203.9942027696222 -243.03508357763292
-1203.731054283008 -241.59408907651903
-1203.129601693973 -240.28531973123552
-1203.3041202195734 -238.44733087778093
-1202.647439576015 -236.89434866666795
-1201.9382444985956 -235.39296166658403
-1201.0855217345804 -234.61103265047075
-1201.0686534114927 -232.7866512989998
-1200.8057513602823 -231.14713136911394
-1200.346581048593 -229.32799355745317
-1200.317953176126 -228.45919178485872
-1199.6134583421797 -227.23217175960542
-1198.3719723888487 -225.59130321502687
-1197.7633321949095 -225.2753977930546
-1196.887725538835 -224.66859115719797
-1196.824322647676 -223.59323622345926
-1195.845136351213 -222.2148792898655
-1195.000608093366 -221.42945410370828
-1194.3390795060247 -220.78062923312189
-1193.6185833283514 -219.75520916342737
-1192.7290270396322 -218.82334752440454
-1192.2674661346525 -219.02469733417036
-1191.543199128732 -218.5744613415003
-1190.2361205288023 -218.11621052086355
-1189.2474946447462 -217.51627898275854
-1187.5022651620955 -217.0817867523432
-1186.035403437242 -216.5602222687006
-1185.3395739265532 -216.83818027436735
-1184.665258712396 -217.59780243098737
-1183.524394459352 -217.18239483296873
-1182.8973286815733 -216.62373253762723
-1181.4967442222685 -217.3544525808096
-1180.3602635332197 -217.06634593069555
-1179.233556336984 -217.33404785454275
-1178.6687595316023 -217.50437560737134
-1177.7609525390715 -217.19948434889318
-1177.0916640826315 -217.10957951903345
-1175.3297473260016 -216.72820632219316
-1174.0138731070608 -216.38789586782457
-1173.2338383265585 -216.1883408433199
-1172.1041733094305 -215.98914092838766
-1171.0480445691198 -215.93091231644155
-1170.3428587981314 -215.54466950953008
-1169.5660342045874 -215.30755496084691
-1168.9400072761625 -215.42458185613157
-1167.747855610475 -215.81368526875974
-1166.625108070001 -215.48551425397397
-1165.248580641374 -216.01985833108427
-1163.5070857473463 -215.78570073902608
-1162.8643291660399 -215.9730416840315
-1161.419231242761 -215.45882859885694
-1160.2930252023787 -215.49354001939298
-1158.8546878763289 -215.18173086702825
-1157.9430003234 -215.63848912775518
-1156.5404595204443 -215.91655236542226
-1156.1142939992994 -214.44244629204275
-1155.275369174108 -213.62988251507284
-1154.3511924215406 -212.71184361040594
-1153.4033301540464 -211.43137681543828
-1152.6649017997831 -210.86848592817785
-1151.4860490032286 -209.7824007278681
-1149.882456130609 -209.04344785273076
-1149.5163892575354 -208.28535658180715
-1147.830933220014 -207.67916244328023
-1146.9977759786696 -206.48758953869344
-1146.142894274816 -204.83879846394063
-1146.2066904970259 -203.0059747105837
-1146.0482043393702 -201.72727090179922
-1144.9408775933832 -200.04749995529653
-1145.0910865732283 -198.90870207607747
-1145.02423915945 -197.85731655418874
-1144.654438502416 -196.59402340710164
-1144.5123395242542 -194.83085721790792
-1144.6756027706713 -193.07858413517476
-1144.7212852158398 -191.90502220451833
-1144.5556041070074 -190.23296648323537
-1144.6207247444243 -188.6224593526125
-1144.6031335213036 -187.02744001209737
-1144.9775056161732 -185.1634523278475
-1144.4251921691746 -183.5659875279665
-1143.7705390968174 -181.6623366481066
-1143.8715386980027 -180.81366092026235
-1144.088914378807 -180.11681473314763
-1144.3538844131679 -178.68261373102666
-1144.6023491614312 -176.8950703150034
-1144.474812059924 -175.20721530973913
-1144.5239872776717 -173.75589251577856
-1144.5296127342433 -172.41898918211461
-1143.565636708662 -171.74910581171514
-1143.1972169720382 -170.35145890772344
-1142.8184408389777 -169.28357088625432
-1142.6294255696982 -168.68946683466436
-1142.6556874655932 -167.23196113169195
-1142.1251716756076 -166.40816366732122
-1141.6438809775561 -165.21447312891485
-1140.5263556384295 -164.2383599883318
-1139.718817069456 -163.4801236397028
-1138.821748270914 -162.7605164653063
-1137.7120790623874 -162.78045815289022
-1137.050521626398 -162.52710104048253
-1136.6137457036227 -162.06634736120702
-1134.7868669175357 -161.826262832284
-1134.0905083560199 -161.6230710154772
-1133.0020144128055 -161.22133973300458
-1131.8674996041507 -161.39654439747335
-1131.1568370007724 -160.726620734334
-1130.458674921915 -160.05558788836004
-1129.2026708268374 -160.23873946130277
-1127.989137782976 -160.46526569187643
-1126.5964211367816 -160.51184082463385
-1125.2028994702548 -160.65198886826636
-1123.9763231419772 -160.21803486779334
-1122.8660655163974 -160.634939943105
-1121.5691433095187 -161.0126377387345
-1120.010308041498 -160.9501295952499
-1118.6194119595737 -161.07205804124476
-1116.8844819211215 -160.57879223361613
-1115.8923851989955 -160.1651452971995
-1114.9485141777247 -160.36474472716452
-1113.8290509723872 -160.0306516928971
-1112.5174322866649 -159.15819353297354
-1111.0477499508113 -158.65930751398207
-1109.9355374120921 -158.15432110860945
-1108.3816737674922 -158.431940202266
-1107.675676658079 -158.17237499788405
-1106.3850336813182 -158.2790774895251
-1105.0646212839335 -158.07032034233214
-1103.8774070286006 -158.56918329432608
-1102.8455262922496 -158.38801536396147
-1101.930231108591 -158.5886979146302
-1100.5100460194797 -158.34455633595587
-1099.7632004164905 -158.23038551643492
-1098.5302243375033 -158.90691975191237
