-1192.22 -440.36
-1193.5765576076508 -440.2013804471493
-1195.1522546720505 -439.6332565701008
-1195.9628548932076 -438.97670914292337
-1197.5200159859658 -438.2621303355694
-1198.181225092411 -437.3983984744549
-1198.9357996296883 -436.311283544302
-1198.9560526919365 -434.5523018395901
-1199.302333624363 -433.05209882617
-1199.653879852295 -431.57263346076013
-1199.547943265438 -429.8684799230099
-1200.1699400258065 -429.0055462872982
-1200.0083038520813 -427.4661516702175
-1200.0206743490696 -426.1141676461697
-1199.904742152691 -424.5449411427975
-1199.7559276235104 -423.48094113230707
-1200.0413455975056 -421.6236294066906
-1200.4401943993569 -419.76069100260736
-1200.47346621871 -418.2205465590954
-1200.1339938354492 -416.5566904103756
-1200.5739999127388 -414.83978922724725
-1200.1423490655422 -412.9311657702923
-1199.8998080801964 -411.3695382630825
-1199.5787154448033 -409.70686216712
-1200.4337366235256 -408.3008369958401
-1199.960978717804 -406.43246813178064
-1200.0588283401728 -405.1793608224392
-1200.3853320342303 -404.0645876681805
-1200.540172533393 -402.7262564456463
-1200.7503521305323 -401.3182823216915
-1200.833218009472 -400.36788137316705
-1200.701515750289 -398.8969051396847
-1200.174524025321 -397.45873470664026
-1200.3441306513548 -396.3793351209164
-1200.3502477270365 -395.1484192168713
-1201.036964879632 -394.2507022178173
-1200.8191974622011 -393.0105937278271
-1201.206370369792 -392.0890965616703
-1200.9962737870217 -390.3445353662968
-1201.3814587306977 -388.5526420032978
-1201.5728401851654 -386.69493688702585
-1202.0136443686486 -384.93972219586374
-1201.952501551509 -383.15752305150033
-1202.7350739997626 -381.5830037748814
-1202.5769435179234 -380.0615214264393
-1202.6730897587538 -378.4143527901173
-1202.1133488577605 -377.165906444788
-1201.573909894824 -375.2657005941868
-1201.3273693782091 -373.6185819065571
-1201.1714378905297 -372.33553566098215
-1201.6610437345505 -370.54575313687326
-1201.3525907707215 -369.2282446777821
-1201.5857630681992 -367.414047614336
-1201.4985482853651 -365.6442233479023
-1201.0788570803404 -364.146308079958
-1200.9609472614527 -362.51815404057504
-1200.8530707967282 -361.62885583996774
-1200.6260343056917 -360.22292305588724
-1200.5149696034193 -358.523515239954
-1200.3558179003 -357.1473343527317
-1200.657222763896 -355.81007899403573
-1201.2757802170515 -354.3946617996693
-1200.830769584775 -353.16700197815896
-1201.1917496186495 -351.6520943796635
-1201.0515545320511 -349.7925881302357
-1200.8334496480227 -348.40984441399576
-1201.19652746737 -347.66281057953836
-1200.6447933775187 -345.8951442396641
-1201.269105539918 -345.048000947237
-1200.9468853336573 -343.5850172197819
-1201.64256231606 -341.74184061646463
-1202.0464933377505 -339.865135089159
-1202.3710256677866 -338.0350243008137
-1202.525673405528 -336.30345870614053
-1203.0622056287527 -334.5053666985035
-1203.1947583419085 -333.406638995409
-1202.6376795631647 -331.4546171581745
-1202.5603919562698 -330.34335936665536
-1202.947178119123 -328.5545782005787
-1203.1208117988706 -327.73299963831903
-1202.8858662036062 -326.1653762614727
-1202.2634119179845 -324.6918392932415
-1201.6974808958173 -323.0827509915829
-1201.7845331069827 -321.2109221971035
-1201.206324004829 -319.28465695738794
-1201.6932888564468 -317.88689251303674
-1201.135457509458 -316.081777766943
-1200.9400959697366 -314.1824169909954
-1200.6246423211694 -312.55777259230615
-1200.20794785887 -310.9365182673931
-1200.6989674058557 -309.7685888564587
-1200.454793059528 -308.87848402619363
-1200.2950944539905 -307.6927390253544
-1199.9695860382915 -306.0680107033253
-1200.1615847733617 -304.2633410847187
-1200.433413901627 -302.5263675606251
-1200.0966640797258 -301.3473767197132
-1199.8185045209527 -299.5424570000172
-1200.645202228129 -298.3391447222233
-1201.2144352284074 -297.2446271336079
-1201.996288844645 -295.4930830156803
-1202.0230359074474 -294.0443324005604
-1201.3539215561748 -292.6242838060856
-1201.4082785856724 -291.19077600598337
-1201.6632093203068 -289.2523926651478
-1201.584591434598 -288.08010269761087
-1202.1469784241915 -286.16976977944375
-1201.7880322498083 -284.9918385899067
-1201.249554232955 -283.5060123360157
-1201.0506000083685 -282.38366533875467
-1200.5733277064562 -281.30169595837594
-1200.949860380292 -280.41430164933206
-1200.6607212883234 -279.01509191155435
-1200.2466012102366 -277.7832979118824
-1200.7694029670954 -276.12746979355813
-1200.651649044156 -274.70891548752786
-1200.5613036763668 -273.4941272890568
-1200.1286254239083 -271.67292644143106
-1199.9930861604214 -269.8158543264866
-1199.7699440133572 -268.2198753511906
-1199.8465199780464 -266.4435901796818
-1199.8733751785755 -265.6976388847828
-1200.3962355864048 -264.73985226511957
-1200.473268107772 -263.6130004680157
-1201.086945669055 -261.8700896060467
-1201.0118704599142 -260.59319372534753
-1201.5528403681517 -258.83590693831445
-1201.7887613487244 -257.18632741332056
-1201.7568754938245 -255.25221557974817
-1202.1428002205491 -253.91224654078485
-1202.2925261941552 -252.40301330447198
-1202.4431198474765 -250.67640788912774
-1202.58213658005 -249.88824845910074
-1202.0009497490526 -248.35239137768747
-1202.0329871860147 -246.57108821034433
-1201.4788964477182 -245.7671072638035
-1201.7841813650728 -245.09060259222986
-1202.16453112036 -244.09184534907342
-1202.4675680485368 -242.4319541013241
-1202.9466542688012 -240.99782224059106
-1203.285969772637 -239.2634834802151
-1202.471008398831 -237.48005361914636
-1202.6130613026023 -235.71464891791345
-1202.5233478781581 -234.08628220915796
-1201.7960410949588 -232.33588273882867
-1201.2318564292789 -231.03371794581415
-1201.3461760294438 -229.19142945170404
-1200.7581760299206 -228.43107517123224
-1201.207821906805 -226.52202899813653
-1201.0893543672562 -225.41896958708764
-1200.4847244930268 -223.62456817984582
-1200.0071450781822 -221.74755187392236
-1198.8552683901787 -220.41573603510858
-1197.6048972916603 -219.08988268733026
-1196.5499595713616 -217.55723674654962
-1195.1089840245247 -216.7528684294224
-1193.3419715476036 -216.44519890904428
-1191.9680065226555 -216.0456529712677
-1191.324951798916 -215.38213019132615
-1189.898177177906 -214.89651118278505
-1188.2944603276253 -214.11982367992402
-1187.0408829760552 -214.20694586694242
-1185.8468271803856 -213.86576899945737
-1184.8714781713486 -214.06411881804468
-1183.8792724323273 -214.56323336124422
-1182.4170689296723 -214.29965446949006
-1181.13186273098 -214.5184962308407
-1180.186645359993 -214.24524672389032
-1178.4310642194748 -213.79688818812372
-1177.083929629326 -214.049839810133
-1175.2314380121231 -213.69346197009088
-1174.1359034490586 -213.99956290483476
-1172.8273406934738 -213.2772867536545
-1171.580693693161 -212.9030090725422
-1171.011485786438 -213.04904182314874
-1169.3496977996826 -212.69436435461046
-1168.3371318292618 -212.5761848768592
-1166.9210598182678 -212.88918603271247
-1165.0451144886017 -212.31963587611915
-1164.4069124174118 -213.17401660293342
-1163.6759539556504 -213.01156681090595
-1162.6982577753067 -212.75088643342258
-1161.85265478611 -212.81062641054393
-1161.1978143763542 -212.59051822930576
-1159.813647301197 -212.06812118798496
-1158.8737843346596 -211.56908508449794
-1158.2551083278656 -210.42399927288295
-1157.681987555027 -209.73932977825405
-1156.03903475523 -209.69821976929904
-1154.8208496880532 -209.03108393460514
-1153.8394803714752 -208.36421846657993
-1153.0544404697418 -207.22532390862705
-1152.0109820079804 -206.60113673716785
-1151.2619962406159 -206.0001885226369
-1150.3552205872536 -205.27104746609928
-1148.8176464152336 -205.27581504046918
-1147.0902103495598 -204.39461818397046
-1145.4735275816918 -203.86067357718946
-1144.2451011252404 -203.30089154899122
-1144.1569408488274 -201.73739543616773
-1143.4696126890183 -200.22768345534803
-1142.9990787816048 -198.67699566543104
-1143.2218945932389 -197.46334603488447
-1143.1103575092554 -196.92556110084058
-1142.7784329217673 -195.49928537070753
-1142.5755860817433 -194.22968784034254
-1141.3245080721379 -193.3353656834364
-1140.163874746561 -192.64960470855237
-1139.7301540386677 -191.18102505862714
-1139.660122693777 -190.06652417838575
-1138.606110752821 -188.91738262832166
-1137.1297647368908 -187.79756644427778
-1136.3634189975262 -186.984179109931
-1134.7818531405926 -186.6078950470686
-1133.7512015712261 -186.03990766465665
-1133.1881995809078 -185.41141393840314
-1131.9396790874005 -184.92649957597257
-1130.0635353934765 -184.8268377786875
-1128.2219464194775 -185.2878543740511
-1126.432727278471 -185.95561271965505
-1125.6366482388974 -186.71779561102392
-1124.2408071172238 -186.90375077784063
-1123.162039579153 -186.23716461718084
-1122.2576777350903 -186.55122360646726
-1120.543755711317 -186.09225028812887
-1119.3292004477978 -186.22688973009588
-1117.4739481818676 -186.51811435878278
-1116.5011566889286 -186.38582339942457
-1115.1618976604939 -186.3163984423876
-1113.8478832256794 -186.78691163718702
-1112.2425819647312 -186.65716132581235
-1110.4378703844548 -186.77457556188108
-1109.4483729612828 -186.37569269597532
-1108.397982121706 -186.23161765992643
-1106.6819734585285 -186.13317218482496
-1104.9735386383534 -185.9035008853674
-1103.1588027489186 -185.28466650903226
-1101.9351352465153 -186.08062991559507
-1100.844845057726 -185.58459326684476
-1099.308942795992 -185.22161126196386
