-1192.22 -440.36
-1192.506566078663 -438.8274209356308
-1193.6000852894783 -437.5587764835358
-1193.9438044142723 -436.33779178619386
-1195.3802695584297 -434.97165642738344
-1195.5624677848816 -433.37616311073305
-1196.7009200763703 -432.1358343219757
-1197.1057976198197 -430.51659320354463
-1197.2142808151245 -428.7461371278763
-1197.8236983132363 -426.8361909246445
-1198.1298465442658 -424.9840473985672
-1197.7555049669743 -423.70185683727266
-1197.7478107523918 -421.8379518842697
-1197.9476583462954 -419.94974850177766
-1198.1030057531596 -418.03989599704744
-1198.6381628376246 -417.13920585870744
-1198.5482321542502 -415.29522292375566
-1199.1104063552618 -413.44750611543657
-1199.1088902366162 -411.5877145981789
-1198.656354458332 -409.6181415772438
-1198.420536057353 -407.8364307141304
-1198.2796388727427 -406.1336597657204
-1199.068458841443 -404.2138700938225
-1198.7490038138628 -402.36500720739366
-1198.583644361496 -400.6919304585457
-1198.3708429944516 -399.01310233831407
-1198.1320298027993 -397.5277297949791
-1197.8764356982708 -396.25938467741014
-1198.201605231762 -394.32854943037034
-1198.0194172275067 -392.97895126104356
-1197.597453416586 -391.14112250566484
-1197.2327190947533 -389.8778080201149
-1197.894384534359 -388.0468740916252
-1197.6516180348397 -386.31234817266466
-1197.4986458730698 -384.79313091993333
-1197.5602447402478 -383.02332119703294
-1197.4603384447098 -381.296924636364
-1197.7186154139042 -379.4305847144127
-1198.1555440735817 -377.7811751818657
-1198.7894219470024 -375.89454369306566
-1198.971142039895 -374.25121252298356
-1199.5160553318262 -372.47250358819963
-1199.0090571504832 -370.54865603208543
-1199.1127435278893 -368.76781468153
-1198.6146253955365 -367.07110659837724
-1198.7946794939041 -366.1435167646408
-1198.3403026473522 -364.2717525815964
-1198.4262544673682 -362.432335600853
-1198.1637412768603 -360.82918439865114
-1198.0149665933848 -359.56766949653627
-1198.7928453546763 -357.84516416549684
-1199.0811641079188 -355.9914129829407
-1198.8547999721766 -354.4911480998993
-1199.7176979643107 -352.7457114315033
-1200.3041809660197 -351.02614067554475
-1200.9074770075083 -349.3400065755844
-1200.5291422468424 -347.35179804325105
-1200.4733871233464 -345.94586049079896
-1200.977194250822 -344.23184047698976
-1200.6434375953675 -342.26916800498964
-1200.4731978487969 -340.44071565628053
-1201.2560295176506 -338.53094826698305
-1200.6855589461327 -336.5861874675751
-1200.6894823548198 -334.64753781318666
-1200.920773589313 -333.0053572511673
-1201.123304092586 -331.14984117507936
-1200.848568045795 -329.20573590755464
-1200.5150985655189 -327.7707403755188
-1200.511837669909 -325.88149176597597
-1201.0744797673822 -324.6287590122223
-1201.3491893199086 -322.85973320961
-1201.7077497926355 -321.123689994812
-1201.2534376767278 -319.8033308839798
-1200.5637109068036 -319.05748359918596
-1200.3831183847785 -317.3106362080574
-1201.0072541174293 -315.5879277443886
-1200.8268389341235 -314.3127103304863
-1201.079034948051 -312.6383166766167
-1200.4477005240321 -310.72067336797716
-1200.539758526981 -308.7889399981499
-1200.1571548518539 -306.9065577244759
-1200.1111999985576 -305.23513726949693
-1200.296886318624 -304.1515733456612
-1200.4338730064035 -302.3426276898384
-1199.9635129955411 -300.388872191906
-1200.3056882408262 -298.73590032815935
-1200.031016716063 -296.9743637299538
-1200.2595266190172 -295.1877434706688
-1200.144046523869 -293.34620265722276
-1200.7268874433637 -291.45204667806627
-1201.2959269073606 -289.98575215101243
-1201.9202158239484 -288.06751494169237
-1201.5810842600465 -286.16805319547655
-1201.5527873963863 -284.6351280665398
-1201.9769949943573 -283.54349391222
-1201.771202358678 -281.81463782548906
-1201.9012105346471 -279.88145808935167
-1202.4332677007467 -277.991233394146
-1202.8212115050108 -276.1117632842064
-1202.5113737166673 -274.8118604874611
-1201.9633288563043 -273.2967741942406
-1201.7774927795679 -271.783444211483
-1201.4471487284452 -270.6707610344887
-1201.5410156504065 -269.0274632430077
-1201.4773881987483 -267.5723908400536
-1201.9109573916346 -265.7584691500664
-1201.6052036539465 -264.05697612524034
-1201.6902181164176 -262.21467594861986
-1201.6681957200915 -260.3819234824181
-1201.2495078698546 -259.0946709370613
-1201.0599635050446 -257.15368406534196
-1201.1136914149672 -255.54322747945787
-1201.1339256570488 -253.9359788155556
-1201.6667063043267 -252.64320175409318
-1201.9179637239129 -251.12729565858842
-1201.7316618070752 -249.80618970155717
-1201.5982921973616 -248.2064716076851
-1201.3901798532158 -246.404626057148
-1200.8520884320885 -244.52098231077196
-1200.2788795039803 -242.74505333662034
-1199.7684499428422 -241.71392326116563
-1199.4565711126477 -239.90710096120836
-1198.8666651950032 -238.81175939798356
-1198.7945941791684 -237.0066962695122
-1198.6150437698514 -235.4283783888817
-1198.087059448734 -233.53407816648485
-1198.1361451105029 -232.04880766630174
-1198.538011784926 -230.75413410425188
-1198.1255259171874 -228.85502712488176
-1198.2790323302895 -226.97530953645708
-1197.4997399852425 -225.15752403497697
-1196.6304127977044 -223.20980493783952
-1196.6376175985486 -221.34599034547807
-1195.1105507717282 -220.64266280889512
-1193.8475040302426 -219.17661266088487
-1192.2483980760724 -218.50208012819292
-1191.4644612178952 -217.60824887514116
-1190.140276561752 -217.71872724652292
-1189.242011557594 -217.15919913411142
-1187.6856675253064 -216.60831172823907
-1186.6996096477658 -216.42089013814928
-1184.9293611154706 -216.11153806805612
-1183.5584925518185 -215.6861899650097
-1181.6738545999676 -215.12119592785837
-1180.3575530157239 -214.93011510431768
-1178.5495066747815 -214.44353038132192
-1176.6053149805218 -214.1302155262232
-1175.5560838089139 -214.42448213756086
-1174.6260045871884 -214.36632372498514
-1173.2858042822033 -213.9426574265957
-1172.311851392761 -213.7079304611683
-1171.7787529335171 -213.79217819929124
-1171.22362030603 -214.38419370412828
-1170.2372305498272 -214.27423198580743
-1169.0419601307065 -213.75760825037958
-1167.4560626850277 -213.7849858260155
-1165.5586779222638 -213.61357700884344
-1163.8596818552166 -214.20225328266622
-1162.0599037513882 -214.55288222491743
-1161.3404328928143 -214.09015777766706
-1160.1105980978161 -213.36379399955274
-1158.4225695238263 -212.7107184237242
-1157.6405209407956 -213.05428397715093
-1156.857352326885 -211.86524593889715
-1155.7873936400563 -210.89479124605657
-1154.4589434371144 -210.34671068251134
-1153.1519457802922 -209.34621334135534
-1151.3070177540928 -208.35695207178594
-1149.722379635349 -207.59793710768224
-1148.6140114770085 -205.88913941442968
-1147.3633770451695 -204.3747930532694
-1147.2302880392224 -202.62616300642492
-1146.3369827375561 -200.67993307173253
-1145.852356921211 -199.0141186720133
-1145.7796514809877 -197.47994768679143
-1145.9271542460472 -196.84274751007558
-1146.401921960786 -195.8713323479891
-1146.0245422751457 -194.12422388851644
-1145.524083140567 -192.53372663319112
-1145.8370179266483 -191.10133653938772
-1145.1125886172802 -189.50010138809682
-1144.974963355139 -187.59745389282705
-1145.1585508466512 -186.21702569782735
-1144.940036463812 -184.65823894798757
-1145.4793391109258 -182.8287444716692
-1144.8908426047117 -181.6048367625475
-1145.1880168200285 -179.7138171797991
-1145.1363587931544 -177.94249373734
-1144.9023787186295 -176.79753834068777
-1144.829819578007 -175.32291108429433
-1144.4713050902635 -173.6705905801058
-1144.3180397481472 -172.30243295490743
-1144.4503574103862 -170.4304655200243
-1143.8677802414447 -168.73026377022268
-1143.7093233496696 -167.41643863976003
-1143.313069108203 -165.4653617745638
-1142.212838891223 -163.7062167531252
-1140.5176962644607 -162.37876528561117
-1138.5896149904281 -161.70918816387655
-1137.67410409756 -161.90749071598054
-1136.3654338151962 -161.16500972270967
-1135.2698291570694 -161.45620052576066
-1133.6803561479599 -160.83996658086778
-1132.4121458560974 -161.20865120053293
-1131.269789937213 -161.54899124860765
-1129.3951494724304 -161.2212692654133
-1127.9274082214386 -160.72949720978738
-1126.3703491718322 -160.2517161524296
-1125.526494327262 -160.36505533814432
-1124.6019033820182 -160.58063714265825
-1123.148926916793 -160.648503035903
-1121.266027155593 -160.49651104271413
-1119.3098039061576 -160.1347332006693
-1117.658999624923 -159.51464867651464
-1116.6192616850883 -159.60775473028423
-1115.6121776730567 -159.67531945616008
-1114.192803087905 -159.3349346151948
-1113.5678657919914 -158.7054265370965
-1112.3867842585594 -158.84507333546878
-1110.9109298617393 -158.6744684508443
-1109.3831514746696 -158.37347402483226
-1107.7185385853797 -158.51346848219634
-1106.0360055596382 -158.51037990151906
-1104.4615315825492 -159.22118996678853
-1102.785638633445 -158.52150236665273
-1101.9266937405616 -159.0745822697785
-1101.1026191145927 -158.9048299997952
-1099.5675751597435 -159.0125167131331
