-1192.22 -440.36
-1192.1399508428574 -438.81884597301485
-1192.253815920353 -437.398955450058
-1192.995061070919 -436.2470623111725
-1193.417967350483 -435.4399714922905
-1194.3296845269203 -434.0676808810234
-1194.751063079834 -433.0131500220299
-1195.9529419851303 -432.2074041223526
-1196.5525474858284 -431.0327230548859
-1197.62446048975 -429.4079431152344
-1198.634200603962 -427.6040609931946
-1198.842125864029 -425.76813875198366
-1199.6587939572335 -424.86064754486085
-1199.3477834773064 -424.0643925523758
-1199.5804896217585 -422.91993831157686
-1199.7741356652975 -421.8230172252655
-1200.3074233692885 -420.27435658931734
-1200.0080030721426 -419.1245918130875
-1200.2740258735419 -417.2700562334061
-1200.3028257575631 -415.47740052700044
-1200.1893404063583 -414.73499523162843
-1200.8092718061805 -412.875331864357
-1201.1298136648536 -411.38951562404634
-1201.514997535646 -409.7325498914719
-1201.1688466307521 -408.62586294174196
-1200.3686682221294 -407.0082892036438
-1200.258614757359 -405.26510511398317
-1199.8171437767148 -403.4233991956711
-1199.256911137402 -401.9485264873505
-1199.7335033801198 -400.4483849859238
-1199.6277878966928 -398.96974311828615
-1199.4513593104482 -397.21263586044313
-1199.391557791531 -396.4429246044159
-1199.4417171043158 -394.7369112825394
-1199.7860540610552 -392.8009989118576
-1199.2315121752024 -392.13309650182725
-1198.6653879743815 -391.1432531929016
-1197.8173068624735 -389.68221162319185
-1197.1169451338053 -387.8524982786179
-1197.087074802518 -386.8644026374817
-1196.8270575267077 -385.29117582798006
-1196.3351368170977 -383.82260392665864
-1197.0844501119852 -381.9036326265335
-1197.563796506524 -381.0854132628441
-1197.569829488434 -379.63927404642106
-1198.2257290131226 -378.8873401141167
-1197.5930919891969 -377.71239642858507
-1197.441857109107 -376.4301991915703
-1197.4138837589696 -375.5934709763527
-1197.1019876732305 -374.2836326813698
-1197.6348971261457 -372.777767226696
-1197.7538881360367 -371.52531294584276
-1198.1665547548607 -369.70783536195756
-1198.3587902246788 -368.03149192094804
-1197.940987056382 -367.321174428463
-1197.7031820176915 -365.9893345093727
-1197.487848004587 -364.3795172429085
-1198.189879676588 -362.78406779527666
-1198.828355213888 -361.28342120409013
-1198.685850208886 -359.7927219128609
-1199.4615534006432 -358.00599508047105
-1199.4548319189623 -356.7652698016167
-1199.9609183280543 -355.27441875696184
-1199.9327659069374 -353.73751358747484
-1200.927876299508 -351.95066087007524
-1200.4195213376358 -350.23546354532243
-1200.8037463485077 -348.65193168878557
-1201.019370144494 -347.0067894911766
-1201.016218057163 -345.46365253686906
-1201.3057724742964 -344.8689514255524
-1201.2534549257532 -343.78223739624025
-1200.7616912743822 -342.59911690711976
-1200.804590354003 -340.84718917369844
-1201.4436785078422 -339.6455149507523
-1201.0014963543788 -337.8138576602936
-1200.9204717076198 -336.6951495265961
-1200.5970874822513 -335.55653511047365
-1201.3063595688716 -334.3928313112259
-1201.5014062023536 -332.73813448905946
-1201.829985866584 -331.34091220855714
-1202.266254643239 -329.49117623329164
-1201.5898220932856 -327.77686272621156
-1201.2576177811995 -326.9244609928131
-1201.4097160047666 -325.9107835149765
-1201.8586538976804 -324.41969858169557
-1201.3419501132146 -323.1939215517044
-1200.8325085586682 -321.5705358839035
-1199.8819748705998 -320.1501133298874
-1199.4698188847676 -319.2215689277649
-1198.7100439018384 -317.33188782691957
-1198.525538081564 -316.50570140838624
-1197.857354397215 -315.15128658771516
-1196.3002912944928 -313.7084712839127
-1194.8153188175336 -313.4604562675953
-1193.213732237257 -312.5694830572605
-1191.7656292862073 -311.81385387539865
-1190.9179995006696 -311.45479650855066
-1189.435083741583 -311.445158765316
-1188.4677497095242 -310.77937774419786
-1187.5914503282681 -310.31743235945703
-1185.9316745943204 -310.1044970011711
-1184.4835426754132 -309.8008282637596
-1182.6352574772015 -309.1635607933998
-1180.9553413337842 -308.8617436742783
-1179.1576628631726 -308.60168318510057
-1178.493594760336 -307.2599051451683
-1177.7020179576054 -306.4140953874588
-1176.5092973059789 -306.48777811288835
-1174.8093861884252 -305.5279682135582
-1174.2075188106671 -304.8359950041771
-1172.4752056545392 -304.11177735090257
-1170.8690049595014 -303.17105023622514
-1169.810144299902 -302.7351895427704
-1169.093815738596 -301.96019475221635
-1168.1526796168462 -301.7878729707003
-1167.148087436594 -301.0963650351763
-1166.076522046961 -300.5249641543627
-1164.2791050023213 -300.93069961726667
-1162.7661675757543 -301.3328907197714
-1161.821356470026 -300.7462202614546
-1161.1961842722073 -300.2585918611288
-1160.5234329051152 -300.4784915304184
-1158.6801411456242 -300.4368101811409
-1157.9607070035115 -300.53012333869935
-1157.1186112708226 -299.7673855876923
-1155.8877462691441 -299.8590178644657
-1154.2867845839635 -299.0408291375637
-1153.5107368177548 -299.08399136424066
-1152.1312413162366 -297.7123595035076
-1151.281641418375 -296.8750857269764
-1150.9126494175568 -295.432872787714
-1150.6471404678002 -294.0511788284779
-1149.8389186507836 -292.38711656689645
-1150.2607036179677 -290.75218190312387
-1149.4603250569478 -289.50209297299386
-1149.7765558308736 -288.20563913941385
-1150.0357480591908 -287.3979836857319
-1149.825627306737 -286.9623863255978
-1149.3389180994407 -286.38273324131967
-1148.9583520388976 -284.8171813642979
-1148.5451326167956 -283.20831348061563
-1148.9168979621306 -282.038696423769
-1149.5527958965674 -280.1608389770985
-1149.5673356673494 -279.1828518664837
-1149.938696535565 -277.6653444325924
-1149.4735935649649 -276.78702540755273
-1149.9417032620684 -275.3411180531979
-1149.4548118731752 -274.1512369668484
-1148.6953343174234 -272.2687655246258
-1148.4393340072409 -270.54663880229
-1148.520443337299 -268.9390321528912
-1148.146241592504 -267.6300488269329
-1148.0765480420366 -266.3761814391613
-1148.2465211472288 -265.3492499148846
-1147.9939397296682 -264.49068065047265
-1148.739744575955 -262.9095031774044
-1149.3365670761839 -261.4278358972073
-1148.7082262358442 -259.889639095068
-1148.4703970721737 -259.1181933438778
-1148.6577267519012 -258.20288117289545
-1149.1815376750008 -257.6423828160763
-1148.8885114065185 -256.5141127860546
-1148.4885892740265 -255.9571381366253
-1149.061190234758 -254.23728664278985
-1148.641526745893 -252.55160482287408
-1148.241214679815 -251.6241136944294
-1148.6485297552124 -250.85755212664606
-1148.0237809887901 -249.56541819930078
-1147.4971296063438 -248.40090890288354
-1147.266762273647 -246.89485426306726
-1146.9833544364944 -246.11599750876428
-1147.457584666349 -244.631027892828
-1147.9560852817074 -243.38065286040307
-1147.5644834211841 -242.41636271834375
-1148.164361136295 -240.72765787005426
-1148.0638357869163 -238.82898099780084
-1148.78949158106 -237.37005789637567
-1149.397194670774 -236.46644909739496
-1149.0604227355495 -235.01840634703638
-1149.5746736100689 -233.17262263655664
-1149.7350569537655 -231.48092003226282
-1150.01238318 -230.74894411921503
-1149.9311262017861 -229.48979111075403
-1149.5408539718762 -228.94316269516946
-1149.0699688738957 -227.22919179558755
-1149.3093912697211 -226.22327520012857
-1149.22522144977 -224.57956434845926
-1149.6053866094724 -223.71196259617807
-1149.76667209927 -221.95022262692453
-1149.86242976252 -220.53013755440713
-1149.369460845627 -218.59597994446756
-1149.180405596532 -217.08469332814218
-1148.7587359345332 -215.4165932095051
-1148.2835788524524 -213.69356073498727
-1147.5324634707347 -212.28473581433298
-1147.0874500966445 -210.70292080998422
-1146.8528934663907 -208.98457576394082
-1146.3073143309728 -208.08763374447824
-1146.0660736358539 -207.38371028065683
-1146.1594832337275 -205.68094243168832
-1146.1557753777877 -204.46302391648294
-1146.4793617225066 -202.64374806046487
-1146.3823935783282 -202.098066226244
-1146.4643594271317 -200.36749328732492
-1146.7527027970925 -199.1172447359562
-1146.1651438719407 -198.3642205154896
-1145.885719085373 -197.5887352383137
-1145.769773731269 -196.6629436171055
-1145.6576437002793 -194.9158505356312
-1145.8862190789357 -193.61139179825784
-1145.6748627370969 -191.76339770913125
-1145.1592085904256 -190.62492860913278
-1145.1425346120075 -189.40942908883096
-1145.1878154708818 -188.38063193917276
-1145.3437902166322 -187.01831008553506
-1145.3713438867405 -185.94516934514047
-1145.1261126159504 -184.64881815075876
-1145.4799032567814 -183.36983980298044
-1145.325893646367 -181.6515181219578
-1145.2460374145583 -180.12657262444498
-1145.4610290138796 -178.9866625225544
-1144.662830552347 -177.58857728600503
-1145.1219064800814 -176.9039896285534
-1144.914390703924 -176.22238810420038
-1145.0067484213785 -175.02007587313653
-1144.5482804908231 -173.2234590804577
-1144.4713947309926 -171.9191034591198
-1144.479696166031 -170.23897488474847
-1143.8782605643198 -168.9373353278637
-1144.4699261302874 -168.18204577326776
-1144.9042181188986 -167.66025532841684
-1144.4327054734156 -166.11120714306833
-1144.7241289133951 -164.73115946412088
-1144.4112395460531 -162.96362282395364
-1145.0155133421347 -161.16093935132028
-1144.4703008348868 -160.62655957102777
-1143.5857454354689 -159.13227279543878
-1142.7083930785582 -158.11557813048364
-1142.6084628517553 -157.51206262469293
-1141.2775997335837 -156.26456888079645
-1140.4238657171652 -156.19544752001764
-1138.7816149408743 -155.4009509241581
-1137.4251727278158 -155.3210313475132
-1136.3079996521399 -154.3625109946728
-1134.798759024851 -153.75355143904687
-1133.226635378115 -153.08858700156213
-1131.2948772127554 -153.39854468464853
-1130.1159218962118 -153.5480679279566
-1128.6809593851492 -152.96572256147863
-1127.0632099325583 -153.19277900516988
-1125.403639834635 -152.54642474710943
-1124.033336561434 -152.1256351476908
-1123.1720581467077 -151.55778330624105
-1121.602429192774 -152.077555180192
-1120.216658156626 -151.98611597776414
-1118.587945025675 -152.31448166131975
-1117.101245086901 -152.46974895954133
-1116.406084101908 -151.84300474882127
-1115.6143403465674 -151.8776298543811
-1114.1442487652228 -152.31085065811874
-1112.5218272621557 -152.7464030763507
-1111.647501569502 -152.88047627419235
-1110.1617885644362 -153.2994448325038
-1108.8785990292952 -153.10810343235732
-1107.5573595578596 -152.9024004122615
-1106.6898279006407 -152.5751290997863
-1105.1591138656065 -152.28121624201538
-1104.1052667910978 -152.3936229130626
-1103.2692728454992 -151.94162235468627
-1102.2425975019858 -152.39199505060913
-1101.3757554109022 -151.93279860228301
-1099.880398135893 -151.97908912658693
-1098.420055967085 -152.14791059553625
-1097.1181425864622 -152.43400418817998
-1096.3539614493773 -152.59630668222906
-1094.5923478419706 -152.59677441850306
