-1192.22 -440.36
-1193.7107109737397 -438.716950044632
-1195.3349044036866 -438.0331316447258
-1196.7963640403748 -436.4647264933586
-1197.944136710167 -434.7737689471245
-1198.8031422805786 -433.09062652349473
-1199.7745548796654 -431.2517335867882
-1200.4172222924233 -429.4460350728035
-1200.7736347031594 -428.1687903857231
-1200.8374932867289 -426.2423673129082
-1201.120320276618 -424.8445866560936
-1201.2965348225832 -422.92866401433946
-1201.4088162717223 -421.0878534770012
-1202.114487760961 -419.097507045269
-1202.5360393461585 -417.1511781668663
-1202.861781322658 -415.2304907298088
-1203.2711813983321 -413.41066603422166
-1203.5726467904449 -411.80117492437364
-1203.4232334282995 -410.0048776125908
-1203.3672417786718 -408.26877479314805
-1203.6486623373628 -406.46729902982713
-1203.0403423395753 -404.5323355650902
-1203.547567614615 -402.859953687191
-1203.7740156438947 -401.07251875162126
-1203.7666003194452 -399.17619983911516
-1204.0852869835496 -397.555238173008
-1204.1316800501943 -395.64569370508195
-1204.2670015779138 -393.86813442468645
-1204.2418615606427 -391.95444385766984
-1204.6219976332784 -390.1499015545845
-1204.7854579773546 -388.342379257679
-1205.0239979711175 -386.49240987062456
-1205.3197883751989 -384.6238731598854
-1205.534688332379 -382.9137959933281
-1205.6268231657148 -381.1196701979637
-1205.0119570282102 -379.3302989459038
-1205.0195507791639 -377.5282248711586
-1205.236401834786 -375.8707589364052
-1204.5075351980329 -374.27794627904893
-1204.612145343125 -372.36936192274095
-1204.7210628178716 -370.91290216207506
-1205.0768340316415 -369.02902321577074
-1205.1473670688272 -367.24456958532335
-1205.4024721172452 -365.658138320446
-1205.6632708695531 -363.9294896578789
-1204.9532125380636 -362.12044934988023
-1205.1647988048196 -360.2301040148735
-1205.306505688727 -359.65519844055177
-1205.383465090096 -357.9476994132996
-1205.5601337638498 -356.7477204656601
-1205.8105639007688 -354.93412230968477
-1206.0823762205243 -353.04304359912874
-1205.6058230486512 -351.2873363351822
-1205.827879884541 -349.86305569171907
-1206.0600547280908 -348.0719745016098
-1205.7937991705537 -346.18959306240083
-1205.8704819765687 -344.3711941099167
-1205.8305944290757 -342.6096181726456
-1206.1149895873666 -341.21354363918306
-1205.8517360177636 -339.53816066741945
-1206.0439660933614 -337.7935331916809
-1206.0443139460683 -336.09494720458986
-1205.1963277247548 -334.24008999824525
-1205.5018540111184 -332.8285598611832
-1205.6491970208288 -331.18403004169465
-1205.8239788201452 -329.40603719711305
-1205.9615698841214 -327.545537815094
-1206.147334614098 -325.80398736953737
-1206.4225932446122 -324.36108325481416
-1206.2136968758703 -322.71401475429536
-1205.9755189803243 -320.96656464099885
-1205.9575669255853 -319.18694375514985
-1206.2473546651006 -317.3491704320908
-1206.3004125741124 -315.70236466884614
-1206.5316283491254 -313.88976286411287
-1206.4126498487592 -312.08830522060396
-1206.6071530368924 -310.9817235326767
-1206.8015404728055 -309.5574138021469
-1206.874090769589 -307.775305018425
-1206.8742015746236 -306.2209873056412
-1206.3207243469358 -304.40259061813356
-1206.309323349297 -303.594831571579
-1206.4371159163118 -301.78293453216554
-1205.8709789600969 -300.3021696662903
-1206.0830576506257 -298.89079426288606
-1206.2775262382627 -297.03450416088106
-1205.625020184815 -295.16268359184267
-1205.6959883061052 -293.5222009277344
-1205.5550012078882 -291.6426261520386
-1205.8199527648092 -289.9390091753006
-1205.9408174839616 -288.8108661031723
-1206.1237597551942 -286.9209985589981
-1205.83827660352 -285.2128817892075
-1206.0451035287977 -283.72656284332277
-1206.1710678127408 -282.77891050338746
-1206.2751691427827 -280.9261392211914
-1206.6084296491742 -279.0422682619095
-1206.4404848602414 -277.61774466991426
-1205.9940412130952 -275.8871285772324
-1206.191951968968 -274.3234130001068
-1206.4885053423047 -272.46750794410707
-1206.3658595767617 -270.9815534210205
-1205.9243838873506 -269.68038283348085
-1206.2258015361429 -268.18221484184267
-1206.351172992289 -267.06780074596406
-1206.571902641356 -265.28088663578035
-1206.6089309838414 -263.46306215286256
-1206.8932735708356 -262.0573125934601
-1206.4828232315183 -260.2717960929871
-1206.5421360221505 -258.5342547750473
-1206.5051900830865 -256.7526453590393
-1206.64863304168 -255.00399600028993
-1206.560611614287 -253.11941383838655
-1206.5689627316594 -251.70308779239656
-1206.4766693499685 -249.99824212551118
-1206.0901171651483 -248.73782549858095
-1206.1597125914693 -246.8352688407898
-1206.4583598461747 -244.94209228515626
-1205.6661360350251 -243.44072447776796
-1205.6359177914262 -241.90906070232393
-1205.217642673552 -240.27165387630464
-1204.8742544439435 -239.10088418483735
-1204.0560765054822 -237.62870024204256
-1203.9240685489774 -236.05285774230958
-1203.5252572980523 -234.4856470680237
-1202.416823693812 -232.83078692913057
-1201.0913297620416 -232.50101958274843
-1200.4915135589242 -230.7891298389435
-1200.7824239817262 -229.07214723587037
-1200.1857883420587 -228.13445155382158
-1200.224966892302 -226.44214455842973
-1199.8422364082933 -224.93341903448106
-1198.3409363117814 -223.60401289224626
-1197.7781630244851 -222.5814407324791
-1197.032694169581 -221.29381255865098
-1196.2022706356645 -220.1905659890175
-1195.359362551272 -219.21036724805833
-1194.1890794721246 -219.05871333241464
-1193.3123510566354 -219.28637671530248
-1192.6596566525102 -218.80554464519025
-1191.1456765022874 -218.02519670188428
-1190.0470873203874 -217.94662973344327
-1189.5824819293618 -217.69921526372434
-1188.419126817286 -217.17784592568876
-1187.720472046435 -217.10791172146799
-1187.127143868506 -217.46267052054407
-1186.7040333238244 -217.31141977071763
-1186.194471308291 -218.04309843540193
-1184.9694287267328 -217.5521230852604
-1184.466613778174 -217.07293514966966
-1183.6992230501771 -216.73955906987192
-1182.7331978169084 -217.14580290079118
-1182.0018093672395 -216.61805371999742
-1181.0826351729036 -216.730896846056
-1180.13238424927 -216.31645633339883
-1178.8157460179925 -216.15786363244058
-1178.0677047458291 -215.76970823168756
-1177.63255120188 -215.8235890722275
-1176.7924345818162 -215.5730426466465
-1176.0694893684984 -215.73763254344465
-1174.79060161978 -215.6880652910471
-1173.8384954419732 -215.60968276917936
-1172.110462256968 -215.67403993070127
-1171.0946312633157 -215.37532135903837
-1170.344352671206 -215.847586542964
-1169.5309400644899 -216.04250603973867
-1168.8123246517778 -215.62581482589246
-1168.0982544508577 -215.50541096985341
-1167.5040841785074 -215.51947489440442
-1166.360795327723 -215.21404445230962
-1165.8050001350045 -214.95909854829313
-1165.1160171714425 -215.96194383561613
-1164.5455925551057 -215.7480080729723
-1164.0305031624437 -215.85249510467054
-1163.4160752382875 -215.3915369218588
-1162.8281663146615 -215.6731687194109
-1162.1019586411119 -215.48188993394376
-1161.5219327893853 -215.1667040294409
-1160.481561729014 -215.50623539149763
-1158.9883056369424 -215.18628916203977
-1158.4772601810098 -214.65926316440107
-1157.0274322715402 -213.9792542165518
-1156.7860963431 -212.60693153798582
-1156.149624594748 -211.5721428102255
-1154.4750557032228 -211.09167239129545
-1153.9248845663667 -210.61666163861753
-1153.5143798080087 -209.58642122209073
-1152.4491602864862 -208.92618194282056
-1151.172736236155 -208.20440974891187
-1150.2667448607087 -207.59084543645383
-1149.2800338354707 -207.59555909097196
-1148.3324388352037 -206.7169850176573
-1147.8140875187516 -205.69275048434736
-1147.7780448880792 -204.0469843453169
-1147.344894298613 -203.0817344492674
-1146.7843923059106 -201.81259051024915
-1145.7405750241876 -201.0111545032263
-1145.9211063471437 -199.437432975173
-1145.7296974298358 -197.6691682046652
-1144.7061690923572 -196.37149307191373
-1144.5354651150108 -195.146173209548
-1144.6609982934594 -193.21352896153928
-1144.5718852815032 -191.4416438049078
-1144.5296958324313 -189.582732052207
-1144.477020868361 -188.4818551248312
-1143.8704372730851 -187.516305834651
-1143.2243486133218 -186.35004594981672
-1143.3627602246404 -184.44765642344953
-1143.8909100678563 -183.6804631060362
-1143.93094263345 -181.84959355056287
-1144.2924109187722 -180.0907198494673
-1144.6382644858957 -178.1570793694258
-1144.7548121449352 -176.30893948733808
-1144.9590457764268 -174.62594297587873
-1144.8428460893035 -172.7769089049101
-1144.7796843585372 -172.21285864770414
-1145.0472239491344 -171.6655597394705
-1144.393482529819 -171.12244424283506
-1143.7845392462611 -169.60340473115446
-1143.8047546085716 -168.4606891578436
-1143.4361873206497 -166.9546448892355
-1142.9444196161628 -165.37948796212675
-1142.0703218516708 -164.2693115180731
-1141.7241716322303 -163.69008180558683
-1141.370333069265 -162.66723653733732
-1140.4483562645316 -161.6237467235327
-1139.1293854650855 -161.63036046981813
-1137.928982013166 -160.94065736293794
-1137.39195083946 -160.58358289361001
-1136.2830541071296 -160.67554417312147
-1135.6723588046432 -160.14196148574354
-1134.089396172464 -160.6980698412657
-1133.0343725022674 -160.59140182346107
-1132.0896801289916 -160.7140287986398
-1130.4913236436248 -160.4489525488019
-1129.2248611983657 -160.64897512704135
-1128.3915826615691 -160.37150987297298
-1127.3750179347396 -160.92714431196453
-1126.9191169080138 -160.47898241192104
-1125.7187444505096 -159.94667323738338
-1124.292927556932 -159.93710930705072
-1123.1853869494796 -159.3625609433651
-1122.0893101033569 -159.00692637324335
-1121.4285253223777 -158.89955288231374
-1120.285270088613 -159.2152073389292
-1119.6238472399116 -159.7747096425295
-1118.1891052660346 -159.32058122813703
-1117.460799330175 -158.69720330893995
-1116.3909107384086 -158.64119371831418
-1115.6411564287544 -157.98252317368986
-1114.902085417211 -158.44768318593503
-1113.5847023662925 -158.01126942098142
-1111.9248872932792 -158.0079712277651
-1110.9785138306022 -157.59139323294164
-1110.3433325824142 -157.76308550000192
-1109.46386241287 -157.16155721306802
-1108.3933876690269 -157.21589703917505
-1106.7321425613761 -157.72922505497934
-1105.2591565784812 -157.19783146739007
-1104.4530530509353 -157.1925328975916
-1103.444306665361 -157.69495296537877
-1102.898233884275 -157.99714446127416
-1101.9932166871429 -158.14050021827222
-1100.4326248702407 -157.67550686061384
-1099.147808009088 -158.198603541255
