-1192.22 -440.36
-1193.7827480745316 -439.04533444404603
-1195.3706887674332 -438.44712428808214
-1196.7686534833908 -436.89350323438646
-1198.1558434677124 -436.0922252392769
-1199.2438280296326 -434.2310680603981
-1199.8981944036484 -432.8922013497353
-1200.5513257098198 -431.80050604104997
-1201.279284210205 -430.44693569898607
-1201.8833687019348 -428.8831030583382
-1202.1242668789625 -427.1982652401924
-1202.631746248603 -426.0584228491783
-1203.135724977851 -424.6109716153145
-1203.5582391184569 -422.7872649884224
-1203.8766796153784 -421.274011657238
-1204.2355497044325 -419.8126205658913
-1204.4842091363669 -418.5546755051613
-1204.4553034764529 -416.86308042764665
-1204.6329270762205 -415.6820600485802
-1204.6954668325186 -413.8811144089699
-1205.0158859950304 -412.80938308000566
-1204.9612114590407 -411.12260191202165
-1204.2545738381148 -409.847310230732
-1204.478023813367 -408.3202163434029
-1204.6881174010039 -407.2006725525856
-1204.713864312768 -405.8025328373909
-1204.694386766553 -405.2012187099457
-1204.288675532937 -403.3417819595337
-1204.1748059850931 -401.90541301727296
-1204.4923710983992 -400.53745113372804
-1204.3816470366717 -398.9552410697937
-1204.6752607089281 -397.21385274887086
-1204.921442077756 -396.5330625033379
-1205.1498376888037 -394.86160068273546
-1204.404250280261 -393.1615679717064
-1204.4591060441733 -392.17240248680116
-1204.7267635923624 -390.44217811584474
-1204.7966495913267 -388.57181654930116
-1204.8481650811434 -387.4805623149872
-1204.8072435122729 -385.939939365387
-1204.9379232388735 -384.4652315235138
-1205.0325697523356 -382.80898343086244
-1205.1880295139551 -381.3820192670822
-1205.3764414054156 -379.7994689798355
-1205.6378767949343 -379.01700829029085
-1204.606323288083 -377.3627052164078
-1204.3742383283377 -376.01732192993165
-1204.267559067607 -374.97725080013277
-1204.5066650670767 -373.2544512605667
-1204.2225810450316 -371.52329085826875
-1203.9806130987406 -369.9996542787552
-1204.2789440912009 -368.2612145996094
-1204.1759932500124 -366.91882704257966
-1204.4348281782866 -366.00226496219636
-1204.7295126181841 -365.1044791197777
-1204.1886616808176 -363.2503157114983
-1203.3548307281733 -362.1502336716652
-1203.745392755866 -360.33544223070146
-1204.1926352840662 -359.6979031419754
-1204.6288425189257 -357.8497065162659
-1204.684649990201 -355.96278415679933
-1204.959949181676 -355.09056304454805
-1204.8888464134932 -353.280231461525
-1205.3029220563174 -351.89833186626436
-1205.3191602391005 -350.3435296869278
-1205.3926884096861 -348.5918618297577
-1204.9018008869887 -347.3071995830536
-1204.2436157625914 -346.652071223259
-1203.788599805236 -344.9070088720322
-1204.235144661069 -343.441768155098
-1204.0728312593699 -341.69815264701845
-1204.2430675190687 -340.3559635734558
-1204.2063913804293 -338.81316576957704
-1204.6260045331717 -336.9249702548981
-1204.6676831406355 -335.3093396282196
-1204.8137876850367 -334.1714813566208
-1205.188026176095 -332.45795701503755
-1205.5491778713465 -330.79987572193147
-1205.0814292889834 -329.52155111789705
-1205.1272322696448 -328.5518459534645
-1205.4075220686198 -328.01591168403627
-1205.3512438696623 -327.38462935447694
-1204.224335924983 -326.73535548210145
-1204.3533358734846 -325.06334124565126
-1204.7784949702025 -323.85078249931337
-1204.8916933101416 -322.63654361724855
-1205.242458896041 -321.41118584632875
-1205.5453089338541 -319.71988783836366
-1205.3703169238568 -318.23637186050416
-1205.215588004589 -316.4411417102814
-1205.5658700478077 -314.77741490364076
-1205.1098904323578 -313.8807809209824
-1204.980491207242 -312.67601893901826
-1205.1181008380652 -311.2867679452896
-1205.3782340151072 -310.66206310749055
-1205.575112746358 -309.4174350357056
-1205.6136204463244 -307.877359495163
-1205.850889967084 -306.11872492790224
-1205.8606887620688 -304.48612807750703
-1206.061680392623 -302.72068999767305
-1206.2564944189787 -301.0029978609085
-1206.3474941414595 -300.3938336825371
-1205.7077560585738 -299.18992082834245
-1205.76383854568 -297.53932397127153
-1205.640774832368 -296.0909051156044
-1205.6835894745589 -295.04945199251176
-1205.8664815288782 -293.4997561430931
-1206.1019066733122 -291.94887070417406
-1206.1075580579043 -290.7376473402977
-1205.9715696138144 -289.25907664060594
-1206.0352952045203 -287.65198187589647
-1205.9167821866274 -286.3431137061119
-1205.325097964406 -284.70942930936815
-1205.195573912263 -283.85843192100526
-1205.201126204133 -283.096961722374
-1205.4144286674261 -281.768136844635
-1205.2462279510498 -280.5010460472107
-1205.6128253948689 -278.62553916931154
-1205.6660073709488 -277.01542912483217
-1206.0345077228546 -275.26422689914705
-1206.126546086073 -273.58276079654695
-1205.7890117776394 -272.7183428859711
-1206.0866882812977 -271.0084367847443
-1205.7619591665268 -269.72094188690187
-1206.0573753726483 -268.01969276428224
-1205.6808440697193 -266.88186834812166
-1205.9177190971375 -265.04907153606416
-1206.144693107605 -263.40886543750764
-1206.2689135682583 -262.17756484508516
-1206.4039658021927 -260.4825259304047
-1206.6179049026966 -258.58201132774354
-1206.4070653927326 -257.85743312597276
-1205.853114129305 -256.1491749739647
-1205.9941563618183 -254.29472772836687
-1205.7601206463576 -252.79353217840196
-1205.4708655637503 -251.30939678907396
-1205.258493052125 -250.0259534573555
-1205.4015772205591 -248.21962384939195
-1205.0764127236605 -247.2894783473015
-1205.1008477669955 -246.2110908484459
-1204.1911876660586 -244.69027917146684
-1203.7041063171625 -243.07259886026384
-1203.6034771066904 -241.28245942354204
-1203.6310571295023 -239.8699591612816
-1203.6709945064783 -238.40888635873796
-1202.8568804126978 -237.68367283105852
-1201.9658082586527 -235.98697488069536
-1201.1574475032091 -235.35298828840257
-1201.3274692755938 -233.4757712340355
-1201.5246472519636 -231.8862139439583
-1201.968885884881 -230.34788589239122
-1201.130313025117 -229.54521291017534
-1199.9941489559412 -227.8690373158455
-1200.243003026843 -226.11759369134904
-1199.9355905514956 -225.09736685514451
-1199.9838473063708 -224.3599153017998
-1198.8344331246615 -223.0438853955269
-1198.7937860947848 -222.15383778572084
-1198.688916013837 -220.92316900253297
-1197.986884341836 -219.4787107563019
-1197.0841725331545 -218.802813038826
-1196.5938805800677 -218.3794361805916
-1195.9481813770533 -217.90876399040224
-1195.3232987385989 -217.01389513969423
-1194.7221774917841 -216.89895220160486
-1194.0885692101717 -217.0322407191992
-1193.1402872663737 -216.54838106095792
-1191.8856098514796 -216.37027822494508
-1191.294005380273 -215.96385912656785
-1189.7880319219828 -216.1037798678875
-1188.4548202615977 -216.20023509919645
-1187.9243938189745 -216.0023803418875
-1186.756727026105 -215.56194129645826
-1185.8505988579989 -216.37769249141218
-1184.7939112645388 -216.53537601292135
-1184.0774435263872 -215.8928384190798
-1182.5096993905306 -216.6092376714945
-1181.2199472647906 -216.28237715423109
-1180.4372339707613 -215.9082039898634
-1179.3263185483218 -215.51939654409887
-1178.7240078908205 -215.1357566124201
-1177.9736025196314 -214.76654577314855
-1177.2614788872004 -214.34556409776212
-1176.5272394281626 -214.13960632741453
-1175.9211544257403 -213.89725017607213
-1174.9958034020663 -213.6662217384577
-1173.9611872893572 -213.78431047558786
-1173.4944670659304 -214.39237512707712
-1172.5385407072306 -214.22364099383356
-1171.6200677019358 -214.3441670393944
-1169.737912760377 -214.71467129945756
-1168.8959820133448 -214.69524729311468
-1168.396801636815 -215.47860240995885
-1167.6824912887812 -215.57615040302278
-1166.6684342485667 -215.38088131010534
-1165.8204732996226 -214.77760094463827
-1165.3036282521487 -214.25613248407842
-1164.6479178529978 -214.78677427828313
-1164.0203967553377 -215.09913834989072
-1162.9305603963137 -214.9078094816208
-1161.5144039851427 -214.60494647979738
-1161.1318459373713 -214.70163540601732
-1160.5181544286013 -214.10725168943407
-1159.6770426493883 -213.5813004231453
-1158.9003755313158 -213.39425024449827
-1158.3449782592058 -212.92506900489332
-1157.708841548562 -212.7008067971468
-1156.5803396564722 -211.99611145317556
-1155.931222782731 -211.5073238617182
-1154.1881968837977 -210.473546743989
-1153.3943073612452 -209.9951778060198
-1152.0082375866175 -209.2299565678835
-1151.257682428956 -209.26887491405012
-1150.0860773187876 -209.0853692597151
-1149.8229627770186 -208.42226925551893
-1148.8180588644743 -206.93365016639234
-1148.4255305987597 -205.28508117854597
-1147.7011091572047 -204.48600319087507
-1147.2265043717623 -203.18200627028943
-1147.1571459409595 -202.2035845822096
-1147.4590245124698 -200.29715290725233
-1147.288477846682 -198.67183640658857
-1147.4051413175464 -197.45094636142255
-1147.7616423603893 -195.95928576648237
-1147.8016724523902 -194.9040561026335
-1147.3420665797591 -193.79436984717847
-1147.1813253846765 -192.67916730105878
-1147.0361073997617 -190.94156673610212
-1147.6191649225354 -190.17064580380918
-1147.5106880825758 -188.87241217553617
-1147.7318864029646 -187.1471304601431
-1148.0339269798994 -185.95095190465452
-1148.4545701307059 -184.58498618066312
-1148.7055688661337 -183.0396744912863
-1148.51287019372 -181.81349930226804
-1148.317407385707 -180.17815622746946
-1148.1177944552899 -178.99570605218412
-1148.1319435846806 -177.67985293328763
-1148.2866762590409 -175.8515596097708
-1148.0540035676956 -174.97446855962278
-1148.2914543163777 -173.61628052651884
-1147.9322308313847 -172.4087328618765
-1147.9098910403252 -170.6186241811514
-1148.1409769666195 -169.35825023114683
-1147.2161394369602 -167.70622310101987
-1146.5894540560246 -166.22409161984922
-1146.2975437653065 -165.09474846780302
-1145.425430418253 -164.13959202229978
-1144.4087595951557 -163.2455646699667
-1143.6977356684208 -162.74748298585416
-1142.8013540518284 -161.65881332814695
-1141.2130296242237 -161.63558487653734
-1139.6369223606587 -161.8054675614834
-1138.416365982294 -161.66958546698095
-1137.4039356720448 -160.85177987873556
-1135.829512358904 -160.4906134015322
-1135.330535234213 -160.60954296648504
-1134.2825463426113 -160.0341328984499
-1133.1907070291043 -159.51985383093358
-1132.1163851630688 -159.70033203125
-1131.4488389503956 -159.95912353754045
-1129.9106233131886 -159.9055182492733
-1129.2890090358258 -159.47077997088434
-1128.8265975129605 -158.90135355353357
-1128.206656099558 -158.5809919691086
-1126.5257970106602 -158.08693425416948
-1125.1565288317204 -158.2274483150244
-1124.2376810920239 -158.10140475690366
-1123.6255116474629 -158.73108038365842
-1122.9019018423558 -158.9477925604582
-1121.1757667076588 -159.02508377343418
-1119.7697789680958 -158.58570527344943
-1118.5884376776219 -158.88392638474704
-1117.804608644247 -159.52710687428714
-1116.99774605155 -158.97743188649417
-1116.2032551181317 -159.06364754647018
-1114.6165249955654 -158.93510621100666
-1112.9748312842846 -159.7216513684392
-1111.7255108964443 -159.48435927242042
-1111.1082568180561 -159.49025569170715
-1109.3451890957356 -159.25305848628284
-1108.2778238070011 -158.95902412444354
-1107.1357690107823 -158.78710680514575
-1105.6119918835163 -158.7114722287655
-1104.6480872642994 -158.06207288861276
-1103.6530655634404 -157.82930174529554
-1103.1056928050518 -158.50531753957273
-1102.3407207739353 -158.36943872332574
-1100.7175093901158 -158.40235812276603
-1099.9834092867375 -157.9065646609664
-1098.8580108892918 -158.39076796978713
