-1192.22 -440.36
-1193.4047903728485 -439.5765692448616
-1194.6285537195206 -438.7805593466759
-1195.9364133787155 -437.75000099897386
-1196.434253127575 -436.5690217471123
-1197.2821535778046 -436.26985515713693
-1197.1842115533352 -434.3837925350666
-1197.0518990170956 -432.9338441050053
-1196.9888856720925 -431.15041901230813
-1196.9266662311554 -429.31083084702493
-1196.7892155957222 -427.4760074770451
-1197.5282862496376 -426.2354418194294
-1197.844545186758 -424.323145762682
-1198.3008760225773 -422.6513924753666
-1198.4836111676693 -421.75821389317514
-1198.792816669941 -420.28548111081125
-1198.5738565784693 -418.5369761145115
-1199.0297142130137 -416.5973014986515
-1198.7431599360705 -415.4701457178593
-1198.90914565444 -413.63582636475564
-1199.06849229455 -411.8623621618748
-1198.939493597746 -410.04474581837655
-1199.2379368555546 -408.4324431574345
-1199.9088068020344 -406.7324574148655
-1199.6354834747315 -404.8341580784321
-1200.0573710513115 -402.9275216019154
-1199.5581526172161 -401.1640516674519
-1199.1850830328465 -399.301898137331
-1199.1210574668646 -398.110624448061
-1199.6180218023062 -396.7162473356724
-1199.4604201328755 -394.86635078549386
-1199.623247922659 -393.4210217154026
-1199.0068874967099 -391.8386233007908
-1199.652346612215 -390.26825751423837
-1200.0839303147793 -388.59366549611093
-1200.5096088063717 -387.1191098845005
-1200.6208012115956 -385.17463423371316
-1200.4496586930752 -383.65286137223245
-1199.8052522552014 -381.7966240799427
-1199.36321911335 -379.97250522732736
-1198.888113321066 -378.30838812947275
-1198.778491423726 -376.381821051836
-1198.6904921096564 -374.91909577012063
-1198.3916073900461 -373.0236456549168
-1198.731379942298 -371.17212702393533
-1198.607472346425 -369.71735693573953
-1199.0552488428355 -367.82217313408853
-1199.0502749693394 -366.3291839516163
-1198.6381390106678 -364.4671026623249
-1198.1973689210415 -363.28470195889474
-1198.6897689712048 -362.4479265367985
-1198.6776593488455 -360.8505931055546
-1198.462299899459 -359.01501990914346
-1199.4645745319128 -357.736832395792
-1199.0649733108282 -356.46999765992166
-1199.4889757794142 -354.6762882626057
-1199.8418011528254 -353.0140934145451
-1199.926398010254 -351.2709757244587
-1199.977191285491 -349.367699996233
-1199.4366885584593 -347.5793332016468
-1199.5381309103966 -345.8867064869404
-1199.7660203886032 -344.02880038380624
-1199.4401821506024 -342.2673434174061
-1199.7695855212212 -340.345784560442
-1199.6799269926548 -339.44743980526925
-1200.5375475895405 -337.69517399430276
-1200.7215469491482 -335.99425889611246
-1200.533098475337 -334.0767622148991
-1200.5558283340931 -333.3351017391682
-1201.0054955792427 -331.5626098072529
-1201.220856757164 -329.854938403368
-1201.9169518065453 -328.46122564435007
-1201.4988062691689 -326.72193743348123
-1201.4388661508262 -325.9357705271244
-1201.0187693957985 -325.22137464642526
-1201.0151139472425 -323.25174154400827
-1200.43281715855 -322.5140440618992
-1199.7970266912878 -320.97065819859506
-1198.760534581989 -319.72855867505075
-1197.1181169126928 -318.34241713643075
-1196.1858989571035 -317.2274160540104
-1195.2561312292517 -316.36028601288797
-1194.0938929890096 -315.32063032746316
-1192.4413726900518 -314.1741991198063
-1190.856000122875 -313.4028342521191
-1189.1695968483389 -313.4163034415245
-1187.790481505245 -313.3877910158038
-1186.911262986511 -313.5029683119059
-1185.9498481725157 -312.9090034967661
-1184.9996005271375 -312.82715204417707
-1183.329806444496 -312.5506707137823
-1182.0517243121565 -312.1428613072634
-1181.1447768186033 -311.87570697128774
-1179.722981569618 -311.15142571985723
-1178.5850003932417 -311.1131808316708
-1176.6579729293287 -311.27638600826265
-1175.3275204871595 -311.5071198350191
-1174.3786113236845 -311.05397501647474
-1173.4277046893537 -310.45081815183164
-1172.1620936368406 -309.9820761090517
-1170.3370401833952 -309.24875360786916
-1168.856305358261 -309.1299122428894
-1168.309052643627 -308.29807435035707
-1167.6548553083837 -307.6638372397423
-1166.794945833534 -307.0763299918175
-1165.0954633925855 -307.0426582029462
-1164.0562299464643 -306.3687390616536
-1163.4985225771368 -306.2857422015071
-1162.2825910423696 -305.4997545859218
-1160.9026078556478 -304.5172502180934
-1159.7908722732961 -304.1984587392211
-1158.1958555553854 -303.31567902177574
-1157.2648029898107 -302.33205521911384
-1155.6260054682195 -301.20972932189704
-1154.0256780956686 -300.01338327735664
-1152.778388557285 -298.7920554956794
-1152.1028520439565 -297.8436297258735
-1150.9359380577505 -296.94494486659767
-1150.579939094633 -295.4359946331382
-1150.2013832603395 -293.8161263546348
-1149.982730833143 -293.1334253630042
-1149.8109144990146 -291.2804280599952
-1149.2236295168102 -289.6645946583152
-1148.7227470104397 -287.746119030416
-1149.233332437724 -286.24348688930274
-1149.0551492993534 -285.66491074174644
-1148.7732522909344 -284.3660753449798
-1148.2660675470531 -283.3357251366973
-1147.8091507677734 -281.7384008845687
-1147.8259936247766 -280.2695527753234
-1147.9432737727464 -278.6957264623046
-1147.3690856595338 -277.2974088868499
-1147.1250405956805 -275.94902546018363
-1147.4009835471213 -274.3752417048812
-1147.2266092051566 -272.91057641118766
-1147.1186493684352 -271.87507469266654
-1147.1026313354075 -270.62582285016776
-1147.1735543732345 -268.73282856553794
-1147.8057442431152 -267.1857940635085
-1147.7556756858528 -265.7478630027175
-1148.0537579779327 -264.3555702647567
-1147.7488461856544 -263.4672918996215
-1148.2632379059494 -262.2942212304473
-1148.5917657141388 -261.1340476951003
-1148.2460476581753 -259.6110279044509
-1147.9133626942337 -258.66526980012657
-1148.487682414502 -257.10336453527214
-1148.2400790576637 -255.26548249334098
-1148.1313586954773 -253.49493391126396
-1148.5951044683159 -252.15982491582633
-1148.6928732667864 -250.20056397527458
-1148.8903235916794 -248.81394905656578
-1148.5660199646652 -247.14464325517417
-1148.3834865812958 -245.53943569272758
-1148.335284781903 -243.75840289205314
-1147.234116268605 -243.00448942989112
-1146.3970427636802 -241.79986131995918
-1145.9233923380077 -240.79553461879493
-1145.047046584338 -239.9541232070327
-1144.3635233466327 -238.16301459878684
-1143.4990520302952 -237.17824161857368
-1143.107299310416 -235.98921883910896
-1142.8733059887588 -234.45421017020942
-1142.8692137126625 -232.68248570770027
-1142.2979150538147 -230.87726295799018
-1142.1403376583755 -229.11680973380805
-1141.5640524749458 -227.81558240264656
-1141.380626422614 -226.19813598006965
-1140.6414115254581 -224.44622171729804
-1139.3420754496753 -222.964535125196
-1138.167114598006 -221.98503620237113
-1136.7376091305912 -221.54657245486976
-1135.857350331992 -220.49941325992347
-1134.4284814421833 -219.64400292247535
-1133.6250248377025 -219.44719325810672
-1132.1639304582775 -219.52754417121412
-1131.3635029022396 -219.05058503210546
-1130.269116205424 -218.99947189226748
-1128.53696684286 -218.4319999112189
-1127.987159473151 -218.40472920671107
-1126.2080983941257 -218.57617524698378
-1125.336299878806 -219.06424066856505
-1124.3878702943027 -219.08238783538343
-1122.9253817622364 -219.0400207309425
-1121.7025834147632 -219.41474741384388
-1120.1872385565937 -219.6241193084419
-1118.6675247971714 -218.84734043166043
-1116.9142077986896 -218.5682375995815
-1115.9999553982914 -217.9654673306644
-1114.4934451405704 -217.94706496283413
-1113.6894792144 -217.7961955188215
-1112.649954778403 -217.48987947091462
-1111.7538881127537 -217.44976006135346
-1111.0668692414463 -218.0751206098497
-1109.6878473584354 -217.88532146498562
-1108.0883490864933 -217.92826698407532
-1107.2652346913517 -218.19369499072434
-1105.7846247975529 -217.81655014738442
-1104.3962788407505 -217.2823968051374
-1102.84792063877 -216.9468318937719
-1101.9686944310367 -217.36488447770478
-1100.7772769753635 -216.99774978742005
-1100.1172042314709 -217.50827024564148
-1099.1206983749569 -217.6984406231344
-1097.3581473056972 -218.04388399109246
-1095.4691963617504 -218.18813569530846
-1094.9814048831165 -217.73654190883042
-1093.5035564725101 -217.64699703142048
-1092.4454902236164 -217.3923559753597
-1091.748197299689 -217.39015096113087
-1090.4314340178669 -217.78069948837162
-1089.9155922357738 -217.7058874486387
-1088.2583656732738 -217.19090480789544
-1087.2412332718075 -216.959663104862
-1086.3694152061641 -217.53948242649437
-1085.4235945169628 -217.7013269482553
-1083.7302700702846 -218.18632755860688
-1082.3034376327694 -218.24096008822323
-1080.9004248802364 -218.68381789013745
-1079.7789839927852 -219.04066952750088
-1078.9711360161007 -219.58993503138424
-1077.3515874569118 -219.26045888349415
-1076.3888294522465 -218.9528032808006
-1075.3769864861667 -218.81276592299344
-1074.518695575446 -218.4501264064014
-1073.1709042613209 -217.9117679564655
-1071.3371957366169 -216.95378338977696
-1070.1128915373981 -215.448013779372
-1069.1461422269047 -214.26086997672917
-1068.2197491948307 -213.78680902406575
-1068.037209403962 -211.98309021875264
-1067.4556767468155 -210.32349973604084
-1067.5154031340778 -209.08238559648396
-1066.3752962176502 -208.46510600730778
-1065.9772855465114 -207.27865802928807
-1065.9862793658674 -205.6183119980991
-1065.5105175350607 -204.25210416004063
-1065.5153178025782 -202.82444142982365
-1065.1093663324416 -200.90474307224156
