-1192.22 -440.36
-1193.1439401817322 -439.91939891934396
-1194.8873856973648 -440.58609195113183
-1195.9802577209473 -440.0311136996746
-1197.4098821592331 -438.91941888689996
-1198.8626762342453 -438.0364037311077
-1200.1197647762299 -436.678963855505
-1201.1244139385224 -435.01217527747156
-1201.5495842409134 -433.305385068655
-1202.4530560684204 -431.531751588583
-1202.7080943000317 -429.7621805226803
-1203.2133805167675 -428.27115030646326
-1203.690019608736 -427.38007403969766
-1204.1349077236653 -425.57972528100015
-1204.111048297286 -423.6469292795658
-1203.4588622015715 -421.7600340998173
-1203.3795245078206 -419.8461733019352
-1203.090532013476 -418.2609558260441
-1203.161754810512 -416.30737640023233
-1203.798682474792 -414.9276662027836
-1203.6031185922027 -413.3788480913639
-1204.1508116659522 -411.53470052838327
-1203.5907154020667 -409.99234356045724
-1204.0140874621272 -408.13603176236154
-1204.3944014546275 -406.327861443758
-1204.583541804254 -404.4429990208149
-1204.511843019426 -403.06016673207284
-1203.9785134133697 -401.22201241612436
-1204.4427507457137 -399.56152762532236
-1204.8677232202888 -397.8426848804951
-1204.8276178774238 -395.9793716824055
-1204.8960619059205 -395.033913449049
-1205.1684166279435 -393.18877704501153
-1205.0487326171994 -391.44079633116723
-1205.222534545958 -390.2408412253857
-1204.9442580726743 -388.4375520503521
-1205.1547686246038 -386.50021810889245
-1204.6652141597867 -384.7312478578091
-1204.7607370254398 -382.8062572038174
-1205.1105499204994 -380.9053757941723
-1204.9497786846757 -378.9794805800915
-1204.5284723129869 -377.3451026237011
-1204.0929558363557 -376.66642703175546
-1204.0979062852264 -374.78804339528085
-1203.8966940876842 -372.9426217234135
-1204.0789419201017 -371.23326446175577
-1204.1603065517545 -369.43135263085367
-1204.483644643128 -367.9608987724781
-1204.942213871777 -366.3944012081623
-1205.05132160455 -364.7716136133671
-1205.485772022307 -362.96479107499124
-1205.4938945558667 -361.83837069630624
-1205.8694548991323 -360.3748667395115
-1205.8530315247178 -358.7724096930027
-1205.3634147432447 -357.4892994320393
-1205.2887192156911 -356.4878934776783
-1204.9184317079187 -354.6378847515583
-1205.0656654325128 -353.3659316456318
-1205.0545762863755 -351.6215665495396
-1205.0188343462348 -350.0084928429127
-1204.3478000101447 -348.3578592693806
-1204.8788778719306 -346.7449257528782
-1205.2751834329963 -345.68487335801126
-1204.536876076162 -343.7783134138584
-1203.7650815185905 -341.95879341721536
-1203.1693191465736 -340.90276540875436
-1203.7685643967986 -339.05174817204477
-1203.0330621537566 -338.10114999175073
-1203.3214681085944 -336.2065891778469
-1203.8932759699226 -334.2730564630032
-1203.610920959413 -332.9695890700817
-1202.9838575062156 -331.344246224165
-1203.2797263202071 -329.947834328413
-1203.6562983033061 -327.98325593829156
-1203.3426713582874 -326.1246052539349
-1203.344856762588 -324.4225514686108
-1202.7600190874934 -322.6250408446789
-1203.3080032107234 -320.9823416030407
-1203.7878436085582 -319.2493153369427
-1204.2372145590186 -317.30348761439325
-1204.3991696175933 -315.59457285761835
-1204.7760828074813 -314.08120878100397
-1203.9071245130897 -312.23856003642084
-1203.4450411137939 -310.59583802580835
-1204.1048843798042 -309.17708678603174
-1204.0952898350358 -307.3255130803585
-1203.5611084786058 -305.8167357003689
-1203.9101864781976 -303.87731845736505
-1204.2935005810857 -301.95720727801324
-1203.554449596703 -300.43180544734
-1204.0162980046869 -298.5613539969921
-1204.146304243505 -297.14698536753656
-1204.470047288835 -295.49870188593866
-1204.5954265084863 -294.32576592326166
-1203.936181077063 -292.47372324824335
-1203.4732259300351 -291.5533008134365
-1203.6447454181314 -290.06173367857934
-1204.2318155255914 -288.50741477370264
-1204.415329926908 -286.87594933867456
-1204.7099238273502 -284.99020500540735
-1204.1598115798831 -283.2854070222378
-1204.436676466167 -281.50518293738367
-1204.1198123928905 -280.28315074801446
-1203.9646153983474 -278.43348582148553
-1204.335000359714 -277.21517832636835
-1203.8560188648105 -275.9122596538067
-1203.4149054822326 -274.55532677531244
-1203.6835181352496 -272.6139128959179
-1203.2044648465514 -271.4486469781399
-1203.2914617744088 -270.1519952571392
-1203.9373988595605 -268.7809873378277
-1203.3337641444803 -266.9617155349255
-1203.0209122982621 -265.05090577960016
-1203.0760128360987 -263.56835062861444
-1203.4364954990149 -261.82031853556634
-1203.565289170742 -260.4671625649929
-1203.7673257303238 -259.334180072546
-1204.0677880954743 -257.5194365537167
-1204.1267846089602 -256.5569814002514
-1203.5023835760355 -255.4883048093319
-1203.669876472354 -254.39797480463983
-1203.2423683267832 -252.46521337389947
-1203.0213084977865 -250.83184011340143
-1202.8355176013708 -249.31764443278314
-1202.9433671918512 -247.88005383372308
-1203.5010200229287 -246.47914107203485
-1203.2431279805303 -244.5892604148388
-1203.3129972305894 -242.940407589674
-1203.6203296270967 -241.9289799487591
-1204.1374079671502 -240.2429710185528
-1204.0520504873991 -239.03155596613885
-1204.229706094861 -237.26758773684503
-1204.0657881212235 -235.9266835010052
-1204.2344761502743 -234.79029722571374
-1204.823713721037 -233.19508154749872
-1204.4910986435414 -231.36173684954645
-1204.8670718979836 -230.8735279595852
-1204.8586988908053 -229.02948398947717
-1204.8279186052084 -227.1805417096615
-1204.326138393283 -226.37625993847848
-1203.871754334569 -224.87990881562234
-1203.7412676674128 -223.6907391703129
-1202.8118454676867 -222.38377822995187
-1202.0212212067843 -220.9335540688038
-1201.7155498725176 -219.43137194275857
-1200.550178692937 -218.03198565602304
-1199.819798873067 -217.3012995874882
-1199.3358225089312 -216.2488709843159
-1198.2955925923586 -215.77764199733735
-1197.766925738454 -214.9156573867798
-1197.1731279951334 -214.04084448575975
-1195.5651259285212 -214.37372224092485
-1194.474330649972 -214.1859656429291
-1192.897966490388 -214.12776732876898
-1191.9954810005427 -214.47816655471922
-1190.797342286706 -213.60169151857497
-1189.9378049236536 -213.1458101911843
-1188.7283129554987 -213.01682961419226
-1187.7743499141932 -212.53802094295622
-1186.548201904893 -212.80751803949477
-1185.6543395382166 -212.82711414679886
-1184.7331437927485 -212.42052997335793
-1183.1249085527659 -211.8311767099798
-1182.1343530875445 -212.01660868212582
-1181.6607650381327 -212.34490117117764
-1180.4835696083308 -212.32888957545163
-1179.5936914545298 -211.8862687020004
-1178.156944141984 -211.6802027641237
-1176.968372450471 -211.48929844483735
-1175.5457219940424 -211.1820884166658
-1173.904046521783 -211.8710076032579
-1173.0969104629755 -211.94085894957186
-1171.8823627096415 -211.8833877040446
-1171.328494952321 -212.13226689830424
-1170.564906643033 -212.14393692150713
-1169.192488835454 -212.36790456309916
-1168.1335219603777 -212.02326716914774
-1166.6368217927218 -212.65987815395
-1165.848513649106 -212.0905615283549
-1165.3716862660647 -212.8286202146113
-1163.7822274428606 -212.45616366401316
-1162.343299792409 -212.30433182850481
-1161.5744216901064 -212.21494047775866
-1160.3202351790667 -211.6087481273711
-1159.452070043683 -211.08244239225985
-1158.5630365473032 -210.3496542467177
-1156.9812754255533 -209.44881670609118
-1155.980218039155 -208.51696627274157
-1154.5173966747523 -207.56594758167864
-1153.6136084657908 -207.25797044172884
-1152.4211864334345 -206.3538541688025
-1151.3981951338053 -205.6773474110663
-1150.5845062595606 -205.25573017135264
-1149.7352429491282 -205.58953862324358
-1148.7669472557307 -204.9351444734633
-1148.326401398778 -204.61879392400385
-1147.1825150710345 -203.6674024654925
-1145.599157498479 -202.94097306266428
-1144.9962391120196 -201.8927140428126
-1143.4141691190005 -200.91432424321772
-1143.3404987168312 -199.50536568894984
-1142.799209625721 -198.41821499601008
-1142.698481784463 -197.0778919054568
-1142.1025283795595 -196.28407176271082
-1142.3391551983357 -194.3696571184695
-1142.173459352255 -192.79758675828577
-1141.8197907817364 -192.4881868554652
-1140.7004918467999 -190.9763618899882
-1139.5995995414257 -190.44716395869852
-1138.9397948396206 -189.22483815684916
-1137.5665203940869 -188.52997149959208
-1136.7658255112171 -188.65302321746947
-1135.5752536070347 -188.88253358438612
-1134.412411929369 -189.0848964495957
-1133.9614065301419 -188.0860396666825
-1133.486739577055 -187.22057104542853
-1132.6568560016156 -187.36880261138083
-1131.1083802592755 -186.98051059678198
-1129.3728620421887 -187.10705900624396
-1128.5557190191746 -187.28285393550993
-1127.5110961210728 -186.93903169468047
-1126.7979300034046 -187.41040054395796
-1124.919320346117 -187.09851229622961
-1124.0489473354817 -186.47875035241248
-1122.9226527225971 -187.01894528105856
-1121.1813358080387 -186.18710571959616
-1120.5517084610462 -185.64974952176215
-1119.1818149101734 -185.68666451856495
-1118.1167708647251 -186.43601131126286
-1116.7684192669392 -186.02791174933316
-1115.2125724565983 -185.7010126976669
-1113.9634580624104 -185.4903270570934
-1112.6053533565998 -184.84654837533833
-1111.7038182032109 -184.93664909586312
-1110.4350800526142 -185.122743588537
-1109.4693802011013 -185.95385209903122
-1108.5867024075985 -186.15442998394371
-1106.9820206773281 -185.79033039197327
-1105.9216168534756 -186.01920109674336
-1104.5744162213803 -186.22139829084279
-1102.9949408185482 -186.18027999684216
-1102.0670524251461 -185.99249972090126
-1100.2652878177166 -185.4378814814985
