-1192.22 -440.36
-1193.095044643879 -439.1332481956482
-1193.7821737837792 -438.27678988933565
-1194.540447742939 -437.0976619577408
-1195.617618830204 -436.2426152086258
-1196.9649533343315 -435.6150835609436
-1197.247870953083 -433.92041049957277
-1197.6241994810105 -432.3185018157959
-1197.80677226305 -431.529761300087
-1198.0905859184265 -430.3039435005188
-1198.7726319742203 -428.7801147556305
-1198.3998071861267 -427.15811918735506
-1198.3851780307293 -425.8969735956192
-1198.18588280797 -424.49455176353456
-1198.8335044395924 -422.9191185092926
-1198.3488848221302 -421.59434603214265
-1198.998378456831 -419.70041357040407
-1198.9613580715657 -418.39518533706666
-1199.2954499435425 -416.98115275859834
-1200.119343252182 -415.2040831899643
-1200.2362647664547 -413.9472700214386
-1199.9162894797325 -412.313342795372
-1200.6828368616104 -410.6708199834824
-1200.8534528326988 -409.1065265989304
-1200.2302124214173 -407.89528690338136
-1200.8692822766304 -406.03461276054384
-1200.5222251427174 -404.1197521543503
-1200.0917639148236 -402.53025566101076
-1200.4504821312428 -401.97053770780565
-1199.8038219821453 -400.46172909498216
-1200.3154836905003 -399.53580527067186
-1199.9563160550595 -398.2969339346886
-1199.8094965678454 -396.6273688530922
-1199.9805762779713 -394.90346305131914
-1199.9391702648998 -393.0296943640709
-1199.7039261993766 -392.1135645365715
-1200.0457763013244 -391.00313524961473
-1199.9608921942115 -389.7921091771126
-1200.266954356134 -389.1429765081406
-1200.4680727508664 -387.6511603450775
-1201.1393512275815 -386.3531769371033
-1201.2567972627282 -384.7406635141373
-1200.7382479396463 -383.83586941719057
-1200.6078312185407 -382.5242245054245
-1200.1372209575773 -381.08208666801454
-1199.7460158851743 -379.66052530765535
-1199.4040057745576 -378.4801574802399
-1199.5100893315673 -376.63397334575654
-1200.1829470929504 -374.72079013347627
-1200.1223443087936 -373.5454194402695
-1200.292199754417 -372.4013235425949
-1199.877020919025 -371.10214029312135
-1200.2319012519717 -369.67008911132814
-1199.9787444111705 -368.15906022548677
-1200.0908505928517 -366.668535695076
-1199.5582087647915 -365.476094827652
-1200.1848769795895 -364.3641334629059
-1200.0681732979417 -362.75142203330995
-1200.2757240769267 -360.85465012550355
-1199.9260335502029 -359.0082312679291
-1199.5259094771743 -357.7940671300888
-1200.3842138585449 -356.719525680542
-1200.9256932076812 -355.24946104049684
-1200.9569567006827 -353.6180285072327
-1201.4115274113417 -352.138465628624
-1201.0938733381033 -350.78108523845674
-1200.802993850112 -349.2273623800278
-1200.7716050234437 -347.3482451295853
-1200.9174205896259 -345.74059437274934
-1200.4762899813056 -343.9526512479782
-1201.2049992021919 -342.69598852157594
-1200.8967420694232 -341.839408800602
-1201.023731404245 -340.29890434503557
-1200.8233891364932 -338.8817393040657
-1201.2887911733985 -336.98985569238664
-1200.9380044576526 -336.1762339925766
-1201.6506412860751 -334.7741895771027
-1201.4644635406137 -333.4916766738892
-1201.955062070191 -332.4520742750168
-1202.1928277251125 -330.85943959712984
-1202.4871290263534 -329.7822229719162
-1202.1480014559627 -328.70952545166017
-1202.306248420179 -327.57886360645296
-1201.8135577377677 -325.7208157634735
-1201.8162446555496 -324.5358087873459
-1201.3389930066467 -323.2043046808243
-1201.393149459064 -321.4124483919144
-1200.4173195001483 -320.37875066757204
-1199.0582097408176 -319.11781071186067
-1198.6483031448722 -317.63817630767824
-1197.4252506431937 -316.3801554298401
-1196.9098541674018 -316.25195504784585
-1195.6113688883186 -315.89856948018075
-1194.305606597364 -315.3811654007435
-1193.5170261201263 -314.76554890036584
-1191.9245732364059 -314.970063046217
-1190.7585624989867 -314.1026927983761
-1189.7066740331054 -313.1168267285824
-1188.1661246356368 -312.45016808867456
-1186.6998179492355 -311.6991735851765
-1185.0605371531844 -311.85255223572256
-1183.3380389747024 -310.98630869448186
-1181.7684023913741 -310.6277241712809
-1180.7974479135871 -310.1165500289202
-1179.3846013483405 -309.4150493746996
-1177.4507003960014 -308.86581730902196
-1176.8622448977828 -308.9481646424532
-1175.4813939866424 -308.63786274254323
-1174.4365875062347 -307.8806325799227
-1173.0323654946685 -307.4393731659651
-1171.8877041873336 -306.32619515120984
-1171.4428270992637 -306.3426744645834
-1170.5301864084602 -306.2992604082823
-1170.1104510363937 -305.5083518332243
-1168.8422868785262 -304.6107533878088
-1167.404902869165 -303.65385130107404
-1166.291251474321 -303.45507429599763
-1165.4396781262756 -303.3533926463127
-1163.9461088714004 -303.13737647295
-1162.6990525063873 -302.10405294656755
-1161.6635561522842 -301.760152862072
-1160.1084151801467 -300.79099528551103
-1158.5484986838699 -300.2707502102852
-1156.8430407580734 -300.29811586499216
-1155.8120890197158 -299.65616430401803
-1155.3746883806587 -298.4551135456562
-1153.9659490522743 -297.71589507222177
-1152.89385866493 -297.42019642949106
-1152.5017966267467 -296.05739893078805
-1151.3940419194103 -294.71651007294656
-1151.123205357492 -293.89978726267816
-1151.2774392005801 -293.3479750907421
-1151.4908238884807 -292.6487397706509
-1150.650521182716 -291.78107912898065
-1150.9923329588771 -290.28602929472925
-1150.5583459672332 -289.2575578248501
-1150.254685485065 -287.3338496243954
-1149.4696071383357 -285.5079173600674
-1149.585592226386 -283.8005461251736
-1149.6778862264753 -282.791814044714
-1150.0134105470777 -281.56709118247034
-1150.2526856300235 -280.6443456566334
-1149.5305131313205 -279.58398963570596
-1149.6137291502953 -278.277549520731
-1149.840960623026 -277.09421612381936
-1149.3895830523968 -276.16862906575204
-1149.2998212438822 -275.26369454026224
-1149.1583152872324 -273.5782014286518
-1149.2678313863278 -272.283275500536
-1148.5634901535511 -271.4126531636715
-1148.2624944758415 -269.73681552767755
-1148.7202608299256 -267.9815729415417
-1148.3338980388642 -266.7959608590603
-1148.5459890526533 -265.5635296857357
-1148.4301242691279 -263.98092897295953
-1148.255255253315 -262.16686113238336
-1148.5987004351616 -260.8071186101437
-1148.7219487887621 -259.0558635747433
-1148.6558923882246 -257.20878596663476
-1148.216948942542 -255.49537749648096
-1148.3348732155562 -254.02349682211877
-1148.5488381248713 -253.5107379114628
-1148.0617491167784 -252.20082356095315
-1147.8892866832018 -250.72659994721414
-1148.0710738909245 -249.17107535958291
-1147.995654129684 -248.0491296207905
-1147.9156951320172 -246.31777228474618
-1147.6790065479279 -245.0551476633549
-1147.6002347928286 -244.0836970961094
-1146.9604441386462 -242.73960627675058
-1146.5778508645296 -241.80018843770029
-1145.8223717671633 -240.37812592148782
-1145.9180427354574 -239.66960121750833
-1145.1006900829077 -238.05894948601724
-1144.1886814397574 -237.1735060966015
-1143.3440653842688 -236.0960598742962
-1143.6416250628233 -234.32719309687616
-1143.6052588161826 -233.6309572017193
-1144.006109648645 -232.35076911807062
-1143.2469997343421 -230.71340449213983
-1143.1771184366942 -230.22696287989618
-1142.9456526648999 -228.34640975356103
-1143.3176084172726 -227.5264890944958
-1142.9969797742367 -226.63906689047815
-1143.247603417635 -225.01548571944238
-1143.2160764497519 -223.97453339457513
-1143.8354509037733 -222.72168083548547
-1143.066005961299 -221.7824931895733
-1143.5146240454912 -220.23398859858514
-1143.461294182837 -218.69957836031915
-1143.8198153164983 -216.7977016723156
-1143.5036558893323 -214.96020312666894
-1143.2740032461286 -213.4193236386776
-1143.6468888607621 -212.0396918809414
-1143.124036320746 -211.0532143867016
-1142.8812736210227 -209.63503868937494
-1142.5796252426505 -209.0019675052166
-1142.1256413397193 -207.33884353995325
-1142.1835192342103 -205.65352590441705
-1142.456431080848 -203.87533314585687
-1141.905903865844 -202.174360588789
-1142.429697443992 -201.4388470208645
-1142.7896792788804 -200.01251085162164
-1142.5392920573056 -198.71672494769098
-1142.386765946895 -198.1096086061001
-1142.1878921885789 -196.82409353613855
-1141.777482648641 -195.9642775809765
-1142.3251089651883 -194.90113933444024
-1142.4201584731043 -193.88561578154565
-1141.9392147038877 -192.70985980391504
-1141.8618574042619 -191.95513553977014
-1142.3975869317353 -190.52181311011316
-1142.1112778384984 -189.09188719153406
-1141.9359604914487 -187.22716184020044
-1142.460809429437 -186.1627833402157
-1142.43760873124 -184.36360044837
-1142.0364008371532 -183.01202435851098
-1141.9658343617618 -181.31385321974756
-1142.3308614318073 -179.88094301581384
-1142.2599308390916 -178.98789234519006
-1142.267582488507 -178.30012799859048
-1142.9971046571434 -176.9440635597706
-1142.6998128418625 -175.64927579522134
-1142.6686436564476 -174.99219192624093
-1142.0585947663337 -173.86830522179605
-1141.480517390445 -173.01159311890603
-1142.1255531341583 -172.05125059247018
-1142.597457531169 -170.78102852463724
-1142.0284704000503 -169.9234517967701
-1142.1327668160945 -169.1894693529606
-1142.3943387598545 -167.8171844637394
-1142.2974737019092 -167.01569761395456
-1141.8290623158962 -165.58578111290933
-1141.4999550611526 -164.4622669374943
-1140.95260227032 -163.48283006310464
-1139.5207229883224 -162.43818785309793
-1138.1518716842681 -162.14117746114732
-1137.436088803485 -161.57520239114763
-1136.6954302818328 -160.92343454122545
-1136.1434097320587 -160.70570619463922
-1135.4075753123313 -159.48916359305383
-1134.9656392068416 -159.02107589006425
-1134.043691667989 -158.5730752503872
-1133.2544306845218 -157.3603237426281
-1131.8888198465854 -157.1735677278042
-1131.42060938783 -156.2567541754246
-1130.9759663672 -155.4436145579815
-1130.5211789340526 -154.97127573251726
-1129.6496789783985 -155.059855029583
-1128.4906890720874 -154.11097954273225
-1127.2454091639072 -153.11034511089326
-1125.6276539892704 -152.74607114553453
-1124.1471699804813 -152.09081362247468
-1123.0931836695224 -152.34854780197145
-1121.3667880625278 -151.65717338085176
-1120.2671685547382 -151.35294003844263
-1119.0511659712345 -151.72071306467058
-1118.3189351887256 -151.17995016336442
-1117.6379537910968 -150.63506595849992
-1116.0133012861759 -150.81454984903337
-1114.3153096766025 -150.4180414235592
-1112.8595711321384 -150.5985283559561
-1111.9889973730594 -151.00764209091665
-1110.4912609190494 -150.77796685755254
-1109.5525743097812 -150.8544930225611
-1108.7643060416729 -150.3187598592043
-1107.601907345727 -150.7704702025652
-1106.5710254640132 -151.12258675754072
-1106.0223573774845 -150.75644040167333
-1104.7197966904193 -150.89496524691583
-1103.448669108823 -151.42500038504602
-1102.4218726486713 -152.05604679942132
-1101.1612278551609 -151.64450325131418
-1099.822100552991 -151.59595980182291
-1099.0894998640567 -151.78552426829935
-1097.890131387189 -152.12483551040293
-1096.1277915567905 -151.82553433313967
-1095.155960771516 -151.11167429819704
-1093.8567161292583 -151.72419475451113
