-1192.22 -440.36
-1193.9080300045014 -439.8834156250954
-1195.4298016738892 -440.6413540697098
-1197.1424838018418 -440.5321958965063
-1198.7650443029404 -440.0598590677977
-1199.9146564912796 -439.68996337115766
-1200.728076786995 -438.4995158022642
-1201.5455547881127 -436.6871049708128
-1201.6927510809899 -434.90244105517866
-1202.2722054433823 -433.4885914629698
-1202.8196749401093 -431.8982614582777
-1203.5591624093056 -430.440093190074
-1204.0353784573078 -429.83116212546827
-1204.498868764639 -428.7455069130659
-1204.7833583366871 -427.188384205699
-1204.7837127161026 -425.7980953758955
-1204.5536684703827 -424.00888422191144
-1204.9332214903832 -422.1637575930357
-1205.3615347456932 -420.60072663486005
-1205.67242780447 -418.86467555224897
-1205.8367347729206 -417.1269176310301
-1205.3322224628926 -415.3340717858076
-1205.689127714634 -413.6983310288191
-1205.9394195091725 -411.98653283774854
-1205.7844762068987 -410.546850592494
-1205.8031059068442 -409.13433387935163
-1206.0368445676565 -407.48597720324994
-1206.428745494485 -405.7951290911436
-1206.4086612325907 -404.7398599690199
-1206.5723817807436 -403.11741712749006
-1206.8139431637526 -401.3765443867445
-1207.0007420939207 -399.66412678420545
-1206.9070716661215 -398.2486031359434
-1206.510815398097 -397.46733388364316
-1205.7343362134695 -396.1561374372244
-1205.1970654290915 -395.1716526454687
-1204.3115477722883 -393.71681818425657
-1204.3409421604872 -392.74414780795576
-1204.202644841075 -391.55374673068525
-1203.6001196068526 -390.0990624731779
-1202.855471150279 -389.15092733561994
-1202.8322114509344 -387.79305830657484
-1202.9878823322058 -385.9611915653944
-1202.9203316134215 -384.5627346342802
-1202.8282182377577 -382.77711942851545
-1202.9410571914912 -381.0464833086729
-1203.1675854188204 -379.43623521983625
-1203.294393734336 -377.60731270968915
-1202.7345742744208 -376.2210716313124
-1202.5544213813544 -374.8095130032301
-1202.7517758768797 -373.1463064259291
-1203.0236964088679 -371.2662099903822
-1202.5171805483103 -370.29079851567747
-1202.6436928373575 -368.53474196851255
-1202.320163832307 -366.99919769227506
-1202.73916359365 -365.1477520173788
-1202.1237712663412 -363.8195693200827
-1202.4955190879107 -361.9525494283438
-1202.3941355583072 -360.3303919738531
-1202.1537166324258 -358.6018267577887
-1202.6488202896714 -357.0348635619879
-1203.171857842505 -355.59245142400266
-1202.8393874254823 -353.8113923972845
-1203.3531543698907 -352.2553108638525
-1203.306520113051 -350.98727139890195
-1202.6035510984063 -349.4524064964056
-1202.891011991799 -347.6267581886053
-1203.123880752623 -345.76101133286954
-1203.1872009721399 -344.136310428977
-1203.711589166224 -342.44493565022947
-1203.9755064931512 -340.48619923055173
-1204.3321116951108 -338.96086558759214
-1204.5481426802278 -337.45770070016385
-1204.8171565917135 -335.7837671941519
-1204.9333426740766 -334.06101223886014
-1205.0279016581178 -332.4048411554098
-1205.1450218346715 -330.93029448449613
-1204.6805640247464 -329.4749350255728
-1204.7371184316278 -328.22317275464536
-1204.69178632766 -326.4230013793707
-1203.7883059170842 -324.76708182752134
-1203.7144292381406 -322.95934137761594
-1203.629980095923 -321.142599195838
-1203.4865560021997 -320.0919639772177
-1203.37252045542 -318.57362315118314
-1203.464611300528 -316.9115163987875
-1203.1519667592645 -315.35506817758085
-1203.0137776222825 -313.74659225404264
-1202.4033696737886 -312.4089064306021
-1201.9595431771875 -311.8121684497595
-1201.03372795254 -310.93317243516447
-1199.7237981048227 -310.02121159493925
-1199.2472200480104 -309.9616381084919
-1197.9082088556886 -309.31642158389093
-1197.3691571441293 -309.1099488592148
-1195.8358922687173 -309.0511420375109
-1194.7918991532922 -308.47920918524267
-1193.2604449477792 -307.72406226456167
-1192.7191020932794 -307.2786421185732
-1191.7195789900422 -307.35110683053733
-1191.133212634623 -307.59124685138465
-1189.8035490003228 -306.9092713674903
-1189.2253422227502 -307.0256327620149
-1188.2156524148584 -306.5273772111535
-1187.3902772155404 -306.57916439384223
-1186.7650905933976 -306.518186994493
-1185.514773735106 -305.9447704038024
-1183.7798464384675 -306.23592282146217
-1182.2236986246705 -305.6552317222953
-1181.3187960472703 -305.77139990091325
-1180.4809564438463 -306.23796926498414
-1179.882987805903 -306.39323540091516
-1178.973428079188 -306.20111577272417
-1177.6468587604165 -306.23616225332023
-1176.9508452501893 -306.5554224333167
-1176.1811575976014 -306.02711135953666
-1175.360971697867 -305.2049750170112
-1174.8324648228288 -304.8283057591319
-1173.676841148436 -305.0338424524665
-1172.6640604820848 -305.05675777852537
-1172.122271963656 -304.6253978019953
-1170.6180468288064 -303.9636442667246
-1169.4721912828088 -303.2829905754328
-1168.8904622879625 -302.7190449243784
-1168.2184082952142 -302.96523445904256
-1166.815434524119 -302.2283325201273
-1166.0531985250116 -302.3954528874159
-1165.4319661346078 -302.5446297681332
-1164.463076659739 -302.81254209637643
-1163.5787485328317 -302.61604291260244
-1163.087657341063 -302.1009103661776
-1162.4638167110086 -301.76855319797994
-1161.9811713781953 -301.85557435512544
-1160.6283602800966 -301.6760125464201
-1159.6525896278024 -301.42103183329107
-1158.8850911346078 -301.1983568376303
-1157.25265915066 -301.18332660630347
-1156.4235631909967 -300.6129156394303
-1155.517906972468 -299.9095512671769
-1154.8597525444627 -300.09569925501944
-1154.023764142096 -299.68680882886053
-1152.6131637182832 -299.2321890933812
-1152.0916262355447 -298.28572121694685
-1151.528237709105 -297.3620694024861
-1150.7534651842714 -296.89964917734267
-1150.4048689094186 -295.73416653707625
-1149.8385092106462 -294.1657244308293
-1149.7184474554658 -292.6789226873219
-1149.8051380303502 -291.06657198503615
-1149.5572665420175 -290.2183693392575
-1148.9687480416894 -289.14585218265654
-1149.067004748881 -287.9389341814816
-1148.4910897102952 -286.4907306177914
-1148.4092859861255 -285.87992379501463
-1148.494279177189 -284.5881292565167
-1148.7206439238787 -282.9054131253064
-1149.3239730459452 -281.306009028703
-1149.5515997570753 -280.18829259708525
-1149.5622722816468 -278.63144478634
-1149.1530407977104 -277.641618822366
-1149.19479121387 -276.7067910774052
-1149.6429088872671 -275.67102304533125
-1150.2647224229574 -273.8137466056645
-1149.9727501434088 -271.92140177324416
-1149.3059575718642 -270.0584166391194
-1148.6485179823637 -268.4117597682774
-1148.832103626132 -266.53957263067366
-1148.55198069036 -265.0707033021748
-1147.996780948043 -263.92622653082014
-1148.1589532059431 -262.10692945554854
-1147.3740499776602 -260.6881840570271
-1147.3390638393164 -259.37306562498213
-1147.3181747359038 -258.3740803344548
-1147.5857922893763 -257.1266403539479
-1147.2763171058893 -255.528597150594
-1146.8899936836958 -254.58677491977812
-1146.4004011315108 -252.94916150406004
-1146.949584261775 -251.14140746429564
-1147.4102918070555 -250.28087673023344
-1146.7293610137701 -249.05146882370116
-1147.2559691232443 -247.70806715324522
-1147.9209379118681 -245.97388324573637
-1147.8817289707065 -244.46514496639372
-1147.8782131311298 -243.27391633823515
-1147.6868475016952 -241.66002175644041
-1147.3388554391265 -240.689121876508
-1147.5264191564918 -239.45346895292403
-1147.6143076953292 -238.4227635009587
-1147.7521607217193 -236.97487560346724
-1147.7445437249542 -235.8838000638783
-1147.4371768173576 -234.82246807649733
-1146.7853428658843 -233.3771627290547
-1146.8310210344196 -232.1249049051106
-1147.119491660297 -231.02431157663466
-1146.478295468986 -229.46996227338911
-1146.4600160953403 -228.06346562936903
-1146.5930994388461 -226.36510566309096
-1146.0271045204997 -225.1175546987355
-1145.7330246505142 -223.49912289217116
-1145.2544463512302 -222.12788013055922
-1144.5691967245937 -220.8363707406819
-1144.1392105159164 -219.89334586694838
-1144.0291053888202 -218.39560142591597
-1144.111883842647 -217.4662375791371
-1143.7784739074111 -216.42182472780348
-1143.417933755815 -215.7318716390431
-1142.8103890952468 -214.68929282262923
-1143.2179129359126 -213.7533269865811
-1143.201069944799 -213.13259098365904
-1143.139778086245 -212.0155191166699
-1142.8731320288778 -210.6562640412152
-1143.2238828924299 -209.04429111316801
-1143.3672002640367 -208.03709277942778
-1142.9451021042466 -206.18717894390227
-1143.3387713816762 -204.64096102550627
-1142.813734331429 -202.88373169735075
-1142.263103761971 -201.5475256188214
-1142.1886270803213 -200.60753408506514
-1142.6538861256838 -199.93354472950102
-1142.4337508690357 -198.30908999279143
-1142.4032996606827 -197.23679909542204
-1142.0157263588906 -196.1306907875836
-1142.2022697639466 -194.39273450210692
-1141.9967088115216 -193.11022910907866
-1141.6491814267636 -192.12169769838454
-1141.3618290436268 -191.0580127580464
-1140.5798270714283 -190.31167176797987
-1140.2214042556286 -189.3427713854611
-1138.4938074958325 -188.65866348579527
-1137.5835773956776 -188.21910435393454
-1135.8322260391712 -187.57605016663672
-1134.9295317542553 -187.1369481725991
-1133.2241129291058 -186.3623388452828
-1131.7314760100842 -186.7076552553475
-1130.7481282961369 -186.99268547132613
-1129.3472412836552 -187.02842196881772
-1128.2922577869892 -186.79644820153715
-1126.678766490221 -186.11206355750562
-1125.7681733381748 -185.62937495172025
-1123.9983407270909 -185.34107938468458
-1123.4097316873074 -184.94501391112806
-1122.1366067540646 -184.7348883455992
-1121.0698270213604 -184.3917472368479
-1120.0118607890606 -184.1803242123127
-1119.046878219843 -183.91176064372064
-1118.026435853243 -183.58708308696748
-1116.660590173006 -183.5460448718071
-1115.2662885200978 -183.81710691809656
-1114.4429088246823 -183.78215994000436
-1113.0837411296368 -184.50062729477884
-1111.325795353651 -184.5429655468464
-1110.1529188764096 -184.84072612285615
-1109.2608030450344 -184.50807319641115
-1108.3150960218907 -184.930509493351
-1107.0115299236775 -184.45851735830308
-1106.3179408323765 -184.4934989219904
-1105.5308256161213 -184.3728643512726
-1103.7126739037037 -184.68329815626146
-1103.1967834842205 -184.65540169239046
-1102.6987041842938 -184.7903010106087
-1100.960212649107 -184.22470073461534
