-1192.22 -440.36
-1192.9615223121643 -439.68714581489564
-1194.3648022127152 -439.1035545921326
-1195.7971946907044 -438.63385047078134
-1197.4642202568054 -437.8418691313267
-1198.1999724817276 -436.8102080976963
-1199.1099914622307 -436.0439904487133
-1200.2409838747978 -434.15572114348413
-1200.882367939949 -432.19784326910974
-1201.843103260994 -430.27903480887414
-1201.9235550102592 -428.48598142027856
-1202.658598714769 -426.5924694097042
-1202.7258678463102 -424.7118613278866
-1202.841448993683 -422.752285913229
-1203.4559206676483 -420.9154462373257
-1203.814038039446 -419.0593144452572
-1204.3554272663594 -417.4066224849224
-1204.5198506128788 -415.52878041625024
-1204.5422861737013 -413.60285992980005
-1204.7366489630938 -411.67999680399896
-1204.5006092053652 -409.72007139086725
-1204.6729985636473 -407.8652451789379
-1205.1787531536818 -406.0310684001446
-1205.0950284016133 -404.08074672579767
-1205.4898763608933 -402.2373765265942
-1205.342279882431 -400.3759293115139
-1205.4293309164048 -398.46793551802637
-1205.436051965952 -396.9313061988354
-1204.9686363351345 -395.477495149374
-1205.0012785208226 -393.61057980418207
-1205.4543174517155 -392.20548017382623
-1205.2337142390013 -390.409583286047
-1205.077743859291 -388.8392710244656
-1204.5813432645798 -387.09367747664453
-1205.0054687571526 -385.1895563161373
-1204.6367876839638 -383.2496058499813
-1204.6751875144244 -381.32525368094446
-1204.7476728868485 -379.51753826498987
-1204.9586986762286 -377.77044315695764
-1204.4725014728308 -375.89645142912866
-1204.578756378293 -373.9348128592968
-1203.8689140540362 -372.09745462298395
-1203.983482004404 -370.58812494635583
-1204.3856673550606 -368.64399190306665
-1204.1985949587822 -366.68909616827966
-1203.9567866039276 -365.23487825751306
-1203.3083541107178 -363.41190214514734
-1203.3833229702711 -361.52624185442926
-1203.4786018294096 -359.9541080749035
-1203.5232700121403 -358.1222990310192
-1203.7387494903803 -356.17558522582056
-1203.8842473638058 -354.2459556615353
-1203.886429668665 -353.0297188317776
-1204.084643201232 -351.1182022845745
-1203.6937105816603 -349.3780961787701
-1204.28032435596 -347.4018927371502
-1204.8113830250502 -345.85228855967523
-1204.8193712246418 -344.48609001994134
-1204.5555800807476 -342.6604865348339
-1204.7552687090636 -340.90559299349786
-1204.6973484170437 -339.25720460772516
-1204.6632217925787 -337.52750940680505
-1204.1634769898653 -335.71954532027246
-1204.4427199524641 -333.99689717650415
-1204.5989361864329 -332.36468906760217
-1205.004445539117 -331.24523253798486
-1204.256856546998 -329.3144061124325
-1203.870312796235 -328.04030306696893
-1204.4508786064387 -326.12963302493097
-1203.71396802485 -324.27994950175287
-1203.464437173009 -322.323113874197
-1203.5985810023546 -320.59285469412805
-1203.8593544226885 -318.9374964988232
-1204.3835902673006 -317.08074100375177
-1204.509356648922 -315.84576292395593
-1204.4921223831177 -313.88559766173364
-1204.717345328331 -312.14184255957605
-1204.6026941251755 -310.3829865014553
-1203.9904339027405 -308.49926789164545
-1204.1141617906094 -306.6203932321072
-1204.4241091620922 -304.77007909178735
-1203.9291571986676 -303.1346408879757
-1204.4508415472508 -301.3251013314724
-1204.7132175576687 -299.3888985669613
-1204.8374850910902 -297.7824362075329
-1204.7070478063822 -295.8387413775921
-1204.9129115056992 -294.2140997207165
-1204.9237286758423 -292.48379691004754
-1205.032928467989 -290.52738864779474
-1205.0666102778912 -288.69551833033563
-1204.0593740355969 -286.88532622218133
-1204.0381420713663 -285.02114923357965
-1204.1800852578879 -283.55836804270746
-1204.2398060125113 -281.84841306567193
-1203.6220925611258 -280.22052653193475
-1203.0819699329138 -278.29052431941034
-1203.0579218857736 -277.35091532826425
-1202.850661604926 -275.46033848881723
-1203.1543174081296 -273.52964557766916
-1203.5780510597676 -271.63281036973
-1203.4730551012606 -269.884382263422
-1202.906292892322 -268.35082759022714
-1202.7274548926205 -267.2069415009022
-1202.5647604682297 -265.40110804200174
-1202.9386938729137 -263.55324985146524
-1203.046395129785 -261.60938705563547
-1203.7246741124243 -260.03407658696176
-1204.1792326637358 -258.81514979958536
-1204.5770615705103 -256.86808277726175
-1204.8838467665762 -255.0857517874241
-1205.1256229945272 -253.1890072977543
-1205.0380513884872 -251.43859709858896
-1204.8070479848236 -249.66218914151193
-1204.0972950675339 -248.4441820538044
-1203.9021778025478 -246.71018876194955
-1203.943258337006 -245.98214675545694
-1204.1658444919437 -244.26350618958475
-1203.720924428925 -242.55656744599344
-1203.8467029251904 -241.60527153372766
-1204.0957347073406 -239.64030261397363
-1204.6428949155659 -238.41043730139734
-1204.4457534023375 -236.56703992247583
-1204.1138611801714 -234.61760087370874
-1204.0309700214118 -233.0124997651577
-1203.4932780706138 -231.44217510581018
-1203.9324436032027 -229.64822311758996
-1204.056112095043 -228.04139502406122
-1203.1849009238929 -226.23075051665307
-1202.2651423656196 -224.35163100123407
-1201.6997533284873 -222.5673346078396
-1201.637953653261 -221.45326407313348
-1201.3950301551074 -219.9565256392956
-1201.1709079884738 -219.37362642645837
-1199.8009224080295 -217.85559792876245
-1198.9866838597507 -216.39676971793176
-1198.3734612011165 -215.61100430846216
-1197.8511082076282 -214.58623011469842
-1197.3130141042918 -214.08328796982767
-1196.2081783556193 -213.89735196590425
-1195.4224842333049 -213.26834563970567
-1193.845641329214 -212.68356625795366
-1192.914965703413 -212.40050478339197
-1191.6369202875346 -212.06746862888338
-1191.0720853947848 -212.80702297449113
-1189.4135280989856 -212.3274765765667
-1188.7636976384372 -211.88800327539445
-1187.807680561468 -212.27347110271455
-1186.3526986383647 -211.7463137960434
-1185.7280265235156 -211.4223651146889
-1185.2478717111796 -211.54316976726057
-1184.4672763489932 -211.14710199892522
-1183.5370298766345 -211.5396173900366
-1182.637766256258 -211.56702789723875
-1180.9101771258563 -211.6619208610058
-1180.0888093852252 -211.25624890685083
-1178.653063192293 -211.17026867032052
-1177.9285850667209 -211.53317071557046
-1177.3528532528132 -211.00305767416955
-1176.6158519529552 -210.77460287570955
-1175.804753734991 -210.68055324316026
-1174.9958200597018 -210.58172501683237
-1174.4938883327693 -210.34225727677347
-1173.0107118629664 -210.27849032044412
-1172.2828451537341 -209.94439931273462
-1170.6326104544848 -210.05639548659326
-1169.320383443758 -209.79778637051584
-1167.5565788888186 -209.8433640754223
-1165.9470701359958 -209.80007030129434
-1164.7370993041247 -209.43562842965127
-1163.7668377303332 -209.30607374072076
-1162.5459275387973 -210.27277006268503
-1161.6512650393695 -210.0981227016449
-1161.0889767550677 -210.24946594297887
-1159.640202774927 -209.99849587738515
-1159.013036205694 -209.91975499749185
-1157.2193426632136 -209.34963233828546
-1155.612879350111 -208.8327717936039
-1154.362347915098 -207.9001169359684
-1152.6323054575175 -206.75187267422677
-1151.353774502203 -205.75074841141702
-1150.5111583017558 -204.9323265707493
-1149.0533483766765 -204.1660739338398
-1147.9132259630412 -203.89897863626481
-1146.9097009443492 -203.47544701457025
-1145.96390338175 -203.00160439372064
-1144.9372382902354 -201.66152699351312
-1143.6405900263042 -200.46919067263605
-1143.1381960653514 -198.83711488604547
-1142.9501424723119 -197.91811139941217
-1143.175348102376 -196.26068337321283
-1143.1359916024655 -194.7238732135296
-1142.3655783825368 -192.90355689883233
-1142.1014979176969 -191.9195634877682
-1141.077497630641 -190.6273805654049
-1140.466726213023 -189.89171613812448
-1139.7256030135602 -188.73550309300424
-1138.9825254970044 -188.45389144182207
-1138.4877687387914 -187.52881793737413
-1137.3149035864324 -187.1805870985985
-1136.2137187414617 -186.37829671859743
-1135.0265222483129 -186.583487213254
-1134.1220580034703 -186.09107592761518
-1133.6734381013364 -185.95125430881978
-1132.5648193650693 -186.36541450083257
-1131.595950274989 -185.79524678051473
-1130.56801739268 -185.99475555181505
-1129.6003710322827 -185.797548622489
-1127.8946887546033 -185.77757806390525
-1126.0570117526502 -185.64507291525604
-1124.941960125491 -185.08830157727004
-1123.8298807435483 -184.75063193649055
-1122.939439862296 -185.35721910804511
-1121.0034855299443 -185.1589928647876
-1120.3271974616498 -185.33357215732337
-1119.2808158688993 -185.51407281368972
-1118.3635165982694 -186.17494038552047
-1117.4414390616864 -185.5711420556903
-1116.0021347098798 -185.86084149092437
-1115.0371166758985 -185.66735392123462
-1114.3753985457868 -186.1230498185754
-1113.6002484255284 -185.8522954812646
-1112.3506267958135 -185.27727165132762
-1111.4825914793462 -185.77838911920787
-1109.5654190474004 -185.24607982546092
-1108.713282435462 -184.72830369383098
-1107.1250543289632 -184.95085615724327
-1105.770487516448 -184.64781332820655
-1104.1521207981557 -185.19285262435676
-1102.7526344948262 -185.17460107117893
-1102.1967765384168 -185.79245077878238
-1101.5693071775884 -185.4017926385999
-1099.955537527129 -185.18618457823993
