-1051.93 -215.33
-1050.2462920475007 -214.91703541755678
-1048.3927108573914 -214.75666298151017
-1047.114051513672 -214.02173640012742
-1045.1710494089127 -213.40085931301118
-1043.3009834814072 -212.86907454013826
-1041.35180621624 -212.44142697930337
-1040.1431072282792 -212.0132894384861
-1038.495338253975 -211.5902135539055
-1036.5864617156983 -211.2609312105179
-1035.4335561323167 -210.97953589439393
-1033.6790144968033 -210.72359346032144
-1032.9658040332795 -211.84397445797921
-1031.3979654836655 -211.4695925283432
-1029.8889622020722 -211.11768241405488
-1027.9938542175294 -211.23268196165563
-1027.3568845915795 -210.7416178005934
-1025.7341253685952 -210.33564374029638
-1025.0307665395737 -209.98053875744344
-1024.3666456270219 -209.35984328567983
-1022.6984283256531 -210.2253382521868
-1020.7518698501588 -209.58336320698263
-1018.8605713176728 -209.0194076615572
-1018.016906194687 -208.47627631008626
-1016.0407397079468 -208.12261662065984
-1014.0779876041413 -208.08296016037465
-1012.953187994957 -208.72166022837163
-1011.8920018005372 -209.42649170935155
-1011.2609935331345 -208.8687747436762
-1010.2627260017396 -209.30008539736272
-1009.5426660108567 -210.1606328803301
-1007.7474208402634 -209.50490006983281
-1005.7580955553055 -208.93303463041784
-1003.7856443452836 -208.7355692255497
-1001.8056453990937 -208.67556396305562
-1000.0245129394532 -208.20633170187475
-998.056191854477 -208.20047596275808
-996.9011766242982 -207.81759870231153
-995.2341732311249 -207.45097458541395
-993.3879501152039 -207.4620429891348
-991.7238721179963 -207.42422193467618
-991.164034717083 -207.1064252871275
-989.4060996699334 -208.20679962813855
-988.4691438603402 -207.91963410556318
-986.5354249405862 -208.89003515422345
-985.7323340106011 -209.6557222622633
-983.9363262581826 -208.96327358663083
-982.8629891800881 -208.91049455285074
-981.7029006409646 -208.67036883711816
-980.1437954831124 -207.53271703600885
-979.1721166300774 -207.6640611755848
-977.3655899691582 -206.47358380436899
-976.6945348906518 -204.99913703083993
-975.1054603981972 -203.6411279308796
-973.3181879448891 -202.25659869790078
-971.8546744513512 -200.72708629250528
-971.82595079422 -198.957089291811
-971.8412939238549 -197.6859150993824
-970.4443243670464 -196.08300720334054
-970.4430769014359 -194.16205619454385
-970.766792588234 -193.4941940176487
-969.7320370006562 -191.5549245941639
-969.1877441930772 -189.58010743737222
-968.3014746236802 -187.59639392971994
-968.9182767200471 -185.59867869496347
-968.2469485926629 -183.66068719506265
-968.8793598341942 -181.66282271027566
-969.421707623005 -179.67133568406106
-969.4736880737544 -178.8214772808552
-969.2875811684132 -176.8408976662159
-968.4969305622578 -174.89687501072885
-969.0988275635243 -172.9290622341633
-968.3102388608456 -170.940966950655
-967.55989833951 -168.94415699124337
-967.0460329282284 -167.289750443697
-966.5466855990887 -165.29309152245523
-967.2010032761098 -163.32000015854837
-966.6431869494916 -161.32238207936288
-966.2263077127934 -159.33074163079263
-966.4170190471411 -157.35356258034707
-966.1775420832635 -155.37528072476388
-967.0299458432198 -153.5493230688572
-967.6518344211579 -151.6243986952305
-966.968107097149 -149.62613676667215
-967.73252045393 -147.63954614281656
-968.1759585368634 -145.69121287941934
-968.7789675819874 -143.7450713980198
-969.0282934385539 -142.92582021832467
-969.5650968629122 -140.9358945953846
-968.6481884795428 -139.22510706067087
-968.4168039041758 -138.3429238665104
-968.851532407403 -136.40153835892679
-968.0224704223872 -134.41063116669656
-967.3535724359751 -132.41959940075876
-966.8186544257403 -130.7979254591465
-966.2436812597514 -128.80993937134744
-966.994554348588 -126.95381950020791
-966.3007442432643 -124.95450030446054
-966.9213537651301 -124.2146804201603
-967.0438822883368 -122.29272054314615
-967.4660808223487 -120.52688120484353
-967.6751541870833 -118.53298615098001
-967.1217728632689 -116.53773985981942
-967.443008132577 -114.5799878704548
-967.9482899385691 -113.04509829163553
-968.7215358692408 -111.07692192673684
-969.20796523273 -109.07973145127298
-968.7579915302993 -107.13528393387796
-969.3395595926047 -105.13537155270578
-969.6160595196486 -103.1744829285145
-968.7991912144423 -101.18005417466165
-968.08968118608 -99.24183105111123
-967.6653983968497 -97.24579142212869
-968.1621307510138 -95.25374458909036
-968.3479110676051 -93.25590811848642
-968.0318060594798 -91.2933884727955
-968.7367206889392 -89.30625806927682
-968.1505017358065 -87.31173633217813
-968.5630776363612 -85.31407950997354
-968.0086861330271 -83.59230946183206
-967.4952051717044 -81.59557448506357
-967.099530466199 -79.61246048092843
-966.6186604577304 -77.64658640503885
-966.7833600717784 -75.6736204493046
-966.5699602144957 -73.73729168057443
-967.8443680781127 -71.90642868161203
-968.5392820614577 -70.05586324810983
-968.6894886273146 -68.37487422108651
-970.0724732655287 -67.60202996611596
-971.8100392597914 -66.1406471002102
-972.3503716367484 -64.97685127139093
-974.326150931716 -64.07366077780725
-975.0103705304862 -63.49065189242364
-976.7402705329657 -62.84434275507928
-977.636675991416 -62.22865711331369
-979.378653921485 -61.690773235559476
-981.3572054284812 -61.220906363725675
-983.3195324319602 -60.79982526779176
-984.5796940702201 -60.42745717048646
-985.1746994036437 -60.104383902549756
-987.0832341688872 -59.84115214824678
-988.7777368801833 -59.60171051502229
-990.6875580328704 -60.040020512342466
-991.9478703516722 -59.76414863944055
-993.7462948340178 -60.06174831271173
-994.4714678901435 -59.785214321613324
-995.1430925506354 -60.82801999330522
-997.0811418670417 -60.946623610258115
-997.6527361649275 -60.578840987682355
-998.3194066661597 -60.54589317917825
-998.8712863105536 -60.409479664564145
-1000.6026765483618 -60.13910074710847
-1001.1404074209929 -60.593048708438886
-1001.8119300979376 -60.288491623401654
-1003.7480101960898 -60.12781258106233
-1004.3752845305205 -59.90358154654504
-1004.9091906923056 -59.65424339652063
-1005.8635588067771 -60.794831560850156
-1007.7799535173178 -61.07031499028207
-1008.3882147449256 -60.57464038014413
-1010.34942499578 -60.1363535988331
-1010.9877580183745 -60.33275278091432
-1011.7510884779692 -60.1529959011078
-1013.1362136381865 -61.11231835365297
-1013.8374889868498 -60.62055839776994
-1014.5675126093627 -60.33147053599359
-1015.5248237627745 -59.88161806941034
-1016.9142371195555 -59.5061692762375
-1017.540825046897 -60.425021665096295
-1019.0910210984946 -60.65842488586904
-1021.0457698482276 -60.20437500059606
-1022.7010290998221 -59.855701448321355
-1024.6429827588797 -59.50714373767377
-1025.9166441339255 -59.176395775675786
-1026.485331453681 -59.60929244935514
-1028.3942979949713 -59.26936680257322
-1030.207881011367 -58.957063885331166
-1030.9141198772193 -59.004678012728704
-1031.493023671508 -58.549151422381414
-1032.8711479085684 -58.05584240138532
-1033.8085166591407 -57.453128399252904
-1033.984375037551 -55.65049320638181
-1033.854628481269 -53.77296120107175
-1033.7640563625098 -52.7600041049719
-1033.8185732144118 -50.92090743958951
-1033.7225189584494 -50.05431062161924
-1034.8457293885947 -48.329035701155675
-1034.6488618332148 -46.60160368859769
-1034.4462589997054 -44.70095378339292
-1034.3026225942374 -42.80696040570737
-1034.1874771493674 -41.053820313811315
-1034.6178307312728 -39.184475125670446
-1034.7584849375487 -37.305860700011266
-1035.9449907320738 -35.52305954873563
-1036.750954963565 -33.5706011670828
-1037.6986441987754 -31.61097949922086
-1038.3567726391555 -29.79011744439603
-1037.8184197920561 -27.794392289519323
-1038.4900648969412 -25.81237691819669
-1037.821541644931 -24.318580927252782
-1037.5877978879214 -23.536495210528386
-1038.4131150323153 -21.546868206858647
-1039.1370617228747 -19.59910047233106
-1038.3885965424777 -17.757105709910405
-1039.0710764604808 -17.081643702387822
-1038.4367709237338 -15.472668053507817
-1037.8218079286814 -14.180587293505681
-1037.794932768047 -12.192976238131536
-1038.1562959107757 -10.53653681457044
-1037.551807537973 -8.54361927688123
-1037.357805773914 -6.583787800669683
-1038.3743738386036 -4.94270694434644
-1038.528078750074 -3.114877941012395
-1038.3949924263359 -1.5395333784818774
-1039.6820826086403 -0.8674350994825488
-1040.4599939736725 0.39644050419329346
-1041.617048278749 0.8539727312326306
-1042.989827528894 2.5628371816873425
-1044.2061453017593 4.0951433759927625
-1045.8207099589706 5.1475864034891
-1046.4149435314537 6.05525630533694
-1048.4013295921684 6.793108461499202
-1050.386884764135 7.274955419898021
-1051.6204386505485 7.977336792349803
-1052.95171459049 8.608341721892344
-1054.3559481653572 9.144446699023234
-1056.3243333849312 9.481108097434031
-1058.2380382570625 9.19648292481898
-1060.1208416971565 9.689418224692332
-1061.1420712026954 10.090138791203486
-1062.6954099687935 10.446777818799006
-1064.588682845533 10.389080135226237
-1066.5213695320488 10.72253620445727
-1067.363138512075 9.63435399353503
-1069.2464261803032 9.96919223487376
-1069.824223831594 10.119842944741237
-1071.6339041742683 10.422143278717982
-1072.184933796823 10.76074620902537
-1074.114784732759 11.007029889225947
-1074.979208007753 10.870218215584742
-1076.4657480868698 11.137528477311122
-1078.1988618525863 10.299613891243922
-1079.3097403201461 9.566566882729518
-1079.8988851460815 9.682300208210933
-1081.8663592490554 9.257025269865977
-1083.8352245244384 8.882768360972392
-1085.1847176703811 9.058141334056842
-1085.9017203602195 9.512089176177966
-1087.8480172905327 9.919612152576434
-1088.5506241473556 10.017719609737384
-1090.4530122432113 9.006321771144854
-1092.3977109345794 8.118629081249225
-1093.0613787326217 8.376709593534457
-1093.6913675817848 7.8973599505424374
-1095.685491040647 7.999100683331477
-1096.442194417417 8.670602319836604
-1097.4287049326301 9.500506458878505
-1099.4169141802192 9.719386858940112
-1100.0818554911018 9.749378701746451
-1100.7102772149444 9.36173268228768
-1102.389564767778 10.270827910006034
-1103.102589443624 9.87557329803704
-1104.518684104383 9.62313925296067
-1106.4809095415474 10.368885507881629
-1108.382646277845 9.97693448334931
-1109.0523418936134 10.770517280399787
-1111.0157167467476 11.540477981865394
-1112.9391936811805 12.223700692951667
-1113.5600936564804 12.206258205771434
-1115.5095832499862 12.728873519301402
-1116.4612124714256 13.332430450320231
-1118.417931393087 13.916979042887675
-1120.4005077633262 14.421177713274943
-1122.2120778116584 14.765905140042292
-1124.0376383814216 15.191648094058024
-1124.6011098775268 15.06549537003039
-1126.5403455647827 14.773299036622035
-1127.3674256953598 14.04860746681689
-1127.9657825383545 13.826944304704654
-1128.6086709651352 14.473166121244418
-1129.4350117596985 15.133222473859774
-1130.162882641256 15.580665482282626
-1131.6620723757148 15.06996728301047
-1132.375843540132 15.58069349646567
-1133.0558720383049 16.165985597372043
-1135.0284312519432 15.820105088949191
-1136.6221135410667 14.906171215772616
-1137.2491578015686 15.537447584867465
-1139.2372632178665 16.050242854356753
-1139.8520901951194 16.537638021707522
-1141.6248279365898 16.947178466320025
-1142.5845615419746 16.870515896081912
-1143.1386951360107 15.818033648729312
-1145.0236455354095 14.96589048027991
-1146.9433641585708 14.210284961462008
-1147.5870208892227 14.738791598081576
-1149.5804665240646 14.173487557172763
-1150.1823795589805 14.896308256387698
-1151.8479002270103 14.557481123208987
-1153.8362057957054 15.068155659437167
