-1051.93 -215.33
-1051.3289654779435 -216.04191066503526
-1050.6486824679375 -216.65784110307695
-1050.0434261488915 -216.3282187151909
-1049.4110465574265 -216.564196215868
-1048.808366112709 -215.74440209746362
-1047.24678044796 -215.82874703586103
-1045.8646747398377 -214.98899996459485
-1044.9963050413132 -214.77133843481542
-1043.569061331749 -215.41755178749563
-1042.9734829592705 -215.9593376237154
-1041.3303276228905 -215.6727025526762
-1040.7378914284707 -216.16913223445417
-1039.590429418087 -215.23191082656385
-1038.4100733923913 -215.8175888079405
-1037.5167939591408 -216.3001623171568
-1035.5547423291207 -215.6491927522421
-1033.6223428177834 -216.1973539608717
-1031.8166280913354 -215.61857271373273
-1031.2239649224282 -216.1742834466696
-1029.2518012452126 -216.64038014590741
-1027.7318339276314 -215.69685763299466
-1025.856163494587 -215.9930683988333
-1025.213463895321 -216.43500763356687
-1024.5811838436127 -216.46319171965123
-1023.8750931549073 -216.19692367494108
-1023.3866719532014 -216.3570038098097
-1021.5297517108918 -215.8106329458952
-1021.2709694433213 -215.632303776145
-1019.8938367891312 -215.42316585958005
-1019.6423761177064 -213.67448908269407
-1019.5299830365182 -213.30893564403058
-1018.0494054484368 -212.94218403279783
-1018.1892905163766 -212.41729009330274
-1018.3669165599347 -210.65994823157789
-1018.7379997599126 -209.40595781981946
-1018.2454915571213 -208.86221414983274
-1018.2772600579262 -208.1413998025656
-1018.6300446915627 -207.5846853274107
-1018.5038079845906 -206.8206763881445
-1017.4911050426961 -205.40007597386838
-1017.7693297493458 -203.42056900441648
-1017.9867911565304 -202.84397620141507
-1018.3735307085515 -201.12322849214078
-1018.6324601995946 -200.5677427071333
-1018.8494829463959 -200.01792192637922
-1017.7611681747437 -199.4825165885687
-1018.0758396911622 -198.87719434678556
-1018.0423330891133 -198.30841028869153
-1018.0994743633271 -197.7171917575598
-1018.0594417381287 -197.13662767589094
-1017.7991196441651 -196.42980468451978
-1016.8446269559861 -195.8553849476576
-1016.0074695873261 -195.019699575305
-1016.2748426127434 -193.97679627120496
-1016.9043801951409 -193.3712973612547
-1016.8486766296626 -191.70175337970258
-1016.4801919835807 -191.02517426192762
-1016.422618571967 -190.42134213626386
-1016.5667213837803 -189.8197352308035
-1017.1489463488758 -188.56823295533658
-1017.6621609370411 -187.76552969396116
-1016.7226657311619 -187.18614083707334
-1015.8945612351597 -186.4267544168234
-1016.3478775660694 -185.7979143279791
-1016.9461147229374 -185.19856208741666
-1017.4789659421147 -184.12155562818052
-1016.7519149820507 -183.4064216631651
-1016.9158354590834 -182.80941617667676
-1017.4521075080336 -181.0151065605879
-1016.5393410514296 -180.32281577765943
-1015.9449244330824 -179.7031705993414
-1015.5097181390227 -177.9034207481146
-1016.2335385273398 -175.91320055902005
-1016.2803804467619 -174.81834513127805
-1015.9897092173994 -173.8435708898306
-1016.6426129530371 -173.12795680940152
-1016.7157662253082 -172.24113136708738
-1015.9670763354004 -170.9263404029608
-1016.1377904157341 -170.3175033348799
-1015.8509567420185 -168.33442390143873
-1015.6891999284924 -167.20103752791883
-1015.5330392758549 -165.6614949721098
-1017.0536114613712 -165.4439821857214
-1018.485417072028 -164.00839120328428
-1018.6710369031132 -163.66793769776822
-1018.7675727646053 -163.31271881043912
-1019.6084883253277 -162.36509841859342
-1019.2660914103687 -161.79252052485944
-1020.2932313124836 -160.76688468635083
-1021.3366816680134 -160.21936619460584
-1021.0215059857071 -159.66973048627378
-1021.1139268617333 -157.8350101131201
-1022.5902029018105 -156.61502975404264
-1023.6871938447655 -155.13987022817136
-1025.4791043739021 -153.87931758344175
-1027.0314252118767 -154.02618929922582
-1027.7148217897118 -154.51356932699682
-1029.4994483928383 -154.95578417360784
-1031.4580282907189 -155.35113626897336
-1033.362758372277 -155.7023524361849
-1035.1572935323418 -154.59181788742544
-1036.9543690423668 -153.5600868779421
-1037.9121468405426 -152.57260826408864
-1038.7501433829964 -151.77124545156957
-1040.725741122216 -151.26650926649572
-1042.6829973201454 -151.99450192034246
-1044.6071330051125 -152.2589810806513
-1045.3795004825295 -152.53637030899526
-1046.7480574588478 -151.5024125891924
-1048.5301778058708 -151.60166043221952
-1049.8858654241265 -151.9675164538622
-1051.096896980256 -152.27595704972745
-1051.7702544669808 -151.45231884896756
-1053.6487284640968 -151.89944321095945
-1054.2815583686531 -152.2358126062155
-1056.238802049607 -152.58988484919072
-1057.9554379920662 -152.38475786328317
-1058.7157456617058 -152.7002882230282
-1060.432603095025 -152.99754257678987
-1062.1389145593346 -153.13014055967332
-1062.7793355326355 -153.20742573022844
-1064.0422122816742 -151.94759060621263
-1064.4782657365502 -151.79800553798677
-1066.0945727567375 -151.2703157234192
-1066.9932329396904 -149.6839719581604
-1068.5612091760338 -148.56862659931184
-1068.9964527826012 -147.0394614505768
-1070.1811253766716 -145.17595131874086
-1070.8705016712845 -143.59293218135835
-1070.9223487976194 -141.60035009860994
-1070.5834921601415 -141.00350280284883
-1070.3845104578138 -139.0209843683243
-1071.239049256146 -137.2653792667389
-1071.9989389184118 -136.24852593421937
-1072.4492644372583 -134.83238478183748
-1072.9829427304865 -134.23504986047746
-1073.456509024203 -133.6454007792473
-1073.60472948879 -131.67918659925462
-1073.5986645820738 -129.74726380586625
-1072.7194221022726 -128.38046731233598
-1073.2441383603216 -127.76468242883684
-1073.7220595481992 -125.85769988775255
-1073.2313356402517 -124.96451594114305
-1073.1153220164776 -123.8778499531746
-1072.255476974249 -123.2620656657219
-1071.5781006443501 -121.3250174689293
-1072.2878496277333 -120.57052077531816
-1072.9097927439213 -119.95087190151216
-1073.5232950675488 -119.35423650026323
-1074.2518713700772 -118.6691638994217
-1074.3288858610392 -118.07006736278535
-1074.241181664467 -117.47233994483949
-1075.2316738295556 -115.67132897853853
-1076.5647789168358 -114.23281748771669
-1077.313206665516 -114.57631667137147
-1078.7171595025063 -114.46019809126855
-1080.3634688782693 -113.5363328921795
-1082.3138446736336 -113.76218496441842
-1083.6193085837365 -114.18522425174714
-1085.322101109028 -113.73207836031915
-1086.1229864287377 -112.76129643797876
-1088.0663281607629 -113.29097657084466
-1090.0231378006936 -113.75130485177041
-1091.977854244709 -113.03572766661645
-1093.0304268527032 -113.03408725738527
-1094.1732699799538 -112.82950417876245
-1095.0444843101502 -112.94665037274362
-1095.6052022504807 -113.28011112093927
-1097.365639500618 -113.41262291550638
-1097.984834485054 -112.10619448304178
-1098.944513194561 -112.17208276867868
-1100.465466849804 -111.9186075794697
-1100.9243179488183 -111.36873625397683
-1102.7050648856164 -110.80968664765359
-1104.33390843153 -110.90456275820733
-1105.4652476239205 -110.86520897030832
-1107.1985821652413 -110.51533623218538
-1109.0679669308663 -110.74293105483056
-1110.8322737145425 -109.63939516425134
-1112.0808710980416 -108.70265953421594
-1113.1767598319054 -109.23930911898614
-1115.018680446148 -109.66230581879617
-1115.9004206585885 -109.10163091301919
-1117.8786837983132 -109.58608626008035
-1118.4320117759705 -109.50467811703683
-1120.299119644165 -109.47748397469522
-1121.5258654880524 -109.168823646307
-1123.1705316829682 -107.77263002276422
-1123.5690472650529 -107.3540080356598
-1125.3357749509812 -105.99282296180726
-1125.9172789382935 -105.9316716361046
-1127.8292066383362 -105.62147732257844
-1128.5687885808945 -105.86341940045358
-1129.4550952243806 -104.73220072865487
-1131.4446102905274 -105.02628733396531
-1133.138476305008 -105.51209233880044
-1134.8223497200013 -105.93647585988046
-1136.667735271454 -105.21041511178018
-1137.2731313037873 -105.6883586215973
-1139.0689676332474 -104.91624649047853
-1141.0519748258591 -105.42485602378846
-1142.1566085147858 -105.70833929061891
-1143.526843481064 -104.56821878433229
-1145.1857983398438 -103.41742284774782
-1147.0493535327912 -102.21688707351686
-1148.5656538534165 -102.29934920549394
-1148.951890461445 -102.07446481466295
-1149.2826666760445 -101.86577029705049
-1149.7660652625561 -101.5012949872017
-1149.8959411013127 -99.79943658590318
-1151.293568931818 -98.32417978525163
-1151.6331886279584 -97.51261998891832
-1151.4600963819028 -97.00336261272432
-1151.6467755961419 -96.33904726982118
-1151.5646563696862 -95.64449353694917
-1152.5587871003152 -93.77425833225251
-1153.3303738760949 -93.20137979269029
-1152.8623251843453 -92.08447469949724
-1153.7982455420495 -90.47161056280137
-1153.7307273823023 -88.99651731729509
-1154.5517093616725 -88.39439942121507
-1155.2709545570613 -87.78903611183168
-1155.1610031801463 -86.03506834983827
-1155.8007825690509 -84.21970589637758
-1154.9638310152293 -82.29156811714174
-1154.30560261786 -81.22933300018312
-1153.7673340517283 -80.6217293906212
-1153.7105049940944 -80.02615662097932
-1154.4696267697216 -78.64335377693178
-1155.1993862840534 -78.02768673181535
-1155.0617451819778 -76.04343380212785
-1154.8551772388817 -75.38211091041566
-1155.537617340982 -74.75847061157228
-1156.1280468854309 -73.0971447992325
-1155.869040862024 -71.13777871608735
-1156.2668374332786 -69.82830019474031
-1155.5755444321037 -69.1847352552414
-1155.4275402578712 -67.91529257774354
-1155.867770627439 -66.98086293220521
-1155.0439998063446 -66.37181212186815
-1155.2873257550598 -65.76870300054551
-1154.8948931249977 -65.16750015497209
-1154.653121635616 -63.22614182710649
-1155.358296737373 -61.348788874149335
-1155.7926476749778 -59.382838861942304
-1156.3406221422554 -57.734539287090314
-1156.134641737044 -56.48974408388139
-1156.6211462321878 -55.789134817123426
-1155.974062294066 -53.811078147888196
-1156.4749959412218 -52.89727534532548
-1156.8305636945367 -52.31314207792283
-1157.2576121094824 -50.54319001913072
-1157.4758633676172 -49.97290499687196
-1157.8088157179952 -48.046172218322766
-1156.7417044642568 -47.46567113876344
-1156.9174358549715 -46.787933843135846
-1157.0924692454935 -44.98216058492662
-1156.7867760661245 -44.39785368919374
-1155.8447564247251 -42.69481904983522
-1155.9313289377094 -41.879127221107495
-1156.472250983417 -40.18027945041658
-1155.6944760534168 -38.2305744457245
-1154.8895761224628 -36.8651004600525
-1155.5277567955852 -36.13905091762544
-1156.0939153286815 -34.58088644027711
-1155.6808200332523 -32.59962208747865
-1154.8697202655674 -30.649616556167615
-1154.1546171161533 -29.60721416950227
-1153.6943275782467 -28.98419536828996
-1154.168480500877 -28.329672651290906
-1154.64444683522 -26.669280605316175
-1154.754975527823 -25.79097964048387
-1154.4421731832624 -25.151612477302564
-1155.1406179073454 -23.163862304687513
-1154.4237440231443 -21.182671861648572
-1154.4577473628522 -19.857817368507398
-1155.1664491522313 -19.25435705661775
-1154.660717867613 -18.64868875026704
-1154.7148313227297 -18.031287627220166
-1154.2941008213163 -16.313015179634107
-1155.0316855314375 -15.52955360889436
-1155.640767991841 -14.682790474891675
-1154.8318387869 -13.549836831092847
-1154.313702762425 -11.85977001667024
-1155.060195207894 -9.864799456596387
-1154.8562731298805 -8.400877313613904
-1155.0595101866127 -6.407563524246228
-1154.6029241237045 -5.677690522670758
-1154.5671322013438 -3.712595837116254
-1154.2214915122092 -2.6623305249214297
-1153.7086299027503 -0.6673270630836612
-1153.947379615456 1.2888084483146542
-1154.3294125165046 3.274623138904559
-1154.067119088322 4.212837440967547
-1154.6889404322208 4.810428960323321
-1154.672722099647 6.809348685741412
-1155.2905364020914 7.626254661083209
-1154.8071184738726 9.089505178928363
-1154.7022507175059 11.032502276897418
