-1051.93 -215.33
-1051.126381688118 -214.6472929286957
-1049.8623242902756 -214.58367491692306
-1048.5467964935303 -213.80094344347717
-1047.2002293395997 -213.43527770966293
-1045.7253646183015 -213.19157187074424
-1044.4172940778733 -213.22786367863418
-1043.7198936271668 -213.18496067255737
-1042.3143932151795 -212.68052471607925
-1040.9877876567841 -212.56498357087375
-1039.3190594244004 -212.15995343953372
-1038.8278097438813 -212.3750052395463
-1037.7511710453034 -211.98708843618633
-1036.2301556396485 -212.45523955851795
-1034.9391351270676 -212.80669608145953
-1033.4393870162965 -211.97532870799304
-1032.3382806110383 -212.4293557944894
-1030.6136724281312 -211.73959642082454
-1029.767925374508 -211.72481645077468
-1029.2848110723496 -211.50887542396785
-1027.5579855966569 -211.8859777095914
-1026.0500340986252 -211.489639634192
-1024.5844649600983 -211.2512024435401
-1023.1372250843049 -211.05785734385253
-1022.2308523583413 -210.45601476162673
-1021.7043732333184 -210.14546004861594
-1021.0016171860696 -210.09085158437492
-1020.5742895829678 -209.16497562259437
-1019.4839599359036 -207.89843688338996
-1019.5454292821885 -206.43961320251228
-1019.777887903452 -205.5122993978858
-1019.3362595665456 -203.8916506561637
-1018.64106210351 -202.409348705709
-1018.3137436437607 -201.53445527881385
-1018.2142046171427 -200.4392773899436
-1017.5076018053294 -198.6337549480796
-1016.958983488679 -197.09901247352363
-1017.2592934149504 -195.6460497173667
-1016.5652096647025 -194.5917284283042
-1016.2112329381705 -193.12285445064308
-1016.5193401354552 -191.52260229915382
-1016.6436566862465 -190.24509594768287
-1017.2002263221145 -189.66268543332816
-1016.8755183371902 -189.08854196399452
-1016.477053180635 -188.53507176965476
-1016.1262555870414 -187.31985954374076
-1015.6032962951065 -186.61770991414787
-1015.7921160909534 -185.75624583095313
-1016.4923001977802 -184.5826381239295
-1016.9777521643043 -183.20358345836402
-1016.8623575869203 -182.4658362659812
-1016.8207672688366 -180.8220841678977
-1016.6318643841148 -179.7258268389106
-1016.809837743938 -178.47553882926704
-1015.9849931451679 -177.46644590228797
-1015.3898264023662 -176.65493319362403
-1015.2115441563726 -175.50064537853004
-1015.0008894059063 -174.3067480120063
-1015.0968577119709 -172.67908034652473
-1015.6296941491962 -170.80708418220283
-1016.0562538954616 -169.53831789821388
-1015.8459699007869 -168.6929441484809
-1015.4661803397537 -167.3619444164634
-1015.6352801772953 -166.39380596011878
-1015.468071461022 -165.22963784068824
-1016.1840416195989 -164.1746599468589
-1016.6520184579492 -162.33314059108497
-1017.0806933346391 -161.1875788959861
-1016.9128094765545 -160.32261619895698
-1017.4854125234485 -159.18219266265632
-1017.824076190889 -158.71047423213722
-1017.6340082737804 -157.2065840753913
-1017.0637967440487 -155.98567877143623
-1017.1476873758436 -154.4282775911689
-1017.152614504397 -153.42009399265052
-1016.9229007515312 -152.83291182845832
-1016.2130806002021 -151.86593017905952
-1016.8285725864769 -150.88507751554252
-1016.4943244013191 -149.93310425609351
-1016.0922652038932 -148.51381526321174
-1015.8089130970836 -147.58499334186317
-1015.7122009697557 -146.67778776019813
-1015.8094557228685 -145.12828431457282
-1016.1814067664743 -143.92071161597968
-1016.2899251955748 -142.8415038380027
-1016.0093117135764 -141.3996959719062
-1016.148192473054 -140.3550103697181
-1015.7738280969859 -138.61371312469245
-1015.9758839237691 -137.47643993228675
-1016.3281134593487 -135.804865578115
-1016.6751768219472 -135.10840461581947
-1016.2697175371648 -134.27760801643134
-1016.7797637808324 -133.21967587798835
-1016.6758575814963 -132.69779841035606
-1016.2459383684397 -131.84027198880912
-1016.3993952351809 -130.48743347257377
-1016.7596348899604 -128.97023073762657
-1016.2753375548125 -128.38653025954963
-1015.8659004050494 -127.55235526889564
-1015.1574137288333 -126.63405374616386
-1014.8996581810713 -124.8251367005706
-1015.3046559172869 -124.21480868190528
-1015.7777766364813 -122.73306749194862
-1015.5049101787806 -121.37907646030189
-1015.4958079721034 -119.75034330219032
-1016.03221317783 -118.86371872752906
-1015.7076801027358 -117.95090327590705
-1015.4700688834489 -117.28213349908592
-1015.056057881862 -115.92458764642478
-1015.4412010128797 -115.0035213622451
-1016.0744758661092 -114.26182130903007
-1015.9505812193454 -112.94142428964378
-1016.878799584061 -111.52506879895927
-1017.4770750071109 -110.59514943689109
-1018.4989272619785 -109.81052939027549
-1018.6599818731845 -109.10918156236411
-1019.8326919342578 -107.84575728505851
-1020.6751228238643 -107.67523280709983
-1021.471190776974 -107.29790152043105
-1022.5583780671657 -107.00461638897659
-1023.0551501180232 -106.44718779057266
-1024.5461789037288 -105.88147951096298
-1025.2087668444217 -104.92622155874969
-1025.8772410418094 -103.57176429957153
-1026.8526023890079 -102.21934611529113
-1026.9809928800166 -101.03943390578033
-1027.5761432911456 -99.55863756865264
-1028.3713001276553 -98.91559089154006
-1029.260441210419 -97.34528768986465
-1030.3784745003284 -96.33551813095809
-1031.4035202528537 -95.06288350552322
-1032.7629407908023 -94.77643627852203
-1033.5365612770618 -94.26925886601211
-1034.1520302559436 -93.66623998612167
-1035.0851775671542 -92.96408463448287
-1035.2440973187984 -91.78294146984817
-1035.3904522921146 -90.61477220982314
-1036.7400936152042 -89.64141119450332
-1036.5870753790439 -88.68543947666885
-1036.691466715485 -88.20308215349914
-1037.456105556637 -87.86868436068298
-1038.4204268719257 -87.10901910990478
-1038.8730857636035 -86.56903357237579
-1039.3270099426807 -85.65765554636718
-1039.8364284302295 -84.84477479189636
-1040.1563429500163 -84.0000512096286
-1039.9685157950223 -82.74458296030761
-1039.4400194104016 -81.89574820727111
-1039.4366321529449 -80.41499645441772
-1039.8442942465842 -79.4452495071292
-1040.2188899184764 -78.74060101240875
-1040.6880286599696 -77.91579813688995
-1040.9291388060153 -76.54688985079528
-1040.8330076004565 -75.3585887643695
-1040.7678017283977 -74.564989695251
-1041.2561074461044 -73.2905778977275
-1041.2456539835036 -72.65898407429458
-1041.9411411251128 -71.92046774357559
-1041.6747897829116 -70.99309940069915
-1042.4103087152541 -69.83562154501678
-1042.7703642810882 -68.85635537832977
-1042.989069801122 -67.12920303076507
-1042.7219051535428 -66.01130933493377
-1042.492022421509 -64.64462835520507
-1042.7716903056205 -64.13092334002258
-1042.8082309331 -62.66212696760894
-1042.8068462873996 -61.061585256755365
-1042.6079607571662 -59.42838365763427
-1043.687711533457 -58.44894696205856
-1044.7537791098655 -58.02680481404067
-1044.7244889105857 -57.25190628498794
-1046.1801819171012 -56.32261783808471
-1046.6992424096168 -54.970194647014154
-1048.0915273989738 -54.28919489115478
-1049.7865220870078 -53.67106629341842
-1051.1752431954444 -53.43073833912612
-1051.832324859053 -53.074308404624475
-1052.6280114616454 -53.30637646645309
-1053.6601529087127 -52.9535520169139
-1055.0991461242736 -53.33822048634292
-1055.8869994844497 -53.28440473780037
-1056.5291437472404 -53.148933796137584
-1057.983288344294 -53.51158508464695
-1059.2450138892234 -53.798600612133754
-1060.6221865977348 -53.58006498023869
-1061.2060958708823 -53.504673151224864
-1062.6071128214896 -53.729721514433635
-1063.4270024861396 -53.93398466512562
-1064.8588922585548 -53.57779723212124
-1065.633436139971 -53.78077390596272
-1067.2574374045432 -53.21149799034001
-1068.1595311130584 -53.36027118369938
-1068.7833698357642 -52.24152156516911
-1069.6951582993568 -52.01549041077496
-1070.5413095320762 -51.6130954603851
-1072.1231891478599 -50.55267685458065
-1073.5866407717765 -49.40860360667111
-1073.8824850286544 -49.05527534887196
-1075.17174458161 -47.79335000917317
-1076.0620250667632 -47.67266341850163
-1077.502796765715 -47.25256910726429
-1078.940290566832 -47.454849509447826
-1080.2677150930465 -47.66263359591366
-1081.6523959602416 -47.09834706589581
-1082.3118401731551 -46.98815986320378
-1083.0512653554977 -45.75128420993687
-1084.0701200927795 -45.223991183489574
-1084.9809849824012 -44.66675260469319
-1085.8459412421287 -44.04280188485981
-1086.6955961550773 -42.99106254979969
-1087.3215082849563 -42.55995499894024
-1088.1238623823226 -40.90854346558453
-1088.0918592776359 -39.487611649483455
-1088.0721746648849 -37.814667342156184
-1088.6758204068244 -37.34737878844143
-1089.6467884148658 -36.49719607636334
-1090.4554824198783 -35.85832565829159
-1090.832513269335 -35.34564465090634
-1091.6141089166701 -34.26267069384457
-1092.2682738269866 -33.554069934338344
-1092.8094119991363 -32.25225657030941
-1093.5720017518104 -31.158953962773097
-1094.679404076487 -30.79614943072201
-1096.191730555445 -30.326600132435573
-1097.142606791407 -28.804004011601222
-1097.503893610388 -28.16616350218655
-1097.6783406402171 -27.235594151467097
-1098.2282726432384 -26.39598858162762
-1098.0183670784534 -25.682363865822566
-1099.0221870209277 -24.910348294228328
-1100.1479990746082 -23.359613535851253
-1100.165913131386 -22.230647561997188
-1100.1993763114513 -21.627907155007136
-1100.6619561876357 -20.299901483505977
-1100.7423058713973 -19.182846782654536
-1101.3563581074775 -17.439407346695674
-1101.457571398765 -16.410420058220637
-1101.5420442636312 -14.600569842308772
-1101.4572517986596 -12.707312581986201
-1101.0154443497956 -11.481719849556697
-1101.3301679606736 -9.727657077759517
-1102.095202278644 -8.419846652001155
-1102.8314514870942 -7.0919189433753616
-1103.3738290782273 -6.368692813366664
-1103.3474494333566 -4.875484405010951
-1104.0272697325051 -3.8394196610152846
-1103.8746473754943 -2.7879667858779555
-1104.7306185330451 -1.815120397061122
-1104.8524710725248 -0.7101379017531997
-1104.8845844756067 0.11085146859286965
-1104.713310201019 1.5068241973221177
-1105.1075745712221 2.047691883593785
-1106.1925536285341 2.4909557123482102
-1106.61284913525 3.9485058803856248
-1107.8371010015906 5.2604208011925095
-1108.430751581043 6.032006444483983
-1109.4436875770987 6.50463420346378
-1110.221054274887 6.959361525326955
-1111.5914641211928 7.733199389725911
-1112.7586365531386 7.958785506039845
-1114.3437987159193 7.870374413281667
-1115.2191439460219 8.436692150384175
-1116.1116483400763 9.02363947227596
-1117.3742069195212 9.64574137523769
-1118.6299799869955 9.58459461674093
-1119.1819865296782 10.080880681127297
-1120.0538299869002 9.847440922707307
-1121.0629338811339 10.297850305289018
-1121.7549560259283 10.114509726017701
-1122.452096183151 10.153552049845445
-1122.9120114634932 9.448020631521928
-1124.6881391595305 8.768937224596726
-1126.3248732875288 8.957503045052277
-1127.0997110794485 9.308135891407716
-1128.115500588268 9.346664587110268
-1129.0062306116522 10.012265363782632
-1130.0200069139898 10.471376637071359
-1131.806875486225 10.598529541939484
-1132.7182632873953 11.283646786659943
-1134.5483848045767 11.696514153927552
-1136.0316857288778 12.01959716722368
-1136.6842367838324 12.192704895585763
-1137.192742485851 11.951421419233071
-1138.446890373081 12.033052453845727
-1139.8092880438269 12.1842185948789
-1140.285484571308 12.611256430000054
-1141.8509526441992 13.11053330644964
-1143.234751481861 13.350020060390221
-1144.424877781719 13.373471209853875
-1145.983961005062 13.977600464671838
-1147.5382156561316 15.202739367336022
-1148.5495913217962 15.590646633952844
-1149.9792908619345 16.859615692943322
-1150.6985826681555 18.044233569949853
-1151.0528546760977 18.59575505003332
