-1051.93 -215.33
-1051.275754146576 -214.77275861978532
-1050.5154116082192 -214.0795182156563
-1048.984422914982 -213.2873600292206
-1047.9918477463723 -212.61772705793382
-1046.1942706036568 -213.28496100187303
-1044.4088804650307 -213.31589405976237
-1043.5258584547043 -212.51919769488276
-1041.5289376306534 -211.97668271504344
-1039.5629768896104 -211.8604676871747
-1037.6216590929032 -211.26081754259766
-1036.4289960193635 -211.97602339081467
-1034.74272149086 -212.18821679048241
-1032.7452010440827 -211.61752228431405
-1030.7549344825745 -211.55440833412112
-1028.8832017707825 -210.6955744250864
-1026.9128917980195 -210.11377497754992
-1025.6384206342698 -210.08399515591563
-1024.7160050201417 -209.12973266087474
-1023.1399803686143 -208.34178661547602
-1021.1939907598496 -207.662577502355
-1019.4836736249924 -207.23601021610202
-1017.602864317894 -207.5608918591589
-1016.0067048597336 -207.76871090374888
-1014.3964280414582 -207.05851309739054
-1013.018968038559 -205.94132070980967
-1011.9570528793336 -204.06341391049327
-1012.4285606372357 -202.09740405522288
-1012.2409932541848 -200.11606436215342
-1011.9029596078396 -198.14238124333323
-1011.7209322977067 -197.21747630082072
-1011.0689872431756 -195.77491050206126
-1011.1670060086251 -193.79820769272746
-1011.3910278606415 -192.6018521114439
-1010.4405039477349 -190.67414801560344
-1010.3985985147954 -189.93401872359217
-1009.7659328210354 -188.4656538888067
-1009.3759861814976 -186.46804212771357
-1009.8722325491906 -185.36742376528682
-1009.9395005482436 -183.97140192233027
-1009.4779625612498 -182.88313280783595
-1010.1260393935443 -181.6112418099493
-1010.2192978936434 -180.73561047755183
-1009.470121510625 -178.95677231989802
-1009.2230126935244 -178.33157520733775
-1008.6167395192385 -177.69833516322078
-1008.0640034753085 -175.82570385180415
-1007.7373297291995 -173.8498902245611
-1008.6321612673999 -172.66506957255305
-1009.0318884330989 -170.7190115376562
-1009.0833948332072 -168.8435141965002
-1009.1538457351924 -167.394973032102
-1009.8408110815287 -167.2161172553152
-1010.301352031827 -166.242030255422
-1012.0420892316104 -166.13965003930034
-1013.0117735940219 -164.89673464737834
-1014.4740974980593 -163.54532282792033
-1014.46128798306 -161.74357049904765
-1014.5940606075526 -160.14598458252848
-1015.5790682512522 -158.80329387627543
-1015.2729599553347 -157.25624030075969
-1015.0395120757819 -155.35007994614543
-1015.5742409604788 -153.84388869248332
-1016.250372208953 -151.91683309517802
-1016.0349589961768 -149.97579472504557
-1016.9576933759452 -148.03402488671244
-1016.5594041723014 -147.328524164781
-1017.0198200124503 -145.51266138993205
-1016.5438085573912 -143.5652319713682
-1016.1405230838061 -141.5955406948179
-1015.8319399732352 -139.63677506886424
-1015.7585806030036 -137.74722831688823
-1015.7185759621859 -135.8210777565092
-1015.5798498469592 -133.95587795220317
-1015.2574808675051 -132.0911144538969
-1015.1697093623877 -130.17084484539927
-1014.9237390238047 -128.25126128636302
-1014.9806243854762 -126.41209953270854
-1015.0421887117625 -124.56423848114909
-1015.0923149067164 -123.27622728787364
-1015.1583398658038 -121.53985004864634
-1016.7100852805377 -119.94753306351603
-1017.2599573212863 -118.49431364975871
-1017.8189143019915 -117.56928538523616
-1018.9387447911502 -115.96762751780452
-1020.2663164216281 -114.40814685069026
-1020.3463928180934 -112.60183345519008
-1020.9702418524028 -111.16535245619716
-1022.1512360054255 -110.12538563452662
-1023.3547993379832 -110.26557763658465
-1024.9196773248912 -109.41275199495257
-1025.5785233455897 -108.93285318456591
-1026.7540046650172 -108.17890091978015
-1027.4013737517596 -107.86990996442736
-1028.7121718007327 -107.4362695439905
-1029.6325659829379 -107.3530547245592
-1031.5486373978854 -106.32313939176501
-1032.6012500602008 -104.999808274135
-1033.3792858201266 -103.89296337209643
-1033.1088301616908 -102.00604792676867
-1033.0261353927851 -100.09770437322558
-1032.8355721014739 -98.21817942701281
-1033.9924391287566 -96.33315595231952
-1034.7885971444846 -94.38106640420855
-1034.53519169271 -92.41534908853473
-1034.245013691783 -90.51237758241595
-1034.578090288043 -88.60417636476458
-1034.636486478448 -86.67641838632525
-1034.3522822636367 -84.78864856801928
-1035.491202093959 -83.20576771341265
-1036.1805685538054 -81.3569107874483
-1035.85491774261 -79.38279613099994
-1035.404158629775 -77.40980871759356
-1035.618657656312 -75.49694284044207
-1035.5930324274302 -73.75333889566363
-1036.9862437921763 -72.13760622583331
-1037.545494504571 -70.30466540895404
-1037.8497423905135 -68.43726857744159
-1038.7714124697447 -66.60716780267657
-1039.2207298356295 -64.74349888406695
-1039.8555803376437 -62.79810699068011
-1040.3027580457926 -60.83678408704699
-1040.9166472631694 -58.9339291676134
-1040.912295408845 -57.078592024669064
-1042.0399617630244 -55.25515445314349
-1043.15557272017 -53.743097148761166
-1043.631468244195 -52.590246640071285
-1044.9197407442332 -51.37540074430407
-1046.3471195179225 -51.742154531106365
-1047.3569172102214 -50.75828688584269
-1048.063199647069 -49.883914224728954
-1049.1277109462023 -50.321421466693295
-1050.0084089118243 -49.58493890605868
-1051.7876228171588 -48.87666829667987
-1053.4087827283145 -48.259228251799954
-1055.0977661687136 -48.019695378765476
-1056.176658280492 -47.58186588428916
-1057.9605043011904 -48.33688900612296
-1059.6063733178378 -47.991699434742344
-1061.5472891408206 -48.61365637920798
-1063.0429877120257 -48.02970365427436
-1064.7197311002017 -47.55502007149161
-1066.290256150365 -48.062885798439396
-1068.2780262309313 -48.75373569868506
-1069.0457218366862 -48.0671695842594
-1070.9493253904582 -48.6789073123783
-1072.781553812623 -47.97985366724433
-1073.5525819140673 -48.735339559540165
-1074.1861054378749 -48.07522401951255
-1075.9057884889842 -47.46636781834067
-1076.6724250394107 -46.976846314892185
-1077.80688370049 -46.51760352395476
-1079.6258734542132 -46.094013698324574
-1080.3254000622035 -45.78633720420302
-1081.1187257248164 -45.41552484773101
-1081.7617441493273 -45.119037367329014
-1082.9859496432543 -44.86068622015418
-1083.7028429585696 -44.619275160059345
-1085.591211565137 -44.48013100765647
-1086.394105680585 -44.464419253096
-1087.9156837540866 -44.246790446266544
-1088.6476015526057 -44.807816125378025
-1089.8704056221247 -45.12369636438788
-1090.5645687657595 -44.82239309690894
-1092.3000210601092 -44.6861049308628
-1094.159925468564 -43.708578683361424
-1094.9973030167819 -41.78561387203635
-1095.723268814683 -40.26230297230185
-1095.6902476626635 -38.40276179455222
-1095.363233961463 -36.502600766643894
-1095.1801181811095 -34.58899006985129
-1095.3861224728823 -32.72332284592093
-1095.6848559755088 -30.865134097561253
-1095.7726639288665 -29.198741294369114
-1095.6260114389659 -27.27613530300559
-1095.360576518178 -25.39062867306174
-1096.572843797803 -23.553175426945103
-1096.7250679808856 -21.74237141750754
-1096.9614747542144 -20.02810130260886
-1098.1933630484343 -18.538394547924412
-1098.691708304286 -17.433752395138157
-1099.345289565921 -15.49752817295493
-1098.9049909490348 -14.648484326824558
-1099.1119140464068 -13.816869594082249
-1098.9240088540316 -11.945716001018894
-1099.8246122676135 -9.969445325359715
-1100.6116616207362 -8.604143954738987
-1100.6900302025676 -6.611014105305088
-1100.5515216591955 -4.655436254963291
-1100.7319283041359 -2.682925201877964
-1101.607041552961 -2.1088708414882547
-1102.1916782411934 -0.16883955143393337
-1102.680823877752 0.554767154231655
-1103.728555634916 2.2644944415241355
-1103.7940397414566 3.9586820826679343
-1104.1723157915474 5.377234481349575
-1104.8718381676078 6.230018518939602
-1105.680913284719 6.36149659015237
-1107.5434861931205 6.4263485298305625
-1108.8460081371666 6.995254419818508
-1109.839451685846 7.310311727300274
-1111.5793466719986 8.210417799726116
-1113.5042761716247 8.243709914460766
-1114.885920778215 8.821710698381054
-1116.666882172525 8.72808296985923
-1117.2944256815315 8.736050076857197
-1118.503178909719 9.02779329575597
-1119.960026100576 8.748697169199573
-1121.4943660053611 9.534839816465961
-1123.2803902181984 8.841972537413227
-1123.9930541667343 9.506697245016682
-1125.9788851889969 9.024032898321735
-1127.4784643802047 8.62020028389989
-1129.0117004069687 9.14389676608144
-1130.967674985826 9.797946937456715
-1131.5813844355941 9.651972927227604
-1133.5610439929367 10.197153307571995
-1135.4142930659652 9.934902496710407
-1137.0986408147216 10.427597351446735
-1138.731838360727 10.165994383469211
-1139.8472124490143 10.029921837225544
-1140.7283458265663 9.4802214578539
-1142.0696763548256 10.144403167143452
-1143.8912568840385 9.61538261927663
-1144.670687929094 8.964158244505512
-1146.6540593060852 8.747148089185345
-1148.6362010392547 8.282522611394512
-1149.2884935888649 8.668987862840282
-1151.178293183744 9.457344941869366
-1152.693475202024 9.519356302991497
-1153.3696803602577 10.245924227014171
-1153.997269526422 10.187832761630403
-1154.6023714694381 9.6127909310907
-1155.733343974054 9.063909400328981
