-1051.93 -215.33
-1053.9297863769532 -214.8237781095505
-1054.3880264687539 -214.2121942806244
-1056.3398224043847 -213.55989332675935
-1056.7203853654862 -212.98325272083284
-1058.6239502954484 -212.482772128582
-1060.52061729908 -213.61771752119066
-1062.2366121339799 -213.26562692403795
-1064.1955950784684 -212.84408445835115
-1066.144049935341 -212.3655585217476
-1066.4866579699517 -211.9392121601105
-1067.0582057762147 -211.53348939299585
-1068.4778372573853 -212.2077845799923
-1069.362321727276 -211.774274276495
-1069.7530936527253 -211.53714363455774
-1070.5763136076928 -211.32227982759477
-1071.0456425476075 -211.93600191354753
-1072.9194441366196 -211.70951400876046
-1074.6135972070695 -211.4670378136635
-1076.5284318256379 -211.52363498687745
-1078.406269721985 -211.9193634557724
-1079.32732837677 -213.06837292194368
-1081.278913192749 -212.5746196973324
-1083.2345518398286 -212.12537448287011
-1085.1765193271638 -212.271806986928
-1087.0526191520692 -212.53853279531003
-1088.754156999588 -212.092391731143
-1090.6107494163514 -211.67988681972028
-1091.2895977425576 -212.87231004416944
-1093.2466410326958 -212.36932182490827
-1094.9975749182702 -212.09065893471242
-1096.930024497509 -213.26677766621114
-1098.0685911107064 -212.73475954115392
-1099.9562445807458 -212.2644433695078
-1100.6245400834084 -211.89986053287984
-1102.5529731440545 -211.772974165082
-1102.930953912735 -211.387210162282
-1104.6933876800538 -211.05214795649053
-1105.8801719474793 -212.2958234268427
-1107.7915725040436 -211.8676600176096
-1109.6794654655457 -211.53324255526067
-1111.5892020988465 -212.70533833086492
-1112.0984341430665 -212.22745546877385
-1113.8199414539338 -213.40305575907232
-1115.7841798591614 -212.90242520153524
-1117.740670375824 -212.40882477343084
-1119.6820401477814 -212.53123113691808
-1120.8657452392579 -213.61658618032934
-1122.4312018680573 -213.04796227991582
-1124.2825927066804 -212.53441938936712
-1125.7165614891053 -213.58454761087896
-1126.0983373451234 -214.07822266399862
-1128.0077516365052 -213.666899086833
-1128.6068325567246 -213.43715986788274
-1130.582734875679 -212.88295576155187
-1132.210850172043 -213.46850064575673
-1134.1598834323884 -213.752619715333
-1135.748826675415 -212.77313360750676
-1136.955711774826 -211.60871109545232
-1136.7656944322587 -209.77594050943853
-1136.7029167342187 -207.95110354006292
-1138.0334144759179 -206.1228304821253
-1139.3818153071404 -204.28938171446325
-1140.4586987423897 -202.37409612715246
-1139.9544361758233 -200.38640353262426
-1141.082761399746 -198.4910092073679
-1140.8469456958771 -196.63715741217138
-1141.2356201636792 -194.91764912188054
-1142.7350933778287 -193.62659105837346
-1142.8863251435757 -193.11639198839666
-1144.182498716116 -192.52374836981298
-1144.172114365101 -190.58792898237706
-1145.4338534998894 -188.69714066565038
-1146.934260480404 -186.97168180525304
-1148.7918595004082 -185.69202050745488
-1150.6186793971062 -185.82371768534185
-1151.6201558041573 -184.82086667597295
-1152.0499975013734 -183.87805012047292
-1154.024678759575 -183.067287953496
-1155.9942238855363 -182.18825385153295
-1157.9671314287186 -182.25611539363862
-1158.7684677171708 -182.23108535438777
-1159.1931035447121 -183.0549130383134
-1160.9656577038766 -182.36220627456905
-1161.7970732975007 -183.1767659726739
-1163.6921507644654 -182.49100332885982
-1165.5973283576966 -181.95721291929485
-1167.5952848720551 -181.47845279604198
-1169.5861629772187 -181.19801920086147
-1170.1841581988335 -179.91924529701473
-1171.6978219676018 -178.90618806511165
-1173.4922406601906 -178.77332055002452
-1174.53627669096 -178.40055995613338
-1175.1581787991524 -176.4107120576501
-1174.9558948206902 -174.41265397697688
-1175.5061019587517 -172.74412112861873
-1176.2276596951485 -172.34306817680599
-1176.9238276410103 -171.86979543596507
-1175.987367026806 -171.45195894867183
-1176.215259127617 -169.62530451446773
-1176.9557952809334 -169.2156749907136
-1176.2354165244103 -167.22609710127117
-1176.4254145848752 -166.77605175405742
-1175.9259147870541 -166.3196874204278
-1176.6960705149174 -164.33329921394588
-1177.3777286040784 -162.33925800949336
-1177.897196136713 -160.37701779037715
-1178.287246875763 -159.91636698871852
-1178.4675381708146 -158.06192844539882
-1177.9223949837685 -157.95511721998454
-1176.3034564185143 -156.33471834093334
-1175.5341048169137 -154.67566608816387
-1175.699825398922 -154.19351070553066
-1174.5927033352853 -152.41144471794368
-1173.9440684247018 -152.03830688625575
-1172.9091768193246 -150.09964328438045
-1173.3223931121827 -149.70450579553844
-1173.9366209435464 -148.923990303576
-1172.885191910267 -147.05090838104488
-1173.2085649597645 -146.42583888202907
-1173.1087053048611 -144.6188041511178
-1172.969069145918 -143.56227391391994
-1172.6742702353001 -143.7722839060426
-1171.1446696150304 -143.94117295175792
-1171.015702866316 -142.4856842699647
-1170.8511299717427 -140.9799299183488
-1170.5177926647664 -141.38153588205577
-1170.2417323815823 -140.15854131609203
-1169.8622346150876 -139.9564219209552
-1169.4754497635365 -138.97053886383773
-1167.4784898388386 -138.1128406020999
-1167.1114669072629 -138.39993063539268
-1165.2731291282178 -137.95766297906638
-1163.6435690152646 -136.31759492486717
-1163.8219089734555 -134.49740485280753
-1164.2657643783093 -134.14863012164832
-1163.45419385314 -132.2308726105094
-1163.873264514208 -130.2790927681327
-1162.8185546028615 -129.91641316741706
-1163.3249538767338 -129.53993950217964
-1162.23299153924 -128.1928324493766
-1161.2542543041707 -126.28092477649452
-1161.1303752440215 -125.88265321582557
-1160.9215337860585 -123.89891026347877
-1160.4727341461182 -121.90101406902076
-1161.3000283765793 -119.90433595508338
-1162.0335419106484 -118.08837125629188
-1162.0470306503773 -116.12284300655128
-1162.6719828474522 -115.38703856796027
-1163.2041548717023 -114.3616694006324
-1162.1178428161145 -112.39890561431648
-1161.3548870909215 -111.35705409377815
-1160.4879492151738 -109.35951409667732
-1161.2491840946675 -108.73379758924247
-1161.8278787958623 -107.03584543794395
-1161.8865773755313 -105.10482124418021
-1162.5420144873858 -103.1206906232238
-1162.3513522672654 -101.65067617028953
-1161.4551098275185 -99.69044653505088
-1160.6285854506493 -97.79245392411949
-1161.2845793890954 -95.8574875983596
-1161.8387930321694 -94.11464253991844
-1160.9586573171616 -92.3987096938491
-1161.7135169434548 -91.7396354469657
-1161.943661786914 -89.80640242427589
-1162.0286749827862 -89.37159685224296
-1162.360556446314 -87.38301197618247
-1161.4771996366978 -85.38652650445701
-1160.815029166937 -84.71700028508903
-1160.4201374280453 -82.91357759565116
-1160.7966658997536 -80.99916605085136
-1161.726406209469 -79.00673142999412
-1162.316001110077 -77.01583735078574
-1163.0228739309312 -75.02068225473167
-1162.429354660511 -73.04195372194053
-1162.7100418436528 -71.38858787149192
-1162.086222075224 -69.41181127160789
-1162.7168467867375 -68.44961337178947
-1161.861436508894 -66.4679167661071
-1162.4071322309971 -64.51669291585685
-1161.7619099843503 -62.63914469808341
-1160.959391258955 -60.67164281934501
-1160.2672562229634 -59.672052541673196
-1161.2312900650502 -58.5252908858657
-1161.8472297418118 -58.10929451316596
-1162.6264012682439 -56.462716439664376
-1163.2780190336705 -54.98909602493049
-1162.3097599375249 -53.003610590398324
-1163.0333569276333 -52.20317015975715
-1162.7969775128365 -50.22427163451911
-1161.748760097027 -49.75773558944465
-1162.4117422628403 -48.48705289691688
-1161.5364066886902 -46.512264231145394
-1162.1347733664513 -46.104284921586526
-1162.7394246983529 -44.129338422715676
-1161.8945430445672 -42.86079899400474
-1162.1751285719872 -41.07619980901481
-1161.7233884859086 -39.88154832452537
-1162.3108195590974 -37.89342371553184
-1161.7645974087716 -37.49079761832954
-1161.2833389866353 -35.77465281814338
-1160.5815635550023 -35.162115016877664
-1161.3455139625073 -33.21574131578208
-1162.0677196013928 -31.221477189958108
-1162.697967015505 -29.25361577600242
-1163.2561862099171 -27.344122091233743
-1163.739484422207 -26.47140131324531
-1162.5968693423272 -24.52526364654304
-1163.1633678603173 -22.548806527555
-1162.3376649546624 -20.593717673718942
-1161.4626039195061 -18.816359618604196
-1160.6814773011208 -17.320376852452767
-1160.0649252462388 -15.408302763402475
-1159.3972520160676 -15.000897386968148
-1160.359302930832 -13.520248630940927
-1160.640376560688 -11.946145037114633
-1161.1278965997697 -11.27679429382087
-1161.4132623004914 -10.195459941327584
-1160.6770121979714 -8.288398364484323
-1161.1228161978722 -7.483293989598764
-1161.617087893486 -5.502158621251596
-1160.687764875889 -5.123602727353585
-1160.766120903492 -4.590535918176187
-1160.205436103344 -3.9643025192618495
-1159.63910269022 -1.983655551373971
-1160.4465148973466 -1.578358808457864
-1161.1555876660348 0.41057117849587144
-1160.3432093191147 0.811738928854453
-1160.9717578220368 2.7527961340546483
-1160.0262836742402 3.196822187006461
-1160.7904313135148 4.841476818621146
