-1051.93 -215.33
-1051.3351541686059 -215.714951710701
-1049.385640256405 -214.8323395419121
-1047.4073235917092 -213.91067148923875
-1045.9830714392663 -213.1482133436203
-1044.0867785143853 -213.04997713297607
-1043.4860019016267 -212.28067083090545
-1041.4877074289323 -211.60983271330596
-1040.8728042173386 -212.2735298368335
-1038.952473216057 -212.91649926632644
-1038.0021919536591 -212.48708830207588
-1037.3981130051613 -211.78789679139854
-1035.5150375294686 -212.57267818778755
-1033.6562442708016 -212.8973832818866
-1031.6754612851144 -212.06977010697128
-1030.4554136919976 -211.1169767472148
-1028.9755301404 -210.312454828918
-1027.3623795437813 -209.64563644856216
-1025.3653302121163 -208.9802847597003
-1023.367020123005 -208.21637202233077
-1021.9544471430779 -207.56360448330642
-1019.9546712565423 -206.8883153292537
-1018.2539658474923 -206.24243528574706
-1016.2875363755227 -205.58600235909225
-1014.6766004490853 -205.49818093508483
-1014.2767106819153 -203.87333209246398
-1014.5473699498177 -201.94791824549438
-1013.4790933060647 -200.00492889612914
-1012.539886944294 -198.21113068789245
-1012.3049376237393 -196.2173487636447
-1012.373456530571 -194.24340505331756
-1012.8558981347085 -193.3192560169101
-1013.2394818890095 -191.3634340259433
-1013.4062716591359 -189.8500405046344
-1012.7800681817532 -188.25988716810943
-1012.4984489309788 -186.350388238132
-1011.3885302174092 -185.14481897085906
-1010.4496479856969 -183.1741986963153
-1009.7314703691006 -182.18702823847534
-1010.0669509994984 -180.18712265223266
-1010.3791583108903 -178.18799466818572
-1009.6078672933579 -176.1914755794406
-1009.6297757237405 -174.28971166342498
-1009.1272589176149 -172.28977961272003
-1008.5094744174928 -170.3496400806308
-1009.1838140099496 -168.44637484282256
-1009.8573786228151 -167.10618765085937
-1010.1051127522439 -166.9048926922679
-1010.4447605817766 -165.40214086502792
-1010.9929598181695 -165.35998375147582
-1011.6109429805726 -165.47405440539123
-1012.1641840546579 -164.16643924444915
-1012.8617218344659 -162.71408767431976
-1013.2168847530336 -161.2543029281497
-1014.0932239501924 -159.97144980162383
-1014.5398645012826 -158.65930063456298
-1015.6537149756402 -157.36287815302612
-1015.3409294693918 -155.43178040713073
-1015.2235049515218 -153.5052989217639
-1015.2228651552648 -151.60274607867004
-1015.1622570662946 -150.33521611422302
-1015.9347300439329 -148.4345234128833
-1015.7533742099256 -147.8474284502864
-1016.7623598485441 -146.05721796482803
-1016.4942152410001 -144.08368648022415
-1016.08847828798 -142.1186184975505
-1016.9634512870759 -140.16949296921493
-1016.497012725398 -138.21975613564254
-1016.1157169847936 -136.33495069473983
-1017.0801798611135 -134.38774217098953
-1017.9478334694356 -132.41244376629592
-1018.4434371500463 -131.57192696064712
-1017.789682975337 -129.57259024113418
-1017.3012659459562 -127.57859123677017
-1017.0614224284143 -125.62249864071609
-1016.8977199404687 -124.32464385956527
-1016.8968402951211 -122.46563292473556
-1016.9479810803384 -120.69665003746749
-1017.1369186847658 -119.0450888964534
-1018.8877915351839 -117.60703123539687
-1020.3781216352434 -115.8873626086116
-1020.3165821044893 -114.01522196263076
-1020.6048270075769 -112.38868559330703
-1020.939246794507 -110.96580995053054
-1021.5318221061677 -109.98149729698898
-1022.2901174037904 -109.19983930319549
-1022.8878328412027 -108.57869053810836
-1023.5055069535226 -107.92801959246398
-1024.1091412513704 -107.29987961977722
-1025.109603425786 -106.76053906410934
-1025.750754436776 -106.97904396981002
-1026.341264864728 -106.74761622577907
-1027.9348789661378 -106.26618915230037
-1029.9146036117525 -105.74746977716686
-1030.6245778410882 -104.99896674782039
-1031.220140716359 -104.19143700033428
-1032.680989643857 -103.56256728798152
-1032.470431616828 -101.65678768783809
-1032.4050142078847 -99.75902372032405
-1032.334846129939 -97.86534600883724
-1032.414004644677 -95.96805077224971
-1033.5617699234933 -94.07054513126613
-1033.4821586518735 -92.1364497485757
-1033.199859848544 -90.20428019195796
-1033.1035470276327 -89.01377289921047
-1033.8816298752279 -87.25476151138545
-1034.9737979679555 -85.36412315994502
-1034.7020602136106 -83.42236500412227
-1035.0146068840475 -81.75582473903896
-1035.810790827796 -79.80834406048061
-1035.4610257654638 -77.85091846615077
-1036.247737756297 -75.92338436275722
-1037.4430121093244 -75.38609909445049
-1037.1108620076627 -73.51529001623393
-1038.1615004449338 -72.48869788080455
-1037.90897159867 -70.56855570703746
-1037.9863195925207 -69.84605895906688
-1039.1541457682104 -68.15056359201671
-1038.922373911664 -66.23872768312694
-1040.0340608566255 -64.84358095556499
-1039.5672232716531 -62.94188713461162
-1039.4015282004327 -61.035648578703416
-1039.1904906540365 -60.06361948877574
-1039.2890327482671 -59.64406054645778
-1040.565383008048 -58.984810763895524
-1041.8902237921209 -57.71894841820003
-1042.9864270000905 -56.05935221344234
-1043.201660802886 -54.194797927439225
-1043.5612901359052 -52.65198438793422
-1045.4501172214002 -51.42892783313991
-1046.0270728378744 -50.680416101515306
-1047.8177912741155 -49.804513806402696
-1048.9086267261953 -50.33029931217433
-1050.8511913328618 -49.99938704997302
-1051.4500548153371 -49.23276832133533
-1052.0558845906705 -48.56567409068347
-1052.7328725963087 -47.99048610955478
-1054.6489988475294 -48.80179652005435
-1055.2485365181417 -49.42598416835071
-1057.1164464264364 -49.698668116629136
-1059.1161329060049 -48.97765874296428
-1060.1986362247915 -48.403028542101396
-1061.015869429633 -47.825918430387986
-1061.6128929167241 -47.22872244745494
-1063.3931651621313 -47.18627291351558
-1063.9881088643522 -46.66662072569133
-1065.8169915585966 -47.21249365240337
-1066.4522679954023 -47.22918588846923
-1067.0417317061872 -46.72591788500549
-1067.6328112392873 -46.75270583659412
-1069.2341681032628 -46.25425543814899
-1069.976786306426 -45.82564898759128
-1070.883813193366 -45.55133282572032
-1071.4730425386877 -45.28875481516124
-1073.1497359781713 -45.01578601628543
-1075.0657338409871 -44.75962778359653
-1076.9782732038946 -44.52840682297946
-1078.8816576509923 -44.370290601551545
-1080.7786930113286 -44.17263283759357
-1082.6498356371374 -44.00505914717914
-1083.139411142394 -43.836794042885316
-1083.7874721794576 -43.79919310837985
-1085.6458931475133 -43.655553067028535
-1087.0519242792577 -43.564376616776
-1087.6296039729566 -44.02446036964656
-1088.1369352846593 -43.85082208544017
-1089.9953524380178 -44.15356856018306
-1090.8357223778219 -43.84283267885448
-1092.6611954479665 -44.81804310709239
-1093.8674414663762 -44.28203856378795
-1094.9801492004842 -42.37263333231212
-1094.8183355539293 -40.84650957018138
-1095.86760654144 -38.89494311243297
-1096.7909796445817 -36.924249285757554
-1096.6681532099099 -36.27507560878993
-1096.1082679464669 -35.56623857647182
-1097.0034016206116 -33.58549636036159
-1097.7723890378327 -31.58904355198146
-1098.0542810692639 -30.426280910074723
-1098.5365834071488 -29.102263981401933
-1098.2759011223168 -27.104487711489213
-1097.985497219786 -25.194420391619218
-1098.0420240893216 -24.577059740126145
-1099.1297899021954 -23.58637856870891
-1100.09284920834 -21.655609602034104
-1100.8573455347866 -19.6587367001176
-1100.140435351357 -18.70143484503032
-1100.9061666860432 -16.71251129537822
-1100.2192190422863 -14.97054433256389
-1099.591797842011 -14.27331292062999
-1100.4218799605221 -13.52399515539409
-1101.0777039065213 -11.551690811216844
-1100.7919399275631 -9.55256771475078
-1101.4616113438458 -7.555950397551072
-1100.754208220467 -5.581713670790208
-1100.7183222159 -3.5942645016312724
-1101.6780506356806 -1.6783828678727275
-1101.333983598575 0.2593350467085713
-1101.5225462897868 1.7680145558714742
-1103.086008547172 2.382882719933974
-1104.5331422074885 3.015950804650771
-1104.673773823604 4.722198134362685
-1106.388263522014 4.859107500016677
-1106.6722186788172 6.293739682137954
-1107.3543332203478 7.165972596108901
-1108.8725822552294 7.862570053040969
-1109.5876364096255 8.82434958785771
-1111.3887191399187 8.371094977557647
-1111.9979986532778 7.88176319569348
-1112.901845155582 7.998821435570704
-1113.5131965263934 8.121700732111918
-1115.5002687557787 7.784284917712199
-1117.4735701664538 7.612190051078784
-1118.0632909520716 7.149471266269671
-1120.0254240020365 7.72599123239516
-1121.9836405500025 7.929712785482394
-1122.5678095205874 8.335280282497394
-1123.2583706959338 8.932654006481158
-1125.2547920330614 9.396426780223834
-1127.2534998043627 9.953507525920855
-1129.100966750011 10.596973164081561
-1129.8610744460673 9.752353949546801
-1131.1932547076792 10.367614908218371
-1131.788093207702 9.81678359031676
-1132.3876687868685 9.115169508457171
-1133.117009876594 8.488577527999865
-1134.5359711631388 7.925674958229052
-1136.197994945869 8.773826522827136
-1138.0775711520762 8.741944668889033
-1139.8605186923594 8.18625086367129
-1140.4490501268954 8.073594270348536
-1142.4346008881182 7.5534712058305615
-1143.0170454963297 7.144185332655894
-1144.9755711539835 8.131683854460704
-1146.5900350793452 9.013148455023753
-1147.2518093570322 8.381598739027964
-1147.8462801560015 8.920996097922313
-1148.4929718955607 9.299249319434153
-1150.301129339561 8.627907661795604
-1150.9502869232745 9.433723477721202
-1151.55027121149 9.686439512372004
-1153.5399935825915 9.130080578923213
-1154.3305209263415 9.997552929520594
-1156.0263796433062 10.38331866085528
