-1051.93 -215.33
-1050.325252108574 -215.72722561836244
-1048.4678472805024 -214.9957534837723
-1047.887402586937 -214.04929812431337
-1046.6829826164246 -213.28597207546235
-1044.7966776418687 -212.61601384162904
-1043.8871313858033 -211.89642776727678
-1043.1973532366753 -211.73164317190648
-1042.4346619772912 -212.29767009794713
-1041.527101867199 -211.758789511323
-1040.899460606575 -211.18367764532567
-1039.6841019916535 -210.6719456034899
-1039.0867173600197 -211.37822678864003
-1038.4405267763138 -210.9267112928629
-1036.9963979053498 -210.39898011267186
-1035.2021679210663 -209.97111484587194
-1034.1920016336442 -210.44033912003042
-1033.5926506447793 -211.20086094915868
-1032.8498966026307 -210.54383626759054
-1031.2464662122727 -211.3026308733225
-1029.4375832605363 -211.71632659614087
-1028.7979532408715 -210.81342595994474
-1026.9037327694894 -210.13058114230634
-1024.9619305062295 -209.4807249325514
-1024.3236492204667 -209.73873561799527
-1023.7308531332017 -210.1636151689291
-1021.8048843669892 -209.22953254163266
-1021.2091056632996 -208.3407890814543
-1020.5346541333199 -207.51608705699445
-1019.5522267746926 -207.2569063025713
-1018.9432283568383 -206.47775975048543
-1018.0874603915215 -206.49121600475164
-1016.111357562542 -205.66078370895238
-1014.3262633013726 -204.3995677837357
-1013.2610648798943 -202.8928243526444
-1013.7430019903184 -201.2080441125855
-1013.2016792225838 -199.87417703952642
-1013.6570368039609 -198.78921896304936
-1013.9796293902398 -197.4614004501328
-1013.9251199293137 -195.64095753517003
-1012.9539322781563 -194.70911711540074
-1012.1297696757317 -192.89473599281163
-1011.3494058179856 -190.98658043231816
-1011.8022136914731 -189.97997826423497
-1010.8515305149556 -188.01755207862706
-1010.035710297823 -186.0324921020493
-1009.7311310994626 -185.4181075700745
-1009.0377665388585 -183.55141121234746
-1009.8052624094487 -181.5793934473023
-1009.4764819073678 -179.846283496283
-1008.897237353325 -177.87908655490727
-1009.673805885315 -175.89258092727513
-1009.1628560948373 -174.25044530715795
-1009.9345621991158 -172.80048126067967
-1009.3498806881905 -170.99084395255895
-1010.0129691886902 -170.42180752839894
-1010.9751132655144 -168.98890829171987
-1011.883740656376 -167.09185671892018
-1013.1482413935662 -165.2874976405129
-1014.031954638958 -163.58820283498616
-1015.5232506918908 -162.9657875308022
-1015.4483752179146 -161.0806602248177
-1016.6795899796487 -159.32450747575612
-1016.3676816153527 -157.668653489016
-1016.7043472456933 -156.4334594019875
-1016.2991304624081 -155.855117023848
-1016.8303805816174 -155.28620123948903
-1017.1232503581048 -154.44869840230794
-1017.1391225832701 -152.7537664183602
-1017.074787862897 -150.85498392667623
-1017.0079505670071 -148.8712526568398
-1017.7937079298497 -146.89008247938008
-1017.2369232404233 -146.2862141140923
-1018.0287009108067 -144.30978798951955
-1017.4649124968053 -142.40289652433248
-1017.4877911287547 -140.9621721514687
-1017.2796220260859 -138.97357690420003
-1017.2642262804509 -138.22497391786428
-1018.1137555468083 -137.62976062383504
-1018.7377064454556 -135.6327933081612
-1019.399934552908 -135.01021277990193
-1018.6208130943776 -133.03400266256185
-1018.9206837046147 -132.34831106748433
-1018.194995366335 -131.7480602869019
-1018.1736882704497 -129.80229753341527
-1017.6795436519385 -129.20072597350926
-1018.5070721882582 -127.50962466087194
-1018.2499993222953 -126.84699350681157
-1017.755665101409 -124.87026435222478
-1018.8895337957144 -122.95244604434819
-1020.0360796827079 -121.66424924220891
-1019.6408795493842 -119.93273228492589
-1020.4737059849501 -118.17792207088323
-1020.3443630713225 -117.372029007338
-1021.5251992720366 -116.3645758041367
-1021.2223273295165 -114.44401687469335
-1022.6183875578643 -112.70888799514623
-1023.0578002113105 -111.34786397304387
-1024.3135577815772 -110.30827027644963
-1024.8857543247939 -109.30240136470647
-1026.6906800049544 -108.54450434532018
-1027.3265012282134 -107.90036523427815
-1029.1825889128447 -107.79915781404824
-1030.5727216976882 -107.57820728506894
-1031.3708587664366 -106.80768540587277
-1033.1758686083556 -105.90531942334027
-1033.593513764739 -104.31334015812726
-1034.6881220716239 -103.14883276905866
-1035.6313416141272 -101.199003190659
-1035.7912156957389 -99.21514937367292
-1036.4725277799369 -97.99539432015271
-1037.1884935873748 -95.99752006020398
-1037.8134051936865 -95.36623743262143
-1038.073790140748 -94.76862636294217
-1037.574436314702 -92.91223922457547
-1037.8450672703982 -91.39636960711331
-1037.4401364403964 -89.45309975828977
-1037.0567370432616 -87.48082712378354
-1037.7414561885596 -85.67964747633786
-1038.4320403116942 -84.25682821955533
-1038.914920307994 -82.26119414057584
-1038.1008662956954 -80.2692272969708
-1038.6831741112471 -79.50376728262754
-1037.9374195712805 -77.60718897070737
-1038.727458395362 -75.61260846342893
-1039.4065059798957 -74.93971642937512
-1040.019180096984 -72.94932922806592
-1040.8198501843215 -71.06303772415967
-1040.3038437741995 -70.27308693613858
-1041.2367151159049 -68.33704224314542
-1041.9378922361136 -67.03388801302762
-1042.608401336074 -65.0345465251431
-1043.208449997306 -64.34161356177182
-1042.4676255959273 -62.38381555762143
-1043.1929887312651 -60.387654692791415
-1043.9780584949256 -58.39851823534818
-1044.8021250146628 -56.420419604443026
-1044.5102512913943 -54.46146097864957
-1045.731914766431 -52.77008357729764
-1047.56094432652 -51.54543486323209
-1048.9873445111514 -51.81846335615964
-1050.0425038415194 -50.82326403345914
-1051.656320102811 -49.95832631077619
-1052.3936942893267 -49.19863650288434
-1054.3658152896166 -48.820426166914416
-1055.5395150262118 -48.25296360339971
-1057.5298665839434 -47.718546868227435
-1059.4577323275805 -47.2932822116837
-1060.6301689225436 -46.76025629129262
-1062.6034941750765 -46.303886235617114
-1064.5593457299472 -45.908200086019946
-1065.1172009783984 -45.56857895936818
-1067.0403264838458 -45.28690371003003
-1068.962065704465 -45.99770936455579
-1069.900194593072 -46.16309969212861
-1071.8140603977442 -45.787411258481455
-1073.495215483308 -46.054017052911234
-1075.4585970121623 -46.71499799277635
-1076.7058196741343 -46.238220021985484
-1078.0053613859416 -45.844325111173106
-1078.997538395524 -45.55141182329507
-1079.9435409384967 -45.242345974706126
-1081.8285312730075 -45.01273416068406
-1083.261838324666 -45.560658023618174
-1085.2071683484317 -46.43185035970063
-1086.0228584486247 -46.057419792674494
-1087.9186859804392 -47.07380820896478
-1088.6196201521159 -47.52864758756013
-1089.5170031267405 -46.84025679614396
-1091.4627338129283 -46.08896468665452
-1092.072233863473 -45.069713459275675
-1092.674047060609 -44.23934243705125
-1093.262634344697 -44.418657422922564
-1093.757182725072 -44.48955935325475
-1094.780655272603 -42.7688099750504
-1095.6056402999163 -40.819024980925036
-1096.5343878942729 -40.23095369424672
-1097.2086649018527 -38.86177849855275
-1097.0795230644942 -37.42968225564809
-1097.388324328065 -35.432591319941
-1096.9729413467646 -34.63590294208379
-1096.4441441971064 -33.756111443899584
-1095.951290883422 -32.22765714015813
-1095.7729169505835 -31.40282929029317
-1095.7622037309409 -30.149736524485064
-1096.3216352242232 -28.176591277979327
-1096.3207701820136 -27.52523636903615
-1096.4759289252759 -26.470683575533343
-1096.3019536066056 -25.892845214270068
-1096.1202575194836 -25.3641486176476
-1096.0234181511403 -23.55157232370229
-1096.0449452626706 -21.873613477610064
-1096.1187074410916 -21.453461290262652
-1097.532811306715 -21.046124518774462
-1098.49020334363 -20.20028930988164
-1099.5499856102467 -18.54582792606206
-1100.3704304921628 -16.74620348300786
-1100.6594507920743 -16.072921336554003
-1100.651670202911 -15.470731080435229
-1099.9617085310817 -13.535748423002673
-1100.0801624658704 -11.749535025022936
-1099.8973565402628 -10.690116823576403
-1100.6738455596567 -9.520356357954455
-1101.2260591688753 -8.84226495113225
-1100.4988315406442 -6.864406646154833
-1101.3666382136942 -5.712129295729113
-1101.059481829703 -4.401034654043627
-1100.5661342146993 -3.0885325082764155
-1101.6141967776418 -1.6170502313599115
-1102.4861155751348 -0.18629807319493352
-1102.4622622433305 1.5772054782882208
-1102.624691039622 2.2770094266906256
-1102.753467232287 3.968358217813062
-1104.4872179332376 4.478633104898023
-1105.440696090758 5.891194640733289
-1107.1852526369692 5.858130930997419
-1107.6513438525797 6.643744706250715
-1109.5737271609903 7.20811939153819
-1111.3822090926767 7.13511946711688
-1113.151822358668 8.042911916114377
-1115.0893496575952 8.921200661994504
-1116.9888836446405 9.686351030208158
-1118.9848552051187 8.97626492295413
-1120.9615807834268 9.746526031829404
-1122.4254927936197 9.535588591434049
-1124.4225515428186 10.219949274398374
-1125.6816246810556 10.812330811358976
-1126.8914825025201 11.06327709469943
-1128.6312818828226 11.538550763465452
-1129.2092932763696 11.932620286084699
-1129.9267854991556 10.96314823541789
-1130.5411321225763 10.072272657491254
-1132.4788569512964 10.699130772687482
-1134.2679342332483 10.421931325532483
-1134.8630183640123 10.85587540183215
-1136.6108113232256 10.079817204810666
-1138.063655704558 9.309541015960264
-1139.83937653929 10.027744977809476
-1141.6244593563677 9.26267620835452
-1142.229133874476 9.269775192327785
-1143.6506790223718 8.600922028608608
-1145.367904573977 8.661052352823305
-1145.9907868805528 8.674229851998376
-1146.5999843779207 8.273171178139734
-1147.6198744478822 8.034735701121377
-1148.255866855681 8.91341557268052
-1149.586500376761 9.3425750947371
-1150.939508766234 10.042754075564432
-1151.8826054039598 9.302407643832254
-1152.56622597605 9.652849189080285
-1153.7404997053743 9.24127345446496
-1155.6573507490755 8.795194200314569
