-1051.93 -215.33
-1052.5947166609765 -214.53278477668763
-1054.4807177710534 -215.05016364336015
-1055.2199258732796 -214.96116955757142
-1056.4762710261346 -215.0032134371996
-1057.7498760151864 -214.79214506030084
-1058.5313228297234 -214.10197334170343
-1059.2839426922799 -214.37900351166726
-1059.947068386078 -214.82167421460153
-1061.1960793066025 -215.34574835181238
-1062.5568912553788 -214.68963609814645
-1063.40560441494 -214.3792134988308
-1064.6894269514084 -214.55749012708665
-1065.8450590896607 -213.8458591270447
-1066.58583473444 -214.49856503486635
-1067.181527786255 -214.76171140551568
-1067.9138876128197 -214.9855560976267
-1069.4145430254937 -214.1112160998583
-1070.1132599043847 -214.7174883800745
-1070.7923461723328 -215.2243334966898
-1072.3219097185136 -215.47374427497388
-1073.337148718834 -215.7293209451437
-1074.6630181598664 -215.05391144931318
-1075.660015873909 -215.50941777408124
-1076.304120414257 -214.8285352009535
-1077.4758696484566 -214.57421958625318
-1079.3657188344002 -213.88740003287793
-1080.2347954440118 -213.47545004069806
-1082.1072748827935 -214.13854038894178
-1082.7429217028618 -213.4234008806944
-1084.3747570443154 -213.39756028160454
-1085.1425909328461 -214.10450963482262
-1086.133948378563 -214.56691841587426
-1087.3717817592621 -214.24152032837273
-1088.9502758312226 -214.30826513275505
-1089.984915547371 -214.64248136982323
-1090.7524583268166 -214.20846487388016
-1092.203159325123 -214.63813774093987
-1092.9729457426072 -214.41414010331036
-1094.6342218446732 -213.64725941225888
-1095.5900780487061 -213.65071637734772
-1097.178614549637 -213.09009237393738
-1097.8179720568658 -212.6944918166101
-1098.439778559208 -213.28174365863205
-1100.1042326617242 -213.33437559559943
-1101.112928621769 -212.71373543694617
-1101.769247584343 -213.1455873604119
-1102.620021455288 -213.7466296310723
-1104.411170475483 -214.23751742199065
-1105.6217346119881 -213.92047143533827
-1107.4878212141991 -214.32603371694685
-1108.109333627224 -214.79046267822386
-1109.215995900631 -215.0443810875714
-1109.9616317081452 -214.38306075885893
-1110.9854611682892 -213.52188844040037
-1112.819098405838 -213.74299829259516
-1114.7659422683716 -213.653663007468
-1115.5205424952508 -214.04025870367886
-1116.171546213627 -214.4292240421474
-1117.3290735411645 -214.8691886048019
-1118.185179822445 -214.26425194546582
-1119.9830088543893 -213.937811819762
-1121.2366964745522 -213.36966153785588
-1121.9861285018922 -213.26938824161888
-1123.5783509540558 -212.58509705767037
-1125.19846241951 -213.26427654728295
-1125.9611753749848 -213.23095638856293
-1127.1391684341431 -213.81229235038163
-1128.7134939956666 -213.30753405198456
-1129.4557595181466 -213.34974243298174
-1130.3018007206917 -213.4562999586761
-1131.7432043480874 -213.24732067987324
-1133.3965550589562 -212.97829580113293
-1135.0962400364876 -213.25858801409603
-1136.188915603161 -213.85524844929577
-1138.0385082888604 -213.4026362578571
-1140.0262086319924 -212.9791471938789
-1141.9596249985696 -212.3779405336082
-1143.8504385876656 -211.32023846909405
-1144.707515590191 -209.85825812622906
-1145.974781625271 -208.6466928701103
-1146.9233454990388 -206.881330011338
-1147.7809252071381 -204.9077851752937
-1148.4705911803246 -202.94950091645123
-1148.0298987555504 -200.96730208203198
-1147.663572602272 -199.0073375682533
-1148.4364647197724 -197.88602387711407
-1149.1720481443406 -196.48934101864697
-1148.5228842425347 -195.24373137757183
-1147.9427184987069 -193.2681516389549
-1148.6866714286805 -191.909263728112
-1148.9772526848317 -191.25111847922207
-1148.926259778738 -190.3962518553436
-1150.014995597601 -188.61871248289944
-1151.33190204978 -186.9983184914291
-1151.5409111607075 -185.66491859957577
-1152.2257403361798 -184.97269272610546
-1153.251470707655 -183.9490231256187
-1155.225902222395 -183.51738959357144
-1157.1157472360135 -182.9870829562843
-1157.9127658832074 -182.23356836840512
-1159.8887181508542 -182.95902627512814
-1160.5160773026944 -183.19351820454003
-1161.2327395904065 -182.42359731897713
-1162.0021339285374 -181.77327792152764
-1163.2311189997197 -181.2979217003286
-1165.15300067544 -180.71310351595284
-1167.028139435053 -180.66521348610522
-1168.4689160215855 -180.10168184891344
-1170.424423776865 -179.1969348396361
-1172.1829677450658 -178.48162986889483
-1173.5275159704686 -177.33592404976488
-1173.5208237993718 -175.76352669849993
-1174.4754172194005 -174.4666874612868
-1175.1067512857915 -173.4945286716521
-1175.5821652936936 -171.5280226673186
-1176.187817208767 -170.86096115961672
-1176.6475888419152 -168.9352383221686
-1175.8872057127953 -167.53741141214968
-1175.8413403484226 -165.5578038300574
-1175.934420094192 -163.62211700335146
-1176.3600020560623 -161.67210074320437
-1176.2446245330573 -159.98406453981997
-1176.56518743217 -159.0783378686011
-1175.8239800709487 -157.12937172308565
-1175.134620167613 -155.1918736304343
-1175.0029410350323 -153.40594049349428
-1174.5361342060567 -152.679861625582
-1175.371612750292 -150.80270059958102
-1176.111453973055 -149.72157581701876
-1176.5734966921807 -147.88337405577303
-1175.999336950779 -147.0096109713614
-1176.4917552995682 -145.03568716898562
-1176.9555210101605 -143.3178580607474
-1176.8868602368236 -142.72604092016817
-1176.313056871593 -141.66382559195162
-1176.0409405085445 -139.90011461630465
-1175.7182174178959 -138.702118357569
-1176.051736817062 -137.92969598427416
-1176.357042298019 -135.98841633453966
-1176.610824302137 -135.2428042496741
-1175.8513168248535 -134.51174076452853
-1175.968359798491 -133.1456784810126
-1175.9501752521098 -131.35061069384219
-1175.663048889786 -130.01803370371462
-1175.5531585405768 -128.4260203446448
-1175.8306910286844 -126.93218298807741
-1175.8881393562258 -125.00355287447573
-1175.2967191825808 -123.28280707255007
-1175.9726723323763 -121.28551002398135
-1176.0269755239785 -119.46729668036104
-1176.6526928658784 -118.67424686804415
-1176.3708367164434 -117.38109680071474
-1177.442264776975 -116.71090026751162
-1178.53377221182 -115.32265838041903
-1179.5249626453221 -113.45689590826632
-1180.788841586858 -112.43013592615725
-1181.3955935652555 -112.84908705011011
-1182.2765598113835 -111.86186890855433
-1184.094117384702 -111.07847677722575
-1185.1223012025655 -110.331292321831
-1187.1060063655675 -110.80518992796542
-1188.2568479593099 -111.39130457296969
-1188.896670561582 -111.63124870315195
-1190.6192226226628 -111.02652793183924
-1191.1632667596639 -111.01017760291697
-1192.6622137840093 -109.93805407539011
-1193.2054286415876 -109.49716650500895
-1194.1010424907506 -108.43485723987223
-1195.9844271953405 -108.00816466465594
-1196.7077352817357 -107.69181152239443
-1197.1533661599458 -106.89741613522173
-1197.127911221534 -106.21514691963793
-1197.380366664678 -105.66487111702563
-1198.6096341426671 -103.84378626003863
-1199.6978266055883 -102.58219029560686
-1200.5444266612828 -101.86604191914202
-1200.7060618962348 -100.93974669829012
-1200.595403354913 -98.9484573210776
-1201.4964027817548 -98.18115152969958
-1201.1225428695977 -97.56661405220629
-1201.3574995960296 -96.07770611897112
-1200.9167834486068 -94.85746791020037
-1201.0343800748885 -93.89816393509508
-1201.809932884127 -92.54993154659869
-1202.2864506806434 -90.58900048390032
-1201.9593628014625 -89.6894315685332
-1201.3970084156097 -87.7953747715056
-1200.8939719165862 -85.80972411289812
-1201.8011668886245 -84.10044147625567
-1202.4938810433448 -83.50323279753329
-1202.215513792187 -82.03899701491
-1201.592666950375 -80.16142567053438
-1201.0990565682948 -79.53581496134402
-1200.9643867577613 -77.57236679449679
-1200.8156950588525 -76.97963657036425
-1200.4885759170354 -75.96469070568682
-1201.134407978803 -75.3592638577521
-1200.7869275029004 -74.57675745144488
-1200.804631408602 -72.95202126160265
-1201.4755324687064 -71.75792278900744
-1201.2823233272136 -69.78468765869738
-1200.8072864677013 -67.91933598175646
-1200.5461865331233 -66.12546720162035
-1201.2831196452678 -65.02543832913042
-1201.2758011336625 -64.26448186293246
-1201.7531859989465 -62.825095018297446
-1201.2694432254136 -61.26363225832583
-1201.0158583934606 -60.211925586611045
-1201.8757549341024 -59.62949534311892
-1202.2002297754586 -58.216495474725974
-1202.066510450393 -57.59112932339312
-1202.7768259163201 -55.61171092644335
-1203.2468183453382 -54.234746238142264
-1203.0868665392697 -53.10257520332934
-1202.495213430673 -51.25609042301775
-1203.147329133302 -50.24485065594317
-1203.549925338775 -49.56968691006304
-1203.2571475918592 -47.939357420355094
-1202.49350241974 -47.329228183180106
-1202.399067979604 -46.12807740822436
-1202.7553516741098 -45.45948096171023
-1202.427164387256 -44.704909047037376
-1202.52191795066 -44.04451670303942
-1202.0974592979253 -43.414635559469474
-1202.832017761022 -42.632176717668784
-1202.3488812561334 -41.80908103838564
-1203.0560202117265 -41.20295246496798
-1202.8462279255689 -39.84547181978823
-1202.5665873403848 -39.08140601769091
-1202.053830575496 -38.47236045256258
-1201.765898000747 -37.55054928913714
-1202.2099687869847 -35.65334477081896
-1202.8536047752202 -34.97537126198412
-1203.1907003040612 -34.31186487331988
-1202.9235827441514 -32.55631758823992
-1202.5356182272733 -31.931323727518333
-1203.2510893757642 -30.02871819391848
-1202.681152921468 -29.374554594904197
-1203.3612763102353 -27.767205437570823
-1202.7794864590467 -26.483829816728843
-1202.501153510362 -25.84712477579714
-1201.8325573022664 -24.188891490846885
-1201.35203174904 -22.20431073561312
-1201.896461289674 -20.608170946985496
-1201.8669984157384 -19.30945845499636
-1201.5819751138986 -18.023757537752402
-1201.1277754719556 -16.102165779024375
-1200.7504313404859 -15.18961723700167
-1201.1735436435044 -14.581809481531394
-1202.0321165437997 -13.631172677427543
-1202.4560442085565 -13.000574072748435
-1203.0352676029504 -12.309706291109336
-1203.3646874244512 -11.648067554384482
-1203.8791338022054 -10.998996993452323
-1203.6660999174417 -9.115741511732352
-1202.9445578570665 -7.402957459837211
-1202.3676489706338 -5.624771376997245
-1202.1337621028722 -3.636366506963981
-1201.8409213538469 -2.4309368337690955
-1201.80377044186 -1.6795913185179359
-1201.8835887502134 -1.0020573343336707
-1202.545529920906 0.23751685962079705
-1202.571414685175 2.0061378274857873
-1201.9561708330364 3.2824460063874596
-1201.7827475576848 5.234569171518075
-1201.8041883318872 6.665971973985421
