-1051.93 -215.33
-1052.411265962124 -216.49419446468355
-1053.4531986641884 -216.2977132666111
-1054.2674740481377 -217.17582152962686
-1055.531756155491 -217.7926539051533
-1056.551704518795 -218.45163695693017
-1058.089118950367 -218.8304141330719
-1058.875568561554 -219.38607813596727
-1059.580823891163 -219.96162285089494
-1061.316818110943 -220.40843908667566
-1062.3286459374428 -220.85457940578462
-1064.2860978770257 -220.95684974074365
-1066.2410240101815 -220.5490094292164
-1067.5462781119347 -219.80975340485574
-1069.5095841813088 -220.28360144972802
-1070.3263513970376 -220.18628779232503
-1072.1570898222924 -220.47544625580312
-1073.7370295453072 -219.9803041535616
-1074.4733000922204 -219.45765623629094
-1076.1611829924584 -219.14756512820722
-1076.8561005520821 -219.60004884183408
-1078.0593659806252 -220.12332600533964
-1079.9697179722787 -219.25330001294614
-1080.566950314045 -219.37351039230825
-1081.173218421936 -218.94160103976728
-1082.5628315734864 -219.4340185838938
-1084.0413554239274 -219.86559751808645
-1085.9498751688004 -219.0169228631258
-1087.0419763851166 -218.81453168570997
-1088.9967953491212 -218.65281164824964
-1090.9471685218812 -218.5944450813532
-1092.2853223609925 -218.09697723567487
-1093.171137623787 -218.75308740317823
-1093.9871296811104 -219.37689548909665
-1095.0053801465035 -219.38295872688295
-1096.8626100945473 -219.3930671158433
-1097.5001643824578 -219.95912420183421
-1098.2257500815392 -220.4730802717805
-1099.7726272273064 -220.92656659513713
-1100.3458477783204 -221.31677558451892
-1102.0015475082398 -220.56491436988117
-1103.5123968648911 -220.99070074588062
-1105.409856491089 -220.83696728378536
-1106.031851463318 -220.52916916638614
-1107.2149737405778 -220.91828065544368
-1108.1064043569565 -221.28489925891162
-1108.8936734724045 -221.46862625509502
-1110.6677645969392 -221.28673503726722
-1112.3088793087006 -221.0623337122798
-1113.1478764939309 -221.20295397371055
-1113.9725986647607 -221.39190084666015
-1114.5519054460526 -220.41630608767272
-1116.3072442340851 -220.78295342057945
-1118.0764487314225 -221.16326783031226
-1119.8136690187455 -221.1859529706836
-1120.4639759588242 -220.32867259711028
-1121.7757355499268 -219.44895542591811
-1123.0095542001725 -219.34024754345418
-1123.9417865800858 -219.00508666217328
-1124.7581856775284 -218.57643407762052
-1125.4356667327881 -219.02293700158597
-1126.1001924800873 -218.99474572196604
-1127.5969346094132 -219.61028324618937
-1129.1662798452378 -219.01170330300928
-1129.7950688529015 -218.2893760110438
-1130.4836392331124 -218.86707287088038
-1132.1269140172005 -218.91105547726156
-1132.7486486363412 -218.88035561323167
-1134.2792942452431 -218.21235795497896
-1135.7681642699242 -217.97241856336595
-1137.1252870488167 -218.6145358848572
-1137.7717164683343 -219.229076461792
-1138.3768557834626 -219.08325894355775
-1139.9540926742554 -218.87214353859426
-1140.9074962663651 -219.5204261261225
-1142.7957261133195 -220.00347137629987
-1144.5287516641617 -219.43650829970838
-1145.2283422875405 -218.81558811843396
-1146.1976659226418 -218.10923487126828
-1148.164187066555 -218.7201479691267
-1149.2932459044457 -219.22643435180188
-1151.0714667963982 -218.14112246215345
-1152.9986663985253 -217.55478120028974
-1154.963815920353 -216.93666237771512
-1155.898594789505 -217.29806322038175
-1156.6728581118584 -216.85173630893232
-1158.0193101096154 -217.49801576316358
-1159.61289321661 -217.60798627316953
-1161.4561754393578 -216.8432315605879
-1162.809696905613 -217.43524480044843
-1164.8030519413949 -216.8355275410414
-1165.5286224412919 -217.1930568534136
-1166.2331473755837 -216.47035208523275
-1168.0332267212868 -216.47662580005826
-1168.8022077012063 -217.1628845333308
-1169.738832705021 -217.6462929546088
-1171.4471068310738 -217.92449161402882
-1172.2553254294396 -218.44022366397084
-1174.1372572112084 -218.69246056668462
-1175.0247645306588 -217.71933975808324
-1176.116895430088 -216.8929730951041
-1178.0473616051675 -216.20535215727986
-1179.2706429886819 -216.0848386435956
-1180.552623383999 -215.5115375071019
-1181.7525094676018 -216.20548243813218
-1183.4647098708153 -215.55945111803712
-1185.458208911419 -215.3102902918309
-1186.7099686789513 -216.1282055526227
-1188.6151982474328 -216.27036286883057
-1190.4271069693566 -215.60086800150575
-1191.3292953896523 -215.02775110296906
-1192.8654162812234 -214.85001860551537
-1194.6048117804528 -215.30934868745507
-1195.5274285006524 -215.76357166461648
-1196.4602492380143 -214.85465560846032
-1197.9525738286973 -213.7134284823388
-1199.806235485077 -213.33126179866494
-1200.9932860660554 -212.3528510182351
-1201.9101133275033 -211.7336608617753
-1201.7920109558106 -211.12863330535592
-1202.5708609747887 -209.1572118251771
-1202.8903184461594 -207.61741749934853
-1203.3542976009846 -205.76258818797768
-1203.4856457340718 -205.09951387338342
-1203.469829172194 -203.97021697454156
-1203.6578171554208 -202.03349708013238
-1203.0519108477235 -200.12370537213982
-1202.3369993272424 -198.21184884004296
-1202.9593370857835 -196.3187204449624
-1203.6232511106134 -195.30154548577966
-1204.1869460645319 -193.95723114900292
-1204.5193386974931 -192.2931494563073
-1203.6848514381052 -191.66584627322854
-1204.2370856109262 -189.7312843053788
-1203.463190406859 -188.06069533519448
-1203.7862361374498 -186.37953059367837
-1204.2548993828893 -185.7534981816262
-1203.3678826096655 -185.14845041923226
-1202.7617387774587 -184.228795215413
-1203.0977865460516 -182.8398002832383
-1202.3937432172895 -180.92923180751504
-1202.007560670674 -179.2187704294175
-1202.4053962531686 -177.41513554744424
-1202.0103712680936 -176.05479781322182
-1201.4229496124387 -174.39642350368203
-1201.4312939944864 -173.0530263631791
-1201.158006400168 -172.3978845923394
-1200.7227413359285 -170.5678840725869
-1201.2871057096124 -168.89885054521264
-1201.9825995269418 -168.29004280261697
-1201.714943677485 -167.47018019847573
-1202.4681244793535 -166.8006504624337
-1201.9283941689134 -165.48330400876702
-1202.372274607718 -164.14900194101037
-1202.6686924102903 -163.51694969825448
-1202.1041311624647 -161.54727844886483
-1202.5734731259943 -160.79959993056954
-1203.2860107126833 -159.87510757140817
-1202.5373112264276 -158.025493189618
-1201.8638580146433 -157.20687757425011
-1201.7355853024126 -156.6025955527276
-1202.3834242525697 -155.6267196982354
-1202.3829754333199 -153.9412460177392
-1201.8717370371521 -153.2965595572442
-1202.1039154718817 -152.65023820094765
-1202.6639669130743 -151.20426838092507
-1202.2492518018187 -150.51685701303185
-1201.6863275955618 -148.5437472908944
-1202.514853913635 -146.710353955552
-1201.8434512208403 -145.77799509458245
-1201.805740196556 -144.22039721898736
-1202.4349683116377 -142.24846015863122
-1203.0707302878798 -141.5023563950509
-1203.1294976438583 -140.89677934341134
-1202.4160444702209 -139.8500110357255
-1201.997132357508 -137.86501257114114
-1202.0247200991214 -135.90876166515054
-1202.804929163605 -134.42273466281594
-1202.9147871996463 -133.73100237540902
-1203.3592263425887 -131.87221555404366
-1203.0225968922675 -131.24337182931603
-1203.5297831858695 -129.58026956014336
-1203.480440877676 -127.59508131437005
-1203.0438575971127 -125.9853474944085
-1202.7900105643273 -124.18364380292596
-1202.2606451439858 -123.27694599322976
-1202.787535302639 -121.28580276660622
-1203.4774910736085 -120.50394605092706
-1204.0671635198594 -119.25298582009972
-1204.4181212115288 -118.04897795610131
-1204.8380901145936 -116.3676465599984
-1204.1189690756798 -115.63767395906152
-1203.7371500062943 -114.65135549001397
-1204.0008957314492 -113.97476254396142
-1204.5141069817544 -113.37886129312218
-1204.8112785148621 -112.72267125539483
-1204.569235302806 -111.79954664401711
-1204.3174613195658 -111.12817560128869
-1204.6786061602832 -109.75419376783074
-1204.2745252031089 -108.6375315039605
-1204.4051471281052 -108.00448869161309
-1203.5391989278794 -107.3471473901719
-1202.9480906057358 -105.36720828704537
-1202.4843883740903 -103.61115936927499
-1202.6190158355237 -102.27234248809518
-1202.6491678136588 -101.29418675594033
-1203.3452204841376 -99.70442871741952
-1203.7485439556838 -98.90466539554299
-1203.9569291847945 -97.76748542480172
-1203.2508103626967 -96.36120335750283
-1202.8376925367118 -95.33004586391152
-1203.4824257272483 -93.45643143348397
-1204.0689929503203 -91.90898518256844
-1204.456466652751 -89.97089879207314
-1204.2943867820502 -88.04577367000283
-1203.5379510301352 -86.14295093707742
-1203.6110979470611 -84.20506517581643
-1203.4925000074506 -82.73743025951089
-1203.4832923340798 -80.81987540416421
-1204.083183579445 -78.89599077396096
-1204.1242211538554 -78.26885138444604
-1203.7823241430522 -77.27843217544259
-1203.0534476715327 -75.3894293754548
-1202.5161735492945 -74.66102872781457
-1202.3095345425606 -74.058483049199
-1203.0017619657517 -72.07913605861367
-1202.743620388508 -70.12204448871316
-1203.2566038298608 -69.50420986108483
-1203.3873168456555 -68.07367430619897
-1202.978851698637 -67.02374003820123
-1203.5760953056813 -65.95844314984978
-1202.867363177538 -64.6908088772744
-1203.1022766757012 -62.86118589334191
-1203.4271216917039 -62.19491611413659
-1204.0193578529359 -60.28902922563256
-1203.6515198278428 -58.993963107392204
-1203.9856968152524 -58.19421337537469
-1203.6280040967465 -56.29677222661675
-1203.6672554913164 -54.332713231369866
-1203.0659376087785 -52.51077900819482
-1203.2002531889082 -50.51760278634728
-1203.5478844943643 -49.412889584824455
-1203.3590800467134 -47.75718711309136
-1202.5866228047014 -46.701854094788445
-1202.1330764594675 -45.80118583135308
-1202.6594238582254 -44.37821207933129
-1203.1679776015878 -43.718048140332115
-1203.2069546657801 -42.941646739766014
-1203.7269892770053 -40.9648870676011
-1203.0040908533335 -39.495286032482994
-1202.4057130891085 -38.880437359139336
-1202.706503905654 -37.10956548146905
-1203.4068654555083 -35.710683211609734
-1202.7227785366774 -34.67998395852746
-1203.2546332854033 -33.64207850389184
-1203.1519413369895 -31.827033862397087
-1203.7927547472716 -30.007736191079033
-1203.8014483678342 -29.348528847023857
-1204.3284209597111 -27.5611508934945
-1204.7034393179417 -26.1244357674569
-1204.3695794570447 -24.898019179627312
-1204.1863650012017 -24.192426368519676
-1204.1641905236245 -23.484516307637108
-1204.2379784214497 -22.836821779534233
-1203.799461864233 -20.873187407776726
-1203.1122384297848 -19.538338765427483
-1203.592254691124 -17.555866584107292
-1204.1500704216958 -15.600026950165642
-1203.3728182244301 -15.01062302283944
-1203.9723603653908 -13.09887449435891
-1203.7478956210614 -11.404272600933922
-1204.0116915631295 -9.977239772602928
-1204.4631253111363 -9.13508169345559
-1204.101281427145 -8.536978468224419
-1203.2810979115964 -6.55870924882592
-1203.2725985127688 -5.574636980816734
-1203.8453471142054 -3.876990124508751
-1203.0915323573352 -2.269491240307701
-1203.699511654973 -1.197538301274193
-1203.6207726079226 0.7450338155776137
-1203.7457836645842 2.178207948878395
-1202.9603153246642 4.064751461222755
-1203.4884646314383 5.920714214518654
-1202.7963179129363 6.59841372080146
-1202.9556953686476 7.292450919821846
