-1051.93 -215.33
-1052.8549196052552 -216.00992556095125
-1054.6868811178208 -216.84289236545564
-1056.669529490471 -216.69224600672723
-1058.63867228508 -217.60529039978982
-1060.633663468361 -217.20382283806802
-1062.5804586935044 -218.00811807990075
-1064.1634643602372 -217.64151580810548
-1065.829928689003 -217.09108312606813
-1067.321289830208 -216.66514508605005
-1069.290726594925 -216.26513682484628
-1071.2620536613465 -217.23147104859353
-1073.2504865455628 -218.0639886724949
-1075.166710548401 -218.39226751208307
-1077.1588036346436 -219.08792720913888
-1079.1464610624314 -219.70629660964013
-1081.0573795366288 -218.8988115656376
-1083.054997496605 -218.28328608155252
-1084.472775630951 -217.85799049019815
-1085.7386698055268 -217.23993610024453
-1087.4529671001435 -217.02856138527395
-1089.1433699655533 -217.49777287423612
-1091.1359718370438 -218.12828153550626
-1092.915487818718 -218.4394681173563
-1094.8994217443467 -217.75588730156423
-1096.8822223472596 -218.5154445487261
-1098.8633560466767 -217.856168897748
-1100.851719789505 -218.63971206724645
-1102.6980517435074 -217.94851067841054
-1104.6922307538987 -217.38345274508
-1106.6824354457856 -218.04243549883367
-1108.6809417533875 -218.70554802000524
-1110.356743388176 -219.36388716280462
-1111.096359603405 -218.5551385599375
-1112.1613589453698 -219.023479642272
-1114.0560502934457 -219.6489651221037
-1115.0077062773705 -218.8357092756033
-1116.981777303219 -219.35456437051297
-1118.9571974205971 -218.55097550332547
-1119.5596562552453 -217.96837943971158
-1120.2374970841408 -218.7310641425848
-1122.1185395646096 -218.07383030831815
-1123.2640056538582 -217.4307885783911
-1125.2093739438058 -217.3114173281193
-1127.1797970461846 -218.1710398066044
-1129.1762586760522 -218.9015912282467
-1131.1733382868767 -219.52886472821237
-1133.1157001185418 -218.72491763710977
-1134.246541492939 -219.33354120135309
-1135.1956680941582 -218.53965304970743
-1137.1673961806298 -219.16682808279992
-1139.0972474741936 -219.72272543787957
-1140.0455002713204 -219.04887394785882
-1140.6265711712838 -218.65274326682092
-1142.5770217108727 -218.9780173766613
-1142.9275675940514 -218.4012437927723
-1144.4945473599435 -217.04808150410653
-1145.3116329836846 -215.4330049622059
-1146.2951671409608 -214.1655293571949
-1147.3085724639893 -213.00980411648752
-1146.7997578310967 -212.4195511209965
-1146.418463908434 -210.56242750763894
-1147.4078016507626 -209.9594634640217
-1148.2684701907635 -208.20556234002115
-1147.7581498849393 -207.60284786105157
-1147.1968515741826 -206.90994487881662
-1146.888222359419 -206.051140652895
-1147.4610929715634 -205.10835789322854
-1146.9525116312504 -203.69796751618387
-1146.9445229399205 -203.09184722781183
-1147.6175844299794 -202.09999559998514
-1147.550555266738 -200.32403765797616
-1147.0478800910712 -198.35636399865152
-1146.5712426680327 -196.50950859665872
-1146.4945894557238 -195.74875943541528
-1147.3223218995333 -195.17543862938882
-1146.8096557933093 -193.49227546334268
-1146.378271945119 -192.91302876353265
-1146.607832916379 -191.04175667643548
-1146.8580295819045 -190.59892760396005
-1146.918422498107 -190.06314145207406
-1147.4420259970427 -189.6880999672413
-1148.2516117471457 -189.12349491000177
-1148.467711068988 -187.43579225420953
-1148.9630196470023 -187.43734936594964
-1150.3372810262442 -186.69915013194085
-1151.6422664302588 -186.73321508049966
-1153.2785255092383 -186.56082742094995
-1153.7730325835944 -186.74645428538324
-1154.5079638141394 -186.8850865828991
-1156.2512420791388 -185.80516176104547
-1156.786561884284 -184.69828920245172
-1158.5658077377082 -185.05457811236383
-1160.1408161300421 -185.33365099310876
-1160.7298339980841 -185.58478452444078
-1162.303414978385 -184.49740065813066
-1163.2464934962989 -184.8961840736866
-1164.4478379863501 -185.18350659489633
-1165.0243856686354 -185.48268364548684
-1166.3201541680098 -184.43045877099038
-1167.2365377920867 -184.29427196264268
-1168.8656269091368 -184.1236270236969
-1169.2478412765265 -184.05472977638246
-1170.9281916993857 -183.80385984659196
-1172.2447481530905 -183.4629683661461
-1172.6520026403666 -182.8433857727051
-1173.5858338552714 -182.34365017890931
-1173.2272261458636 -181.45875962257387
-1174.289312966466 -180.7756560611725
-1174.9223639446498 -180.18755407810212
-1174.4049094992877 -179.56591619729997
-1173.8743370848895 -177.60438598871232
-1173.4281058984996 -176.3485657143593
-1173.8369094508887 -175.19210721731187
-1174.7820685881377 -174.58575029850007
-1174.8667999434472 -173.1143189239502
-1175.4135618138314 -171.1285682487488
-1175.6780578124524 -169.46360595703126
-1175.0125159847737 -168.3143111038208
-1175.6166619884968 -167.12288828372957
-1176.3002766597272 -165.12398238658906
-1176.2196877229214 -163.20657558918
-1175.525455735922 -161.87027271270753
-1174.8512979972363 -161.03123565196992
-1175.109351091385 -160.1390381026268
-1175.6983396339417 -158.8589177298546
-1174.5131682682038 -157.53245522260667
-1174.8424939739705 -156.8930661249161
-1174.3660497295857 -156.32032104015352
-1173.2636065113545 -155.2654407787323
-1173.2197600233555 -154.39548070907594
-1172.0217731821538 -153.2677977848053
-1171.2330143082143 -152.52062697887422
-1170.312306843996 -150.70219798564912
-1170.6860269534588 -150.12344350099565
-1170.0700913894177 -149.44461806297303
-1169.4207976090909 -148.4117233324051
-1168.8100272643567 -147.81355293273927
-1168.4070886301995 -146.77082903862
-1168.4031244519354 -146.15356822490693
-1167.8113310936094 -145.5529867577553
-1167.601761520207 -144.80959977388383
-1167.7522612962127 -142.91054512739183
-1167.5252207818628 -141.88354100465776
-1167.440820619762 -141.28763355493547
-1166.441027507484 -139.5471775698662
-1165.1302347037197 -138.2190377879143
-1164.0980039688945 -136.42821170568467
-1162.5069495293499 -136.24142904758455
-1162.4537992331386 -135.88070263147355
-1162.2391812059284 -134.301867620945
-1161.403946325481 -132.65462042570115
-1160.3169978114963 -131.32174970388414
-1159.7000766250492 -130.62645735025407
-1160.048301473558 -129.9294646549225
-1160.433020219505 -128.53741903781892
-1160.7719543132187 -126.68423862934114
-1160.3863099071384 -124.75560446262361
-1159.871840402782 -124.08452619791032
-1159.066083237827 -123.43519146919252
-1159.2003065499664 -122.64785184144975
-1158.313236013353 -121.89976199150087
-1158.561215326488 -121.26327468633653
-1157.9735875579715 -120.60731448411943
-1157.2458510252834 -120.0010320711136
-1156.6124168488384 -119.3389517235756
-1156.8861071321369 -117.4524657893181
-1156.7003797444702 -115.54154719591142
-1157.2996937188507 -114.94821353435518
-1157.434089139402 -114.1183815765381
-1157.529634565413 -113.21492178916932
-1157.5463709871472 -111.21518762588502
-1158.262897733897 -109.2827167081833
-1157.5123268406094 -107.48560364723207
-1158.1708436052502 -106.43500502586366
-1158.1749201568962 -105.83628352165223
-1157.4674812707306 -103.83965762138368
-1157.7586209329963 -101.90648968696595
-1157.0625361952186 -99.91936548233033
-1156.5750252756477 -97.92308075904847
-1156.0999922308326 -96.06507416248323
-1156.515761986673 -95.07478614330293
-1156.0115066322685 -93.08529980659486
-1156.657013669908 -92.41640336990358
-1156.7059590372444 -91.82069243669511
-1156.5654505047203 -90.3565572667122
-1157.0185373577476 -89.44366295814515
-1156.5421650263668 -87.48894913673402
-1156.2583378109337 -85.49880917549135
-1155.836188391149 -83.62372000694276
-1155.382580831945 -83.0381100344658
-1155.247492388189 -81.13631059408189
-1154.8955396863819 -79.24887706518174
-1155.952427789867 -77.40199198007585
-1156.869242951572 -76.62170793294908
-1156.5953869971634 -74.63560106039048
-1156.0743689092994 -74.02862014055253
-1156.9481102976204 -73.06914378881456
-1157.1448964479566 -72.1544698047638
-1156.538332104981 -71.26302667140962
-1156.1913529637457 -70.64361240148546
-1157.0433467629553 -70.04605366468431
-1156.9518177586795 -69.44503732204439
-1156.8581376227737 -67.45542545795442
-1157.6184845122696 -65.46032758235933
-1158.26070769161 -64.85437031269075
-1158.8920875939727 -64.24233056783677
-1158.1207937154174 -63.64740820407869
-1158.0111539292336 -63.026029841899884
-1158.4578657376767 -61.03007246732713
-1157.6594456660748 -59.87373210668565
-1158.2978264915944 -57.889520184993756
-1158.7280274856091 -56.56734694719316
-1158.3195034492016 -54.73819650888444
-1158.3917827013136 -53.45715333700181
-1157.8020635846258 -51.57801367521287
-1157.4016325476766 -49.85582556009294
-1158.119127214253 -48.04349722146989
-1158.7017733457685 -46.153365032672895
-1157.900510609448 -44.292936341762555
-1157.1886993649603 -42.5453156399727
-1157.9366389515997 -41.94310970783235
-1157.4811496439577 -40.17664881229402
-1157.0751371088625 -38.28359218120576
-1157.761760801375 -36.3228241968155
-1158.29535153538 -35.59497495174409
-1157.886035681069 -34.77495165348054
-1158.5537245872617 -33.750462489128125
-1159.147148013413 -31.78088350772859
-1158.719934821427 -31.17530943632127
-1157.9518868926168 -30.23520066022874
-1157.2432254555822 -29.632167892456067
-1157.47824347049 -29.012985186576856
-1156.8864119651914 -28.41133172988893
-1156.7460035833717 -26.529516057968152
-1157.2859519276024 -24.769411878585828
-1156.783002510965 -23.91907437324525
-1157.330444470346 -21.924872236251844
-1157.3992421928049 -21.054860191345227
-1157.7940756085516 -20.25049151659013
-1157.4043407145143 -19.647413270473493
-1156.7703024449945 -18.65392102479936
-1156.198958605826 -17.908466534614575
-1155.9902183565498 -15.93000550746919
-1156.9019474539161 -14.68619652271272
-1156.4415472897888 -13.704105811119092
-1156.0439204725624 -11.748822884559644
-1156.122388303578 -10.042038159370435
-1157.0062507990003 -8.375516371727002
-1157.7769212129713 -6.752833919525159
-1158.4473581913114 -5.231328563690198
-1158.7710270884634 -3.6989930438995486
-1157.958838761151 -3.01451124429704
-1158.5400221946836 -1.6264106202125674
-1157.8960573080183 -0.1717631983757144
-1157.3569920066 0.852655274867999
-1157.2047308835388 1.5498660039901608
-1157.663267389238 2.6847196054458493
-1158.3649771365524 3.3314669561385983
-1158.9462087902427 3.95273808956145
-1159.2064737829567 5.569691343307483
