-1051.93 -215.33
-1052.2381678152085 -214.9478175508976
-1053.0288093018532 -214.02420805573465
-1053.5703629779816 -212.7537759411335
-1055.3161470222474 -211.6581390964985
-1055.9756333756447 -211.40884749770166
-1056.431961708069 -210.4730177986622
-1058.183735780716 -209.80925260663034
-1059.905941181183 -209.88595043301584
-1060.0829551744462 -208.398744212389
-1060.5466078448296 -207.8443088400364
-1060.8896276283265 -206.81009195923806
-1062.0854836034775 -205.40657817006112
-1062.9088566827775 -205.0900930631161
-1062.8207518982888 -203.3851780164242
-1062.4816434311867 -201.65127103209497
-1063.4015343117715 -200.96579306006433
-1063.396986000538 -199.00162212729455
-1063.074476145506 -198.57630269408227
-1064.092194699049 -196.81493871092798
-1064.667203091383 -196.42979620575906
-1064.8159546482564 -195.47607551693918
-1065.7267541515828 -195.04193847060205
-1065.5726423043013 -194.61669598698617
-1066.3827381509543 -193.92619942307473
-1066.6178380775452 -192.56206260800363
-1066.6069893169404 -190.96648131489755
-1066.7792416739464 -190.86826871514322
-1068.1650748181344 -190.16278092741967
-1068.4460464644433 -189.1223900783062
-1068.8276558446885 -187.8218155372143
-1069.539043955803 -186.88263367295266
-1071.4808669614793 -186.15614579796792
-1072.4628258275986 -185.40973441481592
-1073.235669784546 -184.85419456839563
-1073.6608519482613 -185.7726848590374
-1075.6306726861 -186.60928879857065
-1076.04251527071 -186.2573571074009
-1078.0342504906655 -187.0479616391659
-1078.4405177760125 -186.65078552246095
-1079.2364791560174 -186.77618119299413
-1080.6721104311944 -187.5146503764391
-1081.1011990237237 -187.89778322160245
-1081.6530163216592 -187.00999695241453
-1082.7542198824883 -186.54009714901449
-1083.7463064718247 -185.774785669446
-1085.5330881404877 -185.28789261162282
-1087.485330991745 -185.43192255675794
-1087.9630309271813 -186.13896262824537
-1089.84589397192 -185.78668561756612
-1091.419549934864 -185.37302053153516
-1093.3244051861764 -186.2608250397444
-1093.7294589209557 -186.68915558040143
-1094.1811476278306 -186.92073689579965
-1095.604827337265 -186.18438284277917
-1097.4855069446564 -186.61891929984094
-1099.2348510551453 -187.25140176892282
-1099.939667634964 -187.24847076267005
-1100.8684689331055 -187.88713280290366
-1101.2592438983918 -188.46911827653648
-1103.1841747093201 -188.77344284385444
-1103.5532299804688 -188.94028306931258
-1105.2423314380646 -188.01192952126266
-1106.64903693676 -187.35327626198531
-1108.5745354223252 -187.9650305005908
-1109.5192221927643 -187.21208817690612
-1110.5773759412766 -186.33489109009506
-1111.2364807057381 -186.9953349325061
-1113.1348290371895 -186.26870954960586
-1113.5463446307183 -186.9249408337474
-1115.2095063853264 -187.077484870255
-1116.8266102004052 -187.5355616155267
-1118.6802112984658 -187.62167661815883
-1119.5824240374566 -186.76042198568584
-1119.9879046607018 -186.0446580591798
-1120.5301247763634 -185.31419056087734
-1122.3072441744805 -186.0763444247842
-1123.1874992179871 -186.72250842481853
-1125.1863235759736 -186.3359859827161
-1126.078051261902 -185.68908395797015
-1126.484117679596 -185.01638319522144
-1127.0488660264016 -185.97566821604968
-1128.8493177819253 -185.25618424445392
-1130.4009965586663 -185.87053098708392
-1132.3117740082741 -186.64236953288318
-1132.7454836893082 -186.0678407791257
-1134.6765574741364 -186.4255734923482
-1134.9859346079827 -186.75840484529735
-1136.7383857893944 -185.46485399633647
-1138.3441777157784 -185.32904810637237
-1140.0990642237664 -185.75913546413184
-1140.546014122963 -186.00631080001594
-1141.2787952947617 -184.8822957071662
-1141.6775073933602 -184.34686807721855
-1142.8925218510628 -184.9637605342269
-1144.7259573864937 -185.5056409034133
-1145.4117517399789 -185.76130826205016
-1146.085528843403 -184.78166587084533
-1146.6607041287423 -184.8479374292493
-1148.5115239548684 -185.1488905194402
-1150.4172065186501 -185.6456438842416
-1151.046123855114 -185.8689862880111
-1151.552069299221 -184.90017620652915
-1152.1224225687981 -185.12954179376365
-1152.9181362318993 -184.1369611415267
-1154.4604870009423 -183.2395449075103
-1155.1214521455765 -182.63137362331153
-1156.2576524543763 -183.0337598118186
-1156.6601773428918 -182.52123318046333
-1158.22879373312 -182.46983780890704
-1158.7060016918183 -183.0708344820142
-1159.6189721155167 -182.21135189563037
-1161.233391456604 -181.46617242127658
-1162.0766346979142 -181.2535215857625
-1164.0391722249985 -182.17783578664066
-1164.9983754682542 -182.64507012993099
-1166.7361660528184 -181.91819512277843
-1167.1179687309266 -182.41067855983974
-1167.619303457737 -181.65323292642833
-1169.5511968064309 -180.77271061569454
-1170.6243807005883 -180.78956010371448
-1170.686972372532 -180.42906739741565
-1171.8599913048745 -180.05253821045162
-1173.3699731755257 -179.84287255436183
-1172.9562031257153 -178.31171744495632
-1172.703000240326 -177.9184517207742
-1173.899254732132 -177.07862418323757
-1174.861123673916 -175.44768028885127
-1174.4780122864247 -173.6133248153329
-1173.8329909670354 -172.05938261181117
-1174.6178944337369 -170.4539282861352
-1173.984716616869 -169.3911521974206
-1174.9706243503094 -168.70976471334697
-1174.263162277937 -166.88757728964092
-1175.0011354911328 -166.3543987813592
-1175.396891527176 -164.47175102859737
-1175.840250723362 -163.74120181232692
-1176.4712760972977 -162.67209463745357
-1176.8978723812104 -161.00220626026393
-1175.9556318449975 -159.4596281591058
-1175.6295996832848 -159.05214833647014
-1176.223492794037 -157.68877100378276
-1176.8409514951707 -155.7834207955003
-1175.9456651735306 -153.81764530569316
-1175.1209695863724 -153.1823487225175
-1174.5053399133683 -152.678682500422
-1174.7279230880738 -150.96157484680415
-1175.5651544857026 -149.18437176376582
-1176.337626092434 -148.05291109710933
-1176.3573755028845 -147.452263468802
-1176.7204671803117 -146.7587996068597
-1176.9686673882604 -145.998450511992
-1176.2415950897337 -144.74079095751048
-1175.38096475631 -144.16912179619075
-1175.6284846815468 -142.77043872505428
-1174.8679937872291 -141.64951532512904
-1174.5013344737888 -139.812928134501
-1174.8703243586422 -139.2455874028802
-1174.548871383369 -137.44983785778285
-1175.3429415079952 -135.9410834851861
-1174.7061396691204 -134.22669916778804
-1174.6576531979442 -133.36035215288402
-1174.366277680099 -132.41916214853526
-1173.8405180427433 -131.92584281593562
-1174.4846612069011 -131.41150682598354
-1175.2197112295032 -130.73131280571224
-1176.0190614315868 -129.52665346294643
-1176.5695042464138 -128.28826695114375
-1177.126548871696 -127.80589126974346
-1176.177411839664 -127.38567065626384
-1176.5210083279014 -125.65014767080547
-1175.6810307058693 -123.71616935163738
-1175.3306239101291 -121.75673674970867
-1175.7395921799541 -119.92493223577739
-1175.2341195198894 -117.9995512905717
-1175.1732275936008 -116.94056987196208
-1175.841808423698 -115.25079202085735
-1177.1760617348552 -113.75429796606304
-1177.8365650627018 -112.94234573274852
-1179.7769091579319 -113.37285625368358
-1180.6298924538494 -112.66103910833598
-1181.0092753621936 -111.55357396036388
-1182.7831840965152 -111.44450478434564
-1183.2512013170124 -110.55876724600793
-1183.6659815165401 -110.86550046682359
-1185.4566585871578 -111.41370757102968
-1186.126486644447 -111.71135156035425
-1188.0762009474636 -110.77401541352273
-1189.1688848587871 -109.96297948241235
-1190.5573497864605 -109.21003620505334
-1191.9482935521007 -108.72937615394594
-1192.4157103154064 -109.1990531551838
-1192.9939429017902 -108.0026477444172
-1193.6216169449688 -107.52124194979669
-1194.2717423292995 -107.86050681948663
-1195.915240392387 -106.86577527403833
-1196.7056000086666 -106.2784513103962
-1197.1665941032768 -104.72263513684274
-1198.4718488010765 -103.35690866589547
-1199.6041187795997 -101.59458314061166
-1199.8940196487308 -101.2296375501156
-1200.5645235034824 -99.47764460921289
-1201.0739811512829 -97.77762703776361
-1202.0190149399639 -95.80906824946405
-1201.722652361095 -94.43824832320215
-1202.646520242393 -93.24630968451501
-1203.420670196712 -92.15199177145959
-1202.5528127405048 -90.86200158476831
-1203.051880106628 -89.82993011355401
-1203.3309535834194 -89.30957983613015
-1203.199437082112 -88.35078285813333
-1202.812980234921 -86.38891218781473
-1202.2962412837148 -84.87392376542093
-1203.0843080881239 -83.94743476986886
-1202.299837589562 -83.54411934494973
-1202.9837833049894 -81.54728602051736
-1202.803525314033 -81.12980537295343
-1203.5289414379001 -79.70126311659814
-1203.1879313740135 -77.71472399115564
-1203.8903588208557 -76.44870607733728
-1203.7784752550722 -74.70860092520715
-1204.3251263204218 -72.8700081574917
-1204.8061946931482 -71.95727704644204
-1203.7725869718195 -70.00221155762674
-1204.288277656138 -69.38692991614343
-1204.8535946908594 -68.42876093268396
-1204.462073058188 -66.51067964911462
-1203.7366209927202 -64.7216892707348
-1204.359873265326 -63.75469343543054
-1203.4547284546495 -61.92698960185052
-1203.8483638468385 -60.88513653159143
-1204.4848599734903 -59.35645692229272
-1204.4197808358074 -58.93805341601373
-1203.4486884328724 -56.97491388201715
-1203.7302596125007 -55.36900119662286
-1204.1022356900573 -53.417820261716855
-1203.4240263256431 -51.62371234774591
-1202.9952416273952 -49.98521046519281
-1203.7190932485462 -49.07324545264245
-1204.26432405442 -47.09929530501367
-1204.832103893459 -45.130597041845334
-1205.275989458263 -43.5971101987362
-1204.1845628473163 -41.91209821581842
-1203.2998753640056 -39.925580071210874
-1202.9171991798282 -38.69116966605188
-1203.4098117801548 -37.63619177222253
-1202.6674931499363 -36.85428492903711
-1202.7485520395637 -34.884190129041684
-1203.3888281735778 -34.39620064377786
-1203.0839291366935 -32.43832634568216
-1202.6714674684406 -31.360257374048246
-1203.1618033203483 -29.54550622582437
-1202.3923661264778 -28.929969595670713
-1201.7329585704208 -28.46966211676599
-1202.4073443564773 -26.63543360114099
-1203.1675855073333 -25.40537290453912
-1203.8036632689834 -24.01804129958154
-1203.387994900644 -23.271376537084592
-1203.6973840746284 -21.527413295507444
-1204.0742597135902 -19.82306568503381
-1203.5550215992332 -19.31527166247369
-1203.0321316871048 -17.773078607320798
-1203.2075992527605 -16.123687433004392
-1203.778940588534 -14.132949041128171
-1202.8543616834284 -13.700365709066403
-1202.044885725081 -11.702317880392087
-1202.0703072439135 -9.835104154348386
-1201.5745704959334 -8.044209169149411
-1201.0565890859068 -7.536540018320096
-1200.77400876984 -5.702136622667325
-1201.7754066179693 -5.020065771341336
-1202.6875510405005 -3.036192165613187
-1202.587942738384 -1.089767204523099
-1203.168366868347 0.7307534348964566
-1202.5497008155287 2.5944411885738248
-1202.6729212071002 4.370429052114474
-1203.2327093745769 5.519852770566928
-1202.3228267098964 7.450873507261264
