-1051.93 -215.33
-1053.8971063423157 -214.48005970001222
-1055.7599999237061 -213.78019125938417
-1056.0880992341042 -213.58389686226846
-1057.758077375889 -213.2473601269722
-1059.0876953530312 -212.84105850934984
-1060.326983921528 -211.65868641614915
-1061.1526974368096 -210.02517153501512
-1062.1969618725777 -209.30057646512986
-1063.0570978450776 -208.89179904937745
-1062.982504234016 -208.42661436080934
-1062.179306254089 -206.45357270717622
-1062.8932840678096 -206.05090101242067
-1063.5630293342472 -204.0525353717804
-1062.65975551337 -202.06270297050477
-1063.466689631641 -201.05326636314393
-1062.593200430572 -199.14716942787172
-1063.3820661756397 -197.1921096611023
-1063.8228086087108 -195.2625978755951
-1063.4285821768642 -194.49474395990373
-1063.9827747794986 -193.27052666425706
-1063.7861235293747 -192.85266216278077
-1065.06376840204 -191.04941435337068
-1065.7972813996673 -189.226320104599
-1067.72696174711 -188.10349877357484
-1068.2425648126007 -187.11390884399415
-1070.225163832605 -187.572866396904
-1072.1524043235183 -188.00662316560746
-1074.1280741843582 -187.09992267370225
-1076.1220963153244 -187.79045511960985
-1078.108233705461 -187.81153410851957
-1079.5588034543396 -187.3715983349085
-1080.350091353357 -187.4469223561883
-1082.341320887506 -188.07533144384624
-1082.7635970267654 -188.4695532861352
-1084.734516158998 -187.43593710094692
-1086.7230112704635 -186.5556608977914
-1088.721987977922 -187.34132861524822
-1090.1701303872467 -187.28704536885024
-1092.1213590058685 -186.39051652878524
-1093.4328609856964 -187.1462348791957
-1095.430267110765 -186.31537712544204
-1097.273714080751 -187.07986021965743
-1099.167696491182 -186.08510459393264
-1101.1597904118896 -186.75288535088302
-1103.10031737417 -187.1289747747779
-1104.7451834830642 -185.9417816194892
-1105.1445304903389 -186.07358322471381
-1106.914880231321 -185.6152949127555
-1108.8946728262306 -184.84871826499702
-1110.8883726152778 -184.0108764562011
-1112.8592798265815 -184.025664472878
-1114.7104898247123 -184.84921362429859
-1116.7042253765464 -185.1983432415128
-1118.6948989185692 -184.34464302092792
-1119.1033697876335 -185.10601201087238
-1121.0741444382072 -185.678186083138
-1123.0532518181205 -185.34878196746112
-1124.9845168146492 -186.04043456345798
-1126.9696416410804 -185.16030939847232
-1128.882148102224 -185.83169659405948
-1130.794361666143 -185.3982092383504
-1132.4255882057548 -184.78563501864673
-1134.3808494362236 -185.24403571516277
-1135.9671071323753 -184.0313968601823
-1137.8903492245079 -182.80978428751231
-1139.4228163513542 -181.8349150362611
-1141.2773267778755 -181.23925089269878
-1143.276122764051 -180.472374612391
-1145.2262277159095 -180.16702341467143
-1146.2325789484382 -179.6817098799348
-1147.5324050936104 -179.73167561918498
-1149.2214219126106 -179.531589204371
-1151.0354183468223 -179.2965700569749
-1151.2896899136902 -179.0715750399232
-1152.2839768084884 -179.99714838892223
-1153.9445129784942 -181.16976606279613
-1155.8722535523773 -180.86977493196727
-1156.9608287963272 -180.80098173946143
-1158.9086339625717 -181.86788151592017
-1160.8144278678299 -181.170825997293
-1162.8047716769577 -180.52067319482566
-1163.4361959251762 -181.42310229867698
-1164.0150013121963 -182.1281842979789
-1164.4119522723556 -182.1865314412117
-1166.3760001811386 -182.8822173047066
-1166.9139145168663 -183.34596426963807
-1167.2445637139679 -183.66521965146066
-1169.0243870171905 -182.52708994030954
-1170.7820478829742 -181.36144839406015
-1171.4290607127548 -179.67468629956247
-1172.9852912577987 -178.32173763394357
-1174.140509620607 -176.37628303647043
-1174.9540976437927 -175.70241908907892
-1175.7834521684051 -174.62332551360132
-1176.3429988774658 -172.95955507636072
-1177.0267062935234 -172.55811195254327
-1176.130656078756 -170.5914333331585
-1175.44951982826 -168.67044691920282
-1176.281605795324 -167.53824882388116
-1176.842095271051 -167.13713573098184
-1177.5009716305137 -166.74096350550653
-1176.5650339874626 -164.8098068702221
-1177.203608826101 -162.81383113741876
-1176.9045277091861 -161.48804812312127
-1177.5125495645404 -161.0764866936207
-1178.0905792567135 -159.0979653465748
-1177.0490981194378 -158.60586403489114
-1177.6929969641567 -158.20942370772363
-1178.218809709251 -156.23408548712732
-1177.6906212422252 -154.56839768767358
-1178.259609565437 -152.68417231917383
-1177.4383092972637 -150.71975033164026
-1177.772729203403 -148.74450104117395
-1176.7801490280033 -148.2153968679905
-1175.7438734027744 -147.84745966076852
-1175.2097756120563 -145.85556350827218
-1174.7968868467212 -145.4131331908703
-1174.9827312383056 -144.88000677704812
-1175.3999382409454 -144.53232251286508
-1175.4807043525577 -142.61865960240365
-1175.2780148240925 -142.5167148578167
-1175.2685015055538 -141.4298842418194
-1175.0898341986538 -141.53411607623102
-1174.9310554715992 -140.03300933718683
-1174.5833191725612 -139.48068617463113
-1174.0674373957515 -138.43687056183816
-1173.6710957738758 -138.1753596532345
-1173.0820576402546 -137.4576772916317
-1171.1041301938892 -138.08284162163736
-1170.7486803385616 -136.79414199471475
-1169.2047825905681 -135.64396165490152
-1168.9209199997783 -135.64021520495416
-1168.5690588209034 -135.49215878725053
-1166.7514243575931 -134.0641679930687
-1167.1715814623237 -132.12045659303666
-1167.5661008509994 -130.967133538723
-1167.813845858276 -130.61848457336427
-1166.57067607373 -130.2042775321007
-1166.375562414825 -129.8426468539238
-1166.00162707299 -129.41270382881166
-1164.959089383781 -127.45100410461427
-1164.2883993241192 -126.18238444805147
-1163.4622470590473 -124.20267780303956
-1162.92227296561 -123.79291023492814
-1162.0906861278415 -122.62663902521135
-1161.6159312579036 -121.78114529132844
-1162.058729455173 -120.89619966030122
-1160.6283065530658 -120.6090756225586
-1159.4256152364612 -118.73545654296876
-1159.1346165391803 -117.33685381889345
-1157.9304770681263 -117.09347881555559
-1157.272221967876 -116.1715134549141
-1157.8197147104145 -115.78606005191804
-1156.8215718719364 -115.41888691663743
-1157.1860956403614 -113.45261265516282
-1156.6328390690685 -111.57096351861955
-1157.272791132629 -110.5008820462227
-1156.556507870853 -110.111784594059
-1155.6690339896084 -108.95523239850999
-1155.5831910076738 -108.51904793262483
-1154.8259820643068 -107.62576301574708
-1154.723598935008 -105.63171847343446
-1155.6382320898772 -103.88881619453431
-1155.8961903828383 -103.45564212083818
-1156.563306130767 -101.68560566186906
-1157.2642480510474 -100.47336818456651
-1156.8102905529738 -100.01484795093538
-1155.8994408625365 -99.02291746616365
-1155.3910026329756 -97.02615077972413
-1156.2277161854506 -96.62658442735673
-1156.8778338807822 -95.5109111237526
-1156.2380271333457 -95.11808820247651
-1156.746215619445 -93.13524981021882
-1156.0368694442511 -92.4244625735283
-1156.7605520266295 -90.67550112485887
-1155.8519433516265 -90.12930895566942
-1156.4597798365355 -88.12974240064622
-1156.1488505381346 -86.13425673723222
-1156.372118614912 -84.4508389401436
-1156.8980097401143 -82.96503009080888
-1156.2129960882664 -80.98608721971513
-1156.5998967516423 -79.6772906947136
-1156.6957556533814 -77.960137860775
-1157.0925668406487 -77.58473791360856
-1157.5868359732629 -75.66663159608842
-1158.0230776000024 -73.96358813524247
-1157.0600397515298 -72.10269107103349
-1156.1045311021805 -70.31955470323564
-1154.9091709184647 -68.51424373865129
-1154.0687142539025 -66.52983512163163
-1153.6794133114815 -66.12584342241288
-1153.2740837562085 -65.7186936903
-1154.10830196023 -64.34582205295564
-1154.7627268064023 -62.347133951187146
-1155.4358744847775 -61.95364917993547
-1155.6235263574124 -61.38089521408082
-1156.0801572430134 -59.40642674446107
-1155.4262590038777 -58.59052534580232
-1155.7670443880559 -56.70151086330415
-1156.1000946986676 -55.89186592578889
-1156.6084068644047 -54.660302953720105
-1155.7015599238873 -53.89195986270906
-1155.448023133278 -51.91408820629121
-1154.5281563329697 -49.93408341884614
-1154.6504720899463 -49.31420959711076
-1155.3372421118618 -48.90603669166566
-1154.3811824175716 -46.94505365371705
-1153.9519926163555 -46.52588273763658
-1154.720981285274 -46.120647208690656
-1155.341838106811 -44.147378222942365
-1154.8865001353622 -42.21085860013963
-1154.7447075101734 -40.242146985530866
-1154.6905055198074 -38.24873592138292
-1153.7722379717231 -37.67253877401353
-1153.6188435706497 -35.87482573270799
-1153.3776296529174 -35.07946212768556
-1154.1884893330932 -34.51711543083192
-1154.7763525995613 -34.11713756799699
-1154.604670033157 -32.229085342884076
-1153.7065861079097 -30.865137593746198
-1152.912374303043 -30.441307084560407
-1153.8029002401233 -29.989263193607343
-1154.5627247545124 -28.183491842746747
-1154.6548260825873 -27.25905354499818
-1155.2119530814887 -25.438366608619702
-1154.3781491297484 -23.784103946685804
-1155.101141371131 -23.37635548591615
-1155.6421970504523 -21.42415149688722
-1156.174933769107 -19.466306405067456
-1155.2530380266905 -19.05052174806596
-1154.2819306629897 -17.544754045009626
-1153.4330143111945 -17.14042152643205
-1154.2240044254065 -16.627391414642346
-1153.5625123757125 -14.628862934112561
-1154.3474884408713 -14.216684656143201
-1154.0236097949744 -12.766461687088025
-1153.3348929661513 -11.011310892105115
-1154.1835068243743 -9.516350107193006
-1153.7622710245848 -7.5700465011596805
-1152.9819887059928 -6.771013216972364
-1152.5633455890418 -6.2342042493820315
-1153.5046830552817 -5.576911227703107
-1153.1575991588832 -4.047543065547956
-1152.9402539211512 -2.050079123973859
-1153.8266716080905 -1.6539217996597415
-1154.5880734401942 -0.6940016913414127
-1155.214440651536 1.2684709858894223
-1155.818795092702 2.0160677266120786
-1155.2212530452014 3.9791407418250913
-1154.799936183095 5.391920549869525
-1155.1563495475054 7.37948654413222
-1155.2549548822642 7.774761362075793
-1154.6681043583155 9.756917161941516
-1155.3224468308688 10.383342726230609
