-1051.93 -215.33
-1049.9624960947037 -215.86756296634675
-1048.0097101259232 -216.31692721128465
-1047.3326662111283 -214.8945712018013
-1045.411747865677 -214.10199560403825
-1044.887167685032 -213.75545878887178
-1042.9307494091988 -212.63781686306
-1041.1557689833642 -213.22369833469392
-1040.7785449552537 -213.751066403389
-1039.1985579061509 -214.18528311133386
-1037.3546720075608 -214.5905139911175
-1035.4123199510575 -215.01183639645578
-1033.5219543504716 -213.8054313528538
-1033.1517748761178 -212.91751848340036
-1031.196376554966 -211.85311244606973
-1029.2085640358926 -212.4639639723301
-1027.2813198494912 -211.2674502003193
-1026.1120601820946 -211.76865862488748
-1025.1242910552025 -210.48249624848367
-1023.2941065955163 -209.3714747297764
-1021.5202661681176 -209.36910437226297
-1020.3801429200173 -208.19627700924875
-1018.8434629368783 -206.44916759610177
-1019.2917527484894 -206.0787390935421
-1019.3263271677495 -204.1297270524502
-1019.657165222168 -203.50685428261758
-1018.3772819566727 -203.18244390368463
-1017.6434373784066 -201.25748066782953
-1018.1859691071511 -200.03846888422967
-1017.054098956585 -199.6833473312855
-1017.675433330536 -197.93679867863656
-1016.829935245514 -195.96709953427316
-1015.8905970382691 -194.20543240189554
-1016.4108080196381 -192.453640447855
-1015.5281798171998 -190.705486522913
-1016.3438245582581 -188.731223808527
-1015.4795114922524 -186.81022189736368
-1014.7162077355385 -186.4102004635334
-1014.075760178566 -185.99686603426935
-1013.8346039134265 -184.02530305266382
-1013.2701917964221 -182.14609711050988
-1012.7735916751624 -180.25194148898126
-1013.5175265449286 -179.90309249043466
-1014.4559178131819 -178.18103896260263
-1015.1859943050147 -177.2806132900715
-1015.2452475990356 -175.37347065091134
-1014.5544509257377 -173.37487231373788
-1013.8952853049339 -171.41151653409005
-1013.6193177069724 -171.01167409300805
-1012.836258109957 -170.24202798485757
-1012.5469811524451 -168.26083015084268
-1011.9374379481376 -167.87371735453607
-1012.9248408640922 -167.40669225335122
-1012.2451719607413 -167.01164429068567
-1011.6818626488746 -165.40676348090173
-1011.5045374448598 -165.01529799580575
-1011.0681758339704 -163.2053404915333
-1011.6986675675214 -161.50791679501535
-1012.6345344002546 -161.12502305388452
-1011.9697817976773 -160.72073088765146
-1011.3745564635099 -158.7381420004368
-1010.8483783419431 -157.68640147328378
-1010.396564912349 -155.73144470334054
-1010.0546428079904 -153.81040500283243
-1009.6575797314943 -152.24137185692788
-1009.3230023498834 -150.98129938721658
-1009.1155402179063 -149.11262463212014
-1009.5328246469796 -147.23033879876138
-1009.5689123387635 -145.32848487973214
-1009.2435846741498 -144.02587567448617
-1009.5890674109758 -142.14091502308847
-1009.2885222251714 -140.25169192433358
-1009.7695103998483 -138.38403700470926
-1009.5554305429757 -138.06940518498422
-1009.7433766241372 -136.169065104723
-1009.4065873439611 -134.25931416630746
-1009.0960492606462 -132.43664907097818
-1010.1424749608339 -130.5677785742283
-1011.211474608928 -130.1654832828045
-1010.712982159406 -128.22193639159204
-1010.2776649411023 -126.67004482626916
-1010.130997311622 -124.73338715910913
-1009.7783938761056 -122.83570473074914
-1009.4071186597646 -121.0182048547268
-1009.1043582971395 -119.20598857283593
-1008.8196105177701 -117.32342891573907
-1010.1550101454557 -115.45189993262292
-1011.0525765235723 -115.12217872023584
-1010.7689717228711 -113.16584198355676
-1010.6326076205075 -112.40333186268808
-1010.6376448090375 -110.70355688214303
-1011.0717483575643 -109.25350867390634
-1011.3998188193143 -108.9988433289528
-1013.3037796433271 -108.69337411403657
-1013.6807218606771 -107.75422914505006
-1014.128184657842 -106.64049871444703
-1015.969178300649 -107.11585180640222
-1017.4246582801641 -106.24860243678094
-1018.7200776155294 -105.40727643847467
-1019.1220807845891 -106.17308269619943
-1019.531837206632 -105.29149322390558
-1020.2262152846158 -104.5152050125599
-1020.621090155393 -105.40398977875711
-1022.0786665494741 -104.61979226946832
-1023.257735234052 -104.33454455614091
-1023.6505328829587 -105.24614907979966
-1024.2324375326932 -104.79655288338662
-1024.631824951917 -105.55391948103906
-1026.6237115676702 -104.63681630969049
-1027.5211735184491 -103.69261186003686
-1029.4149210865796 -102.86899767994882
-1031.3495612557233 -101.8692500460148
-1031.469020407945 -100.13835095047952
-1031.153221141845 -99.46969978690149
-1031.6481796617807 -99.0706637966633
-1031.321639340669 -98.7090858089924
-1031.9704861457647 -98.4011406171322
-1033.1947812850774 -98.07034121632577
-1032.7018500681222 -96.1335733997822
-1033.6100982542337 -94.6443680393696
-1034.4178750033677 -92.6718052494526
-1034.2046605314315 -90.68159161686899
-1033.6859545077384 -90.21707557320596
-1033.1782181228698 -88.29373549103738
-1032.682532247454 -86.58536480545999
-1032.593046155125 -86.22370021224023
-1033.76041337505 -85.8411190378666
-1034.750439014584 -85.46089874386789
-1034.1069408918918 -83.46803270459176
-1033.4988384510577 -81.52071272015573
-1032.9616432453693 -81.014935182333
-1032.5001482333244 -79.47532467722894
-1033.2706692780555 -77.65905766367914
-1032.856657948643 -75.69427780985833
-1034.1188321973384 -73.78844134688379
-1034.1437889899314 -71.92626552462579
-1035.2601684893668 -69.97638683199884
-1034.720928605944 -68.01948766589166
-1034.8199659998716 -66.15677194476129
-1034.3100996430219 -65.79136894822122
-1035.4865777905286 -65.45186393141748
-1036.2162320430577 -64.46466694951059
-1037.0737935717405 -62.467583881616605
-1036.9045423085988 -62.06810645937921
-1036.2227077300847 -60.13393370985986
-1036.4146699722112 -58.27698986411096
-1037.8995882089437 -56.545673416852964
-1037.9479336555303 -55.23456160902978
-1037.5527801330388 -53.80650107741357
-1038.108428579122 -51.91707782626153
-1039.3898380811513 -50.03991000533105
-1039.7023674662412 -48.08699600577356
-1040.7353120262921 -46.12730829596521
-1040.3650834973157 -44.21020476698877
-1041.314578038007 -42.22183542132379
-1042.163813930303 -40.22290103316308
-1042.909144204408 -39.69264029145242
-1041.9734336550534 -37.70110033631326
-1042.212406512648 -35.7017364370823
-1041.5166237320007 -35.294015990495694
-1042.341538783461 -33.74069665551187
-1042.6114927496017 -31.745567070245755
-1043.307728883177 -29.75005541920663
-1043.9097977842391 -27.783029543161405
-1042.9462218250335 -25.809277044534696
-1042.0129469002784 -23.817787872552884
-1042.6513328517974 -21.81839655518533
-1041.612592932135 -19.848865972757352
-1042.296249922663 -17.85577188611032
-1042.7812644208968 -15.87238632321359
-1042.226474520117 -14.771282421350492
-1042.5796014632285 -14.06392787575723
-1041.6393179263175 -12.141471968889249
-1040.9566277827323 -10.502769814729703
-1040.0151393379272 -8.547159539461148
-1039.0319254364074 -7.8299592602253085
-1038.338077005297 -5.8340908157825595
-1037.9988708163798 -3.923731194734586
-1038.3506328727306 -2.729140149354947
-1038.3577838207782 -0.8447949755191928
-1039.8239493633807 -0.5643744337558871
-1041.2107916142047 1.1527288091182584
-1041.249144461304 3.003029359579074
-1041.6345442797244 4.861478580236422
-1041.7610305811465 6.632292760610568
-1043.5618428255618 8.086081279516208
-1044.5477365519107 7.603363646268832
-1044.8678589130939 7.331580175161349
-1045.2541185881198 8.109419239759433
-1045.5966929461063 7.757408155202853
-1047.0312768484653 7.919828189611422
-1048.778025534302 9.299337161779391
-1049.1562677289546 10.285506976842868
-1049.628559794575 11.174201501607882
-1051.5984077121318 11.963020933866488
-1052.0605210329593 12.703084243535983
-1053.9746197725833 13.380588067769992
-1055.9530095125735 13.916368736028659
-1057.91783538118 14.025430930852878
-1058.3256286646426 14.461405111551272
-1058.6859854127467 14.931744081974017
-1060.6167848969997 14.911659373044955
-1060.9566020037234 15.32829277038573
-1062.7632813717426 15.689601523876178
-1064.4166423346103 16.02274028778075
-1064.9867255355418 16.17130200386046
-1066.4320906068385 16.452691478729236
-1068.3123773004115 16.732879920005786
-1070.1366902257503 16.990151567459094
-1071.9692748452724 15.631299657821643
-1073.8654101754726 15.863692684173571
-1075.3897097970546 15.86208428263663
-1077.2769034768642 15.724324358701693
-1077.7699703241885 16.075073463916766
-1079.626311209351 15.019946081638324
-1081.5591448809207 15.422184122800815
-1082.0846373702586 15.767669661045062
-1082.8573159839214 16.00780393004416
-1083.1856562758983 16.365899635553347
-1085.0781681205333 16.65815423250197
-1085.35994973436 16.938503069877612
-1086.5257097746432 16.911260051727282
-1086.8117313052715 17.191472394466388
-1087.074029352814 17.43308351755141
-1088.9167460466922 17.639163715839373
-1090.7303301359714 17.986387087106692
-1092.5428129698337 18.234571171998965
-1093.2218461300433 17.418649448156344
-1094.9808848167957 17.667401803731906
-1096.8286185528339 17.701573981046664
-1098.670803334862 17.941510034799563
-1100.5219867493213 18.169929457902896
-1101.6343257690967 16.951962424516665
-1103.382881190926 15.669576121568667
-1104.9604172970355 16.118591977357852
-1106.8856640125812 14.906108690500247
-1107.9657193686069 15.421618355512607
-1109.8501311804355 15.701341552734362
-1111.7912299896777 16.131032211780536
-1113.5504377152026 16.42733885169028
-1114.5029449726642 16.614821834564196
-1114.961154666096 16.967233343124377
-1115.3241991068423 17.268511964082705
-1115.9994164372981 17.556629998683917
-1117.8557300235332 17.801486833095538
-1119.7131163741649 16.824449284076678
-1120.501460042149 15.62557767152785
-1121.72277542606 14.63064496040343
-1122.4836838509143 15.18136130094527
-1124.4088583256305 15.677868915796267
-1126.3552663590015 14.816033138036715
-1126.7296719814838 15.353750241994845
-1127.640166785866 15.824984563589084
-1129.5383413101733 15.204465104341494
-1131.4979352022708 14.118694974184024
-1133.4832774664462 14.633130623102176
-1133.8629278804362 15.18798656582831
-1135.794016328007 15.530331028699862
-1137.6901950503886 15.961179776191699
-1139.624823537022 15.207252247333514
-1141.5840918685496 15.688658459186541
-1142.1803532506526 16.129356188774096
-1144.101959552914 16.495051516294467
-1144.4156633283199 16.384182436466205
-1146.3340106870235 16.27079467296599
-1148.2622021104396 15.069037361145007
-1150.2276544238628 15.551790935993182
-1152.1786887313426 14.467209084033954
-1152.5580457116664 15.025468094348895
