-1051.93 -215.33
-1053.7183861064912 -216.0059211421013
-1055.3333579826356 -215.51892133235933
-1057.2917775440217 -216.11398674726487
-1058.610535197258 -216.1694427895546
-1059.9364408779145 -216.45498581409456
-1061.8427205610276 -215.89712996959688
-1062.9101316261292 -216.44659502983095
-1063.511233739853 -216.4894692617655
-1065.390106253624 -216.9837568718195
-1066.2251577305794 -217.28989860594274
-1066.8239501643181 -217.35436323463918
-1067.6303180384637 -217.81208384215833
-1068.7039837765694 -217.76203566968442
-1069.7841209101678 -218.07583117663862
-1070.4543024230004 -217.15120637595655
-1072.2095105576516 -216.49487984359266
-1073.6207410025597 -215.71972215354444
-1074.8078213858605 -216.3838871139288
-1076.166288368702 -216.65202921807767
-1078.0493593144417 -217.08037215650083
-1079.9772043156624 -217.09098023355008
-1080.7513840723038 -216.47569459855558
-1082.6888856220246 -216.76737457692624
-1083.320146613121 -216.7362799215317
-1084.007033340931 -217.05466915845872
-1084.822332494259 -216.17750103950502
-1086.7648626494408 -216.28674306154252
-1087.3952706980706 -216.78435804128648
-1089.2283979582787 -217.30481280565263
-1091.1224757361413 -217.7828833627701
-1091.7302355694771 -216.95799388170244
-1092.4458278346062 -216.33527387857438
-1094.0591540265084 -216.28193484425546
-1095.5172729420663 -216.853992985487
-1096.1229298043252 -216.5210401582718
-1097.4647927212716 -216.9538350570202
-1098.2969773936272 -216.49970649361612
-1100.1605149435998 -217.07436727166177
-1101.0207526612282 -216.68574781894685
-1102.4144704270363 -216.82549275636674
-1104.219634525776 -217.35024787664415
-1105.8773560452462 -216.7700156736374
-1107.4440481591225 -217.2883473801613
-1108.284559659958 -217.66932998776437
-1109.7470194625855 -217.49273838281633
-1110.8220612335206 -217.93011264681817
-1112.6686913299561 -217.05549602389337
-1114.186817817688 -217.36378558158876
-1114.9222389388085 -217.6186925339699
-1115.6061114001275 -216.8132221865654
-1117.5123423266411 -216.1691268849373
-1119.2453716921807 -216.5741166639328
-1120.7021192240716 -216.07410283565522
-1121.9715034890176 -215.45570345401765
-1123.4573016095162 -215.0896081197262
-1124.9460655379296 -214.68126450657846
-1125.849361770153 -215.3612549173832
-1127.832148783207 -214.73180781483651
-1129.2213388609887 -214.8887247759104
-1130.7113915610314 -214.32505104124547
-1131.7805981564522 -214.23627118945123
-1133.5651279616357 -215.087293432951
-1135.4054604697228 -215.17973046928645
-1136.546222202778 -214.86030071407558
-1138.4522166180611 -214.32925980716945
-1140.4418003487588 -214.29143720299007
-1142.2801155972481 -213.8706136289239
-1143.9604474234582 -213.6792289558053
-1144.614563100338 -213.1784299555421
-1146.1750954318047 -211.86824309259654
-1147.170084528923 -210.85763656526805
-1146.8022217381001 -208.9080101194978
-1146.439929329157 -206.93381440073253
-1146.0725915360451 -206.27112852960826
-1146.324049525261 -204.72215485006572
-1146.1869200992585 -203.60990106493236
-1147.0908885526658 -202.28711842924358
-1147.99247317791 -201.69291835457088
-1147.6418822336198 -199.80071466594936
-1148.4312913942338 -197.96213751465083
-1149.0107536244393 -197.3249558749795
-1148.3363167572022 -196.6576179805398
-1149.0683897066117 -195.79140084415675
-1148.5806326496602 -194.93858688503505
-1149.3262391912938 -193.86889463096858
-1150.0390807020665 -191.8866310659051
-1150.6405651795865 -191.23282288938762
-1151.2241515147687 -189.7184232416749
-1151.5937397110463 -188.19344543844463
-1153.2467267143727 -186.75536775022746
-1154.867993079424 -186.2551813068986
-1156.4170823919774 -185.51132147938014
-1158.3502378094197 -185.80184068709613
-1159.9510352241994 -184.6808568480611
-1160.57630779624 -183.69735928803684
-1161.3176041471959 -182.86468031436206
-1163.0650395977498 -183.30733441740276
-1164.392509304285 -183.460022354424
-1166.222149335146 -183.0680682602525
-1166.9438504803181 -182.29246729046108
-1168.4393627274037 -182.2195900771022
-1169.201931141615 -181.8487832042575
-1171.0948795306683 -180.8615880700946
-1172.1894847381116 -179.44343073099853
-1173.1219598281384 -177.93322474688293
-1173.2567414271832 -176.3565147611499
-1174.156780742407 -174.41924781531097
-1173.8108063566685 -172.46352417200805
-1173.6422550904751 -171.22514934271575
-1173.2537437605858 -169.50365526407958
-1173.6657126772404 -168.21614093512298
-1173.9450328576565 -166.40445012778045
-1174.0823757576943 -164.4355387184024
-1174.4827651011944 -163.7377687188983
-1175.1296644437314 -163.0078823658824
-1175.0697949755192 -161.82430780857803
-1175.8487451303006 -160.72082234352828
-1176.44670268178 -159.65620077580215
-1176.5444440844656 -157.83593071430923
-1176.9673468771578 -155.85696209400894
-1177.1115963163973 -155.3317498061061
-1176.7859900298715 -154.28223348587753
-1176.697622806132 -152.64183450669051
-1175.6368959251047 -151.6462669464946
-1175.5118308368326 -149.8641965481639
-1174.4205661121011 -148.6149494740367
-1174.3760002556444 -146.89427019089462
-1174.0680296722055 -145.44447113007308
-1174.1696215870977 -143.63980926007034
-1173.3703737261892 -142.96416820019485
-1172.8965733650327 -141.27560628384353
-1172.9683741334081 -139.43540991276504
-1172.70651578933 -138.03723157376052
-1172.473115504086 -136.59939135044814
-1170.937994182408 -136.33846146792175
-1170.803679585755 -134.61663419932128
-1169.8222004774213 -133.76452226370574
-1169.3765329125524 -132.5086966249347
-1168.80685842067 -132.58145273655654
-1167.296501159966 -132.01641322106124
-1166.2820658686758 -130.35109222859145
-1166.2955154779554 -129.77622521847488
-1166.3308037522436 -128.2187947127223
-1166.236728310883 -126.92869711846114
-1165.2273619177938 -126.18167848318816
-1165.4629014137388 -125.0467709991336
-1165.6071669462324 -123.34307653635742
-1165.8200702372194 -121.45663649767639
-1164.944159835875 -120.61202234953643
-1164.1275249424577 -118.85117275446655
-1163.5652684870363 -116.99116713732482
-1163.0265754166246 -115.63540739744903
-1163.2699844542146 -114.66314370363952
-1163.5613734427095 -112.73387331694366
-1162.8456927242876 -112.0258416029811
-1163.189764559567 -110.79621304005386
-1162.2469621303678 -108.92138541668655
-1161.8324402573705 -107.03997362583877
-1162.15249109298 -105.26214540928603
-1162.6244640353323 -103.78517354458572
-1161.6978293064237 -102.141924867332
-1161.1576520803571 -101.36514694422485
-1160.607179761231 -99.48269302576782
-1159.9704693558813 -98.73869247168304
-1160.552926004231 -96.98392719954253
-1161.1703963282705 -96.1302443239093
-1161.758499801457 -94.73094267576934
-1161.019940018952 -94.10326457947494
-1161.1957921388746 -92.98944223850967
-1161.7861678007246 -91.23848784893752
-1162.302555859387 -90.5409692618251
-1161.4437381628156 -88.64775622814895
-1161.7542770507932 -87.24628759354354
-1161.8080852481723 -86.50004799097778
-1161.4836801740528 -84.50827462404968
-1161.9805647584797 -82.53054446905853
-1162.4424020501972 -81.91704971522094
-1162.4510020318628 -81.06114895075561
-1162.3559958341718 -79.11591202944518
-1162.6673272553087 -78.28483278483154
-1162.1550498309732 -77.40218598574401
-1162.407331288159 -75.53530628412963
-1161.7736471298338 -73.96697623461486
-1162.0944932702184 -72.22796065539123
-1162.4811383488775 -70.39928562372924
-1162.718587845862 -68.73578960627319
-1163.0787458124757 -66.9090015384555
-1162.608040124476 -65.18969769209625
-1162.5287114682794 -64.3218444082141
-1162.8366380336881 -63.217315385043634
-1162.2001673582197 -61.789821812808526
-1162.474952519238 -60.852701494395745
-1161.8195146921278 -60.23986376255752
-1161.3615074756742 -59.636748382747186
-1160.8366971614957 -57.99270660609008
-1160.893102594018 -56.4736349079013
-1160.945495993197 -55.03062374323608
-1161.3038528564573 -53.52613479822875
-1160.8561210039259 -52.87025774449111
-1160.1602766516805 -51.063446411788476
-1160.3291130366922 -49.60897041291
-1160.42015019089 -48.48322142094375
-1161.0807535353304 -47.680106291472924
-1160.929082647264 -46.63947916954757
-1160.3679370436073 -45.931653151214135
-1160.011099651754 -44.06377209156753
-1160.7816584262252 -42.899362930953515
-1160.8854297104479 -42.18162597149612
-1160.2657005491853 -41.06811393231155
-1160.9939636293054 -39.07750380963088
-1161.1238466206194 -37.08670986622573
-1161.7147771421076 -35.198694357574
-1160.9820416274667 -33.23238099545242
-1160.308654100001 -32.22437036961318
-1159.765126258433 -30.269289145171655
-1159.9561431708933 -29.242919692695153
-1160.3066152337194 -27.773381004035485
-1159.692068875134 -25.96574700802566
-1159.8189498487116 -25.278593191802514
-1160.6149261894823 -23.572650441825402
-1161.1678813400865 -21.621010431945336
-1161.2279326434434 -19.705194244086755
-1160.6347635503114 -18.561292538344873
-1161.340240251571 -17.17363501518966
-1161.8833381052316 -15.182833442389978
-1162.2283742840589 -13.230247268378747
-1161.254513424188 -12.391707071959985
-1161.6742318685353 -10.410935768783105
-1161.0378653223813 -8.463847050368798
-1160.4399017508329 -7.54344440430404
-1160.2656248922647 -5.825710067451013
-1160.4568384106458 -4.038956055343164
-1160.60492473498 -3.3995058032870418
-1159.8404256667197 -1.8225997182726985
-1160.4319654668868 -0.7088669034838802
-1160.3710102702678 1.2596323993801946
-1159.6123064424098 3.181163361370551
-1159.9839302565158 5.173592140972602
