-1051.93 -215.33
-1052.370451681614 -216.14781327724458
-1052.853362493515 -216.8445452618599
-1054.3049644756318 -215.8866802620888
-1054.917996697426 -216.64128346920015
-1056.115285449028 -217.27824540615083
-1057.5620449113846 -217.55559154033662
-1059.5263801145554 -218.11621649742128
-1059.8887063193322 -218.59328253746034
-1061.7369515824319 -219.0322204399109
-1063.666646592617 -219.4263673889637
-1065.2702381539345 -219.78921248197557
-1066.9430863785744 -220.07822035431863
-1068.79602216959 -218.7738011944294
-1070.7350218224526 -219.1533486711979
-1072.3021922039986 -219.540264980793
-1073.0272474217415 -219.71527476787568
-1073.380705766678 -220.01453150987626
-1075.1912419128419 -220.33035056471826
-1075.4620083498955 -220.5852484571934
-1077.1672586131097 -219.77991424679757
-1078.7768272089959 -220.08827166438104
-1080.6621941256524 -220.02406265020372
-1080.9663842248917 -220.32145510792733
-1081.5517468380929 -219.01185642361642
-1083.3202387022973 -218.75106053233148
-1085.264204375744 -219.16785516023637
-1086.7465790438653 -218.6554321217537
-1088.101856224537 -218.8956515657902
-1090.019186012745 -217.6959717142582
-1090.391749970913 -216.63462577939035
-1090.8202183771134 -216.048890696764
-1091.2523422169686 -216.71891056180002
-1091.6944727230073 -217.3509578573704
-1093.6741444396973 -217.93096046328546
-1095.1300752687455 -218.44768457293512
-1096.3205712366105 -217.30545191645624
-1098.3003569173814 -217.01582111597062
-1100.2872202920914 -217.56144519329072
-1101.457957201004 -218.1091705131531
-1101.8247495222092 -218.56484191298486
-1102.2676125097275 -219.00711466550828
-1104.1433096456528 -219.41929723501207
-1104.7158533859254 -219.75355144023897
-1106.372480802536 -218.48815830230714
-1108.0983022975922 -218.74837978363038
-1110.024270348549 -219.1638493704796
-1111.805919699669 -217.94616677045823
-1112.2369292902947 -218.45796539068223
-1114.1914310383797 -217.41278077840806
-1116.0999596047402 -217.9460831451416
-1116.6693958568574 -218.4263408946991
-1118.2907971668244 -217.51902003765107
-1119.8411363887788 -217.54048232913019
-1121.7859279441834 -218.09151457428933
-1123.5328256416321 -218.19412385106088
-1125.1766768026353 -218.42336772561075
-1126.838438563347 -217.30101572155954
-1128.664862446785 -216.5228371489048
-1130.640286974907 -217.19765280365945
-1131.0095338749886 -216.1861992943287
-1132.9594249653817 -215.6415034401417
-1134.82261084795 -215.934603856802
-1134.9309154677392 -215.84120671629907
-1135.536704890728 -215.74634032130243
-1135.4078040647507 -214.47387306571008
-1135.5764134454728 -214.34916840672494
-1137.0994687604905 -214.2303424346447
-1137.2319554316998 -212.35637431025506
-1138.58223762393 -210.60500686049463
-1138.4358867633343 -208.79852359175683
-1138.6049322116376 -208.3778367507458
-1139.8461250293255 -208.05598358988763
-1139.5588557052613 -206.38226609110833
-1140.0068554210663 -204.47575716853143
-1139.4112343120576 -202.4931382405758
-1139.2997270751 -202.0687733757496
-1139.1406104791165 -201.70518015503885
-1138.6808315742016 -201.33189152359964
-1138.4296003210545 -199.48130320191385
-1139.8852017748357 -198.0505666601658
-1139.80188783288 -197.87861649870874
-1141.4176669943333 -196.22179059863092
-1142.9340077269078 -194.46331910967828
-1142.9012282717229 -194.0369489657879
-1142.873794041872 -193.9171438086033
-1143.2162003147603 -192.175980912447
-1143.7951279509068 -191.03717218518258
-1144.844158254862 -189.14180241703988
-1144.8346423137189 -187.4744359123707
-1145.2697310674191 -187.22218178391458
-1147.0931120145322 -187.43993590950967
-1147.2756490933896 -186.26633380532266
-1148.1234820115567 -184.99213992238046
-1148.7604461538792 -184.09014706492425
-1150.7418528425694 -184.79351167559625
-1152.0358463156224 -185.438319491148
-1152.4123920428754 -185.76321159482004
-1153.8663900125027 -184.6990611422062
-1154.2580481994153 -183.7424611914158
-1156.1150950419903 -182.80326532006265
-1158.1063179004193 -183.12737171530725
-1158.5125957357884 -183.445073800087
-1160.4980758059025 -183.8858496117592
-1162.337967478037 -184.18421761870385
-1162.8360954749585 -184.74569885611535
-1164.0550070035458 -184.12743298888208
-1165.490029000044 -184.72734038710595
-1166.2181428897381 -185.23173241496087
-1168.1712061393262 -184.10392289042474
-1170.0506717193127 -184.33641599297525
-1171.656360410452 -182.8356886970997
-1173.087631725073 -182.62236933588983
-1173.1840948688985 -180.69709424853326
-1174.5100266563893 -180.28042070746423
-1173.914413176775 -178.3021905887127
-1174.464627467394 -176.7940643298626
-1175.4023483622075 -176.39708124279977
-1176.1812168586255 -175.99768768429757
-1175.4097124564648 -174.27747307896615
-1174.8242876756192 -173.8249670135975
-1175.72768922925 -171.88653932690622
-1176.514589868784 -170.25337968945504
-1177.1889289844037 -168.26837693333627
-1177.8107882368565 -167.85562841773034
-1178.3261270153523 -167.44538568139077
-1178.4634058701993 -167.03447352528573
-1178.8827771770955 -165.53749059319497
-1177.7226279604436 -165.19124017834665
-1178.1739717948437 -163.2250038254261
-1177.253074311018 -162.86036746382715
-1176.3413036692143 -162.16110281825067
-1175.4697085249425 -161.64330385804178
-1176.0004073607922 -161.23741959214212
-1175.1691118705273 -160.36396466374399
-1174.7403381991387 -158.38277875065805
-1173.6244500803948 -156.4389511215687
-1173.046269171238 -156.08865492224695
-1173.1116606223584 -155.36020665049554
-1173.6349144208432 -153.582295345068
-1172.5232454764844 -151.6641325223446
-1173.167854152918 -150.05953459620477
-1173.742078267336 -149.66738365769388
-1172.5690784084798 -148.03344653725625
-1172.500894703269 -147.64985446810724
-1171.461804189086 -147.1704984176159
-1171.9829621094466 -146.6747332084179
-1171.2839823144675 -146.22375516772271
-1171.6501827317477 -144.56202511668207
-1171.432901390195 -144.4996372330189
-1171.3940680700541 -144.11528088331224
-1171.3401717025042 -144.07127060174943
-1171.2813359576464 -143.65657378911973
-1169.5272170382739 -142.29966832876207
-1169.2511816698313 -142.20329775094987
-1168.9303239661456 -142.13306345224382
-1168.679227181077 -142.27607502222062
-1166.8508737760783 -141.94037346720697
-1165.2376341301203 -140.56689934611322
-1163.8230018097163 -140.04809777617456
-1162.617526717782 -139.71976243138315
-1161.9157735782862 -137.748508797884
-1161.1576331335307 -137.3593485224247
-1161.9011901694537 -136.75460748553277
-1160.9643360453845 -136.36110137581827
-1161.7150647717715 -134.5479380953312
-1161.5703373330832 -132.6090247499943
-1162.2699236649275 -132.21311734795572
-1161.4242170232535 -131.82762663245202
-1162.1415769833327 -130.1579581964016
-1161.2437428015471 -129.7700207102299
-1161.7411191540957 -129.0252757537365
-1161.4141754585505 -128.05732082009317
-1162.0889706093074 -127.13813875794412
-1161.1235068517924 -126.73738782286645
-1161.8759115415812 -126.20033483386041
-1162.123562179804 -124.39474944949151
-1162.5572076368333 -122.65155868411065
-1163.134093337059 -122.23723660588266
-1162.5616321492196 -120.34051488518716
-1163.1262507963181 -119.89706365942956
-1162.7533867287636 -119.50916586995126
-1161.717825882435 -117.53435085892679
-1160.8013546395302 -117.12924711585046
-1160.488281004429 -115.22351496100427
-1159.7754705476762 -114.49035136580468
-1160.6885001587868 -113.28734080672265
-1161.4672332930566 -111.28889219641687
-1162.0169297385216 -109.29870955824853
-1162.5707635211945 -108.43056766867639
-1162.9907013702393 -107.62598566889764
-1163.280185662508 -105.67661123156549
-1162.3378461229802 -104.69532685160638
-1161.6624952185155 -102.77071874022485
-1161.7213592979313 -102.04082136034967
-1160.9583229276539 -101.64605407595636
-1161.7243640872837 -101.22546963572503
-1161.4910416308046 -100.83176236033441
-1160.6835998001695 -98.83711318850519
-1159.890816897452 -98.35887395024301
-1160.599273711741 -97.9622688162327
-1159.813633710444 -96.0036482679844
-1160.5728649798036 -94.8046258556843
-1160.8276265862585 -92.99828563809396
-1160.0145219567419 -91.010391818285
-1159.4364269974828 -90.46834008574487
-1158.816274047196 -89.53200785994531
-1159.83952796489 -89.05600516676904
-1160.7487285140157 -87.06260530829431
-1161.6793019774557 -85.08877889990808
-1161.4807078692318 -83.09856288313867
-1160.9934959861637 -81.112347291708
-1160.3852451893688 -79.88293676257135
-1161.1430426093937 -77.93234853625299
-1160.426087960899 -77.51049094080926
-1159.8438475582004 -75.52591829180719
-1159.274291560352 -73.5878955590725
-1160.1621381494404 -71.62185542464258
-1161.0240673276783 -69.63601260066034
-1160.4935245963932 -69.22149883389474
-1160.2267337593437 -68.826769040823
-1160.2654536369444 -68.2269936668873
-1160.8939205411077 -66.25603018879892
-1161.795345902741 -64.26105223774911
-1162.1583458784223 -62.94922076344491
-1162.191205174029 -61.100635157823575
-1162.9320866766573 -59.10221205830575
-1163.4152456226946 -58.64770417094232
-1163.5404025170208 -56.77594678282739
-1162.9377488943935 -56.35302166819574
-1163.589716539085 -54.734008716344846
-1162.5858719202877 -53.79719875931741
-1161.7062284204364 -51.81625865578653
-1162.5021174404026 -49.81637524247171
-1162.5589662644268 -49.37073050618173
-1161.5712493512035 -48.56553761839868
-1161.04747264117 -46.67506449103357
-1160.467978105247 -44.70852415442468
-1159.7127695533634 -42.776653574705136
-1160.614951595962 -40.78152518153192
-1159.8572242113949 -38.78445761084558
-1160.7559684368969 -36.90090613245965
-1159.9520890566707 -34.91838889002801
-1160.8404871079326 -34.51491998314859
-1160.5377833101154 -33.018370734453214
-1161.3470666858555 -31.039602862596524
-1162.0605860206485 -29.048982726335538
-1162.5612695667148 -28.598163949251187
-1161.5497676584125 -26.61789094090463
-1162.251427576244 -24.948711143732083
-1162.8756672593952 -22.997950779199613
-1161.9022648188472 -22.627488600015653
-1160.9673333022 -22.075662182569516
-1161.7344651076198 -21.67351095557214
-1162.4154193851352 -19.840258644819272
-1162.9349230381847 -18.00202112078668
-1161.8636346909404 -16.033515619039548
-1162.5199839922786 -14.621735500097287
-1162.967103585899 -13.166232632398618
-1162.4121916148067 -11.24660496592523
-1162.626196846664 -10.34010784506799
-1161.4753123375774 -9.907394872903836
-1160.8445229384304 -7.944497333765042
-1161.5021294209362 -5.965363727808011
-1160.8792686912418 -3.986136661767972
-1159.9502339217067 -2.2347731459140903
-1160.7182401868702 -1.462143765687955
-1160.1527833196521 0.5317255389690274
-1159.9342797401548 2.4832962882518643
-1160.3861420157552 4.482822788953769
