-1051.93 -215.33
-1051.5382574725152 -215.71579323887826
-1049.808416478634 -214.59595607399942
-1048.8869978117943 -215.0214047598839
-1047.0180054831505 -213.82338895082475
-1045.084111802578 -212.96499206304551
-1043.172566883564 -213.08019194185735
-1042.4762161302567 -212.20835140526296
-1042.0634974169732 -212.12589618742467
-1041.6579967069626 -211.41449472486974
-1041.1715338158608 -210.98830041468145
-1039.632715098858 -210.71834436237813
-1038.5979765582085 -210.46095082342626
-1037.0530466961861 -210.74681407392026
-1035.2194061207772 -211.2751476186514
-1033.334207289219 -211.20269172072412
-1032.3961381840707 -211.54246299147607
-1031.6908288526536 -210.8608140218258
-1030.1676747131348 -210.26508765101434
-1028.2448601055146 -211.10021482586862
-1027.5832083153725 -211.296633990407
-1025.6333906579018 -212.03616944134237
-1023.6360599923134 -211.4024781304598
-1023.0343378710747 -211.1484784203768
-1022.2585197019578 -210.59254738867284
-1020.3927833366395 -209.59438941061498
-1019.383873038292 -209.42314830601217
-1018.8214164304734 -209.35952505648137
-1017.6714931058884 -207.43661818087102
-1018.0425646829606 -205.53102192461492
-1018.0833617079259 -204.87859371483327
-1018.087491773367 -203.0000431853533
-1016.9995812404156 -201.0393109637499
-1016.1006791818143 -199.18337157547475
-1016.497155212164 -197.23576465427877
-1017.0858562219144 -195.3546048718691
-1017.4792859780789 -193.7516951876879
-1016.5440389144421 -191.80188921272756
-1015.844863318205 -189.8111055213213
-1015.0318621623517 -188.38960460007192
-1014.5816259014607 -186.66140940964223
-1014.5250304865838 -184.67179921448232
-1013.8916988301278 -183.40349856197835
-1013.3146383690835 -181.91779676258565
-1012.7949849295617 -180.23350480377675
-1012.8830547261239 -178.33986023247243
-1013.6026601719857 -177.53937545597555
-1013.0556414651871 -176.2314918357134
-1012.6055002141 -174.94155600845815
-1012.2206171679497 -173.43749132931234
-1011.8233618068696 -171.51087942898275
-1011.5473149049283 -170.09824195683004
-1011.6703003871442 -169.7868540006876
-1012.8984436023236 -169.35847881615163
-1012.596900753975 -167.40560892403127
-1012.1692740547658 -166.72069969952108
-1012.3468901890517 -164.9444715100527
-1011.9904255646468 -164.34646323502065
-1012.5978291410208 -162.5548699218035
-1012.3239980715514 -162.08585086643697
-1013.2984967011214 -160.5222143250704
-1013.7369419115782 -158.93354192554952
-1013.7318861413003 -158.09258869469167
-1013.7327370870114 -157.16439607918264
-1013.3313924896718 -156.43832281410695
-1013.3450047898293 -154.98926642715932
-1014.402666323185 -153.52144280254842
-1013.8959177064896 -151.591773660779
-1013.3346128988267 -149.63295450985433
-1012.8777037489415 -148.16342297375203
-1012.551271699667 -146.46491840660573
-1012.2613148915768 -144.6196241694689
-1013.5661792981625 -142.7439816313982
-1014.6871022212506 -140.825673134923
-1014.9722850549222 -139.83143928825857
-1014.586547755003 -139.32816240370275
-1015.290551327467 -137.65771660387517
-1016.2058511006833 -135.7259033638239
-1015.4740943539143 -133.82315167963506
-1015.3982234078646 -132.05326447069646
-1016.019791610837 -130.07387420713903
-1016.3860075849295 -129.59468653976919
-1015.6944196599723 -127.64632967293264
-1015.2528960484267 -126.379677208066
-1015.8229958790541 -124.40640989124776
-1016.124785013795 -122.51861635029317
-1015.4065464216471 -120.52168563187124
-1015.9976489621401 -118.98053983032705
-1015.4386131840945 -118.59721312105657
-1015.2534571963549 -116.73059663355352
-1015.5174388962985 -114.96715840876104
-1017.061533458829 -113.30959269583227
-1017.4813423830271 -111.69146999895574
-1017.6661620813609 -111.29663455665113
-1018.8208854871989 -109.99182570159437
-1019.2734458523989 -109.74211131215097
-1020.605490692258 -108.6475418674946
-1021.6649134236575 -107.5427290070057
-1022.254117794633 -107.76251222372056
-1023.4684191423655 -106.983446495533
-1024.1733328777552 -106.83060880184175
-1025.0453751760722 -105.2178061771393
-1026.5650177675486 -104.63425304174424
-1026.4461447376013 -102.71218384981157
-1027.6021355766059 -101.7095275092125
-1027.568303861022 -99.898112552166
-1027.6187978613377 -97.9527075457573
-1027.370754622221 -96.01078368902208
-1026.9305641281605 -94.08968343019487
-1027.1683110821248 -92.3906765151024
-1027.135350726843 -92.0356885957718
-1027.4762522506715 -90.49914784908296
-1028.9907595443726 -89.30229325771333
-1030.537569217682 -87.88303609371187
-1031.6314533281327 -87.10790331840516
-1032.417795650959 -85.31841547966005
-1031.951753102541 -84.3786685037613
-1032.8250712382794 -82.60120864391328
-1032.0308147895337 -80.7072579431534
-1031.375456236601 -78.82213755130769
-1032.3258830535412 -76.8589410352707
-1033.161361836195 -74.86142619132997
-1032.399485372305 -73.84124370098115
-1031.7542374956608 -73.25272263765336
-1031.1749670135976 -71.26173497915269
-1031.7751400101185 -70.86939300775529
-1032.0869683849812 -70.33366878509523
-1032.0993883761764 -69.19406075954439
-1032.588207319677 -67.20204825878145
-1032.0467785152794 -66.27666206836702
-1031.3309658917785 -64.93722601413728
-1031.2421588602663 -62.96579833507539
-1031.8870770636202 -61.12492962360383
-1031.3470769825578 -60.71948565721513
-1030.7451227012277 -59.48363186597825
-1031.6665770712495 -57.50829841375352
-1031.337879061997 -56.58882500410081
-1032.1641985180975 -54.773203508853925
-1033.3652731183172 -54.419328169822705
-1034.2428950074316 -53.28304894447328
-1034.1978916230798 -51.397517518997205
-1034.2390248778463 -49.55113728523256
-1035.2685416939855 -48.933262543678296
-1034.7071025374532 -47.561978058815015
-1034.9198225292564 -45.60079951763154
-1035.9157481941581 -45.18338068008424
-1035.5950123521686 -43.33681352615358
-1035.2111610624195 -41.34917171478273
-1035.869405553043 -40.24113138198854
-1035.6549287590385 -38.64642222404481
-1035.0377175959945 -36.787959175109876
-1034.598157927692 -35.073218898773206
-1034.0607159587742 -33.102420525550855
-1035.1450474712253 -32.70962192296983
-1034.7107964012027 -31.07320310354234
-1034.3482828590274 -29.121188657283795
-1034.8008599731327 -27.17511870145799
-1035.812088534534 -25.38521780252458
-1035.715750038922 -24.142752306461347
-1036.513054251969 -22.268015282154096
-1037.1604263189436 -20.27129949808122
-1036.9396557363868 -19.84093435287477
-1037.7070666703582 -17.879172163009656
-1037.5108957442642 -16.672080950737012
-1037.7512094381452 -14.694097714424146
-1037.4387091699243 -12.815491037368787
-1036.9819759729505 -10.82719858169557
-1037.4145359697939 -8.921493248939527
-1037.9161536994577 -6.938864784240735
-1037.8712615299225 -5.013030605316175
-1038.2962914633752 -4.288986997604383
-1038.0905536341668 -2.306964950561536
-1037.8061063218117 -0.3222332763672
-1038.0300792831183 1.6391963195800656
-1037.4135208505393 3.4960996341705197
-1038.5802375453711 5.382283849716174
-1039.5136666673422 7.313892526626574
-1040.3390971797705 8.957491083145129
-1042.035614885688 10.512801094055163
-1042.5706223624945 11.567449135780322
-1044.1688154119254 12.599014921188342
-1045.4711180108786 13.480497999191272
-1047.4391811269522 13.97503827333449
-1049.4014391082526 14.8077236843109
-1050.4790248054267 14.552956594228732
-1051.9439789432288 15.337806178331363
-1052.9382537978888 16.026582075357425
-1054.303698219657 16.634133411645877
-1054.8348917740584 17.18903727650641
-1056.521072484851 17.673651320934283
-1056.9950731176139 18.072671098709094
-1058.902361907363 18.434324098825442
-1060.7725353616477 18.786957426071154
-1062.499667801261 19.081821156740176
-1064.3785142081977 19.190291447639453
-1065.7416530030966 19.296204937696444
-1066.2685754078627 18.01604403376578
-1068.1117292422057 18.247637672424304
-1069.514116384387 18.482352716922748
-1070.599413611293 18.74667651772498
-1071.202669300437 19.061738981008517
-1071.630138553977 19.330848230123507
-1072.3317261713744 19.27133334994315
-1073.8952398079634 19.518208516836154
-1074.9471562880278 19.745795680284488
-1076.7625032442809 19.878437412977206
-1077.4148002046347 20.10113788962363
-1079.2634641307593 20.29629362940787
-1080.7543504613639 20.457110954523074
-1082.5645990747214 20.392529143095004
-1084.3536794561148 19.146808756589877
-1085.5162684100867 19.083927137851703
-1086.9371362107993 18.224697334766375
-1088.7171838659049 18.54517327070235
-1090.622282781005 18.20076660633086
-1091.7123837846518 17.83732934117316
-1093.6033189672232 18.215774459838855
-1095.431266822219 18.602423979043948
-1097.2932358163596 18.34864421010016
-1097.684939481616 17.182553483247744
-1099.6121613758803 17.67332501530646
-1101.5185568112136 18.03277991533278
-1103.3622944134474 18.281105799674975
-1105.1941385048628 18.663872463703143
-1107.0927717465163 17.662956340312945
-1108.672328926921 17.02393565893172
-1109.196029521823 16.609287841320025
-1110.3977416533232 17.005815131664264
-1111.818369128108 17.416488273143756
-1112.2246417182685 17.59457142472266
-1113.8996984142066 18.055725528001773
-1115.528965868354 18.426019771099078
-1116.7483269351721 18.78198768019675
-1118.2739698070288 18.636618895530688
-1120.1328202861548 17.685395522117602
-1121.2456593888999 18.039888395071017
-1123.0534615892172 18.3772438597679
-1124.628860988021 17.178830606937396
-1125.0285422581435 17.647613031864154
-1126.5977018851042 17.539391560554492
-1128.4444569128752 17.298821969032275
-1129.697231747508 17.730506671667086
-1131.6276304501296 18.161345614194857
-1133.0005092400313 17.21447105526923
-1134.935893751979 16.411978377103793
-1135.7549327987433 15.595369113683688
-1137.696492113471 16.092782987356173
-1138.4043704646826 16.5903926026821
-1139.5978014844657 17.222367597818362
-1140.5133496898413 16.985614655613887
-1141.9245344775916 17.360331950783717
-1143.7155493873358 16.666763840317714
-1144.1964928883315 17.294673083424556
-1144.6910944956542 17.542159644961345
-1146.6571892279387 17.98537406146525
-1147.106584288478 18.056878333985793
-1149.063956477046 18.053040376007544
-1151.021237589717 17.97088037997483
-1152.6683213490248 18.84832464724778
