-1051.93 -215.33
-1053.896276884079 -214.57742913246156
-1055.6200688409806 -214.65426576316358
-1056.051323823929 -213.86850643336774
-1056.5960340428353 -214.72401684701444
-1057.009599738121 -215.2909444588423
-1058.7630801725388 -215.6656161862612
-1060.51768761158 -214.91991493284704
-1061.0243242907525 -215.1522735375166
-1061.9739875721932 -215.64667922437192
-1063.4957414793969 -214.5506774801016
-1064.716471784115 -215.18789404809476
-1065.5135188031197 -215.1552638578415
-1066.9228029179574 -214.2008046078682
-1067.3578662204743 -214.77380426406862
-1069.3421779203416 -215.15906955480577
-1070.8690676021577 -215.679029481411
-1071.3055326867104 -216.12991403222085
-1073.1525607037545 -216.51894982337953
-1073.521449558735 -215.63652487277986
-1075.40391051054 -216.1761328148842
-1075.8357216644288 -215.12748898744584
-1076.2878519225121 -215.11191266953946
-1078.2295259165764 -214.39447254121305
-1079.3031572031975 -214.9328652638197
-1079.7102449464799 -215.51004064261915
-1081.101622157097 -215.39623190641404
-1083.007341914177 -215.8763253259659
-1084.8574635314942 -216.33939118862153
-1085.3010635304452 -215.30737634181978
-1085.9169915246964 -214.73648883581163
-1087.5680180120469 -215.15003876566888
-1089.441634707451 -214.41357205986978
-1089.9007581996918 -215.0867951977253
-1090.3066006231309 -214.52314923882486
-1091.4750527668 -213.7984948027134
-1093.4192132282258 -213.64565746665002
-1094.5547795820237 -212.99658493876458
-1095.7652938890458 -213.3831499385834
-1097.3834912109376 -212.47748126268388
-1099.172396593094 -212.71741412758828
-1100.216451816559 -213.08098088383676
-1100.7662939953805 -212.47494678378106
-1101.5163860845566 -211.88960682034494
-1103.1049736070634 -211.57957343935968
-1105.0307276773453 -210.94016985774041
-1106.8498409318925 -211.31079723119737
-1107.3783394622803 -210.93437884926797
-1107.9396119046212 -211.5877656209469
-1109.6189451146126 -212.1530036199093
-1110.1133572387696 -211.31026236891748
-1111.51225440979 -211.52898608326913
-1112.94424908638 -211.74059668362142
-1114.1970073509217 -212.50521251738073
-1114.6683788824082 -212.66878681063653
-1115.067909591198 -211.83394675135614
-1115.84525131464 -212.31247301578523
-1117.7786755490304 -212.0371668803692
-1119.7279810833932 -211.64784555315973
-1121.7103199887276 -212.32625018239023
-1122.4938893246651 -212.6560412812233
-1123.0139579105378 -213.20728756666185
-1123.5805935788155 -212.2104607987404
-1124.6975574421883 -212.82557113647462
-1126.4615546393395 -211.94625641584398
-1127.6058849024773 -212.49697043180467
-1128.9264388012887 -211.5312473344803
-1129.3405165600777 -211.83473991036416
-1129.7555727291108 -212.02698402285577
-1130.3545542883874 -211.57147579073907
-1131.2302329468728 -210.69782237887384
-1132.8579964566231 -210.76231651186944
-1133.2766081619263 -211.25408123612405
-1133.740739517212 -211.4534153211117
-1135.2838430929185 -211.99810008883478
-1136.8555583286286 -212.11482100367547
-1138.6947144794465 -212.03772579312326
-1138.79783015728 -211.98662637352945
-1140.2332532930375 -211.69442860960962
-1141.5298977422715 -209.91438310027124
-1141.5550287294388 -209.53370581746103
-1141.604090743065 -207.93593762993814
-1141.4903859126568 -206.84402619481088
-1141.4218355047703 -206.43220137238504
-1141.5344485569 -204.78162907242776
-1142.3532704639435 -203.53603540539743
-1143.5469033050538 -203.00303130030633
-1143.6628542917967 -202.51231204152108
-1143.64139831841 -201.12529491066934
-1143.422190167308 -200.523084448576
-1144.437815167308 -199.53249608159066
-1145.44642768085 -198.74763630509378
-1146.0601954835654 -197.82892249703409
-1145.7260690408946 -196.8170335161686
-1145.5064889270068 -195.6377395260334
-1145.978485532403 -194.05152641415597
-1146.2150849479438 -193.31082533478738
-1146.1546131151915 -192.21049212098123
-1146.122974433303 -190.51283954262735
-1146.542611308694 -189.15391753792764
-1148.06321711123 -187.56685017228128
-1149.8351203876734 -186.8099410402775
-1151.571712680459 -185.8032338488102
-1153.4508083540202 -184.65794657349588
-1155.2961140352488 -183.60227154374124
-1156.623980112672 -183.0988403427601
-1157.243766077161 -183.56384860157968
-1159.1935317593814 -182.73328601002694
-1160.154944189191 -181.97905813336374
-1162.1409177857638 -182.76305251002313
-1163.9771756011248 -182.10830669283868
-1164.922626681924 -182.24395974159242
-1165.5750244933367 -182.01718305230142
-1166.856427796483 -181.000311242342
-1167.492290981412 -181.67055003523828
-1169.254665620923 -181.93194364190103
-1170.0849914628268 -180.6335916388035
-1171.3735071498156 -180.58436279177667
-1172.4462006169558 -179.85567967772485
-1173.7003645974398 -177.96477191329004
-1173.3456788736582 -177.59383253932
-1174.2720177847148 -177.1013125050068
-1175.2708378511668 -175.13209401249887
-1175.5552404600382 -173.17921756386758
-1174.8115626055003 -172.13107966065408
-1174.3042360025645 -171.73451869368554
-1174.8812720257044 -171.34423063874246
-1175.2615108269454 -170.9072264301777
-1174.8789231556655 -170.44959597468377
-1174.2762610691786 -169.96619747757913
-1174.4900241869689 -168.18241881012918
-1175.4049851673842 -166.77928708672525
-1174.657772936225 -165.46359287381173
-1175.1952731984854 -164.07521782994272
-1174.9291904944182 -162.4693602192402
-1175.3714133280516 -161.8178406226635
-1175.1189611631632 -160.86195556998254
-1174.391797848344 -159.1301991212368
-1173.8252363282443 -157.2319270837307
-1174.6833915787936 -155.80965714335443
-1173.7976442056895 -155.14151959300042
-1174.2919790822268 -154.560566829443
-1173.439849563241 -153.4492007958889
-1173.3317853587866 -151.99900381445886
-1173.1148365068436 -151.28607647299768
-1172.536635272503 -150.24909143328668
-1173.327430062294 -149.7886551487446
-1173.671914510727 -149.37597386717798
-1174.1869068670273 -148.68126021504403
-1173.3585042881966 -147.86106823563577
-1173.497155122757 -147.19652764678003
-1172.8730928826333 -146.69096516251565
-1172.4075516986848 -144.98312400460244
-1171.8774620819092 -144.56485085368158
-1172.584833674431 -144.1710785496235
-1171.9283654618264 -142.1897724735737
-1172.606505446434 -140.23643599629403
-1172.86534386158 -139.95458643317224
-1172.8147259283066 -139.35195104956628
-1171.285989575386 -138.2918498980999
-1169.6774172115327 -137.77950065016748
-1169.304397277832 -137.41822157979013
-1168.6270660090447 -136.84471385359765
-1167.5306113886834 -137.35403721213342
-1166.2487360167504 -136.96017567992212
-1164.413232676983 -137.28035892724992
-1163.3843136954308 -136.56076218366624
-1161.8107659745217 -135.50980819940568
-1161.5063398110867 -134.46285619020463
-1160.4136511313916 -132.6816637682915
-1160.2674626636506 -132.39716990470887
-1160.483849697113 -131.83173646211625
-1159.0531948137284 -130.14513816118242
-1159.6799083280564 -128.31328691720964
-1159.71353369236 -126.99699546575548
-1159.9689476418496 -126.61938430547715
-1160.3365645337105 -126.21038450479509
-1159.9021968173981 -125.31647272586824
-1158.8692125606538 -124.89743812561036
-1158.6854053068162 -124.43089731216432
-1158.5913962203265 -123.28990264415742
-1157.6949374753237 -121.89723260879518
-1157.2051352638007 -120.65103919982911
-1158.0134245532752 -118.6906324195862
-1157.180447139144 -118.04039652824403
-1156.6143758672476 -117.16675259351732
-1155.977401353717 -116.7517884540558
-1156.9717433828116 -116.21333052396776
-1156.2814833301306 -115.5531394648552
-1155.8828951495886 -114.99453880071641
-1155.3384803909064 -114.01401682376863
-1155.1271685737372 -113.61119355440141
-1156.2179735082389 -111.80455817461015
-1156.9802477735282 -110.02641059637071
-1156.3371456044913 -109.62038959741594
-1155.9614499586821 -107.6502891945839
-1156.7361312288047 -106.30084432840349
-1156.5088490623236 -105.82192965030671
-1157.1731592792273 -104.00021715641023
-1156.524397649169 -102.01369519710542
-1156.0640555399657 -100.24209053993226
-1157.0651546496154 -99.80042679786683
-1157.1330509635807 -98.19056864261628
-1157.9551634046436 -97.58324004888536
-1157.9723923190684 -96.55080022096635
-1157.2727284415812 -95.10673560380937
-1157.6357927902789 -94.42283328056337
-1158.4260175212473 -93.82146217107774
-1158.952208755836 -93.18005247592927
-1159.2497846468539 -91.97979827404023
-1159.6355361326785 -90.1543534564972
-1159.0986992701144 -88.84058280467988
-1159.3788885756583 -87.0745960044861
-1159.8971067353339 -85.28527780056001
-1159.8335295899958 -84.08075662136079
-1160.1352705641837 -82.14784224510194
-1159.5816898032278 -81.18332715511323
-1159.0020679517836 -80.51932992219926
-1158.4252879901976 -79.11915017843248
-1159.1105786248297 -78.65404774427415
-1158.2709470673651 -77.52349676370622
-1158.9822302743048 -76.18549360513688
-1159.1720758213849 -74.22778321981431
-1158.792925073132 -72.2756372857094
-1159.338510586247 -70.91141559362413
-1159.7439543738217 -69.89388920545579
-1158.845230413899 -69.10649921178819
-1158.50295682095 -67.57674004316331
-1159.0799058809132 -66.3676132130623
-1159.7075321807713 -64.95067943811418
-1158.8925634159893 -64.55647833824159
-1159.4277659787983 -64.12856681823732
-1159.3541653438658 -62.191420631408704
-1159.9419083281607 -60.91873009681703
-1158.9783903642744 -60.179521279335034
-1158.8827701791377 -58.65370769977571
-1159.142456053123 -58.19678630113603
-1159.7106325610728 -56.721297042369855
-1158.685122607574 -55.95834328413011
-1158.9608286305518 -55.519977884292615
-1158.1863830967993 -55.04751761436464
-1157.721950589046 -54.629728453159345
-1158.1051295682043 -52.75070370912553
-1157.344551889524 -52.1734215784073
-1158.1122334285826 -51.084378199577344
-1158.8626693173499 -50.270873801708234
-1158.4267857655138 -48.445850389003766
-1157.7668246015162 -46.739962832927716
-1157.3665837927908 -44.86553980588914
-1158.0016212745757 -44.31281300067903
-1158.5359005018324 -43.8776606488228
-1159.2385413929076 -42.19444801092149
-1158.3974786683173 -41.030217187404645
-1159.0398830457777 -40.29005803346635
-1159.678529052362 -38.30607856988908
-1158.902972786054 -36.34032453775407
-1159.3989122792334 -34.9956854748726
-1159.0185105784983 -33.3831982779503
-1159.6097513421626 -31.47428871870042
-1159.0886651261897 -30.234589116573346
-1159.4283510430903 -28.788369314670575
-1158.509814201221 -27.964500086307538
-1157.7643660887331 -25.987595455646527
-1157.1037367566676 -25.10738463878633
-1157.411393819675 -24.085944371223462
-1158.2310256942362 -23.021583275794995
-1157.5474414213747 -21.038370089530957
-1157.3030467315764 -19.504792647361768
-1157.8359484358878 -18.203224854469312
-1157.886682337448 -17.742859320640576
-1157.4216874896736 -16.5999854373932
-1157.8110532223434 -16.146785216331494
-1158.545440202877 -14.507698731422437
-1157.7498329340667 -12.950293736457837
-1158.0528571068496 -11.857422904968274
-1158.4765071033687 -11.154771881103528
-1158.9230917453021 -9.410039262771619
-1158.6428745149822 -7.9539775419235355
-1158.7214339434356 -6.0735854673385745
-1157.7981353460998 -5.5929880309105044
-1158.2929045318813 -3.7295890021324283
-1157.458766317293 -1.9209996628761417
-1158.160413896963 0.013095719814288032
-1157.3319164275379 1.8743166756629819
-1157.758026516363 2.8723349404334897
-1158.3058449982852 4.820651037693011
-1157.4775086402149 6.750491125583636
