-1051.93 -215.33
-1053.8974170017243 -214.4169861841202
-1054.3055355477334 -215.07596005678178
-1054.6873805451394 -214.63324447155
-1055.0950490164757 -213.7101174759865
-1055.529122107029 -213.94851245164872
-1055.9998839426041 -213.4810891020298
-1057.994021229744 -214.25956957221032
-1058.4587384390832 -214.91787152171136
-1058.968725733757 -215.53381900668145
-1059.3292733359337 -214.5213945376873
-1061.320122115612 -213.66254256844522
-1062.1027051138879 -213.506560908556
-1063.4138408827782 -212.72793714880945
-1064.9226107525826 -213.10989727258684
-1065.558362953663 -213.9567445087433
-1066.57187759161 -213.109010117054
-1067.0839213061333 -213.39117606163026
-1067.7214021015168 -213.2990482467413
-1068.149720363617 -212.52240425527097
-1069.33216588974 -212.07597509205343
-1069.7213137078286 -213.0368078070879
-1071.6889338421822 -213.88672843754293
-1073.6486480164529 -214.6392557936907
-1074.1841732788087 -215.19483098566533
-1074.565557949543 -215.53329679548742
-1075.0511602687836 -214.49706301271917
-1075.7653508114815 -213.57380780756475
-1076.4306314516068 -212.82584813416005
-1078.227528743744 -213.70193800508977
-1078.980207734108 -214.18475392639638
-1080.6903973150254 -214.89605549156667
-1082.6210878419877 -213.93651893913747
-1083.092773191929 -214.27185839593412
-1084.3548252511025 -214.95454019486905
-1086.3365743088723 -214.31210100829603
-1088.1685361790658 -213.4185397642851
-1088.656985692978 -214.22179001748563
-1090.1628563928605 -213.81292796313764
-1090.776640586853 -214.5180362480879
-1091.6168747472764 -215.19456154286863
-1092.9829313087464 -215.79514455974103
-1093.3633790540696 -216.319080414176
-1093.6749455857278 -216.04062158048154
-1095.503832333088 -216.40101537287237
-1095.808707945347 -216.58196228921415
-1096.2047700214387 -215.4763128179312
-1097.9412998485566 -215.8752247709036
-1098.192804567814 -216.03627634227277
-1098.516996614933 -216.21372145593168
-1100.3331676650048 -216.2241794484854
-1102.1376396346093 -215.5644760745764
-1103.987297885418 -214.34473186910154
-1105.8810771632195 -213.98755032002927
-1107.7238717007638 -212.8294746297598
-1109.6474814343453 -211.8851524013281
-1111.2090643572808 -212.63048309266568
-1111.6012019443513 -213.27304506480695
-1112.4285574483872 -212.28694254338743
-1114.0761192369462 -211.39563369929792
-1114.5377718734742 -211.45556290999056
-1114.9390635418893 -210.67029972925783
-1116.9137445616723 -211.57079287424685
-1117.3450111675263 -210.81810029402376
-1118.3811926174164 -210.09596916094424
-1119.6018858480454 -210.6720802988112
-1120.0073079991341 -210.34201594248415
-1121.9986615109444 -210.76536088243128
-1122.5084702897072 -211.58889948382975
-1122.9229648041726 -210.78066473260523
-1123.3198841142655 -211.06511991277338
-1123.7325114536286 -211.91415833488108
-1124.3951317596436 -212.6623145247996
-1126.3690659332276 -213.323772957474
-1127.0259000587464 -213.70893596664072
-1127.3958476114274 -214.2234592343867
-1128.7105290222169 -213.01656686320902
-1130.652058057785 -213.49295984759928
-1132.4896749782563 -213.57355498328806
-1132.8089686560631 -213.3420919980109
-1132.9913880753518 -212.64729340925814
-1133.257293753624 -211.21730860129
-1135.0740500020981 -211.13214196816088
-1135.3475456166268 -211.28218116417528
-1135.4435791301728 -211.13772239342333
-1135.67776750803 -211.1450074519217
-1137.359908335209 -211.12977190867068
-1137.0494262206555 -210.83129342451693
-1136.853433214426 -210.59134425774218
-1137.0345424044133 -208.78535272732378
-1137.0186541306973 -207.7079829181731
-1137.9793580400944 -207.47713204279543
-1137.5297789204121 -205.57442422762514
-1138.2055490243436 -203.69059391871096
-1139.1013323295117 -202.337217053324
-1140.0855902659894 -200.442215641886
-1139.840372376442 -198.75546892538668
-1140.8731627988816 -197.39439304724337
-1140.346637659073 -195.48987420454623
-1141.4817706871033 -195.1827838625014
-1142.5180224704743 -194.65801247015597
-1142.1318369734288 -194.31174631968142
-1143.4180912601948 -194.0092402304709
-1143.034099571705 -192.0495999659598
-1142.8579101490975 -190.70002313509585
-1143.0810655879975 -189.27350612536074
-1143.3895450758935 -188.01005574122073
-1145.2884099411965 -187.8000076915324
-1145.4885965514184 -187.92954563155772
-1147.2662457156182 -187.92781167283655
-1148.1231906938553 -186.51486974015833
-1148.4778703379632 -186.81027938976885
-1150.2588027644158 -185.51066841736437
-1152.21956335783 -184.4326880182326
-1152.727788500786 -185.0605286563933
-1154.6474254655839 -184.3882770742476
-1156.6218810606003 -184.13375731363894
-1158.540190987587 -184.72079136028887
-1158.9335294294358 -183.64550830975176
-1159.3598483729363 -184.28941186323763
-1161.3011842894555 -183.36716242685915
-1161.7079826521874 -182.4636327828467
-1162.7288438010216 -183.26708992376925
-1164.2535756754876 -182.2356534804404
-1166.2494994330407 -181.3433194960654
-1166.8822227048875 -180.68884482041003
-1168.3221043872834 -181.45885654345156
-1168.8955295610428 -181.68071647539736
-1170.7415576505662 -180.82356401339175
-1172.1619041490555 -180.5871982778609
-1172.2579713392258 -178.82418324604632
-1172.8034930753709 -178.57121344462038
-1172.993068985939 -178.2287712301314
-1174.1509013700486 -177.87714048281313
-1173.7595308351517 -175.89997883692385
-1173.6041846352816 -174.58075829401614
-1174.646365531087 -173.05145069018008
-1174.59667047143 -172.62523259773852
-1173.9476765024663 -170.63825478211047
-1174.9541672098637 -170.1423077787459
-1175.8469555008412 -169.7456163968146
-1175.438752733469 -169.34455265656115
-1174.7309703457356 -167.39351429596545
-1175.6472252833844 -166.9353939498961
-1174.8942552435399 -165.68564703121783
-1174.2338636147977 -165.1805675829947
-1173.6371557939053 -163.66001160994173
-1174.5514765012265 -163.15761145010592
-1175.4940751421452 -161.96314283266665
-1174.7347599494458 -161.5230432356894
-1174.154816352129 -159.60149439230563
-1174.7383177506924 -157.715289195925
-1175.178230189085 -157.33940615311266
-1175.5648285079003 -155.41002478256823
-1175.5223698544503 -154.91155373111368
-1174.2665249037743 -154.9584095980227
-1174.1716159510613 -154.88909607186915
-1174.0852035212517 -153.6194308306277
-1173.997462682724 -152.53390531793238
-1174.164993338585 -150.75923257127405
-1173.1037715005875 -150.2110050226748
-1172.9095427918435 -148.50859527841212
-1171.947321407795 -148.0039001609385
-1170.561388962269 -146.158127656132
-1170.7169192957879 -145.91144137635828
-1170.6940390992165 -144.6945348288119
-1169.827913992405 -142.99154238954188
-1169.4779249358178 -142.15484564557673
-1169.2574584412575 -141.05075114026667
-1167.324749224186 -140.70423420324923
-1166.8840511965752 -139.57242091551424
-1164.8923493552209 -140.2174522484839
-1163.2315078902245 -139.0227320994437
-1161.3169965672494 -137.84158690825106
-1160.7188812422753 -136.64608820334078
-1159.5273455309868 -135.44073744669558
-1157.8976248431206 -134.7918907608092
-1156.8179374861718 -134.50414558306338
-1157.0482621717454 -132.54408594027163
-1157.466856085062 -130.7225586976111
-1157.9538517522813 -128.8870856370032
-1158.3417561280728 -127.0208472813666
-1158.7144375669957 -126.53783830061556
-1157.4733695614339 -124.62381347075106
-1157.9075184094906 -123.7070329989493
-1158.3094559538365 -121.76144345656039
-1157.2307878363133 -121.40168686762453
-1157.7015312838555 -119.91577514067293
-1158.1563628542424 -118.78095682516695
-1158.5474691021443 -117.15632661238314
-1158.8019565272332 -116.78901042595507
-1157.6237668919564 -116.47332729950548
-1156.584664337635 -116.12102766886355
-1155.5567940402032 -114.1434411610663
-1154.6572834181786 -112.14791198626162
-1153.866259508133 -111.6797183956206
-1153.9369786533714 -109.68476452484728
-1154.2387935075164 -108.77257992878558
-1153.4952144774795 -107.2587514127791
-1154.4399462494255 -106.85709520235659
-1155.2309957894684 -105.15280326262118
-1154.367902353704 -103.26074870482088
-1154.988799289167 -102.02341361895205
-1154.1921082291008 -101.62386252537371
-1155.0503189119697 -99.62554790630938
-1155.567696824968 -99.22532202854754
-1155.3769417706133 -97.32374717846514
-1154.6270401182771 -95.33680333748461
-1154.5077587220073 -93.34351267471911
-1153.7477503272892 -91.34423281803728
-1154.4186314794422 -90.77003940001131
-1155.0134904238582 -88.83135970488192
-1155.6884883496166 -88.43183418169619
-1155.9659381362796 -86.68893428698183
-1156.609761402309 -84.69779463663698
-1157.1652800890804 -82.75566109076144
-1157.3747028562427 -80.85465725317599
-1156.6500871631504 -78.8946653212607
-1156.60896925658 -78.51422097340227
-1157.186945066154 -77.97781785383822
-1157.7026702019573 -76.01394947424532
-1158.1222879740596 -75.66873671665789
-1156.9460495564342 -73.7412874902785
-1157.3142786476017 -71.76993014469744
-1157.762017146051 -71.38971843376757
-1157.8817529830337 -71.04256256476046
-1156.761043086946 -69.29572947874667
-1157.3164537701011 -68.7850103582442
-1156.851395085752 -66.82140638485552
-1155.8747453245521 -64.84645452156664
-1155.3022479566932 -64.4538095201552
-1155.8890652808548 -62.494100591093314
-1156.5499891790748 -62.06915988579394
-1157.1241143497825 -60.09197368279101
-1156.4077953848243 -58.142941137701285
-1155.4015817198158 -56.161620994955314
-1154.646278873384 -54.20368256226183
-1153.993715659082 -52.21276082649828
-1153.4440582546592 -50.39549579277636
-1154.3517994436622 -48.61800827637316
-1153.7512768658996 -48.2295715416968
-1153.2156623753906 -46.83571215525271
-1152.9627773913742 -46.17818148985506
-1152.5013233575226 -45.31123270645739
-1153.673611060083 -44.30989303246142
-1154.7126557978988 -42.33641566887499
-1155.028545961082 -40.48989619866015
-1155.9035674187542 -39.02597775116564
-1155.1394902917743 -37.037878891378654
-1155.970520362556 -35.05398335114123
-1156.738507077396 -33.12079133644701
-1157.2151034328342 -31.139794250875724
-1157.799112186134 -29.282039543539298
-1156.7592602822185 -28.906635841280234
-1157.4398237320781 -28.38299646034838
-1156.4349802586437 -27.7638755644858
-1155.710054204166 -26.624255856424583
-1156.5083312246204 -25.967575868517173
-1156.6317983272672 -23.974896987825645
-1156.1558959785104 -23.492897650152457
-1156.873557240069 -21.50902654781939
-1157.5117868486047 -19.64857937946917
-1157.0580815973879 -17.962943335920585
-1156.1289243403078 -16.850055118948234
-1155.3880561295152 -16.318557759672416
-1156.1249217095972 -14.337905546575797
-1155.3112538161874 -12.348183056265128
-1154.5614152851701 -10.585126778036368
-1153.9204613271356 -8.680693050771964
-1153.3325933519006 -6.794041296392692
-1154.4034442010523 -5.799732884317649
-1155.2655476632715 -4.725302418619407
-1154.5190954509378 -4.326484402567161
-1155.4647566381097 -2.3573398198187476
-1156.1928138437868 -1.9398980940878516
-1155.3560231629015 -1.474232634454978
-1154.8855115476251 -0.16602798357607185
-1155.7795409265161 1.7018783484399194
-1156.5689519944788 2.101978221982705
-1155.9124206605554 4.090731659978616
-1156.685314089358 6.083981672376382
-1156.0280375781656 8.035772720426309
-1156.6941261592508 9.476665416806924
