-1051.93 -215.33
-1049.9588895368577 -216.26129670619966
-1047.9702692556382 -215.56408854007722
-1045.9783273267747 -214.69928272247316
-1043.9787228631974 -213.97929628372194
-1041.9810503053666 -213.3906719851494
-1040.0068691301346 -212.73911054611207
-1038.0227114486695 -213.48205770730974
-1036.036854915619 -213.23552005171777
-1034.0457937049866 -213.65609733939172
-1032.0499991703034 -214.4894657599926
-1030.0568323659897 -213.60884915471078
-1028.0600214529038 -213.09755145192148
-1026.0973339605332 -212.24112104058267
-1024.277965836525 -211.53260652899743
-1022.407156996727 -211.44445237696172
-1020.4193913269044 -211.26720631301404
-1018.435618929863 -210.44844210326673
-1016.4616327810288 -209.7995498198271
-1014.4702635335923 -209.1976724880934
-1012.6392924118043 -209.97499919116498
-1010.6647083091736 -210.51167053163053
-1008.6650127696992 -210.25567808926107
-1006.6882170963288 -210.80652639448644
-1004.7166859436036 -210.19689169704915
-1002.7315325069428 -210.68326160490514
-1001.5860573577881 -210.02789697229863
-999.5877696800233 -210.86698946535589
-997.6030864048005 -211.5659957844019
-995.6101809072495 -211.0704275685549
-993.6132851171494 -210.75434044182302
-991.6156548786164 -209.9244377332926
-990.4298265504838 -209.20015683948995
-988.4407718706132 -210.08968630611898
-986.442950539589 -210.5448577719927
-984.5221528339387 -209.73480680763723
-982.5390097427369 -208.7793302255869
-980.5611955451966 -209.1618477421999
-978.6698684024811 -207.89509859859945
-976.9305630254746 -207.61979481756688
-975.1900845098496 -207.0879029351473
-973.5573646354676 -206.8663675504923
-972.5112885761262 -205.09267828047277
-971.1178399848939 -203.80147466242315
-969.8223041820527 -201.93122503340246
-968.7346622276307 -199.96770546019079
-968.0536649751664 -197.98735496580602
-967.2172126698495 -196.5062943416834
-966.4786606359482 -194.9955965000391
-965.8607606220246 -193.0281814056635
-965.9420135545731 -191.40511557638646
-965.3549573946 -189.4923953729868
-964.8319625782967 -187.54048952639104
-964.3998470234872 -186.80182013094426
-963.9968959617615 -185.10016116678716
-964.6428282785416 -183.24511584818364
-964.5274010527135 -181.31209668695928
-964.1567690002919 -180.16217741549016
-963.7748675870896 -178.4088538604975
-963.4435287940503 -176.52858480989934
-964.0853564369679 -176.00014034092428
-963.7151038575173 -175.10715565264226
-963.3930347192288 -173.20032057344915
-963.0818535912038 -172.08947810709478
-962.8435830104352 -170.58875629484655
-962.5894170033932 -169.24606964170934
-962.6054615604878 -167.67042681753637
-962.354163967371 -167.3381055313349
-962.1299201476575 -165.7665470558405
-961.9170713055134 -165.12307551681997
-961.9930811154843 -163.29767194569112
-961.904809139967 -162.0832721310854
-961.7308686602116 -161.4941835719347
-962.8740118372441 -159.89983990967275
-962.5837909209729 -158.02703908264638
-963.5478811490536 -156.4217880088091
-963.3227812874318 -155.9795388299227
-962.9889996874333 -154.33808246433736
-964.1655655729771 -152.75243607342244
-963.7841734516621 -150.90603545486928
-963.8781888711453 -149.7736299353838
-963.5550045597554 -149.35820970118047
-964.5492186176778 -147.81008312284948
-964.128089927435 -146.0641395765543
-963.7688512432576 -144.1515660005808
-964.6652403700352 -142.4326119142771
-965.1308884251118 -140.49015399992467
-964.9167933988572 -139.54840091049672
-964.4585357832909 -137.7914102393389
-965.1904723572732 -136.06437817394735
-965.1043696033955 -134.1274923402071
-964.6762636232377 -133.66581437170507
-964.4554418849946 -131.716961594224
-964.1663772392274 -129.9959444719553
-965.1766650009156 -128.0934741216898
-966.2804139184952 -126.16004416525365
-965.9286098110676 -124.23761794149877
-966.0858396220208 -123.75999245226384
-966.9365270066262 -122.61882302343847
-966.2169195342065 -122.21375492393972
-966.8403767871857 -120.23111847221853
-967.6007847118378 -118.25568381130697
-968.0246039557458 -116.25991168797017
-968.687970571518 -114.33495369732381
-969.4538556861878 -112.38787809193136
-968.6519254374505 -110.396940382123
-969.3092455196381 -108.78398862659932
-968.5540258216859 -107.34162941753866
-968.4522508609296 -105.97759440720083
-967.7064755189419 -104.00442555725576
-968.3283004391194 -102.40899422943593
-967.9151575791836 -100.42225817024709
-967.4937420117856 -98.71105686008931
-968.1558577048779 -97.5666911917925
-968.7747926938534 -95.5724010783434
-968.5092418420315 -93.73299530327321
-968.621855236888 -93.06175229132177
-969.3792184370757 -91.09822413504125
-968.9320860284568 -89.56378075659276
-969.6282688754798 -87.56457826673986
-969.3618740814925 -86.0303935724497
-969.8708218711615 -84.03481981337072
-970.0698899406195 -82.06247434198858
-970.1659887212516 -80.08004626810552
-969.2414768117667 -78.09505900919439
-968.4792909997702 -76.0983890014887
-969.4176354783774 -74.11073705732824
-968.761907555461 -72.3086762148142
-969.821408726573 -70.34696576178075
-970.4644175547362 -68.474419208169
-972.1300219076873 -66.86153301775457
-972.4295837658644 -65.51937219679357
-974.4013621586562 -64.66448769152166
-976.3455965298415 -63.99587020456792
-977.9081651943923 -63.150642188191426
-979.1600341576338 -62.392583521008504
-981.1506751555205 -61.73310694277288
-982.1323414820433 -61.16873285353185
-984.0286254662276 -60.65224638760091
-984.6117863434554 -60.189719648957265
-986.5434369820357 -60.01165273964406
-988.3753188627959 -59.60144180238248
-990.1578231829405 -59.319114567637456
-992.0491304177046 -58.99939572989942
-993.6118114966155 -58.71236783444883
-994.4543016928435 -58.43801033675672
-996.1277833956481 -58.17367911517621
-996.74647400558 -57.96669846951963
-998.5347902554274 -57.7720052021742
-999.7199653166533 -57.58888262689115
-1000.7768254059554 -57.42614889323713
-1001.0538555759192 -57.273095549941075
-1002.3867153304816 -57.12353724420072
-1004.1816543716193 -56.96608436286451
-1005.9596469777823 -56.871347548365605
-1007.7454872506858 -57.65154081761838
-1009.2345171350241 -57.572864891886724
-1010.1445010083914 -57.404685975909246
-1011.960215844512 -57.217861892581
-1013.423740901351 -57.065256716609014
-1014.7849878448249 -57.945230426192296
-1016.6480659621955 -57.61872348368169
-1018.4909128326178 -57.78323215425016
-1020.3585406917334 -57.48560005605222
-1021.7459383386374 -57.218580545783055
-1023.5413123744727 -57.49493497788907
-1025.0818115848303 -57.42244053065778
-1025.5609556216002 -57.208922864794744
-1027.4251212853194 -57.00005281150342
-1029.275935150981 -56.77392155110837
-1030.5537814873458 -57.34113729178907
-1031.1452265161277 -56.9938576835394
-1031.8802028077841 -57.78810388028623
-1033.8286481279135 -57.66816023170949
-1035.3953726667166 -56.8382292109728
-1036.5242556709052 -55.67098644554616
-1037.574158229232 -53.71405652344228
-1038.1798643249274 -51.81313041031362
-1038.5857408422232 -51.25557699978353
-1038.1615160781146 -49.255978496670735
-1039.026739962697 -47.263470323681844
-1039.3606144565344 -45.28555241405965
-1039.5616732019187 -43.312518032193196
-1040.1723288673163 -41.318293007016194
-1040.688136495948 -39.395746262669576
-1039.6827834028006 -37.438152702450765
-1040.0391802865267 -35.443715007901204
-1039.1356881338359 -33.47962799847127
-1038.3086984831095 -31.58501258671285
-1039.1417291837931 -30.753642769455922
-1039.753726668954 -28.91207763731481
-1039.4048282581568 -27.04490563452245
-1039.743798621297 -25.192754717469228
-1039.4310497123004 -23.25550386488439
-1038.6383402425051 -21.324243279099477
-1037.9636579233409 -19.48734435617925
-1038.5019338804484 -17.497762055993093
-1039.326559432149 -15.498713107705129
-1039.2868205423654 -13.535342546105397
-1040.0192437882722 -11.53872260630132
-1040.6400880332292 -9.931650491356862
-1041.0765478725732 -7.937601180672658
-1040.8501380051673 -5.95880636751653
-1041.0830333198608 -3.9647890049219257
-1040.9088732863963 -1.9693077522516376
-1040.5590015019477 -0.05065867483617126
-1041.7342286671699 1.544275311827647
-1043.4042437638343 3.058028964400279
-1044.8659850920737 4.1772012990712994
-1046.8146112526954 5.266292361617076
-1048.6833386982978 6.094495324492442
-1050.5888097847999 6.8801110666990155
-1052.585637267977 7.761192588210093
-1054.545921739489 8.527136592268931
-1055.3519261445106 8.94591113746165
-1057.2646082009376 9.559044329524028
-1059.1347890461982 10.113233534693705
-1060.9374762143195 10.596727041602122
-1062.583090838343 11.022544113993632
-1064.0956576432288 11.415531246066081
-1066.0067080821098 11.659905074238765
-1067.9034756983817 11.921851901411998
-1069.7771355475486 12.177856026291835
-1071.570226725489 12.39509206831454
-1072.4021131958068 11.395797310471522
-1072.7839102114738 11.767903117537486
-1074.6582800711692 11.619500843882548
-1076.3245655860007 11.960823951363551
-1078.224241193682 12.23751139461993
-1079.817258771807 11.989452211260783
-1080.8060877884925 12.178054479956614
-1082.6270680989326 12.165568290352809
-1084.4751000966132 12.388329206109034
-1086.3192296589912 12.669084487557399
-1088.007221993357 12.922636864781367
-1089.8201463784278 13.07912915766238
-1090.6064906682075 13.08536135971545
-1091.4264861907066 13.228786585926997
-1092.0096384848655 13.21582120478152
-1093.3778127993644 13.388664482235896
-1095.0621702040733 13.535315273404109
-1096.7027693356574 13.732216773629176
-1098.5341523255408 13.940219162106501
-1099.8784374560416 14.176937399506556
-1100.7907667125762 14.384877441525447
-1102.613257881552 13.677342413067805
-1103.6077707971633 14.235058782696711
-1105.3910831178725 14.744123457074153
-1106.6798009838164 15.088096289038646
-1107.3733460868896 15.370849398970591
-1109.240804668814 15.209597824215876
-1110.9123735393584 15.607979087233531
-1111.823413964659 15.326999900937068
-1112.9720047678054 14.775123117566096
-1113.3130117024482 14.871900884509074
-1115.1299322213233 15.287504760622966
-1115.8113887871802 15.686297206282603
-1117.7387281025947 15.985426304936396
-1119.6528134907783 16.00698074519633
-1120.3884177173675 16.259540913701045
-1120.7440463866294 16.626574872136104
-1122.6783506239951 17.02361786186694
-1124.559323128611 16.977669088244426
-1124.9102302755416 16.892565516829478
-1126.4819952215255 16.892798749804484
-1126.443043884188 16.730055598616588
-1126.3956732715667 15.755735067725169
-1127.9344305957854 14.093720464110362
-1129.5837578739227 14.016834465861308
-1129.7882465089858 13.984608082175242
-1131.2349060739577 13.150533465743052
-1132.7365139688552 13.233427552580821
-1134.2058964933456 13.068152872920024
-1134.2753678525985 12.999659089446055
-1135.4290475811065 11.935344128012645
-1135.7728716100753 10.76110568463801
-1136.2593955363334 11.293221620917308
-1137.4790731038154 11.773655055165278
-1138.815812047869 11.823434649109828
-1140.0059954489768 11.136981843113887
-1141.4362798298896 11.316069779992091
-1141.9542810286582 11.797823069691646
-1142.4103693927825 12.207836804985988
-1143.6831983293594 11.066336689591395
-1144.216830548197 11.526890603899943
-1145.2912772263587 10.570872632861125
-1145.9360424245895 10.782310975790011
-1147.307695504576 10.13761545538901
-1149.1957124437392 10.188404707312571
-1151.084088202864 10.670641778111445
-1151.4888918961585 10.353662727475154
-1153.3077160681785 9.58788490116595
-1155.0565243329108 9.96224310815333
