-1051.93 -215.33
-1052.5488798546792 -214.67642666578294
-1053.8028044629098 -215.5159210729599
-1054.5755023884774 -215.71740414381028
-1055.3104430365563 -214.98915787220002
-1057.1408735442162 -214.2510022687912
-1058.9929472136498 -214.9799379873276
-1060.1136307644845 -215.52670236110689
-1060.6056708025933 -214.74453868150712
-1062.5609081912041 -214.12416781663896
-1063.635969631672 -214.71320380449296
-1065.2998540329934 -215.25958134412767
-1066.7426550316811 -215.77074577093126
-1067.5221599268914 -215.96080272078515
-1067.9275460767747 -215.2607026565075
-1068.3338763642312 -215.70779319286348
-1069.6612461733819 -216.30869801521303
-1071.6297413039208 -216.102835791111
-1072.9924527335168 -216.42724473953248
-1073.483293824196 -215.61231990337373
-1074.6555486249924 -215.89187599897386
-1075.2279000210763 -215.3078022170067
-1077.1447379517556 -214.57028140306474
-1079.084353439808 -214.61913137316705
-1079.5082833099366 -214.023813174963
-1081.3048028278351 -213.68243061184884
-1082.0487496185303 -213.98825584530832
-1082.841920785904 -213.543050365448
-1083.2826391983033 -213.46441033661367
-1084.554845147133 -213.18798545181753
-1085.2690806913376 -214.1027499753237
-1085.7257478165627 -214.13673146247865
-1087.7053303647042 -213.50119586467744
-1089.3583320307732 -213.01696570396425
-1089.7360209155083 -212.50549544572831
-1090.7796891856194 -213.29140688657762
-1092.731471889019 -214.31857659101487
-1093.3824948596955 -213.99804492473604
-1093.8693871426583 -213.4067538547516
-1094.4675903844834 -214.4101923274994
-1094.922192208767 -213.81270410299302
-1096.2051023173333 -213.22380037784578
-1096.6086316037179 -212.86361171483995
-1098.072633020878 -213.93907179117204
-1098.73725812912 -214.32122270941736
-1100.0311139154435 -214.75093852162362
-1101.9916797208787 -215.54307948231698
-1102.434042685032 -215.44319759488107
-1102.9662290143967 -215.05908210754396
-1103.6267709064484 -214.78879989862443
-1104.0416793751717 -214.09999187469484
-1105.7123949456216 -213.58934290885927
-1107.6575287508965 -213.96201063871385
-1109.6332420039178 -213.7840630877018
-1110.373180024624 -214.74883489489557
-1112.3231128382683 -214.14992289423944
-1113.962072722912 -213.71904982805253
-1115.3636361289025 -214.581933157444
-1116.8346047329903 -213.9741513299942
-1118.4441538977624 -213.73579572319986
-1120.2293568778039 -213.2700303065777
-1121.5048259425164 -214.12805645346643
-1123.4553989100457 -213.49600582003595
-1125.3132901120186 -212.92693810343744
-1127.2624261307717 -212.8379562664032
-1128.7283248829842 -212.35311593294145
-1130.2903141903878 -213.47830750226976
-1132.2640544104577 -213.07854907393457
-1134.0518153834344 -213.7222483623028
-1135.732418768406 -213.13913004279138
-1136.6346726942063 -214.07059876799585
-1138.5563135671616 -213.74181764006616
-1139.832568936348 -213.5042584705353
-1140.2732305455208 -214.2492558526993
-1141.767871849537 -213.54923309564592
-1143.6044589209557 -212.65999712228776
-1143.9576345014573 -211.64411212682725
-1145.8422010469437 -210.66745282888414
-1146.962000899315 -208.72995259046556
-1146.375783019066 -206.74838854551317
-1147.0262839126588 -204.7930443453789
-1147.893911831379 -203.18696691274644
-1148.7623888778687 -201.9140557217598
-1148.5343797284365 -201.15441771030427
-1148.8299049812556 -200.15374584674836
-1148.0194275456668 -198.1742658185959
-1147.9675908315182 -196.71752400875093
-1148.6953268277646 -195.11996562957765
-1149.5618483054639 -193.1455210018158
-1149.4648453372718 -191.381992893219
-1149.6152164268494 -190.4776938724518
-1150.031697176695 -188.9851024913788
-1150.0631643164159 -188.26765270709993
-1151.456127487421 -187.80927859425546
-1152.4134197461606 -186.5390804874897
-1153.9793997037411 -186.15830226421357
-1155.8793997991086 -186.42736719727517
-1157.7624106633664 -185.33114980340005
-1159.7031414735318 -185.70626096606256
-1161.0142103660107 -186.08894436240197
-1162.617848418951 -186.1352210211754
-1164.500769160986 -184.90942610979081
-1165.172569476366 -184.73275722742082
-1165.6442902314664 -184.46467690348626
-1167.0958597886563 -184.11651532530786
-1168.9754617440701 -183.29992084383966
-1170.1422306525708 -181.7502629029751
-1170.6362270343304 -181.9326962697506
-1171.2311047542096 -180.57321207404138
-1172.7611096131802 -179.51674537539483
-1174.00413610816 -178.18569629073144
-1174.3878348994256 -176.56875388503076
-1175.0017173814774 -174.81241087794305
-1175.4854254055024 -173.82059268832208
-1176.1983396935464 -173.38980780720712
-1176.904370777607 -172.1146774160862
-1177.5140015411378 -170.4369969236851
-1178.0873762893677 -168.49971173882486
-1178.5363732206822 -166.57332121014596
-1178.8239860761166 -164.6844242680073
-1178.21673478961 -162.95147691845895
-1177.6426663029195 -161.49980317234994
-1178.0649087059498 -160.6698739397526
-1178.0306869375706 -159.714734839201
-1178.2693758237363 -159.2174608576298
-1178.2209140884877 -157.61954818844796
-1178.2856660711766 -156.95093046307565
-1176.665700517893 -155.57546375870706
-1176.4773971664906 -154.0657694208622
-1175.2875661480427 -153.2678044307232
-1174.838946454525 -153.18992190241815
-1174.1858787465096 -151.53149943232538
-1174.265656285286 -150.545190500021
-1174.1601580905915 -149.10433463931085
-1174.1023042726517 -147.55550413012506
-1173.2619166302682 -145.8520056474209
-1171.6747065711022 -144.1623974311352
-1171.117425851822 -143.3499336707592
-1171.0916579890252 -141.70045750021936
-1169.9118556904793 -141.69430695652963
-1169.6294222402573 -140.67915938973428
-1167.8865395116807 -139.3248746263981
-1166.5976131486893 -138.6323142516613
-1165.2485385465623 -137.0574591624737
-1164.3052546310425 -135.86234073519708
-1164.5358459877968 -134.44733946204187
-1164.8647561001778 -133.79051463484765
-1163.737707488537 -131.85491995692254
-1164.0394222068787 -130.69819788813592
-1164.4548497724534 -128.80035333514215
-1164.0866083431245 -126.88900761485101
-1164.1798685121537 -125.15881137728692
-1163.4701723384858 -123.58796315073968
-1163.4326450753213 -122.87828640818597
-1163.4289099502564 -121.93943457484247
-1163.3800722885132 -120.34319858431817
-1163.3447128462792 -120.11827735781671
-1163.1768459606171 -119.99627338528634
-1162.7002823579312 -118.35774015069009
-1161.635327242613 -118.1225972044468
-1160.879994057417 -117.70564265727998
-1161.1846748518944 -116.6002330350876
-1161.2699353027344 -114.76459808826448
-1160.4757156896592 -113.77516444206239
-1159.4181311655045 -113.30812074422838
-1159.9325621652604 -112.92463918209077
-1159.3690856027604 -112.06306626081468
-1159.651456348896 -110.12311829805375
-1158.7787303853036 -108.21099616765977
-1158.5260069298745 -106.23188783407213
-1157.8226905989648 -104.24306465864183
-1157.5719056952 -103.77845128059388
-1157.487184226811 -103.05028398513795
-1158.2835181358457 -101.07894678592683
-1157.8770432773233 -99.69528325080873
-1158.4740853610635 -98.31904895782472
-1159.1800620856882 -96.39545019149782
-1158.4083949032427 -95.76256092071534
-1158.7727261188627 -93.76574571609498
-1159.40695273906 -92.07519157409669
-1158.4537613990904 -90.8211803007126
-1158.7518876793981 -89.91966112136842
-1158.4216717782617 -87.96153243064882
-1159.1118300262094 -86.12781246185304
-1159.656448751986 -84.33402331352235
-1159.6576373878122 -83.38580645799638
-1160.0930986705423 -82.34879471540452
-1160.5386833253503 -80.76398374319078
-1159.8570932450891 -79.27800513982774
-1160.2033955159784 -77.31751908540727
-1159.402352899611 -76.59845771074296
-1158.6246440115572 -75.9544673728943
-1158.068058282435 -73.97658665657045
-1157.9990498873592 -72.1366773414612
-1157.4513079974056 -70.39336665153505
-1156.8121449801326 -69.83388854742051
-1157.3312569710613 -69.3320313858986
-1156.6108714196087 -67.3776651787758
-1157.2278109642864 -65.41277946710588
-1156.789659574926 -64.35793985605241
-1157.3677426728607 -62.94602967977525
-1158.208161071241 -62.394591586589826
-1158.2242743338645 -61.63404490232469
-1158.8153290118278 -60.96860309123994
-1158.2474992240966 -59.29439015865327
-1157.610870000273 -57.560290532112134
-1157.1503387953342 -55.72854514598848
-1157.5939016605914 -55.10867192029954
-1157.1812123323978 -53.112038629055036
-1156.583678212315 -52.17872043132783
-1156.5535914565623 -50.199676232337964
-1157.3572317029536 -48.5698660182953
-1157.182223122865 -47.11418111801149
-1157.9187285120786 -45.117374258041394
-1158.6652991588414 -44.37490041732789
-1159.3299467976392 -42.65710170745851
-1159.5763514752687 -41.8892875480652
-1159.7246610040963 -40.40761526107789
-1160.0116437788308 -38.88211091041566
-1160.5514287467302 -37.64273698806764
-1161.0277477915586 -35.70046623229982
-1161.4540412242711 -33.867421941757215
-1161.8412101979554 -33.36869998455049
-1162.1215562339128 -32.00216241359712
-1162.218453180343 -31.383821444511426
-1162.24050227955 -30.729810910224927
-1162.481340777427 -29.508051590919507
-1162.2270394380391 -29.04090352535249
-1161.9473931606115 -27.382927017211927
-1160.7822121198476 -25.720339851379407
-1159.6737433488668 -24.744861738681806
-1159.16367093876 -23.891115801334394
-1158.3510052378476 -21.91592635393144
-1157.5344957526029 -19.926951067447675
-1158.2738876755536 -17.99543382406236
-1158.3246814872325 -16.928832309246076
-1158.8396690155566 -16.194595830440534
-1158.4257271255553 -15.321262614727033
-1159.033438679129 -14.891345875263227
-1159.4655224050582 -13.091636555194867
-1159.6537588204444 -12.68996222496034
-1160.2040175761283 -12.08779873132707
-1160.092908319384 -11.159268097877515
-1160.5310137833656 -9.650346355438245
-1160.6880872811378 -9.08781971216203
-1160.8960763777793 -8.301471488475812
-1161.2305835451186 -7.435464577674878
-1160.8657928968967 -5.526583986282361
-1159.967417743355 -3.635514812469495
-1160.3535273934901 -2.1668060588836795
-1159.346572008282 -0.32663615226746856
-1159.8618245984615 0.06068543910978974
-1160.0890957082809 1.9357505273818845
-1159.0270551408828 3.859432263374316
-1159.0343525077403 5.452915592193591
