-1051.93 -215.33
-1053.6702398586274 -215.7046237754822
-1055.2303891706467 -216.34087540388109
-1055.646480910778 -215.91052986860277
-1057.5794600176812 -216.6285337972641
-1058.2333255934716 -215.76159502744676
-1059.9037765192986 -216.09840806007387
-1060.5915042686463 -216.66986699581147
-1062.437435798645 -217.07041104316713
-1064.4173012304307 -217.67625798463823
-1065.4368707466126 -216.77068574905397
-1066.909048371315 -217.3818978238106
-1068.4614031839371 -217.72820271730424
-1069.432136349678 -217.18287672281267
-1071.1789463090897 -217.78694583654405
-1072.0722657966614 -216.74677922010423
-1072.8400587368012 -217.11983867168428
-1073.2582399177552 -216.54357131004335
-1073.6842217373849 -216.31942786455156
-1075.5844368863106 -217.0201342868805
-1076.0824605154992 -217.63837517976762
-1076.504599504471 -217.1402217912674
-1077.4500334191323 -217.03285753160716
-1077.930199019909 -216.14738529354335
-1079.2210581231118 -216.79546653658153
-1081.0128619599343 -216.88848630517722
-1082.0791459012032 -217.44509408801795
-1083.8863876986504 -217.98668918937446
-1084.6717921423913 -218.47945828169586
-1086.3184609341622 -218.91800681680442
-1087.0151078033448 -218.95031169980766
-1088.9107448387147 -218.58114204734565
-1090.8352081108094 -218.2757138106227
-1092.47975771904 -218.20472408264877
-1093.6169741678239 -218.66921854943038
-1093.9624553251267 -219.07652703851463
-1095.045063905716 -219.32754088371993
-1095.6235760378838 -218.46810216635467
-1097.2973521876336 -218.16859320729972
-1099.2152885127068 -218.42931045025588
-1101.0964533019066 -218.704616317451
-1101.456863873005 -217.99891568154098
-1103.1608383584023 -218.3199691566825
-1103.9214417862893 -218.5400424990058
-1105.4702464270592 -218.81749675601722
-1106.2017138528824 -218.9884964618087
-1107.54123418808 -217.7091528567672
-1109.3910846042634 -217.89002014130355
-1111.0777739810944 -218.3134917113185
-1112.702293329239 -217.1153909060359
-1113.1897002387047 -216.28808916538955
-1115.122686021328 -216.8652729484439
-1115.8174854445458 -216.5351901444793
-1116.3892872262002 -215.53348235219718
-1118.0491001534463 -215.16197545260192
-1119.8116722035409 -215.77572096318008
-1121.7367567944527 -216.32529277533294
-1122.139208905697 -216.12018939286472
-1122.6581556725503 -215.2059839013219
-1124.6028543639184 -215.85665723115207
-1125.0023898410798 -215.71710080832244
-1126.9728771972657 -216.27242393225433
-1127.5547407794 -216.78524244755508
-1129.5230904746056 -216.77058214873077
-1131.4020972180367 -216.83951775163413
-1132.9873245882989 -216.5366644653678
-1133.3825275826455 -215.61176667541267
-1133.8785194683076 -216.18450520366432
-1135.1187195110322 -215.91129101246597
-1136.9917599487305 -216.12560520499946
-1138.0825632143021 -214.83054635852577
-1138.5917949008942 -214.2031883391738
-1140.0701237249375 -214.54137361973525
-1141.4120439815522 -214.61264098614456
-1142.2178603935242 -214.24635628789665
-1142.3932319808007 -214.08527962297202
-1143.7752507853509 -213.86088250011207
-1144.7019038128853 -213.39299575418235
-1145.7716717648507 -211.49006573289634
-1146.4667648601533 -211.0905192884803
-1145.9512227702141 -209.1779409441352
-1146.0734111818672 -207.74141691058875
-1145.4775494489074 -207.3391411098838
-1145.5110589417816 -205.99382195800544
-1146.0137416276336 -204.36100576251746
-1146.3796782049537 -203.87503103345634
-1147.2480686458946 -203.462944367826
-1147.7157668623329 -202.70561544030906
-1147.1516769084335 -201.09429971307517
-1147.5405675920845 -199.37174407571555
-1147.9254821392894 -198.60038016170265
-1147.9911619651318 -198.1304979118705
-1147.3555156219006 -196.4793029817939
-1148.1917730200291 -194.73952875465156
-1147.5664521682263 -192.84315846294166
-1148.4754806387425 -192.0863586458564
-1147.90351244092 -191.03393159240485
-1147.7820191013814 -189.22390137046577
-1147.6630488860608 -188.57027087539436
-1147.6658858287335 -187.39598784774543
-1148.7698095071316 -186.19243035644294
-1149.136199914217 -184.99856887191535
-1151.0629351961613 -185.26251337856056
-1152.2628250944615 -185.12677715152503
-1154.1704913008214 -184.44460074037315
-1156.1248176920415 -184.195805067122
-1157.991743170023 -183.1805107536912
-1159.9322598803044 -182.40760415226222
-1160.9039193618298 -181.81743281513454
-1162.8983727920056 -182.24842640191318
-1163.3008582818509 -182.87631907492877
-1165.273968719244 -182.89210341304542
-1166.0995390045643 -182.5996964070201
-1166.8100039589406 -181.64386404484512
-1167.2137890088559 -182.24963224858047
-1168.8527014482022 -182.23344359725715
-1170.0187719094754 -182.1038848552108
-1170.3996797430516 -182.0598795208335
-1172.0102885591984 -182.07729355424644
-1173.1762150156499 -181.53385041087867
-1172.832745872736 -179.65328214496375
-1174.07037039876 -178.19879303306342
-1174.133061759472 -176.2960604223609
-1173.6452987718583 -175.73025206655265
-1173.6394009518624 -175.20886955589057
-1173.4563541042805 -174.70309058755637
-1174.3861419785023 -172.78311435312034
-1175.2769361960889 -172.19899604648353
-1174.5333475100995 -171.71035770505668
-1174.374377616048 -171.04529652923347
-1173.9088178354502 -169.9760479721427
-1174.8848037201167 -168.51714203685523
-1174.5772430974246 -168.03147296041251
-1175.4828234392405 -166.48140899270774
-1174.7378687936068 -164.5006167086959
-1174.7754434275628 -163.14750568002464
-1175.6300135183335 -161.24892560571433
-1174.872077279091 -160.82589278548957
-1175.5723364281655 -159.3240684065223
-1175.2745625007153 -157.33086703151466
-1175.0145604836941 -156.01713250011207
-1175.2643029618264 -155.560061493814
-1174.8196368443967 -155.04795805543662
-1175.3839130032063 -154.53046492666007
-1175.4192908632756 -154.0410659107566
-1174.5532738792897 -153.5926907452941
-1174.345049880743 -152.44836215108634
-1173.5722065794469 -151.38909296125175
-1172.6545531380177 -150.97134039729835
-1172.3942139971257 -149.14910588592292
-1172.0271088707448 -148.31263885825874
-1171.3060453164578 -147.87986538738014
-1171.239558197856 -146.54183528751136
-1170.940175690055 -144.7839093002677
-1170.638594992757 -142.9582986626029
-1170.1789545792342 -141.99456367820503
-1170.4948036450148 -141.08558354705573
-1169.2207631844283 -140.68293068736793
-1168.6257461088896 -138.83233962386848
-1169.2966308373213 -137.3547422680259
-1169.1769653189183 -136.8040891084075
-1168.5290091860295 -135.29816571801902
-1167.6686806309224 -133.3851508292556
-1167.9410398232937 -132.8772532734275
-1168.4745993244649 -130.92563603252174
-1167.8785324323178 -130.02250913709403
-1167.347848199606 -129.59113929599525
-1166.695509992838 -129.13825348943473
-1166.3581891286374 -127.29840616315605
-1166.180503629446 -125.47398475736381
-1166.4492395746709 -124.33630649179221
-1167.0019732940198 -122.49315539926292
-1166.6607885587216 -121.67077175706626
-1166.8654947209359 -120.32682541936637
-1167.352716766596 -119.83207652896644
-1166.9829386103154 -119.07792351573707
-1166.5254806506634 -117.91884718269111
-1167.274568580389 -117.28301052182914
-1166.5055176246167 -115.33180979818107
-1165.506868146658 -114.59135762780906
-1166.1546954143048 -114.16199372142555
-1165.2141959297658 -112.19561741679908
-1165.2459748017789 -111.72170732349159
-1165.4031626808644 -109.85376165241004
-1165.4847617971898 -109.23602620691062
-1164.005094729662 -107.56312839120628
-1163.5904089140893 -107.03261611789466
-1163.2673382091523 -106.49383465379478
-1162.2382567453385 -105.67071870893241
-1161.2753911542893 -104.05239430993797
-1161.010691933632 -103.19225219815971
-1161.1642677414418 -102.77314625114204
-1160.5355108606816 -102.34252629607917
-1159.7690802443028 -101.88018218606712
-1159.9701133298875 -101.34870086044074
-1159.7659118252993 -100.31720457404853
-1159.5349339920283 -99.89815799325706
-1160.0782229977847 -98.51151601403953
-1160.114831108898 -97.55744711488487
-1160.9158634732664 -95.7140230330825
-1160.9637291918696 -93.87347213357688
-1160.7152003090084 -92.38195721238853
-1159.9567068259419 -91.7616138252616
-1159.6125127117336 -89.80359909862281
-1159.3358218412102 -88.54366765350105
-1158.8008299808205 -86.59636245101692
-1158.3921659331024 -84.63959989875556
-1159.3778750042618 -82.71760866969825
-1158.8068899254502 -81.29307625621558
-1159.5067386965454 -80.51282350152732
-1160.4446910361946 -79.0749370250106
-1161.2719621400536 -78.16449622243644
-1160.8864135484398 -77.18807945579292
-1160.3134507279099 -75.20517704814674
-1159.5821326117218 -73.74707911342384
-1159.3953121195734 -72.83484087318183
-1158.786578823179 -72.31050483316184
-1158.8572510223091 -71.92025689214469
-1159.7796305160225 -71.03711382478477
-1160.5763280133904 -69.07664815515281
-1161.0710379223526 -68.50156895250083
-1161.7251407246292 -66.96965233415366
-1160.8873581628502 -65.58156470388175
-1161.2966223995388 -64.67565135091544
-1162.0132762233914 -63.32818798154594
-1162.6046415011585 -61.468938151299966
-1161.660451297015 -59.64700655072929
-1161.4310469071568 -59.043609717786325
-1162.1252076070011 -58.38272956937553
-1162.276743758768 -57.94202409118415
-1162.688653458208 -57.5131562742591
-1163.243841637224 -55.927752712667
-1162.417126287073 -55.341230610311044
-1162.5161313156784 -54.468855122029794
-1162.0701365213097 -52.737645843923104
-1161.186252925843 -51.10577485889198
-1161.1590584985167 -50.56441042751075
-1161.886957275048 -49.039798596799386
-1161.0035705439002 -47.08639870017768
-1160.3875207773597 -45.08838401168586
-1159.663143741265 -44.28967473834754
-1159.4310189507157 -43.7132124695182
-1159.2314700803906 -41.80829713672401
-1160.0655085168034 -40.12149141162635
-1159.4328661880643 -38.15111945003272
-1159.1067115388066 -36.217769602239144
-1159.2503101847321 -35.56344799131156
-1159.82996750094 -34.145685234963906
-1159.5514892659337 -32.85780302613975
-1159.02608332254 -30.870154419839395
-1158.7698116324098 -30.438289979398263
-1159.6362682006509 -29.562833884656442
-1159.0596382043511 -27.694796899259103
-1158.4693490288407 -27.018052617013467
-1159.530110480562 -26.455222466886056
-1160.417515160814 -25.947420040071023
-1160.9465644381196 -24.14229790300132
-1161.5048562905938 -22.4406961593032
-1162.084454002157 -20.61238257020713
-1162.6031158588082 -19.829729834496987
-1163.185948374048 -18.03597740262748
-1162.1893731377274 -17.604432800710214
-1161.7837882063538 -16.511605361402047
-1161.4252962491662 -15.228028515279306
-1161.8926029822976 -14.12086270183326
-1161.5927856884152 -13.574571052491677
-1160.9004275522382 -13.081516126096261
-1161.5312746486813 -11.146681049764169
-1160.9109546861798 -9.77624259322883
-1160.3941054067761 -7.854853371083749
-1160.878947498575 -5.887567737996591
-1161.4947906754167 -4.20526383250953
-1161.9366053364427 -3.505112031400216
-1161.8299485913665 -1.5688539537787562
-1162.3151889614016 0.4275143352150792
-1163.0993775299937 2.1875617709755772
