-1051.93 -215.33
-1051.5347837138177 -216.00353171110154
-1051.1519136357308 -215.07254167079927
-1050.7721012163163 -214.2305555510521
-1050.2987729239464 -213.32782556295396
-1048.9698181080819 -212.54661627292634
-1048.3498325276375 -213.15041144371034
-1046.64669536829 -212.4005072283745
-1045.1862084794045 -211.93712790489198
-1044.788785033226 -212.79681833267213
-1044.3595911192895 -213.5351551938057
-1043.9655524420739 -212.62551720619203
-1043.565400235653 -211.8105043935776
-1041.90424274683 -211.99476683318616
-1040.1987769532204 -212.85582035958768
-1039.7779313850403 -212.01422327935697
-1039.3236961889268 -212.79066366136075
-1038.9244145083428 -213.5489816683531
-1038.2606327462197 -212.61935776650907
-1036.956893913746 -212.54358687430621
-1035.9183268475533 -213.25374689131976
-1035.003529779911 -212.72000112563373
-1034.3685789036751 -211.95749595195056
-1033.9704101014138 -212.82048788100482
-1031.9710280823708 -213.39100226193668
-1030.0163845944405 -212.48631467849017
-1028.0546321797372 -211.69016447097064
-1027.623252325058 -210.98606195479633
-1027.2368692088128 -210.37276484996082
-1026.8655942606927 -211.02275242835285
-1026.4671767878533 -211.88425519496204
-1026.0660745429993 -211.1110552790761
-1024.0690085220338 -211.58312597304584
-1023.6449263024331 -210.48586514025928
-1023.2511238980294 -210.06131305724384
-1022.4718385863305 -209.16200377970935
-1022.0636426734925 -210.02004667550327
-1021.6956075954438 -208.9535054805875
-1019.8580591011048 -209.44388207226993
-1018.411826543808 -208.7418936136365
-1017.8119153904915 -209.23876454859973
-1016.2696881222726 -208.09677937060596
-1015.595965974331 -208.06492003232242
-1013.8011479306222 -208.23668977051975
-1012.4257800507546 -206.42622014313937
-1012.7280339825154 -206.12761952906848
-1012.963213287592 -205.23291095525028
-1013.085144840479 -203.45323690205814
-1013.5443235564233 -202.20079084664584
-1013.248577438593 -200.2595150116086
-1013.8120948898793 -198.97400494843723
-1014.3249910700322 -198.56233873397113
-1013.1573345291615 -196.89286150962116
-1013.7923082935811 -195.00193443328143
-1013.8334091532231 -193.3600856307149
-1014.2160162556172 -191.90988948374988
-1014.4465949761868 -190.05130877524616
-1013.4303473460675 -188.24621262580158
-1013.6875037181378 -186.45795478850604
-1013.8533448207379 -184.60703244239093
-1013.9815245497227 -184.1301422956586
-1012.4584135639668 -182.78777083188297
-1011.2378952133656 -180.86424645215274
-1011.8643781769276 -180.41498204499484
-1012.4061569201947 -178.44224020272495
-1011.3770429122449 -176.51277776986362
-1011.9811622726918 -174.5318050029874
-1011.0074709284306 -173.17161854535343
-1011.6248329508305 -171.1915825250745
-1012.1041790175439 -169.2140332105756
-1012.5891987311841 -167.31339927941562
-1012.5197083878518 -166.9562530758977
-1011.6937720704079 -166.59465583592655
-1011.2732779908181 -165.25861319333316
-1010.3226971554757 -163.39203950196506
-1009.4610788750649 -161.4693849924207
-1008.6983306336404 -159.47020992070438
-1009.7380855011941 -159.0392671468854
-1010.6692290234566 -157.14751895695926
-1010.2231209206582 -155.2008597496152
-1011.8519071269036 -153.53797622948886
-1013.6693319010735 -152.2316078785062
-1015.2487269568444 -151.30118593007327
-1017.2451456713677 -150.61178042918445
-1019.2450672316552 -149.8352256062627
-1020.5876753258706 -149.11614420443775
-1020.9843732643128 -148.49058469563724
-1022.9078234958649 -149.51557489663364
-1024.9018363285065 -149.37626650363208
-1026.8918062973023 -150.30547257691623
-1028.8524518537522 -150.98656466037036
-1030.7185843515397 -150.12951549321414
-1031.5091152715684 -149.37540414363147
-1033.507311873436 -148.77987071305515
-1034.2237896847726 -149.64663525849582
-1034.6320990848542 -149.75014109343292
-1036.3777150440217 -149.8825974854827
-1038.3766485977173 -150.12494052380325
-1040.3738729286194 -150.72887350052596
-1042.0512511062623 -149.77757425040008
-1042.8184063959122 -150.2930605503917
-1044.7799373197556 -149.3966548535228
-1046.7798752117158 -150.10798300236465
-1048.777503900528 -150.79691375225784
-1050.7573820877076 -149.8414048048854
-1052.7503365802766 -150.59399653404952
-1054.7430860328675 -149.66847146481277
-1056.6083692836762 -149.07117767065765
-1058.5275258350373 -148.19518924683334
-1059.2501773166657 -148.81351358622314
-1059.6371091532708 -149.34951222866775
-1061.4491469788552 -148.79176617592574
-1062.2130490469933 -147.43405557602645
-1063.7788540053368 -147.8320530447364
-1065.5479981827737 -147.41394854515792
-1066.7801871228219 -145.9031884762645
-1068.3126995491982 -145.62911809414626
-1069.6169648098946 -145.32946843832732
-1069.1164358186722 -143.36231155127288
-1070.292351179123 -141.42544979780914
-1071.235118083954 -139.44116575449706
-1072.0936015176774 -137.907951900661
-1072.5235488939286 -135.9103875848651
-1071.6320705342293 -135.3872072789073
-1070.8485721278191 -133.75037361115218
-1070.855709426403 -132.7548968884349
-1071.7128548550606 -131.08476413220168
-1071.0556822943688 -129.08979142636062
-1071.938830845356 -128.66046268671752
-1071.1157406497002 -128.17814374893905
-1071.990673415661 -126.19001341789962
-1071.8717508393527 -124.37310565441848
-1072.6308498460055 -122.43871916264297
-1073.481743105054 -122.0295500251651
-1073.7191642600299 -121.58855594128372
-1074.122669287324 -119.7003246638179
-1073.8588455396891 -117.82742107838394
-1075.643132634759 -116.35086573094131
-1077.5829009491206 -115.22977484196426
-1079.5617916065455 -114.79343191713096
-1080.8586093860865 -113.82972196668388
-1081.473395832181 -112.98414901822807
-1083.4709110337496 -112.95056805938484
-1085.4690904694796 -112.49432996839286
-1086.7719335633517 -112.13570902675391
-1088.752734668851 -111.38446036905052
-1090.6200289803744 -112.08816770642997
-1092.5321879464389 -112.61145607560874
-1093.488334901929 -112.82199213832618
-1095.222089059949 -112.03074226707221
-1095.3575050312281 -110.98469589084388
-1096.9902579265834 -109.42612789005042
-1098.4291552978755 -108.83154032558204
-1099.5870234447718 -108.48605261176826
-1100.5557639080287 -106.7061198744178
-1101.3748750168086 -105.40345869392158
-1102.0937182980776 -104.90474943250419
-1102.301300175786 -104.51212982267143
-1101.8995006757975 -102.526760378778
-1102.5303741174937 -100.53610447973014
-1103.1059233027697 -99.0863830241561
-1103.6164372640849 -97.88333241075279
-1104.0944302755595 -96.00316468805076
-1103.1812619644404 -94.07338646978141
-1102.1957824903727 -92.30360178083183
-1101.2455378252268 -90.34672788709403
-1101.9818115311862 -88.57043556302787
-1102.5609400349856 -86.58010117143394
-1103.1428272801638 -84.59955350488426
-1103.6426819044352 -82.63256398767234
-1102.8317634540797 -80.6867784652114
-1101.819607563615 -80.31167171329261
-1100.9032015281916 -78.68016693919898
-1101.0062425512076 -78.26705739825965
-1101.6086449998618 -77.79840133517982
-1102.2933525818587 -75.80287216037513
-1102.9102625626326 -73.89008758395912
-1102.3299078720809 -71.96150276988746
-1102.54917693913 -70.02332268089057
-1102.9371782916785 -69.57678536504508
-1102.0477395433188 -67.60485414594413
-1102.6761271137 -66.9918123278022
-1101.6580707210303 -66.60023907750846
-1102.3441673892737 -64.61130384534599
-1101.5649320858718 -62.99888459771873
-1100.7873439568282 -62.59798614114524
-1101.3740118521453 -61.538292804658425
-1101.0164257067443 -59.73460475534202
-1101.8096498030425 -57.936358848512185
-1102.6102918165923 -56.53500334352256
-1103.9397038000823 -54.84716049760581
-1103.8521007078887 -54.31876895755531
-1105.5759063738585 -52.75673983424903
-1107.466720916629 -51.460747459828866
-1109.4340089339019 -51.97251520484687
-1111.3961405533553 -50.91723177760841
-1113.1618118065596 -51.54301665157081
-1115.1340675133467 -50.63191042274238
-1117.0901204127074 -50.09976820081474
-1119.0850988405944 -50.76358572572471
-1121.0508767145873 -51.361374715268624
-1123.0288997668029 -51.63892571061851
-1123.4007300513983 -51.89896998733283
-1124.7757469791175 -51.14211724132301
-1126.2662711519004 -51.560811141431344
-1127.77833227098 -50.74131784766914
-1129.5437332767249 -51.147966602742684
-1130.7060388702155 -50.36190179914237
-1131.2349260228873 -49.32545165151359
-1131.6320676583052 -48.4229954275489
-1133.3998833674193 -47.653863171041024
-1133.850908793807 -46.98929373353721
-1134.9430508989096 -46.40507272809745
-1136.8879571336508 -45.88285503715278
-1138.4855015653372 -46.96134052604438
-1140.3967786210776 -46.338973322808755
-1141.8705110925437 -45.90407154887916
-1142.2528520601988 -46.96967158645393
-1143.0298231619597 -47.79577551215888
-1145.0290416258574 -48.1847885939479
-1145.603285767436 -48.573946574628366
-1145.9071149009467 -47.29811940521003
-1147.8143188136817 -47.790312567651284
-1149.3255159038306 -47.98615364164115
-1150.8160881179572 -46.876862803399575
-1152.027700342536 -44.97379020780326
-1152.7965100187064 -42.99974683851005
-1152.1791711229087 -41.008982816636575
-1153.1712381619216 -39.84047440618278
-1152.4761706370116 -39.314482608735574
-1151.914856709838 -38.099147716462625
-1152.93645147264 -37.50436756938697
-1152.248991407752 -37.10803268283607
-1153.2307311671973 -35.3020899090171
-1152.4910334128142 -33.30648753970863
-1151.8405393737555 -31.315871694982064
-1151.2763246673346 -29.337448934018624
-1152.355297960639 -28.903789201676858
-1153.2024463790656 -27.1365608367324
-1152.6794686692954 -25.20191923707725
-1153.6062556880713 -24.789964834153665
-1154.1378308314086 -22.81478110879661
-1153.8222290056945 -22.400478998124612
-1154.609512307048 -21.94061813682319
-1154.1047938245536 -19.959337809979928
-1154.9636587280036 -17.965298274457467
-1155.7226758378745 -17.41849032968284
-1156.196131862998 -15.516927877366555
-1156.7872044223548 -13.535127798020852
-1157.3843934315444 -11.552493968904031
-1156.3438765782118 -9.609728733003152
-1156.1897317099572 -7.625649372041238
-1155.2252200174332 -5.642678895890725
-1155.9646432328225 -3.6442063245177394
-1155.1333345103264 -3.146311918199075
-1156.0083906579018 -2.748868206441415
-1155.5007847476006 -0.7548559698462611
-1156.7850085425378 1.072041412889945
-1157.125715546608 2.7636021581292027
-1157.2812981534005 2.7733074036240453
-1158.8390114235879 2.7269066181778783
-1158.7441179084778 4.518028101026999
-1159.0388309884072 5.831579765379416
