-1051.93 -215.33
-1053.6222104358674 -215.85260208129884
-1053.7989423799515 -215.92446156024934
-1055.5596914815903 -215.98286207199098
-1057.1645167398453 -215.4578635263443
-1058.0132239985467 -215.2182482647896
-1058.526969485283 -214.02012671709062
-1058.3862417268754 -212.82585014581682
-1058.2829086112977 -212.5927695798874
-1059.663502984047 -211.42500086307527
-1059.355905108452 -209.52714534282686
-1060.4782853651047 -207.8048854637146
-1060.0358892011643 -205.8577043581009
-1061.1621906089783 -203.93053312778474
-1060.5763860869408 -203.54369522809984
-1060.9806765842438 -201.57146741628648
-1061.9327742385865 -201.01540489673616
-1061.3733662295342 -199.882272439003
-1061.5047089236975 -199.42775346517564
-1060.8959392684699 -197.44163860559465
-1061.9225269931555 -196.79882808208467
-1061.364772118926 -196.0628516840935
-1062.3326760905982 -194.10785986661912
-1062.9168465512992 -193.61896534442903
-1064.1504431146384 -191.77925558567048
-1065.3057675737143 -190.14424200534822
-1067.106407083869 -188.75624390125276
-1068.7140938419104 -189.0277655887604
-1069.8579564470053 -188.8923159557581
-1071.7295110601187 -189.4076985436678
-1072.210126258731 -188.81912025988103
-1074.0830698984862 -188.5565247255564
-1075.5373888987303 -187.5541779714823
-1077.5307596701384 -188.22922316372396
-1077.9419780153037 -187.3213435727358
-1079.9372353929282 -186.47202554523946
-1080.3375355380774 -187.27412733614446
-1080.8086544054747 -187.42246085584165
-1081.2038516777754 -186.51064837157728
-1083.1934594887496 -186.99667725145818
-1085.1893775242568 -187.73314443409444
-1086.9726965206862 -188.24652275621892
-1087.4257583993674 -188.15502123713495
-1089.4004148620368 -188.76311998248102
-1090.022627927661 -189.30500094771386
-1091.6279806870223 -188.22120754599572
-1092.0655357021094 -188.57237349629403
-1092.4390686529875 -189.08574627518655
-1092.8039043325186 -188.13678483843805
-1094.7751870530844 -188.20502090632917
-1096.5974390882254 -188.79661047637464
-1097.311888255477 -188.46253520429136
-1099.2556372064353 -188.31795449733735
-1099.8342417258025 -188.62388958215715
-1100.1689005273581 -188.8559931087494
-1100.4080245870352 -188.93368460416795
-1100.69409201324 -189.1522235441208
-1100.9365142959357 -188.03153391361238
-1101.229040839076 -188.12126742482187
-1102.1428940671683 -188.4363679456711
-1102.460659839511 -188.68249739885331
-1104.3298619765044 -188.9397258925438
-1106.1852220076323 -189.11297370672227
-1106.5702946561576 -189.14937724351884
-1107.9181938546897 -188.07889951944352
-1109.8286092656851 -188.41903786540033
-1111.6713140386344 -187.02896337389947
-1113.6348358768225 -186.44409661173822
-1115.5827030318976 -186.452230514884
-1116.6518395322562 -186.8363430517912
-1117.0397196787596 -187.36435616195203
-1118.9481161612273 -186.37346816241742
-1119.3510152477027 -186.9463370460272
-1119.7306756156684 -187.11214032948018
-1121.682318367362 -186.0110794621706
-1123.6685279983283 -186.6227398234606
-1125.4969585317374 -185.57405808746816
-1127.4902701753379 -186.10995903789998
-1129.344551600814 -185.1324809509516
-1130.7719440835715 -184.12707004129888
-1131.1949980038405 -183.24243775188924
-1133.1850504654647 -183.7513897138834
-1134.3602112311125 -184.35343787252904
-1136.0147832411528 -183.33836052000524
-1136.377267457843 -183.81410250246526
-1138.3062577027083 -183.4612679499388
-1140.2745712774993 -183.38773521959783
-1142.2370193976165 -183.92450753033162
-1142.7154629009963 -183.89778638064863
-1143.7501057165862 -184.35062471210958
-1144.3851332443953 -184.13308121442796
-1146.3635115402938 -184.72530235528947
-1148.32717631042 -183.73131980180742
-1148.9243502992392 -182.97966094493867
-1150.8963051217795 -183.85635961771013
-1151.5967794436217 -184.58140869617463
-1152.2157500761748 -185.22939254522325
-1154.1910065191985 -184.18941034555436
-1156.173978187442 -184.56639643192293
-1157.2245249527693 -183.48591537952424
-1158.94413564384 -184.13642384290696
-1160.6396513956786 -184.2688734251261
-1161.4881381767989 -184.08281359255315
-1161.871675707698 -183.12397232830526
-1162.3130039948226 -182.24096760332586
-1164.2820067185164 -182.30499347478153
-1165.3352517861128 -182.83659681111575
-1165.6909982341529 -183.3131714704633
-1166.0347629565001 -183.7013648095727
-1166.6805571097136 -183.3264873865247
-1168.5890999811888 -183.6645601335168
-1169.0548230785132 -183.6909922900796
-1169.3478964942694 -183.67987214952709
-1171.022071518302 -183.7224729600549
-1171.407594420314 -182.17565529972316
-1171.9695492166281 -180.42102461487056
-1171.9583093303443 -180.0349538269639
-1173.0651188272238 -178.3715281429887
-1174.2091488021613 -178.01294046074153
-1173.6227023977042 -177.63135665088893
-1174.6790000575782 -177.26929783254863
-1174.4416591304541 -176.87605511575939
-1175.3479508537055 -176.483715826571
-1176.1473311561347 -174.48487740188838
-1176.654350437522 -173.6789837422967
-1177.342661537528 -171.70477014213802
-1176.3608275431395 -171.29934763342143
-1176.0068955200911 -170.52658229500057
-1176.7368166822196 -170.0794583502412
-1176.3198937553168 -169.6853718701005
-1177.0496483820677 -169.1651983204484
-1176.1991601365805 -168.75691747099162
-1176.5341411012412 -167.2820825520158
-1177.234776415229 -165.28657686144115
-1177.6648079234362 -163.37181698709728
-1176.9243629652262 -162.55657219320537
-1176.0704715925456 -160.61769890218974
-1176.8291645127536 -158.61844682127239
-1175.9021741229296 -156.66562556654216
-1175.0812570530177 -154.68843817144634
-1174.3884987312556 -152.74628114134075
-1175.2820057946444 -152.0971047821641
-1174.8716871219874 -151.35648238092662
-1174.177481301427 -149.36229276090862
-1174.3691093999148 -147.50909017950298
-1174.6768756884337 -147.09109770685436
-1174.4159155863524 -146.6868883314729
-1175.2555034536124 -146.28699296146632
-1174.654899277091 -145.46478211313487
-1175.3014787811042 -145.07282971769573
-1174.4707514423133 -144.691020244658
-1174.987494983077 -144.32304465204479
-1175.407043941617 -142.60159599214794
-1173.7973142939807 -141.56977891355754
-1173.129422672391 -139.93462871938945
-1171.398394830823 -138.71292971998454
-1169.4981856423617 -139.0473534706235
-1169.4208644706011 -138.0646914485097
-1169.219143100381 -138.11263301402332
-1168.2697343307734 -137.5106917861104
-1167.0132482725382 -137.41084059506656
-1167.282713957429 -136.2197795751691
-1165.8862691599131 -136.0578862670064
-1166.3079328614474 -135.7179244402051
-1165.36447907269 -133.84368797570468
-1165.9764016348124 -133.34087672263385
-1164.918511696458 -132.007549906075
-1165.5673217254878 -130.0239188912511
-1165.2299211102725 -129.56356188088657
-1164.2612490731478 -129.06356295377017
-1164.7185482162238 -128.41472735434772
-1163.855327166915 -128.00991746217014
-1163.4140530008078 -127.52314665347339
-1164.2507646459342 -127.12166556149722
-1164.9838586229087 -126.72076710492374
-1165.6129755157233 -124.9174650552869
-1165.5393224734069 -124.6239257696271
-1164.2408483999968 -123.19151958256961
-1163.2856233495474 -122.2477849367261
-1163.6530768054724 -120.84788402348758
-1162.0403150695563 -119.17864378720523
-1161.7149797159434 -117.9254794958234
-1160.4927538114787 -117.08299925357105
-1160.2335877496005 -116.9699968340993
-1160.2649356204272 -115.7377711775899
-1159.0361093360186 -114.11628785163165
-1159.298290141225 -113.84309479027988
-1159.4865236955882 -112.02416797906162
-1158.1113064962626 -110.80880781441928
-1158.5326481539012 -110.4675053599477
-1158.4520398753882 -109.76377221375705
-1158.941665776372 -109.39980294734241
-1159.3022187131644 -108.2780385258794
-1159.6847579556704 -106.46682169467212
-1160.0006815868617 -106.11373212367297
-1160.2441223043204 -105.79728564053775
-1160.5548092204333 -105.1607534530759
-1159.8753985244036 -103.29331072598697
-1158.8778574544192 -102.97521098881961
-1157.7700526791812 -102.58120378285648
-1158.3313292342425 -100.6721812132001
-1157.4279031831027 -100.27620639830829
-1156.6598097759486 -99.82986881762744
-1155.7653741317988 -97.90744473963977
-1156.56025803864 -97.22962721616031
-1157.255536504388 -95.55378862649204
-1157.8203193622828 -93.66680189400913
-1158.349629111886 -93.29101243048908
-1158.386606850028 -91.33263733416797
-1158.8554512935877 -90.91453822880985
-1159.0278968888522 -90.25287624627353
-1158.2934458333254 -89.8804560545087
-1158.7876989322901 -87.91873451501132
-1157.7031040865184 -85.96748968392612
-1158.2800526696444 -84.37159665852786
-1157.179324515462 -83.3429712894559
-1157.8029800134898 -81.37141402989627
-1157.1495341140032 -80.70104053050281
-1157.64332205832 -80.09943225413562
-1156.4596118408442 -78.1749769690633
-1155.4299185949565 -77.7651372793317
-1156.1149929243327 -77.23203339606525
-1156.5581774789096 -75.2730996850133
-1155.5167672711611 -73.81534316569568
-1154.633549399972 -71.84087946444751
-1155.3171182352305 -71.42829974919559
-1154.2879749017955 -69.51953097611667
-1154.9413843232394 -68.86904832154514
-1155.3886449712516 -66.8813242557645
-1155.961158670783 -65.61075302392246
-1154.8751104253531 -63.88378592759372
-1153.9293734806777 -61.97321292191745
-1153.5666080194712 -60.00129386216403
-1154.0580311495066 -59.33745911151172
-1153.3407332378627 -57.34887292414905
-1154.1846520978213 -56.855010831654084
-1154.9296657520533 -56.3923213723302
-1153.9887581545115 -55.704690122902406
-1154.7565358954669 -53.842818403542054
-1155.4236085492373 -53.43656786710025
-1154.7592675167323 -52.88587501078845
-1155.0325228351355 -52.4289105179906
-1155.6130392330886 -52.015601957142366
-1156.1788440722228 -51.10676779776813
-1156.1336270946265 -49.14501252204181
-1156.6318112391234 -47.36174311667682
-1155.4925999420882 -45.41287555724384
-1155.8832762914897 -44.11665203601123
-1156.4058520275355 -42.16065671473743
-1155.5687097984553 -41.79744693070651
-1156.1481140333415 -39.826297486126435
-1156.65979696095 -37.85901352196933
-1156.5945924299956 -37.23600318461658
-1155.507405616641 -35.29631903201343
-1154.492664911151 -34.32681175500156
-1153.6031851547957 -33.12200316220523
-1154.416662849784 -32.62388726502658
-1153.8937235850096 -31.965224767029298
-1154.6723031777144 -30.485003853142274
-1154.5809506702424 -30.084221685230744
-1153.6807395148278 -29.546423459351075
-1152.8857072520257 -29.10032018452884
-1153.316532664299 -27.19607611924411
-1152.8219544219971 -26.173321926891816
-1153.7328724193574 -24.20576497346164
-1153.6158795359731 -23.556876802742494
-1154.405146777928 -21.556995773613465
-1155.0639904144407 -21.123323881924165
-1154.0984248521925 -20.534394944012178
-1154.80988460809 -20.06538298159839
-1155.341385126412 -19.67302014857532
-1154.3691214326025 -19.231387341320527
-1154.514648616612 -17.805610144436372
-1154.9260541203619 -15.902499401867402
-1155.5879564884306 -14.54367693692447
-1155.7727751883865 -13.162010515034211
-1154.8791827115417 -12.519459152519715
-1153.9425575885177 -11.23557260066272
-1154.7150901708007 -10.814361954033387
-1154.22554220289 -10.406977975666535
-1154.9646959456802 -9.261130655109895
-1155.1770884099603 -7.465361798107637
-1154.3294257822633 -5.548924410641206
-1154.5699936452509 -3.617772782146943
-1155.2698743644357 -1.6704589965939647
-1155.8894723954797 -1.2792594674229747
-1156.4295225444437 -0.8988787773251659
-1156.056371510327 -0.5374034884572154
-1156.5663827064634 1.4058342930674428
-1156.9171359542013 3.1790486332774037
-1156.0545092228056 3.6311875936388844
-1156.4441700580717 5.296369468867766
-1156.8119968476892 7.255875265300261
