-1051.93 -215.33
-1052.6715310740472 -215.37330968856813
-1054.0716258215905 -215.40491314411165
-1054.4813945817948 -216.82366688728334
-1056.4084985780717 -217.11569459915162
-1057.1852200555802 -217.9854475426674
-1059.0649631547928 -218.75163527011873
-1060.4129981327058 -219.35056628465654
-1061.5393813180924 -218.54470147371293
-1062.1395794677735 -219.1941546368599
-1063.5833739566804 -218.50841774225236
-1065.4733313846589 -217.80724449634553
-1067.231229119301 -218.58868129730226
-1068.296638302803 -218.53626033842565
-1068.9764233756066 -219.17706093370916
-1070.9679816889764 -219.32227066338064
-1072.8091801333428 -219.7087670582533
-1074.7944005656243 -220.11621213138105
-1076.7768720316888 -219.61399805724622
-1077.3970723676682 -219.62503445327283
-1079.2715709733964 -218.90572327554227
-1081.2073671150208 -219.45806521356107
-1081.958592824936 -218.6829684394598
-1083.3723961639405 -218.14353007256986
-1085.361030869484 -218.47150886237623
-1086.9560447263718 -219.17250305593015
-1088.6197758245469 -219.78144383609296
-1089.2163762378693 -219.00603091895582
-1089.8656999993325 -218.5597210842371
-1090.6059008169175 -219.24148771345617
-1091.9180940914155 -219.3904395568371
-1093.9086400794984 -218.5991438496113
-1094.5394419360161 -219.27393965601922
-1096.2422316002846 -219.13712431669236
-1097.9286569285393 -218.38822664499284
-1099.9094279932976 -217.70291735410692
-1100.5127570557595 -217.19883407831193
-1101.102520697117 -217.0656136441231
-1102.467052333355 -217.78149379968644
-1103.1672806668282 -218.1248622107506
-1105.1306056904793 -218.63211371183397
-1105.7417528557778 -218.01801307678224
-1106.3405045199395 -218.73607297420503
-1107.5844820666314 -218.04839863061906
-1109.5595253634453 -218.32518257379533
-1111.3155926394463 -219.04176606416704
-1113.0493310618401 -218.90475259900094
-1113.6759197044373 -219.54453550457956
-1114.2740263271332 -220.0976858007908
-1115.4740875291825 -220.3542739915848
-1116.0577300715447 -220.82164271354677
-1117.1359085965157 -219.8378445672989
-1117.850716047287 -220.33319409370424
-1118.602908782959 -220.65238623499872
-1119.294842236042 -221.07749544262887
-1121.2471533942223 -220.1363999116421
-1122.0031144547463 -219.67505903720857
-1122.5962902832032 -218.87105150699617
-1124.0532780218125 -218.36272497653962
-1125.9122179079056 -217.6803168821335
-1126.5079728889466 -218.42184324741365
-1127.107949488163 -219.01244129419328
-1129.0938424992562 -218.26892818689348
-1130.015013151169 -217.88537733435632
-1131.2812214422227 -218.64694409251214
-1133.2635275650025 -218.1755763757229
-1133.8636525797845 -217.65570788264276
-1134.8683599162102 -218.29704754233362
-1136.8611857819558 -219.0226808655262
-1137.4686197566987 -219.63410984158517
-1139.4142171669007 -220.05099018096925
-1140.5011448192597 -220.33464108586313
-1140.9796285557748 -220.479825245142
-1141.7857676672936 -220.58373873114587
-1142.4138128089905 -219.41446738123895
-1144.032978348732 -218.20001463770868
-1145.5832571315766 -216.63598518252374
-1146.9025972414017 -216.21203397393228
-1147.8414898443223 -215.63201074481012
-1147.4192554581166 -213.70221452593805
-1146.8838718163968 -212.48748676657678
-1147.5865808951855 -210.58985381007196
-1148.4300201165677 -208.66252534270288
-1148.6900124776364 -207.5716990697384
-1148.1992135870457 -206.9674053657055
-1148.0049331563712 -206.36897359967233
-1147.444323875308 -205.135729418993
-1148.305684902072 -204.54423074603082
-1148.0471914190055 -203.94023554205896
-1148.1140196326376 -203.03543321967126
-1148.0441482889653 -202.4370435345173
-1148.6871024596692 -201.82094364047052
-1147.9917854297162 -199.86145667910577
-1147.511639289856 -199.24622319817544
-1148.3628466057778 -198.65612028717996
-1149.0072464871407 -196.65825616002084
-1148.2785264778138 -195.91067545294763
-1147.6374632048608 -194.00818364501
-1148.479728870392 -193.33636723637582
-1149.2107061076165 -191.90334366440774
-1148.8990755605698 -191.32343803524972
-1149.588868432045 -190.75265388369561
-1149.5245676267148 -188.99936060786249
-1149.852212123871 -188.30797784209253
-1149.9666383194924 -186.60959725260736
-1151.7814342904092 -186.690241740942
-1152.7572296190262 -186.17215012192727
-1154.5903922843934 -185.95810358405114
-1156.5057677555085 -185.95724372744561
-1157.1171795654298 -184.81654565215112
-1158.1275618600846 -185.15516151666642
-1160.0642420578004 -184.52510143995286
-1161.6916579532624 -183.86834539651872
-1163.6560097265244 -184.31160511255266
-1165.1255231428147 -184.62670998454095
-1167.0943003225327 -183.79381184458734
-1169.0283341932297 -183.05967949509622
-1170.8014102506638 -183.1479104626179
-1171.7564696002007 -182.42335425496103
-1172.3039136457444 -181.9458663928509
-1173.536370806694 -181.073007093668
-1173.3289428281785 -180.52486770033838
-1173.5532867836953 -178.62801830649377
-1174.31684797287 -176.7036878335476
-1175.1921335983277 -174.76771514296533
-1175.9384944963456 -172.79319338679315
-1175.2439373064042 -171.0187206733227
-1174.7768684852124 -169.02052621722223
-1174.2208369600773 -168.2424874174595
-1173.718889437914 -166.41230867981912
-1174.4756804931164 -164.54885123848916
-1173.9658313024045 -163.81474606871606
-1174.7857408154011 -161.83769886374475
-1174.6220934468508 -160.97499029517175
-1173.9543299156428 -158.97824411273004
-1174.4348470646144 -158.39490972638131
-1173.4393625932933 -156.4550918209553
-1173.5043287056685 -154.56249140381814
-1172.5670484083892 -153.43811272263528
-1172.850704588294 -151.5057520735264
-1172.8672166842223 -151.01307158350946
-1172.3474793213607 -149.14223902106286
-1172.4568283337355 -147.35835711836816
-1171.2521656531096 -145.46034400343896
-1170.3808331269026 -143.70874278426172
-1169.9986911791564 -142.54713706851007
-1168.9690519350768 -141.19641296744348
-1167.791791536212 -139.3512434232235
-1167.651125587821 -137.65479950785638
-1167.1511806029082 -136.34624938845636
-1165.2075516957045 -135.33921377539636
-1163.4433955925704 -134.05717460989953
-1162.685613848567 -133.85833181619645
-1162.248925127387 -133.65386040687562
-1160.6080677884818 -132.07457824230195
-1159.294701613784 -131.3907996582985
-1158.9001805263758 -130.80441655397416
-1158.052695222497 -128.81938351869584
-1158.5642031508685 -126.90639199495317
-1157.7721576172114 -125.61687304258348
-1158.442676909566 -124.03733898878099
-1159.04124278605 -123.43979193449022
-1158.392581768632 -121.59286500692369
-1157.8768066245318 -119.71640183210374
-1158.44952560246 -118.88658715963365
-1158.5200629088283 -117.02665616750718
-1157.7705675813556 -115.05883743047715
-1157.809525858909 -114.3925041127205
-1157.127261352092 -112.40706075906755
-1157.8695592398942 -110.92835845232011
-1158.4481268639863 -108.92925252199174
-1157.658171426803 -108.22215737581254
-1157.6295714511723 -106.32097996950151
-1156.9419266714901 -105.08942033529283
-1156.7319643183798 -104.02028800725938
-1156.991119651422 -102.04731942892076
-1157.79021993123 -100.07930113554002
-1157.4553409501166 -99.25903584241868
-1156.7922655626387 -98.20710088491441
-1157.4636320158095 -96.21365310430528
-1156.86188319169 -94.37432266950609
-1157.4097767754645 -92.65563942670823
-1158.1483231469244 -90.79230143308641
-1157.559134213552 -89.27507664442064
-1158.2264152451605 -88.66951914310457
-1158.851564316377 -86.6733486223221
-1159.407582430467 -86.0638475584984
-1158.5186451955885 -85.12302036762239
-1158.0845485910029 -84.50985832691194
-1157.3454874738306 -83.88806183815004
-1158.0826249106974 -81.88892109870912
-1158.466566471681 -81.28169323682786
-1158.619538171515 -79.29215385198594
-1159.1714833214135 -77.29758216619493
-1158.44094972156 -75.36466516733171
-1159.0362330510468 -73.36889137506486
-1159.289899422154 -71.38099946260454
-1158.9599512352795 -70.07668020009996
-1159.4734249248356 -68.09633232831956
-1159.728515221104 -67.32029344320298
-1159.6130614414067 -66.74169112920762
-1158.9149672522396 -66.15576501369478
-1158.282106353268 -65.56380357027055
-1157.5118636026234 -64.85338230609895
-1157.0401199891419 -62.85410352230073
-1157.7345759107918 -60.88526137351991
-1158.141794992909 -59.113709049224866
-1157.896858169064 -57.21559079170228
-1158.517431570515 -56.52801020622255
-1158.8255922927708 -55.92208893775941
-1158.0544055833668 -55.18143357515336
-1157.3100261821598 -53.19098796129228
-1156.676226867661 -52.46832634687425
-1157.0949124827237 -50.508260743618024
-1156.5443254246563 -48.90891243696214
-1157.1226334109158 -48.252404110431684
-1157.7576292886586 -47.34661151647569
-1157.096415175423 -45.402417199611676
-1156.4806932344288 -44.68756778717042
-1157.337816728577 -42.701822834014905
-1156.7160849704594 -42.10194207906724
-1156.1591451897473 -40.19882716417314
-1156.0202363713831 -38.21946253061296
-1156.7151926144213 -37.44940693855287
-1157.5236992820353 -36.810200171470655
-1158.193977115974 -35.159291820526136
-1157.4990569337458 -34.51844079971315
-1157.0962773545832 -32.52204688072206
-1157.7279561742396 -31.75701840400697
-1157.7321873869003 -30.746705608367932
-1157.048723873049 -29.718822674751294
-1156.4364956583083 -29.121583061218274
-1156.0655977393687 -27.180099325180066
-1156.7659613753856 -26.598605649471295
-1157.5807786251605 -25.977172629833234
-1158.2743314768375 -25.361994700431836
-1157.6424329544604 -23.40579576969148
-1158.1728995706142 -22.453014330863965
-1158.2829090695084 -20.457851605415357
-1158.9097847680748 -19.6683425474167
-1159.4563524465264 -17.990907030105603
-1158.545190487355 -16.257985072135938
-1158.8523199300469 -15.40672202587129
-1158.91759618029 -13.902284579277051
-1158.0698990415037 -11.913681583404554
-1157.6031672547758 -9.9984286594391
-1157.7455494593084 -8.875377850532544
-1157.0637579153479 -7.2488479185104495
-1157.0490651617945 -5.2863986063003665
-1156.7256865094603 -4.435412840843213
-1156.5436284135283 -3.027493195533765
-1156.0590713809431 -1.3714119958877689
-1156.9748811315 -0.7894417214393741
-1156.5206490646303 -0.13080121755601226
-1156.1874788294733 0.6412109565734738
-1155.885656643957 1.2738794517516965
-1156.5888169299067 2.0008132290840024
-1157.4019365797938 3.9714860749244565
-1158.0612349997461 4.586116118431079
-1158.6193830858172 6.376634163856494
