-1051.93 -215.33
-1051.1927809643746 -215.98513581037523
-1051.9551196026803 -217.7574646639824
-1050.4831613230706 -217.91820813894273
-1050.3869267630578 -218.5312895345688
-1049.4299527335168 -218.0426202583313
-1050.8466291356087 -218.4278394150734
-1048.9439885544778 -217.99237434744836
-1048.2969579029084 -217.35612283825876
-1046.311894350052 -216.67335491061212
-1044.4665855693818 -216.09754447817804
-1042.49098651886 -215.65052502036096
-1040.5370901155472 -215.25050352692605
-1038.842780404091 -214.86827652335168
-1037.4949330615998 -214.48058436989785
-1035.5575384426118 -214.16518531918527
-1034.3026751804352 -213.89471678614618
-1032.6396149921418 -213.65255133986474
-1030.732476167679 -213.42198978543283
-1030.1116957592965 -214.5144954788685
-1028.3245068717004 -214.08374725461007
-1027.5076956677437 -213.76114203214647
-1025.5956215786935 -214.3054247069359
-1023.6132860112191 -214.2007550764084
-1021.6529501605035 -213.39927078962327
-1019.6611589121819 -213.53110669732095
-1018.4590593504906 -212.24694489121438
-1016.9829626011849 -210.62694107174875
-1016.7673633325101 -208.83991359353067
-1016.9937468695641 -207.34394477486612
-1017.2776512432099 -206.45546995282174
-1016.1819932985306 -204.6372502911091
-1015.0298131036759 -203.79144178509713
-1015.1842979419232 -201.82974635243417
-1015.2812243330479 -201.10944496273996
-1014.397466980219 -199.37223051667215
-1014.84433390975 -198.06520091176034
-1013.8437481153012 -196.11110173344613
-1012.9796675670148 -194.54360448002816
-1013.6385231244565 -193.22450147747995
-1012.8172766792775 -191.23022626519204
-1012.1047277081013 -189.2885513174534
-1011.4890963065625 -187.2934604752064
-1011.1961195099354 -185.40203939557077
-1010.7097093093396 -183.81757925629617
-1011.4297867643834 -181.85975788712503
-1010.9077159988881 -179.869780408144
-1010.4326708841324 -179.24754522919656
-1010.1295727717877 -178.58911948084832
-1009.7532774436474 -176.89135770678521
-1009.8164248991013 -176.25912593483926
-1009.4890328574181 -174.31651519417764
-1009.2476223039628 -172.38683794617654
-1009.0437976944447 -170.46027945160867
-1008.8532122004033 -169.41209422230722
-1009.042127095461 -168.81885813355447
-1008.7792722809315 -167.088796364069
-1008.5964592027665 -165.22376464486123
-1008.4040812778474 -163.32827829003335
-1009.560630016327 -161.43865536332132
-1009.3715983557702 -160.6715680229664
-1010.1682963299752 -158.74682913899423
-1010.1183205473424 -156.78701828598977
-1009.7372675764561 -154.8295668232441
-1010.4331773149968 -152.88060389637948
-1010.171406172514 -151.15477608323098
-1009.8424505817891 -149.38525675415994
-1009.5136679637433 -147.45409272789956
-1009.2126633155347 -145.51674436211587
-1009.385775231123 -143.60444139122964
-1009.1534684824944 -141.66991351723672
-1009.2793568599225 -139.74477647423745
-1009.0813967216015 -137.8200499880314
-1010.0120873677731 -135.89575837731363
-1009.6414990651608 -133.9381182062626
-1009.3093835639954 -131.9920048582554
-1009.0234754610062 -131.04255335211755
-1008.8855746018887 -129.136916564703
-1009.0730793702603 -127.3123361337185
-1010.2242706048489 -126.04006211638452
-1009.8533705699444 -124.16953627943994
-1010.9213935363293 -123.10951738238336
-1011.8531682717801 -121.1317325103283
-1011.4135125505925 -119.14330630183221
-1012.6291677582265 -117.25326232790948
-1013.747180544138 -115.72937826991082
-1014.0483448135853 -114.31364445567132
-1014.52363296628 -113.05848078608514
-1015.3369791138173 -113.26393209576608
-1017.317080103159 -113.57256369471551
-1017.938527904749 -112.77856819510461
-1019.288767181635 -112.80655904293062
-1021.2736810076237 -112.11031301498414
-1023.2576120722294 -112.19275151371957
-1025.2547084915639 -112.12964287579061
-1026.9298919069768 -111.4061618167162
-1028.0549485313893 -110.71794393837453
-1028.652000926733 -110.20832494080068
-1030.3289066779614 -111.05838236391546
-1032.319308422804 -110.91927595615388
-1034.314091347456 -110.31828631639482
-1034.9086536991597 -111.15199180126191
-1035.644668661356 -110.50323189973832
-1036.980871282816 -111.220591442585
-1038.0862142670155 -111.40204191386701
-1038.7312015521527 -110.73612868964673
-1039.336645268202 -110.14166504323484
-1039.9264397847653 -109.69250023543836
-1040.5221935737134 -109.2347350138426
-1041.1829112398625 -109.43910837352277
-1041.7929538714886 -110.18375349223615
-1042.4146077263356 -109.79265463531019
-1043.0362218248845 -109.4563966113329
-1043.6099212396146 -109.02906221330167
-1044.362264059782 -110.01132530152799
-1046.3068739402295 -110.62151962697507
-1048.1776899325848 -110.04820299327375
-1048.7636155116559 -109.59638333499433
-1049.3412809598447 -110.3632761257887
-1049.9404422867299 -109.8251719492674
-1050.537884913683 -110.7098377364874
-1052.520011149645 -111.50565517127515
-1053.1392525064946 -111.99576851904393
-1053.7441096532345 -111.22846707880498
-1054.538909636736 -111.9623660761118
-1055.1386949050427 -111.25694748938085
-1055.7683476436139 -111.81221673071386
-1056.9993891942502 -112.07758853018285
-1057.6955901610852 -112.68881067812444
-1058.2864458191395 -111.8352253752947
-1058.901318334341 -111.82547032639386
-1059.5736557471753 -111.14849847361447
-1060.300722681284 -110.49275111958386
-1060.9665290939809 -110.24055927798153
-1061.6091636645795 -111.0879045109451
-1062.208294891119 -111.83264797732235
-1064.1970386731625 -111.1106271724403
-1065.6326312053204 -110.46102970644833
-1066.2334648001195 -109.60679524943234
-1067.3850556242467 -109.53587159320713
-1067.9892743456364 -108.67356136247517
-1069.9533033001424 -107.94113835498692
-1070.5658418762685 -108.42340665861965
-1071.07378246665 -108.47401296898724
-1071.5846289622784 -107.3000313024223
-1072.155290209055 -107.70937382981182
-1074.0952323305607 -106.66373610302807
-1076.0657091963292 -105.80684351727368
-1077.8467028963566 -106.46078067824246
-1079.1862465965748 -105.62661951586605
-1079.7892551648617 -106.30836593911053
-1080.5551088678837 -105.52773362204434
-1081.157260440588 -104.82586037918927
-1083.140119098425 -105.4662077407539
-1085.0075929391385 -104.62499260708691
-1086.3069967257977 -105.1230618338287
-1087.3521478402615 -104.43421119257809
-1087.8327531445027 -104.58630072876812
-1088.341886304617 -103.28344356819989
-1090.2700765359402 -103.63120534822346
-1091.255846463442 -103.34756442710759
-1092.570472918749 -101.60894331142308
-1092.3665898370743 -99.73190530940892
-1092.600284330845 -97.90839800044895
-1092.8350462245942 -96.48215254947544
-1092.533830099106 -94.5451869647205
-1093.8219713497163 -93.52457663223149
-1093.7548792886735 -91.68826564952732
-1094.8575106191636 -90.00353893443943
-1096.1903980302811 -88.239201156348
-1097.7066650915147 -86.80543574497105
-1098.061754219532 -85.23674592182041
-1099.228959672451 -83.35367759868504
-1098.7543876695634 -82.660796610564
-1098.3622087168694 -82.09568181440235
-1098.2144370305539 -80.1553612034023
-1099.2203273999692 -78.2046158592403
-1098.9046979176999 -77.21042629882695
-1098.451925419569 -75.25000282928349
-1098.0778671729565 -73.42600139781834
-1098.2699396836758 -72.86833217546345
-1097.8689764070512 -70.9348861257732
-1098.7593527364731 -70.37933525249363
-1099.087590031624 -68.4046371857822
-1099.1029938387871 -67.5712518374622
-1099.987787835598 -66.9041124264896
-1100.7776593494416 -66.26841750547291
-1101.4684595990182 -65.66820147439839
-1102.200310163498 -63.93269696637989
-1101.4565583992005 -62.20282271310688
-1101.2122135835887 -61.58163377448918
-1101.3524410802127 -59.60908266708256
-1101.1143248158694 -58.11270305320622
-1101.1143823343516 -56.84061357185246
-1101.0604684430361 -56.168434111326945
-1102.0966210442782 -55.26410946056248
-1102.897884913087 -53.728771297186626
-1104.602545567155 -53.652475086897624
-1106.2272709089518 -52.13481613799931
-1108.09453589499 -50.94522115394474
-1109.273798056245 -50.992617038935435
-1111.2194188314677 -50.212686208933604
-1113.18198353827 -50.81440105840565
-1113.9218245226145 -51.27073466584088
-1114.5014609771968 -50.42510151669384
-1115.1821742135287 -49.78478890463711
-1116.80776632607 -49.645123062580836
-1118.3075063306094 -50.322452781647456
-1120.2740957814456 -50.91902941271664
-1122.2219460088015 -50.84395082846285
-1123.5499720650912 -51.01029621616007
-1124.1445598083735 -50.13165085569025
-1124.7422012764216 -49.63937031283976
-1125.4017719703913 -49.19024535074831
-1127.3961023765803 -48.408843597322715
-1127.9908285218478 -48.95984335795046
-1129.9299039918185 -48.01807286396624
-1131.1790491420031 -47.85896082773806
-1132.247247107625 -47.515820136219276
-1134.2224279719592 -48.01987682834269
-1134.811830468774 -48.35333423867823
-1136.776972718835 -48.7453924919665
-1137.5388997274638 -47.64519684568049
-1139.4777289110423 -47.905340006500495
-1140.0409523922206 -47.05388431802393
-1141.2524308639765 -47.52158694520594
-1143.2232202965022 -47.93999146476389
-1143.9397476392985 -47.62191691055895
-1145.8435418087245 -46.86427011147143
-1147.5701069313288 -46.029009839445365
-1148.4985016065837 -45.556595494896186
-1149.8641312795878 -43.91820876851679
-1150.7207360345126 -42.71581571355463
-1151.4626349288226 -40.991569450050605
-1150.955675430894 -40.22291724935175
-1150.5500167089701 -38.24537151113154
-1150.9630292731524 -37.53653060451151
-1152.2063893157244 -35.6596609260142
-1152.3789976912738 -35.181208064705146
-1153.4278314191104 -33.455539872795356
-1154.7494844275714 -31.680885245949042
-1154.5743859487773 -31.049876144081367
-1155.7730904299021 -29.17825572744013
-1155.3764188069106 -28.572703769356025
-1155.4317874985934 -27.335417797714484
-1155.7835632044078 -25.387565901428474
-1155.4121528941394 -24.77828519597651
-1156.439902432561 -23.95639204040171
-1157.6099352914096 -22.83283840671183
-1157.8563635128737 -21.64764915958048
-1157.481632001996 -19.68356739535929
-1157.4843692260981 -17.729655614048255
-1157.1284764188529 -17.167448690086616
-1157.7539682763816 -15.893093636184943
-1157.350697823167 -15.312151601463569
-1157.7559764164687 -13.633342793136848
-1158.5737182873488 -11.662314942032111
-1158.641534217 -10.218345096260322
-1159.1064528602362 -8.278986861854804
-1159.0661210718752 -6.349324515014899
-1159.6318352523447 -5.721425464302314
-1160.267619997561 -4.996078839451087
-1159.8354547920824 -3.2943915034830695
-1160.5449549856783 -2.295640459209693
-1160.0474713745714 -1.1397839690745002
-1159.7058810892702 -0.5311593915522224
-1159.787638783753 0.03604383215306939
-1159.8466570976377 1.6354813073575372
-1160.1480917337537 3.4552236293256158
-1160.3630332353712 5.118838140815484
