-1095.24 -49.62
-1093.8619391822815 -50.24045621871948
-1092.130167593956 -50.48590018868446
-1090.5652655267716 -50.8139100921154
-1088.6202945613861 -51.2564187002182
-1086.7986178302765 -51.673428590297696
-1085.1831273937225 -51.972844953536985
-1083.3038897418976 -52.17910390615463
-1081.6788304948807 -52.15616255521774
-1079.955756058693 -52.304115827083585
-1078.0945941114426 -51.877653713226316
-1076.6428633832932 -51.499708677530286
-1074.8583836460114 -51.368127713799474
-1073.69301091671 -50.99829132378101
-1072.8835362100601 -51.2292477440834
-1071.7177833223343 -51.6693283867836
-1070.1438321971893 -51.79157450318336
-1068.646105041504 -51.785369033813474
-1066.812879076004 -51.64704581618309
-1065.0221280956268 -50.898237789869306
-1063.545368423462 -51.329735989570615
-1061.9246804618836 -51.63702523231506
-1060.0332834625244 -51.63354694366455
-1058.2462947273254 -51.69677355408668
-1056.4561484956741 -51.780459518432615
-1054.8065856599808 -52.06244253635406
-1052.9904777908325 -51.8590418946743
-1051.273499121666 -51.88628965139389
-1049.4546689891815 -51.20676868677139
-1048.1063091659546 -51.42654139816761
-1046.209610452652 -51.629555906057355
-1044.402567615509 -51.74389779090881
-1042.717721452713 -51.82611795783043
-1041.4316445493698 -51.93331172585487
-1040.1329858207703 -52.062449927330015
-1038.4243616962433 -51.76589953422546
-1036.576590051651 -52.27022730827331
-1034.9987980031967 -52.47845398902893
-1033.685907831192 -53.913489217758176
-1033.3319597744942 -55.07956838130951
-1032.6554635071755 -57.00447499275207
-1031.933308711052 -58.87998592376709
-1031.5661397480965 -60.59610521316528
-1031.715054293871 -62.20635544776916
-1031.9810807907581 -63.98915373802185
-1031.1524310910702 -65.69005381584168
-1030.5363315546513 -67.44291686534882
-1029.9435529911518 -69.16348576068879
-1029.6377082073689 -70.83731269359589
-1030.052178760767 -72.73075866222382
-1030.4890475475788 -74.56248282909394
-1030.3447442257404 -76.37857865810395
-1030.7644479477406 -78.01046013355256
-1030.6919908428192 -78.99492883205414
-1031.6801975870133 -80.84904670238495
-1032.0621693634987 -82.68653690338135
-1032.6956574821472 -84.52211737155915
-1032.3613572919369 -86.09751021385193
-1032.0945617759228 -87.88347351074219
-1032.6764672601223 -89.65014385700226
-1032.4851763898134 -91.24719452381134
-1031.7271543198824 -93.02521693229676
-1031.3382192605734 -94.58862757205964
-1031.0239249521494 -96.3860950422287
-1030.0810381227732 -97.84292029857636
-1029.4727119261026 -99.12542688369751
-1028.2050994688273 -100.87719952583313
-1027.4396437460184 -102.293894405365
-1025.9025229269266 -102.8999375653267
-1024.2682398611307 -103.58887236833573
-1022.8323425108194 -103.33600133180619
-1021.4461461359263 -104.08018052101136
-1019.5586651617289 -104.83767091751099
-1018.0358983331919 -105.45649951219559
-1016.9610792452097 -106.32741736888886
-1015.5622078233957 -107.63304388046265
-1014.5213679128885 -109.40735530376435
-1013.9968656355143 -111.25391244411469
-1013.3049260431528 -112.89415096759797
-1013.7294076734781 -114.68417286396027
-1013.9803186708689 -116.40562653064728
-1013.2666447812319 -118.2497858953476
-1012.6897471004725 -120.1355292749405
-1012.1371242457628 -121.93374084949494
-1011.8391904586554 -123.30183934688569
-1011.4424430185557 -124.4812141609192
-1011.3620618188381 -126.31561767578125
-1010.9796954596043 -128.02534937381745
-1011.3596666657925 -129.6842420053482
-1011.1557635122538 -131.1447608423233
-1011.3923709446192 -132.65193545341492
-1011.1159010583162 -134.4992917728424
-1010.7829611057043 -136.23467230319977
-1010.9782455468178 -137.36962067604065
-1010.5864793860912 -138.41340410232544
-1010.5235098803043 -140.27516948699952
-1010.332386931181 -141.2799839925766
-1010.7318881058693 -142.68470167636872
-1010.4986288154125 -143.89493143081665
-1010.4987713599205 -145.7683565568924
-1010.3316260778904 -147.60630106449128
-1010.1837117874622 -149.4829606962204
-1009.8488220775128 -151.2724943113327
-1010.5048160159588 -152.8774828863144
-1011.0328623855114 -154.631008143425
-1011.6302569115162 -155.4014223766327
-1011.2182591164112 -156.82464789867402
-1011.0887824499607 -158.005360121727
-1011.4132333302498 -159.31224047660828
-1011.6659313046932 -161.06453620910645
-1011.1789647245407 -162.73735892295838
-1011.547697892189 -164.6062495660782
-1011.1205842399597 -166.50764250278473
-1011.1947068625689 -167.51282405376435
-1011.1488856428862 -169.14373254299164
-1011.1122075521946 -170.5471570444107
-1010.9999415928125 -171.64158200740815
-1011.0270392799378 -173.27124475955964
-1011.3473521971703 -174.58898651123047
-1011.340034981966 -175.48386835575104
-1011.115206887722 -176.47788136720658
-1011.265961458683 -178.34708839178086
-1010.7977743053436 -179.98210530996323
-1010.7123773598671 -181.54547553777695
-1010.4982984864712 -182.90515893220902
-1011.3157797658444 -184.82700305700303
-1011.1190643662214 -186.4605289053917
-1011.0296994203329 -187.47079592466355
-1010.6829412335157 -188.98546951532364
-1011.2966642731428 -190.23478620767594
-1011.4096820780635 -191.5112449479103
-1011.0744232961536 -192.57470649003983
-1010.832895694077 -193.4145892214775
-1010.6885416188836 -194.49364584207535
-1010.7396977522969 -195.5876553606987
-1011.0820633450151 -196.59625452280045
-1011.0045976468921 -197.7115021300316
-1010.8148543068767 -199.00108843564988
-1010.8797454813123 -200.6273737502098
-1011.6041200736165 -202.3010413002968
-1011.2584022858739 -203.94504051923752
-1011.0802232602239 -205.09331649065018
-1011.5914826968312 -206.0732955288887
-1011.5568568834663 -207.6727361035347
-1011.0719551572204 -209.49716537714005
-1010.9148180165887 -211.05221527338028
-1011.7967827001214 -212.44297295331955
-1012.6148596683145 -214.0732191157341
-1013.3425297418237 -214.76552021026612
-1014.0961897650361 -215.43575721502305
-1014.7272250929475 -215.94375770807267
-1016.0742723026872 -216.1543679189682
-1016.7659281769395 -216.7800175499916
-1018.0293629446626 -217.5932980132103
-1019.2710068503022 -218.09787898778916
-1020.1691007891297 -218.44025027275086
-1021.1227511444688 -219.04763954401017
-1021.9109740534425 -219.06612723961473
-1022.9066926518083 -219.0144576792419
-1024.3292585888505 -219.25426391407848
-1025.5225005427003 -219.49271463498474
-1027.000355271399 -220.12042998418212
-1027.8656772652269 -219.70992459997535
-1029.303531793654 -219.740261490345
-1030.568563131392 -219.82923125743866
-1031.4290995875 -219.8619579960406
-1032.240976242125 -219.98577977612615
-1033.266397742331 -220.2554022808373
-1034.1781862655282 -220.05643525615335
-1034.8907810130715 -219.60894960060716
-1036.0902840772271 -220.2133672823012
-1037.2350489774346 -220.3076091696322
-1037.9135653057695 -220.95062795177103
-1039.1293964663148 -221.45568707481027
-1040.391323236525 -222.10690352216363
-1041.783556369841 -222.85112914338708
-1042.6170426884294 -223.91859802499414
-1043.4809969940782 -225.49372717633844
-1043.2007325866819 -227.39756604924798
-1042.9964734593034 -228.38590171828866
-1042.5964711883664 -230.0248571921885
-1043.0202630737424 -231.90158811107278
-1042.1394898870587 -233.40963640704751
-1042.0526259818673 -235.11358705058694
-1041.2944943585992 -235.88891288533807
-1040.7319208064675 -236.47327026620508
-1040.041910020411 -237.518780439049
-1038.7404032626748 -238.4121114899218
-1037.9267832913995 -239.28434762254358
-1036.208520142138 -239.77348095074296
-1034.7680235782266 -239.6896447826922
-1033.5435840764642 -240.1683749844134
-1031.843069163859 -240.11453476443887
-1031.2058319726586 -241.17186131969095
-1029.9163216033578 -242.07737573876977
-1028.3008495250344 -243.04279854789377
