-1095.24 -49.62
-1095.1996625640988 -51.50198745250702
-1094.8527544417977 -53.06890415668487
-1094.8573650547862 -53.977419729232786
-1094.8369202965498 -54.942218179702756
-1094.6291965597868 -56.59198235988617
-1094.7435290792585 -57.85467659950256
-1094.9935434141755 -59.40806400299072
-1094.4598911681771 -61.26419937133789
-1094.9393350759149 -63.08371173858642
-1094.741093365252 -64.63730310916901
-1094.4712400117517 -65.734501953125
-1094.2198506870866 -67.46529423713685
-1094.5288839617372 -69.38071643829346
-1094.1592846789956 -70.32992743968964
-1094.498973993361 -71.96576880931855
-1094.3370507338643 -72.7883287024498
-1094.1375936993957 -74.39104085683823
-1093.9717603901029 -76.08773463487626
-1093.5996765473485 -77.62658303499222
-1093.759065283239 -78.89229148149491
-1093.4073358008266 -79.6303960633278
-1093.1491258272529 -80.61930149316788
-1092.9060127863288 -82.36910598993302
-1092.7278633841872 -84.04632883787156
-1092.707120461166 -85.76511412382126
-1092.6269970366359 -86.82743030309678
-1092.8551721850038 -88.33788090467453
-1092.7271082678437 -89.45250683546067
-1092.5403276959062 -91.22049778223038
-1092.8307751992345 -92.61124962091446
-1092.5991165915132 -94.18327623128891
-1092.3335702696443 -95.33633356809617
-1092.0758730450273 -97.10176723718644
-1091.7896815219522 -98.42731123685837
-1092.0672369280458 -100.17639415979386
-1092.117952195704 -102.02146523714066
-1092.389109698832 -103.90816050291062
-1092.0977181175351 -105.77942031145096
-1091.2445621469617 -107.64043372392655
-1090.256874320805 -108.18752961874009
-1089.3681420663 -109.7331598353386
-1088.985901055634 -111.06758886098862
-1087.10393661052 -111.50636383414269
-1085.4893226006627 -112.69274958491326
-1084.026349363625 -113.58827331185341
-1082.5754432061315 -114.58675351262093
-1082.019780574143 -115.67415323376656
-1080.9748824217916 -117.05749502301217
-1080.459664402306 -117.86450758099556
-1079.5388833859563 -119.13610437035561
-1078.9705058315396 -120.70238390088082
-1078.8296031334996 -122.39466598153115
-1078.5163579562306 -123.35345902562142
-1077.7584743478894 -125.01094677567482
-1077.8719601163268 -126.55549302220345
-1077.4787587055564 -127.80733158707619
-1077.6512175926566 -129.0926429283619
-1077.8236812779307 -130.1666448366642
-1077.2919788190723 -131.668182874918
-1077.6108290085197 -132.93109753251076
-1077.4991740638018 -134.5496069443226
-1077.2984434121847 -135.68052044034005
-1077.5243212932348 -137.46144988656044
-1077.4665035659075 -138.9511051428318
-1077.698688274026 -140.11679270386696
-1078.0892774516344 -141.90027346730233
-1077.5652573758364 -143.7808935892582
-1077.2962357753515 -144.7610166323185
-1076.6077006214857 -146.4217192184925
-1076.4423272663355 -147.43285336613656
-1076.38042301476 -148.0201832306385
-1076.0756692045927 -148.99628826498986
-1074.6013486737013 -150.42928120017052
-1073.4283377283812 -151.3310280096531
-1071.8629124516249 -151.4930082809925
-1070.6976452225447 -152.33205058693886
-1069.0895204895735 -152.98916467547417
-1068.2952782267332 -153.31555959105492
-1066.510516321063 -153.81805184006691
-1064.7646909111738 -153.53452997922898
-1063.3782925957441 -153.29165456712246
-1062.0759647244215 -153.9461449187994
-1061.348454450965 -154.02151268988848
-1059.4499509090185 -154.44344145327807
-1058.2380437606573 -154.9311379519105
-1057.1055757755041 -154.98500662565232
-1055.6015226596594 -155.23389103531838
-1053.8610980266333 -155.23845917999745
-1052.2668568843603 -154.84163106501103
-1050.735204910636 -155.16965801537037
-1049.1393151038885 -155.80480636179448
-1047.9664737933874 -156.1197052103281
-1046.6999791616201 -156.30453605473042
-1045.093650674224 -156.354022885561
-1043.301001047492 -156.35976984620095
-1041.3992032760382 -156.25343818485737
-1040.496596788764 -156.386089245677
-1038.8718487972021 -155.65502516448498
-1037.0285212749243 -154.9859588545561
-1035.6864458078146 -155.4063887101412
-1034.9185088032484 -155.67354683101178
-1033.547499691844 -155.31952695071698
-1032.8197220915556 -155.6815267008543
-1031.6518315428495 -156.08809090673924
-1030.184646641612 -156.6901501518488
-1028.430243050456 -157.1304113072157
-1027.1337653750181 -156.86765034019948
-1025.353364621997 -156.81882649928332
-1024.4389970058203 -157.39612728625536
-1023.2293293231726 -157.6688655641675
-1022.3307231420279 -157.3271166113019
-1020.928814625144 -157.6844234791398
-1019.5390984767675 -158.32202163606883
-1018.7005321735144 -159.23425999552012
-1018.3958388024569 -160.31428876787425
-1018.7041445726156 -161.77825883299113
-1018.2183749133349 -163.50721434026957
-1017.7486379796267 -164.4593191471696
-1017.2295799309015 -165.21180495887995
-1016.5783824378252 -166.9740478721261
-1016.9202458912134 -168.69259164005518
-1016.5492169612646 -170.4889030185342
-1016.9974540227652 -171.8243144479394
-1017.2639853709936 -173.1103526082635
-1017.4853225404024 -174.7316893067956
-1017.647833814621 -176.11207375198603
-1017.4745350980759 -176.93103680282832
-1016.9498567485809 -178.77688822418452
-1016.2920033240318 -180.3624425855279
-1016.6419044041634 -181.64080605179072
-1016.5178383716941 -182.80554232269526
-1016.4013818779588 -183.94040081173182
-1015.6966046968103 -185.27571425110102
-1015.6716147528589 -186.30208453804255
-1015.5686711163819 -187.914105745852
-1015.9654204936326 -189.84316191345454
-1015.2699979634583 -190.67204067379237
-1014.8846166522801 -192.22406801849604
-1014.8508854226768 -193.74471292167902
-1014.7600124792755 -195.223689648211
-1014.9639004336298 -196.06541261345149
-1014.4131927953661 -196.86247644096613
-1014.4050494299829 -197.54842207103968
-1014.4916043223441 -199.46399614483119
-1014.6805740983784 -200.39312836796046
-1015.4805527122319 -201.83365604549647
-1015.3367368967831 -203.04917177826167
-1015.3520764799416 -203.85400399833918
-1015.753158429414 -205.09769580036402
-1015.9819275678694 -206.91519949108363
-1015.9060666577518 -208.577511164248
-1015.7589327709377 -209.6223975148797
-1015.9044994132221 -211.42290529876948
-1016.5998890416324 -213.28457460075617
-1017.3321801440418 -215.06504127651453
-1017.7110788242519 -216.34917065769434
-1019.0572850124538 -217.20994290977717
-1020.7610458748043 -217.747158023417
-1021.7882358448207 -218.48727736145258
-1022.4764952675998 -218.59082962095738
-1023.4684197919071 -218.3967801731825
-1024.2927144782245 -218.18626787781716
-1025.4880125539005 -217.81593024253846
-1027.0952430979908 -217.55653631210328
-1028.3895815627277 -218.03218966245652
-1029.294773580283 -217.54559248209
-1030.342283488959 -218.31945788383484
-1031.2035606519878 -218.26066356420517
-1032.4927929060161 -218.80867695331574
-1034.3010125772655 -219.48694204807282
-1035.505600156039 -220.57726478099823
-1037.173735679835 -220.86687683582306
-1038.3939090387523 -221.8541703772545
-1039.6565081493557 -222.5309412431717
-1040.3327639715374 -223.0184165787697
-1040.964333178252 -223.47456109046936
-1041.4722077266872 -224.5557991218567
-1042.300954939574 -225.47901975631714
-1042.6475136296451 -226.74437748908997
-1043.2294470088184 -228.52169489383698
-1043.2859572188556 -230.3161795091629
-1043.4380753205717 -231.03184747219086
-1043.2188492433727 -232.73991226673127
-1043.9441815631092 -234.54270147800446
-1044.199511499852 -235.56504058361054
-1044.458440990895 -237.11313879013062
-1044.685872437209 -238.217829580307
-1045.0584626810253 -239.47901594161988
-1045.6742938177288 -241.1073924255371
-1045.9152795539796 -242.32022881031037
-1045.7907708527148 -243.7456139278412
-1045.1564375402033 -245.15203976154328
-1044.8562526644766 -246.66849994182587
-1044.7642179073393 -248.38466596126557
-1044.41572382465 -249.4913825941086
