-1095.24 -49.62
-1094.7222753071785 -51.313835258483884
-1094.2860606515408 -53.29988872528076
-1094.2592576944828 -54.407701964378354
-1093.888941218853 -56.308973069190976
-1093.5086250209808 -58.049937839508054
-1093.9150563681126 -59.556093807220456
-1094.2585503661633 -61.10688459396362
-1094.0746554487944 -62.971796984672544
-1093.9620238000155 -64.48268281936646
-1093.9415302181244 -66.43082177162171
-1094.3766456449032 -68.22248911380768
-1094.9011964404583 -70.18734478473664
-1094.7150834405422 -72.01396834373475
-1094.9141557270289 -73.84523260116578
-1095.1173888200522 -75.77925633907319
-1094.7936718815565 -76.9311834526062
-1094.5856224501133 -78.64964055538178
-1094.1371008956432 -80.56214260578156
-1094.2498438039422 -82.4945881319046
-1094.0434166321159 -84.20165204524994
-1093.775944186151 -85.88357316970826
-1093.6785645911098 -87.73742067337037
-1093.3198925980926 -89.51815592765809
-1093.0385024377704 -91.35442697525025
-1093.241575641334 -93.24326622009278
-1093.049312723577 -95.00466310501099
-1092.8843786546588 -96.65026521205903
-1092.9148449727893 -97.9434623670578
-1093.4334088990092 -99.73889946460724
-1093.1825132796168 -101.65241419792176
-1093.5097608694434 -102.79797720432282
-1093.2406370171905 -104.47909080505372
-1093.7513548859954 -105.53108357906342
-1093.2623835036159 -106.81403266906739
-1092.6796297857165 -108.39338945865632
-1091.8027095028758 -109.94547295093537
-1090.8552999922633 -110.9135261130333
-1089.0156399437785 -111.24940639257431
-1088.1416336724162 -112.23795830726624
-1086.63009886235 -112.80119955062867
-1084.8065514990687 -113.71947657585144
-1083.3886262604594 -114.87591325759888
-1081.9744972416759 -115.38933628320694
-1080.9999258348346 -115.80362763524056
-1079.763289553821 -116.62989761948586
-1079.1852078863978 -118.0223908674717
-1077.955731434524 -119.0847801220417
-1077.079617781341 -120.72967245697976
-1076.0942011901736 -122.57537379384041
-1076.351610673368 -124.54464128136635
-1075.5673559436202 -126.12876107811928
-1074.9245569834113 -127.24054327130318
-1074.4084449538589 -128.9656111252308
-1073.8894324430823 -130.19293739914895
-1073.7049336263537 -132.18384864449501
-1074.2099588939548 -133.77819516777993
-1073.9691862145066 -135.03484823822976
-1073.5254336574674 -136.80185821175576
-1073.5273723730445 -138.5861070406437
-1073.8651984164119 -140.19012632489205
-1074.426493806541 -141.1343696963787
-1074.12541572541 -142.83816512942315
-1074.5322439202666 -144.63859840750695
-1073.9661955365539 -146.13123496890069
-1073.408085835874 -147.99197729945183
-1073.3468189665675 -149.07842346549035
-1072.6215841004253 -150.56634100794793
-1072.1471637913585 -152.43406804919243
-1071.5217790433765 -153.50446339964867
-1070.1786938735843 -154.75088676333428
-1068.8393122979999 -155.19310628890992
-1067.6574925014377 -155.15815850615502
-1066.9021422693133 -155.89883210778237
-1065.9479106494784 -156.63998242735863
-1064.8505239316821 -157.09798398137093
-1063.2872557470203 -157.19937317341567
-1061.7575967141986 -157.56570007175208
-1060.498062236011 -158.06379188865424
-1058.873463613689 -157.8456073281169
-1057.6220396587253 -158.0780695256591
-1056.0981188842654 -158.35474054783583
-1054.9681687185168 -158.86781470745802
-1053.295052511394 -159.38584862917662
-1051.8133740255237 -158.82769142359496
-1049.918779117763 -159.26398040622473
-1048.2140952178836 -159.5225192782283
-1046.362933857143 -159.4976491507888
-1045.0742475816608 -159.18637402623892
-1043.4021395274997 -159.28252201795578
-1041.7089003154636 -159.71668576717377
-1040.2493638822436 -159.21117126464844
-1038.2961754629016 -158.5565190267563
-1036.5821821519733 -158.26252212643624
-1034.805452925861 -158.2647641439736
-1033.742759091556 -158.26096896909178
-1031.9564248153567 -159.0412466981262
-1030.7023415395618 -159.59070269845427
-1029.0624880620837 -159.8768222489208
-1027.3633248636127 -160.2287730433792
-1025.6257512399554 -159.89892871759832
-1024.042369825542 -160.7082317032665
-1022.5495490857959 -161.886492029652
-1020.9882527419925 -163.05633117340506
-1019.6997556516528 -163.64609994076193
-1018.7688112089038 -164.75591589592398
-1018.1563091108203 -166.4378724255413
-1018.2176250645518 -167.79846288345755
-1017.5622572728992 -169.40638686798513
-1017.0189544388652 -171.19680489681662
-1016.9105211400986 -172.63089074276388
-1017.0958818101883 -174.33120919846
-1017.0796298289299 -175.9802969851345
-1016.4052376055718 -177.8029080786556
-1016.3000708648563 -179.186261311993
-1016.0334923991561 -180.6913381972164
-1015.9071368405223 -181.83288003586233
-1016.0229399183393 -183.5978732266277
-1015.9880048537254 -184.57926775597036
-1015.798991625905 -185.51230754040182
-1015.2427308017016 -187.24871148250998
-1014.9735329204798 -188.935555235371
-1015.1759360933304 -189.9050523199886
-1014.6042914295197 -190.9979455628246
-1015.1782874369621 -192.61134733341635
-1014.8575982356072 -194.12851895473898
-1014.5483597123623 -195.94395674847067
-1014.5169974917173 -197.66626526497305
-1014.1571367138624 -198.86810602329672
-1013.7140759581328 -199.54733468674124
-1014.4389496201277 -200.90345133922995
-1014.6119115555286 -202.52439643524588
-1014.3223235809803 -203.37884594582022
-1014.3899000564218 -204.71714998863638
-1015.137161282599 -206.17019631050528
-1014.9622332581878 -207.31538404606283
-1014.8268891701102 -208.38260687969625
-1014.333939088285 -209.67411448143423
-1015.1215924748778 -211.20183576725424
-1015.2518223056197 -212.78996791027487
-1015.5564569959045 -213.75382591865957
-1016.1719811090827 -214.97132505558432
-1017.0046519765258 -216.44526471279562
-1017.7072079905868 -216.5934477903694
-1019.1248192319274 -217.330771670565
-1020.8458261021972 -217.04804106138647
-1021.6210745105147 -217.38827161572874
-1022.9222828873992 -218.13433341763914
-1024.355364395082 -218.55608014844358
-1025.97550709337 -218.43352590583265
-1027.6115666159988 -218.56375973008574
-1028.6527479419112 -218.70119105361402
-1030.1216017732024 -219.2216546394676
-1031.3595183619857 -219.13076706312597
-1032.099278164804 -219.28433157585562
-1032.758635712564 -219.8316740550846
-1034.3099532851577 -219.67955513380468
-1035.1424033173919 -219.90214209340513
-1036.1757280358672 -219.87641213916243
-1037.5209505090118 -220.80213175795973
-1038.2728610762954 -221.19658304832876
-1039.2340533861518 -221.8159367003292
-1039.8464928397536 -222.43250085495413
-1040.521514070928 -223.48233236454428
-1041.1493418344855 -224.3359076537937
-1041.8097153434157 -225.5668704070896
-1042.879878474176 -227.01357992075384
-1043.0058518478274 -228.51918490312994
-1042.9928500035405 -229.4374382057041
-1043.2355160543323 -230.91887350462378
-1043.2669636586309 -232.07132096670568
-1043.8079581835866 -233.10480208776892
-1043.7251434081793 -234.94876356504858
-1043.3727028125525 -236.80304379843176
-1043.2712775075436 -238.51958389662207
-1043.407628929019 -239.75357015512884
-1043.5644728296995 -241.25151236437262
-1043.7231977784634 -242.4284975089878
-1044.0247667336464 -243.67327411554754
-1044.1433607691527 -244.43630911491812
-1043.7881538623571 -245.963054195866
-1044.309362565875 -247.390322939381
-1044.0426811033487 -248.1413681664318
-1043.9534682387114 -250.02213908813894
