-1095.24 -49.62
-1095.6807224357128 -50.75286173343658
-1095.4818259233236 -51.63625096797943
-1095.934259569049 -52.933954591751096
-1095.2719277495146 -54.24502002716064
-1095.062139158845 -55.43173574924469
-1094.9196415150166 -57.02699303150177
-1095.0006506347656 -57.94207357883453
-1094.8952292481065 -59.23746501922607
-1094.5435248592496 -60.50343870639801
-1094.097991464436 -61.97467267036438
-1094.5987300851941 -63.381305093765256
-1094.7825406321883 -64.55886744976044
-1094.904233006537 -65.59267401218415
-1094.673464743197 -67.31246900081635
-1094.7303732091189 -68.59070491313935
-1094.8746411257982 -70.14202939987183
-1095.0888727360964 -71.25215744495392
-1095.2816978150606 -72.69233726978302
-1095.2545728625357 -73.90059220314026
-1094.9917215050757 -74.84786086797715
-1094.7949610741437 -75.87096625089646
-1094.8135357813537 -76.7342076253891
-1095.3926636891067 -78.25151669502259
-1095.4708096252382 -79.49472712993622
-1095.8354469107092 -81.06543325901032
-1095.8073569589853 -82.62358545780182
-1095.5076981836557 -84.0255027961731
-1095.400949639976 -85.43884229183197
-1095.3762159103155 -86.88112937927247
-1095.4017365386337 -87.64987986803055
-1095.250931050405 -88.69969170808793
-1095.8472798725218 -90.41955679178238
-1095.9104821642488 -91.92953282117844
-1096.2674834688753 -93.65284519910813
-1095.867171492204 -95.36128478765488
-1095.4446127673239 -96.16939353466034
-1095.063160385713 -97.16942619800568
-1095.1471575459093 -98.08924471855164
-1094.8154513200373 -99.87116467475892
-1094.3000900705904 -100.79688965797425
-1093.7557312806696 -101.33027767658234
-1093.629926796779 -102.04136693000794
-1093.04776787363 -102.39321487665177
-1091.7397584875673 -102.80529388308526
-1090.262774701938 -104.15679582476616
-1089.4924061258882 -104.64228087186814
-1087.810148235187 -104.8742022317648
-1087.2468708714098 -106.20795581758023
-1085.9188317020983 -107.38693950593472
-1085.4180274566263 -107.83262477338315
-1084.101941402778 -108.80746189773083
-1083.3032531698793 -110.52796475112439
-1082.1126360853762 -111.30974547088147
-1081.662503804788 -112.12364463031292
-1081.325873818025 -112.84051875293255
-1080.3742277284712 -113.73306963860989
-1080.19660973154 -115.19380090653897
-1079.933296348676 -116.57623932778836
-1079.6160537859053 -117.67869303643704
-1079.7100131174177 -119.27003870427609
-1079.9050537904352 -121.08976731717587
-1079.3938501437754 -121.72309503972531
-1079.2965847214311 -123.15527782857419
-1079.5394761373848 -124.9038835567236
-1078.8921584894508 -126.14309320867062
-1079.1991843988746 -127.84555266320706
-1079.0616849770397 -129.71781931340695
-1079.2248792161793 -130.7528563541174
-1078.6057110538334 -131.91053543508053
-1077.970413755402 -133.13714204251767
-1078.1219913025946 -134.62991271436215
-1078.1056292427331 -136.262299041152
-1078.0416082216054 -137.79658053338528
-1078.3805613888055 -138.40649382293225
-1078.3586652872712 -139.4052178066969
-1077.8293517229706 -140.4405028027296
-1077.3675770757347 -141.46315185248852
-1077.8249919710308 -142.92120973289013
-1077.5028475222737 -144.06664125144482
-1076.7491815982014 -145.10300080001355
-1076.7082158324868 -146.02911500155926
-1076.4750672576577 -147.48095361411572
-1075.6181970832497 -148.5215336483717
-1074.9143248198181 -149.53222648322583
-1073.8318496344239 -150.50195799291134
-1072.3972145912796 -150.88284284889698
-1070.8802110550553 -151.27023259818554
-1069.1789792177826 -152.0194195908308
-1067.8951007721573 -152.2886234921217
-1067.1561001536995 -153.0882697504759
-1066.2090660331398 -153.1641658347845
-1065.1798580882698 -153.4499726098776
-1063.4171752927452 -153.01781667292119
-1062.5737676022202 -153.09656229138375
-1061.1115118858963 -152.92583761632443
-1059.8842011091858 -153.4339611929655
-1058.494133174196 -154.0332215231657
-1056.67730170466 -154.04650344222784
-1054.9438154099137 -154.71583070129157
-1053.7855303881317 -155.2123576578498
-1052.8078525660187 -154.91261987656355
-1051.0371467468888 -154.62089081376791
-1049.7060691712052 -155.23811628192664
-1048.4223232863098 -156.06174077361823
-1047.3935058710724 -156.24755941599608
-1046.373857080713 -156.8912360545993
-1044.953211486116 -157.06016758352519
-1043.616821110025 -157.26977215975523
-1042.6540052292496 -157.37876961648465
-1041.1183683273941 -157.15559479117394
-1039.8836613295227 -157.70931919932366
-1039.0047911403328 -157.42207711458207
-1037.6150897739083 -158.05922752141953
-1036.9248000977188 -158.50262954354287
-1035.4830446837097 -158.21553202986718
-1034.4394257662445 -158.20717752620578
-1033.0921826956421 -158.379266089648
-1031.7980453369767 -158.17378217622638
-1031.055016636625 -158.45028520271183
-1029.6321343181282 -158.5012938220799
-1028.2252416608483 -158.64174166217447
-1026.4456293580681 -159.44253602519632
-1025.6452581880242 -160.25062313571573
-1024.08178234078 -160.56433641806245
-1022.640758991018 -160.79889860644937
-1021.7367094752938 -161.10905152454973
-1020.4878640172631 -162.13716870442033
-1019.4446616170555 -162.55688863888383
-1018.9205006358773 -164.18757909432054
-1017.9527996776253 -165.0163001407683
-1017.3718060252816 -166.3496411432326
-1016.7151072023064 -167.76717144146562
-1017.2393816707283 -168.89465838566423
-1017.0129440126568 -170.48059219017625
-1017.3643378315121 -172.00445669785142
-1017.4182569084317 -173.08736354008317
-1017.2691681233794 -174.0612968195975
-1017.3106435833126 -174.86549091234804
-1017.182514995113 -175.73572230234743
-1017.0697069240362 -177.08010899916292
-1017.2601619584113 -177.92544996634126
-1017.641595087722 -178.93291127577425
-1016.8474150521308 -180.2577706564963
-1017.3110870940238 -181.85256588354707
-1017.5838927549869 -183.6761146773398
-1017.7439360988885 -184.99979233637453
-1017.9169326347858 -186.72782826319337
-1017.5709252578765 -188.55431389704347
-1016.9501809103042 -189.67969405546785
-1016.8412457106263 -191.17037343874574
-1017.2908014056832 -191.85782331123949
-1016.6537131068856 -193.07267087593675
-1016.1076702473313 -194.30604559078813
-1016.5540211794525 -195.1232210983336
-1016.1877384481579 -196.4860598434508
-1016.1988691126555 -198.11795574322343
-1015.9355487858504 -199.54306751385332
-1015.4841481780261 -201.42722564831377
-1016.1361162995547 -202.81009453430772
-1015.9504608695954 -203.76517814293504
-1015.6460544651002 -205.2660285820067
-1016.1915604060143 -206.3751606334746
-1016.8856614416093 -207.12059980526567
-1017.8910176341981 -208.551589666754
-1018.6828652208299 -210.3235293020308
-1019.1717866247147 -210.96667241945863
-1020.2295411413163 -211.9138972748816
-1021.5253775899857 -212.28438562050462
-1023.328936297223 -213.08293366327882
-1025.128849226758 -212.85983526602388
-1026.7786266391724 -212.77377712622285
-1027.6290002649278 -212.7832251776755
-1028.996729690358 -212.76370838180185
-1030.2446387594193 -213.59998109832406
-1031.4027620141953 -213.73781108751893
-1032.552890617177 -213.84705495730043
-1033.480609018132 -214.38064491644502
-1034.5074528043717 -215.24765431776643
-1036.0023238246888 -215.1566671718657
-1037.651547390744 -216.1259728063643
-1038.6040389125794 -217.11332017078996
-1039.096016723439 -217.5224356044829
-1040.1022096460313 -218.74678295746446
-1041.190126497075 -220.0691644538939
-1042.2024067228288 -221.06557226076723
-1043.0332237070054 -221.8198597420752
-1043.5474161689729 -222.58417302265764
-1043.4474880432338 -224.1397438634932
-1043.520581286177 -224.86684673920274
-1043.7503844013065 -226.48730486527086
-1043.599248733148 -227.74131995335222
-1044.3365105053037 -229.25881820812822
-1044.1048789282888 -230.06879150763154
-1043.5361566802114 -231.60709488287569
-1043.3671498706192 -232.9631898392737
-1043.4419722592086 -234.39516878023744
-1043.922295454666 -235.1862326849997
-1043.3887462054938 -236.98414635553956
-1043.0510072743148 -237.83267921105028
-1043.217696089074 -239.09553187981248
-1043.6269934957475 -240.52409464016557
-1043.5889823620766 -241.95386022225023
-1043.7520663773269 -243.3133894790709
-1044.4053734575957 -245.13619393005968
-1044.3083829318732 -246.0165031541884
-1044.0767360513657 -247.1067655672133
-1044.4581212287396 -248.96291917458177
-1044.1049124186486 -250.02868705883623
