-1095.24 -49.62
-1094.7369962239266 -51.378041262626645
-1094.3753239417076 -52.99579548358917
-1094.2933305108547 -54.76545619487762
-1094.4649895781279 -56.20969140052795
-1094.1665214055777 -58.05141365051269
-1093.74251083076 -59.53377878189087
-1093.5684113258123 -61.433047170639036
-1093.8765486830473 -63.36033498764038
-1093.5437515431643 -65.2940210056305
-1094.08149505198 -67.01565229415894
-1093.901671280861 -68.43849479675293
-1093.6146474981308 -70.0267668914795
-1093.209910055399 -71.98712908744812
-1093.0282764041424 -73.40061139583588
-1092.9079140031338 -75.24686812877655
-1092.892115136385 -77.17809354782105
-1093.09276581347 -79.08750259399415
-1093.1232360059023 -80.96228956699372
-1093.4550669544935 -81.75818073272706
-1093.4100162440538 -83.2067658853531
-1093.3129015022516 -84.9267650794983
-1093.879273121953 -86.54839896678925
-1094.2723292762041 -88.13304924488068
-1094.2672836387158 -90.02618860721589
-1094.5914830768108 -91.96066140651703
-1094.5144482904673 -93.57916259288788
-1094.7923287206888 -95.29462027072907
-1094.9201718175411 -96.36595355987549
-1094.7774374687672 -98.08824383735657
-1094.4249201023579 -99.85439610004426
-1094.1508792245388 -101.16576122760773
-1094.0022569054365 -103.01844572544098
-1093.5902673357725 -104.05279850482941
-1093.2415419274569 -105.17487990379334
-1092.8308016711474 -106.81930505752564
-1092.8573416003585 -108.7962079000473
-1091.8162801989913 -110.52134680271149
-1090.1091262826324 -110.96208005666733
-1088.4437872895599 -111.78715294122696
-1086.8756393918395 -112.70563816547394
-1085.2625587710738 -113.15383329510689
-1083.378719163835 -113.76399501681328
-1081.6495552787185 -114.54625227570534
-1079.8227966555953 -115.18881764531136
-1078.393824530542 -115.30299441039563
-1076.692782832086 -116.29532651126385
-1076.0865746864677 -117.03423301398755
-1074.650180233419 -118.3950778645277
-1074.613247049749 -119.47554246604443
-1074.804563445747 -120.9716308516264
-1074.090457958877 -122.79011825740338
-1074.1191742250323 -124.38761095225811
-1073.255409938991 -126.10342709243298
-1072.4289415308833 -127.36348466098309
-1072.0786505767703 -129.24608234584332
-1071.5271727868915 -130.97087053477765
-1071.575239354521 -132.42538766086102
-1071.6578954549134 -133.7221533459425
-1071.1488647551835 -135.62044648349286
-1070.8173740001023 -137.33190230548382
-1070.105378279239 -138.7674655121565
-1069.7633471877873 -140.67287151038647
-1068.902390936166 -142.24135462462903
-1068.6293233425915 -143.60527555167675
-1068.2106011004746 -144.43896130740643
-1067.052917727977 -146.2270383042097
-1065.9350200982392 -147.5034603279829
-1065.000228652507 -147.4898158711195
-1063.658858308345 -148.22232143104077
-1062.1708945126832 -148.25765390217305
-1061.3338440151513 -148.99471218407155
-1059.6473289223015 -149.4443643194437
-1058.69528479293 -150.08993847191334
-1057.301634618789 -150.4949044686556
-1056.5193463654816 -150.64359554171563
-1055.6285719962418 -151.00989278674126
-1054.9149414987862 -151.57381233096123
-1053.6881094665825 -151.6879802596569
-1052.1476890535653 -152.42211558938027
-1050.6114650459588 -152.6328763616085
-1049.3703194351494 -153.06880977272988
-1048.144261548072 -153.57367696881295
-1046.7992363663018 -153.97305312275887
-1045.5518029423058 -154.173475394845
-1044.5552793236077 -153.945560182333
-1043.3944520445168 -153.4768726181984
-1042.0505244226754 -153.54912040650845
-1040.4999052973092 -153.9816657704115
-1038.8332888574898 -153.68916530430317
-1037.6285806389153 -154.05940670788289
-1036.7905986995995 -154.5506884855032
-1035.5807456465066 -155.17064962804318
-1033.9953704567254 -155.23934856325388
-1032.0900605411828 -155.22183278471232
-1030.3629033060372 -155.72132686048747
-1029.095897743255 -156.3274180021882
-1027.5451954098046 -156.97562715679408
-1026.1675327511132 -157.07416485518218
-1024.6650306673348 -157.96258841723204
-1023.291495987922 -158.9220958825946
-1022.2198234291375 -160.0509176132083
-1020.6655710430443 -161.16453264921904
-1019.5976930351555 -162.25883899897337
-1019.3954691083729 -163.69026552408934
-1018.3924194963276 -164.8608528253436
-1017.3883573205769 -166.2433403608203
-1017.0251326651871 -167.7752076265216
-1016.3372298569977 -169.40550147265196
-1015.8308447690308 -170.51430367201567
-1015.2267533035576 -172.19789420336485
-1015.4110714437068 -173.89907370775938
-1015.489833676964 -175.2999809858203
-1015.1935611905158 -176.78231416910887
-1014.8820957781375 -177.72478698462248
-1014.6404057087004 -178.89150093764067
-1014.2681510986388 -179.96326242655516
-1014.8483824075759 -180.99133502215147
-1015.3586751760542 -182.75268553465605
-1015.2277574928105 -184.43357561796904
-1015.3725811780989 -185.97818945616484
-1015.7418490590155 -187.8838226673007
-1015.5316383035481 -189.83745406836272
-1015.4636683554947 -191.64620124071837
-1014.9174386353791 -192.7226133224368
-1014.6568514199555 -193.87122248381377
-1015.422214576751 -195.42676840990782
-1015.3877618888021 -197.09565483301878
-1015.7510439732671 -198.5060893175006
-1015.8062572458387 -200.05596553057433
-1015.9332607516646 -201.15457092493773
-1015.2909407743812 -202.6094726201892
-1014.8736214765906 -204.52570306032896
-1014.5206272432208 -206.43125711649657
-1015.1056191155315 -207.9558464166522
-1015.0197887250781 -209.84941278666258
-1015.5173305699229 -211.2863491651416
-1016.3549907037616 -212.79357885092497
-1016.5703135558963 -214.264052259624
-1017.497977835834 -215.49766944617033
-1018.9031618663669 -216.00301473110915
-1019.7322600910068 -216.12479524582625
-1020.2294019886851 -216.5785193321109
-1020.7950282523036 -217.82824395865202
-1022.4140539595485 -218.18328331679106
-1023.7291561791301 -218.3745407935977
-1024.847350282371 -218.03513174027205
-1025.6642945238948 -218.2561633464694
-1026.86200730294 -218.10143685609103
-1027.6658871600032 -218.14581313997508
-1028.6470895835757 -218.58604136377573
-1030.126373512447 -218.66545845091343
-1031.7196001836658 -218.42071304738522
-1033.2954240867496 -218.13254530251027
-1034.1691831180453 -219.24123067677021
-1035.20885394305 -220.03286100447178
-1035.8873383232951 -220.32062525570393
-1037.0965584942699 -220.46799747169018
-1038.47418109864 -221.10683534562588
-1039.8715656229854 -222.14397225797177
-1040.6711806485057 -222.7769702476263
-1041.2218572923541 -223.3991084498167
-1041.6359588333964 -225.06482390582562
-1042.2873152920604 -226.51922539889813
-1042.9276904293895 -227.63965276896954
-1042.7838586100936 -228.87473754107953
-1042.9712017157674 -230.75388554751873
-1043.2871057072282 -231.4061966341734
-1043.1165312805772 -233.19749454677105
-1042.9789786466956 -234.64296368777752
-1043.2922323772311 -236.52618793666363
-1043.5697988697887 -238.12369994342328
-1043.5816201844812 -239.27466837584973
-1043.570654911697 -240.54689721286297
-1043.0668623277545 -242.3899956148863
-1042.7149069139361 -243.38202861964703
-1042.4510329791904 -244.75237981498242
-1043.2992666193843 -246.59167102992535
-1043.973850888908 -248.29756228148938
-1044.1526969501376 -249.3912743729353
