-1095.24 -49.62
-1094.666312506199 -51.448178763389585
-1094.295853009224 -53.3171982717514
-1094.1660056763887 -55.153643960952756
-1093.7359775954485 -57.077528352737424
-1094.0547752434015 -58.965433115959165
-1093.7323520833254 -60.83513676643371
-1093.550582831502 -62.35376309871673
-1093.4726343506575 -64.2675225687027
-1093.251741951108 -66.18286227703095
-1093.1932967954874 -68.00134133815766
-1093.0012246125937 -68.88665806770325
-1094.0048397535086 -70.45900606632233
-1094.3268697017431 -72.31036066532135
-1094.6061974519491 -73.88939451694489
-1094.3059535080195 -75.63212811470032
-1094.6404089385271 -77.4242094707489
-1094.2215089255571 -78.91117035865784
-1094.2437601739168 -80.08610581874848
-1094.3029665777087 -81.79164504528046
-1094.0265602001548 -83.71455347061158
-1093.7981674799323 -85.5353995513916
-1093.6794981488586 -87.20877396583558
-1093.7931062111259 -88.90703057765961
-1093.7489369043708 -90.66366290569306
-1093.728048247993 -92.08160459518433
-1094.0836845466495 -93.58953511238099
-1094.3517099151015 -95.50347637653351
-1093.7744551429153 -97.3599560213089
-1093.9401289203763 -98.80130326271058
-1093.551224527657 -100.3190385055542
-1092.7179185131192 -102.01923822879792
-1091.2608141878247 -102.47253441333771
-1090.2042866924405 -103.59988498210907
-1088.3127983787656 -104.50492119312287
-1086.5902694442868 -104.78946551203728
-1084.666271803677 -105.28953930258751
-1083.0477143505216 -106.02672871470452
-1081.4110002496839 -106.48489820480347
-1079.8107693174481 -107.33081012487412
-1077.917597053349 -107.19245439291001
-1076.2004803398252 -108.41898470640183
-1075.777746526301 -110.05216055631638
-1074.8755482116342 -111.78226333379746
-1074.0580973306298 -113.41705911874772
-1073.5954985895753 -115.2861348938942
-1072.867383865416 -117.0495261502266
-1072.3722961226106 -118.724787170887
-1072.1972120085359 -120.55132323026658
-1071.674366978705 -122.28147583723069
-1071.8094744065404 -124.14244800329209
-1071.7970456171408 -125.94011288404465
-1072.2532260108367 -127.65428155183793
-1072.3839030403271 -129.0592839074135
-1071.7684459823743 -130.7812508893013
-1071.4937996107712 -132.11086171388627
-1071.2963233429566 -133.86637800455094
-1071.1616688806191 -135.5373155426979
-1071.291971011795 -137.18636899709702
-1071.2577277857438 -138.7654285979271
-1070.8839794236794 -140.38830464601517
-1069.7403942186013 -142.1389420580864
-1069.2316930133477 -143.4978585791588
-1068.4844234425202 -144.42391013622284
-1067.2623644310609 -145.6993982744217
-1066.0506374079362 -146.45877909183503
-1064.8311492640153 -147.7069700908661
-1063.8622972208634 -148.68869232654572
-1063.1045890289918 -150.37119698047638
-1062.0470245319977 -151.42487167835236
-1060.9858633715287 -152.61086225032807
-1059.611659689583 -153.6399761390686
-1057.7922275501862 -153.92384820699692
-1056.422186060585 -154.50834869861603
-1055.4147199827805 -155.69149183750153
-1054.4130092102662 -155.7135339331627
-1052.8736083943024 -156.33225202083588
-1051.0924731928483 -156.6409287106991
-1050.0640458304063 -157.62393798947335
-1048.8041614729539 -158.35956373333931
-1047.1373421389237 -158.83283903717995
-1045.7387448984757 -159.42130365490914
-1044.4262834030762 -159.87642186403275
-1042.79853431765 -159.95937564492226
-1041.4118640858308 -159.73100885272027
-1039.804148359932 -159.75440009951592
-1038.635080738701 -159.3662086379528
-1037.0105815369263 -159.86592319130898
-1035.3515685040131 -160.0695744407177
-1034.0853635508195 -159.88028154790402
-1033.237614079155 -160.28563703119755
-1031.4253237682954 -160.01052249491215
-1030.137726350464 -160.29480532824994
-1028.412753863968 -160.23873595416546
-1027.693227990307 -160.67091439187527
-1026.3291556674615 -160.35609502613545
-1024.611631973423 -160.37275452435017
-1023.0818809110299 -160.2737792533636
-1022.2176641065255 -161.1597184342146
-1020.703394635357 -162.2680232924223
-1019.4774689513818 -163.8196146887541
-1019.0129804450646 -165.0399754446745
-1018.215978367962 -166.3964801234007
-1017.7169200021401 -167.82599047839642
-1017.02552132193 -169.2401867312193
-1016.7018491465226 -170.76912275969983
-1016.2273112076894 -172.56467167556286
-1015.6340946096554 -174.12232820212841
-1016.1856877941266 -175.96645454585553
-1016.5797635156289 -177.484508792758
-1016.3186066586152 -179.04348484694958
-1016.5327500093356 -180.25400070369244
-1016.3835850197449 -181.84174648940564
-1016.2979241821542 -183.34098307311535
-1015.7057513806596 -184.6478661698103
-1015.8037393081561 -186.41091255366803
-1015.7824733301625 -187.1672158640623
-1015.5250863775238 -188.54783074080945
-1015.8412682458386 -190.27096513926983
-1015.9828129306063 -191.6124486130476
-1015.338812638782 -193.49780837714673
-1015.5244733437523 -195.00554267585278
-1014.9747630700097 -196.76733581244946
-1014.648696337603 -197.83127085387707
-1015.0923911675438 -199.55883149325848
-1015.074626651369 -200.20806602656842
-1014.9988289147243 -201.23303262412549
-1014.5955804556236 -202.55603639304638
-1014.2237698107585 -203.31595585763455
-1014.8416694670543 -205.2164268296957
-1015.4306354790554 -207.11492870271206
-1015.9596138268337 -208.285261849761
-1016.5723207264766 -209.6764139932394
-1018.0185607939586 -210.45007155358792
-1019.5277248888835 -211.6096166175604
-1020.2104783326015 -212.04980055510998
-1021.3067100315914 -212.08155151724816
-1022.1991069584712 -212.8653975379467
-1023.5589238673076 -213.53195937991143
-1025.0588722496852 -213.75187855482102
-1025.9638914733753 -213.48230421066285
-1027.5224347978458 -213.4207314056158
-1029.1433789401874 -213.46342505037785
-1029.8348353772983 -214.02758438408375
-1030.8259478479251 -214.62891710817814
-1031.801924255453 -214.77136647224427
-1033.4577615528926 -214.60443804681302
-1034.3209121495113 -215.28707335412503
-1035.1942587166652 -214.84933061420918
-1036.9609409838542 -215.56630493223668
-1038.3961140185222 -215.55184179067612
-1039.5117997198925 -216.12040036439896
-1040.6492101221904 -217.55436652421952
-1041.216420856081 -219.0563142848015
-1042.2124581008777 -220.93174570322037
-1042.2820157676563 -221.86586921930314
-1042.607433465086 -223.153640563488
-1042.5532510250434 -224.32417672395707
-1042.885820892416 -225.76117056131363
-1042.6613562225923 -227.40364485502243
-1043.14979643818 -228.2081764292717
-1042.97335135635 -230.06575744867325
-1043.5576702326164 -231.0576415014267
-1043.8351954787597 -231.96262084960938
-1044.0477645068988 -233.2344243478775
-1043.991171327196 -234.20993446826935
-1043.573882666193 -236.0721540403366
-1043.5746978789196 -236.9017514538765
-1044.175789800249 -238.48378687620163
-1044.0135430663452 -239.74328988313675
-1043.9869632243738 -241.28680020093918
-1044.5321810960397 -242.8449786257744
-1044.267393183671 -244.02449661016465
-1043.90032835003 -245.71613090753556
-1044.5932822942361 -247.16052954912186
-1044.5030072301254 -248.51419692754746
-1044.5082140739635 -249.78677325963974
