-1095.24 -49.62
-1095.1644947433472 -51.291666026115415
-1095.262475644946 -52.53838467121124
-1094.9385156983137 -54.4377535533905
-1095.131888961196 -55.640094394683835
-1095.4577593559027 -56.525042111873624
-1095.6608616018295 -57.88933819055557
-1095.8338574522734 -59.00769906759262
-1095.3846690112352 -60.025413329601285
-1095.335768880099 -61.517502481937406
-1095.6639978305996 -62.788201267719266
-1095.693732540831 -63.76278882741928
-1096.0839144100994 -65.6401650261879
-1096.3120872040838 -66.63906299591065
-1096.6749053557962 -67.74223029136658
-1096.3317519982904 -68.9251153421402
-1096.0402769406885 -69.80831092119217
-1095.6429800947756 -71.6834360909462
-1095.5647110377997 -72.88088410615921
-1095.7284591531009 -73.92596488714219
-1095.255854490921 -75.30048816919327
-1094.816519710943 -76.83443504095078
-1094.4828858112544 -77.67473417043686
-1095.1867326235026 -79.42663520097733
-1094.6861220335215 -80.82300513505936
-1094.455881465003 -82.07481854677201
-1094.369836736247 -83.26596968889237
-1094.0366464143247 -84.33120136976243
-1094.2458907996863 -86.04437666654587
-1094.1839732711762 -87.78645115613938
-1094.8376314228028 -89.61235230684281
-1094.4108847563714 -90.65621977567673
-1094.530805293247 -92.14213543653489
-1094.2632047270984 -93.59245937585831
-1094.2669227456302 -94.80759602308274
-1095.0540481542796 -95.72333144664765
-1095.305099162981 -96.72054451227189
-1095.2953027447313 -97.67612975358963
-1095.796074326858 -99.03365736722947
-1095.6053342928737 -100.19399564981461
-1095.7978089561313 -101.780251557827
-1096.0492434611172 -103.34562211751938
-1096.275807138309 -103.99289392948151
-1096.3079056104273 -105.3034237575531
-1095.767356987819 -106.05817722797394
-1094.7442134579271 -107.7291811656952
-1094.2398673256487 -108.87184631347657
-1093.5810583790392 -109.4598369550705
-1092.6373425682634 -109.81780188798905
-1091.5622085293382 -111.2375840497017
-1090.3715406616777 -111.58050974726677
-1089.570238347873 -111.81550314545632
-1087.8362333735079 -112.39339521050454
-1085.980061527118 -112.69709708809853
-1084.2840011080355 -113.75632360100747
-1082.6004192789644 -114.44657483220101
-1081.9213208516687 -114.98523631215096
-1080.741477425918 -116.05730905652047
-1079.746892984733 -116.8112731230259
-1079.823623772487 -118.5548296225071
-1079.8826694151014 -120.15505983948708
-1079.7488317003101 -121.97676589608193
-1079.222108315453 -122.7366174709797
-1079.1200223376602 -124.30952181935311
-1078.7729943206161 -125.40135922551156
-1078.8632243087143 -126.95610942959786
-1078.218615930304 -127.80996813893319
-1078.0071733554453 -128.77978905558587
-1078.2179692348093 -129.6926463496685
-1078.1087833156437 -131.40050574660302
-1077.7936201503128 -132.83345099806786
-1078.2860913088173 -134.19530066370965
-1078.4963329543918 -135.45533450961113
-1078.6313342859596 -136.56353386759758
-1078.4419175495952 -138.3754440200329
-1078.8904435744137 -139.5608961236477
-1078.8748396446556 -141.42890688300133
-1078.6823943962902 -143.32554170012475
-1078.7983459045738 -144.46303972125054
-1078.8201134612411 -145.55202397227288
-1078.2952461054176 -147.10141226172448
-1077.9301102568954 -148.48433145403862
-1078.240314584002 -149.65124365210534
-1078.141488861069 -151.06218584895134
-1077.4615141858906 -152.05766310811043
-1076.3023209085316 -152.2414949786663
-1075.5699975600094 -153.1124039542675
-1074.1839034666866 -153.85734238743782
-1072.8416268935055 -154.2372694861889
-1071.338037501797 -154.98320766806603
-1070.3987752308697 -155.2637492966652
-1069.2211095204204 -155.81002723693848
-1068.0989421715587 -156.130537981987
-1067.3071584811062 -156.02589264035225
-1065.8008614888042 -155.8915051919222
-1064.9096883644909 -156.1328965228796
-1063.6755091061443 -155.94221193611622
-1062.9929804315418 -156.47570730268956
-1062.1593753805012 -157.1260302168131
-1060.6294545640797 -157.3899953466654
-1058.8937704076618 -158.06113744795323
-1056.9977795591205 -158.10809284716845
-1056.320224653706 -158.75474125415087
-1054.8331527819485 -158.648837390244
-1052.937748919949 -159.10814440518618
-1051.931551944241 -159.40447446972132
-1050.309617887959 -159.0567778673768
-1048.7162168135494 -159.38705283671618
-1047.6590509524196 -159.08472532302142
-1046.0513701548427 -158.95261593431235
-1045.2135225643963 -159.0371443209052
-1044.116269718632 -158.41706581681967
-1042.394846092686 -158.96242614358664
-1040.6656146159023 -158.80058075755835
-1039.6205823531002 -158.5613571432233
-1037.7692339529842 -158.7676924046874
-1036.1005809416622 -158.0905649241805
-1034.7931197991222 -158.33346195787192
-1033.7292876353115 -158.24395438551903
-1032.7227959742397 -158.18384770572186
-1031.1326255907863 -158.34406542301178
-1029.8620621075481 -158.82296001434327
-1028.5094202866405 -159.46841680526734
-1027.315616022572 -159.1067258965969
-1026.0467016806454 -158.8618835312128
-1024.7794010748714 -159.68172551214695
-1023.138221751675 -160.3292816978693
-1021.7726647963375 -161.04440344393254
-1020.3258133044094 -161.48648009717465
-1019.2706722130627 -162.95767114579678
-1018.676557194218 -163.76848409593106
-1017.9493498911709 -164.55034301698208
-1017.5221230199188 -166.26925681054593
-1016.6558627893776 -167.04922006547451
-1016.6230953519791 -168.78294430196286
-1016.555337119624 -170.42244253575802
-1016.8702238684148 -171.77752862393857
-1016.0440156941861 -172.85493371903897
-1016.2936053758115 -173.7902120155096
-1015.8791247790307 -174.9963614743948
-1015.8903778826445 -176.58296463906765
-1016.1097017859668 -178.40462134301663
-1015.9681654607505 -179.95883033692837
-1016.1228283976764 -181.02771697461606
-1016.2010408078879 -182.2794209522009
-1016.1807700132579 -183.3966495794058
-1016.2160717246682 -184.6615658801794
-1016.2201484439522 -186.0986211103201
-1016.5675660369545 -187.05731664121151
-1016.8204457757622 -188.32500932633877
-1016.6493517307192 -189.57949278771878
-1016.396963551417 -191.20560000360013
-1016.5760665086657 -192.12483928620816
-1016.7676571456343 -192.91708968102932
-1016.7118354064971 -193.77298055112362
-1015.9884641391784 -194.59585819661618
-1015.965134735927 -195.73709831655026
-1016.5221354921907 -197.23641739308835
-1016.7675755729526 -198.62634060800076
-1016.5318393667787 -199.59946606576443
-1016.2107875903696 -200.74803326547146
-1016.4222684463114 -202.57219992101193
-1016.1964882870764 -204.0758131545782
-1015.7206817825884 -205.57723186433316
-1015.2468210419268 -206.27028081834317
-1015.1961726432294 -207.1830816668272
-1015.3581154679507 -208.77502481162549
-1015.4354592894763 -210.27868978202343
-1016.0272965764254 -211.8814105194807
-1016.3040320610255 -212.5994099777937
-1017.3781110977382 -214.27729109942914
-1017.7014454638213 -215.1377999585867
-1019.2066010271758 -216.3282432359457
-1020.3607285057753 -216.25924358785153
-1020.8456237351149 -217.49143026292325
-1021.7833390270919 -217.42345378816128
-1023.6071786915511 -218.0191634696722
-1024.5997587477416 -218.32967100560666
-1025.7689431940764 -218.9924123686552
-1027.4854832922667 -219.54283706367016
-1028.9028344189376 -219.22172475874424
-1030.3665680920333 -219.03805946826935
-1031.7725596462935 -219.205470572114
-1033.312053803131 -219.87877536833287
-1034.0880178844184 -219.625846247077
-1035.6978127395362 -219.7191506576538
-1036.4234328901023 -220.48420047283173
-1037.7084468042106 -220.66786759614945
-1038.7749171888083 -221.09968658804894
-1039.9054694806784 -222.33082505583764
-1040.2147182261199 -222.9800409924984
-1040.5102106367797 -223.58537110209465
-1041.004710975811 -224.43376972794533
-1041.464631978199 -226.06538512825966
-1041.9683621560782 -227.09308352589608
-1042.4399788414687 -228.6271386396885
-1042.4345639979094 -230.17785337090493
-1043.189527753517 -231.8889327299595
-1043.0470189934224 -233.40401616215706
-1043.184989008829 -234.40187474608422
-1043.7784512972087 -235.79361864447594
-1043.3022609686107 -236.77383967757225
-1043.7552241718024 -238.24139186263085
-1044.2260944282264 -239.42571541190148
-1044.6289706563205 -240.77939316153527
-1044.2408531641215 -242.3193099153042
-1044.7654989098758 -244.15027114272118
-1044.9455626045913 -245.51601668715477
-1044.9547767227143 -246.72616132616997
-1044.6627761309594 -248.14954944968224
-1044.6448405308277 -249.2475747716427
