-1095.24 -49.62
-1095.032892754078 -51.46160828590393
-1094.7634134495258 -53.39684926986694
-1094.6064520382881 -55.25591957092285
-1094.469351863265 -57.17222404003143
-1094.124222432971 -58.95220744132995
-1094.1540007793903 -60.89149367332458
-1093.8096631968021 -62.82569491386413
-1093.7150649631023 -64.63385974884034
-1093.8940392935276 -66.40017890453339
-1093.8813805037737 -68.2465629529953
-1094.2608503752947 -70.15244841098786
-1094.4089458936453 -72.04336344718934
-1093.9725610369444 -73.61164199829102
-1093.5918963903189 -74.95725309371949
-1093.582485383153 -76.68843042373658
-1093.550919597745 -78.51302790164948
-1094.145599489808 -80.06907677173615
-1093.9944316202402 -81.89637338638306
-1094.1256933265925 -83.61457943439484
-1093.8907860124111 -85.40596568107605
-1093.5924541556835 -87.37251197814942
-1094.0064754092693 -89.23492574214936
-1093.9155988150835 -91.11460065364838
-1094.327120488286 -92.97032141208649
-1094.1098542565107 -94.70135306835175
-1093.8092487210035 -96.64004837989808
-1093.9649875217676 -98.42972719192505
-1093.6332418376207 -100.34945833206177
-1093.6065189892054 -101.89554976940155
-1093.2992505186796 -103.6428500366211
-1093.507104551196 -105.25915777206421
-1093.2099988514185 -106.62510561466217
-1093.1472315618396 -108.46267246723176
-1092.7721462079883 -110.27187799930573
-1091.6316847631335 -111.45403754234314
-1090.1455864736438 -111.70712720870972
-1088.2604861089587 -112.03550227999688
-1086.7507604190707 -112.61881026148797
-1085.3648352453113 -113.57088276267052
-1083.88608322829 -114.58784147620202
-1082.2951446601749 -115.79244336009026
-1080.8800870010257 -117.1133223426342
-1079.889561457336 -118.77988203883172
-1079.2258436509967 -120.62267550349236
-1078.5955257841945 -122.47050842165947
-1078.3137976953387 -124.19062217593194
-1077.6069314309955 -125.58898874640465
-1077.2905821034312 -127.4058564555645
-1077.1082101294398 -128.85176583647728
-1076.822898966968 -130.7672017467022
-1076.7107429558039 -132.4850494515896
-1076.592800667286 -134.38969143748284
-1077.1077211403847 -135.90801628947258
-1076.7981682920456 -137.61095484614373
-1076.5789060497284 -139.3593786609173
-1076.72004360497 -141.30583938479424
-1076.3775543624163 -142.77165612101555
-1076.1669331246615 -144.57018646121026
-1075.9575825536251 -146.2420894753933
-1075.18354018569 -147.0304280769825
-1074.2820394837856 -148.65745582699776
-1073.345450719595 -150.34483971714974
-1072.4475528800488 -151.3366558802128
-1071.9932235085964 -152.91935684800148
-1070.987037023306 -154.14479615807534
-1069.1459378802776 -154.45717000484467
-1067.6943304145336 -154.84427010536194
-1066.5146451795101 -155.71425175189972
-1065.1607650125027 -156.39470308542252
-1064.446669420004 -157.0086908888817
-1063.1935419642925 -157.15396864235402
-1062.0292549932003 -157.18491081416607
-1061.0211972796917 -157.0515258562565
-1059.9110042655468 -157.66555812478066
-1058.2217869365215 -158.0325251173973
-1056.4010718667507 -158.1219113868475
-1054.8014458024502 -158.17846901610494
-1053.5181288325787 -158.69161642983556
-1051.7922925555706 -159.14962132170797
-1050.1170224750042 -158.88086064055562
-1048.2466673457623 -159.36059544876218
-1046.5356983745098 -158.99234132364393
-1045.2946067655087 -158.98846558004618
-1044.4421509706974 -158.93509298831225
-1042.5712017023563 -159.09758654505015
-1041.3421151840687 -159.1302664604783
-1039.6048846447468 -159.32241802185774
-1038.0510267221928 -159.6683875796199
-1036.2339443171024 -160.1541201350093
-1034.4282486641407 -160.14908227592707
-1032.8382067883015 -159.6125533309579
-1032.0010915005207 -160.20623603731394
-1030.102110286951 -160.01254722744227
-1028.5470220053196 -160.63995728164912
-1027.124916573763 -160.6263990894705
-1025.4746213161945 -161.2110258833319
-1023.7911119663715 -161.69301544584334
-1021.9807691776753 -162.1403056577593
-1020.6420701944828 -162.80847199715674
-1019.1855596506596 -164.09989627160132
-1018.224364002943 -165.66872914589942
-1017.5040502154827 -166.88327832974494
-1016.7485395276547 -168.12998004712165
-1016.3510419034958 -168.81625856913627
-1015.839947154522 -170.42998256243766
-1016.0709182822704 -172.07819439925254
-1016.0113644504547 -174.01607229270041
-1015.9356946700811 -175.5999713138491
-1015.3856091850996 -176.24877758778632
-1015.9241384023428 -177.3938736514002
-1015.5748410278559 -178.65899034298957
-1015.553468106091 -180.25104327954352
-1015.644454536736 -181.83928724087775
-1015.5553764680028 -183.33307286061347
-1015.1305085101724 -184.30425097502768
-1014.9154696145654 -185.59814276255668
-1014.5554571726918 -186.93116952933372
-1014.3329812267423 -188.578452725783
-1014.0812150815129 -189.60538830317557
-1014.3095754811168 -191.10555996455253
-1014.1303428241611 -193.07702757872642
-1014.0168813744187 -194.48512520350516
-1013.942793635428 -196.12424757041038
-1014.3123893716931 -197.66364588297904
-1014.2467484602332 -199.39361741103232
-1014.6437798270583 -201.17851020850242
-1014.913093341291 -202.30804385699332
-1014.7786093184352 -203.36681451357902
-1015.4507339426875 -204.51857509173453
-1015.8311920592189 -206.43154420413077
-1015.7433067762852 -207.60269488848746
-1015.3634661638737 -208.77282120741904
-1015.4903497302532 -210.4167357877642
-1015.9458027982712 -211.53421964205802
-1016.6434990668297 -213.18779053248466
-1017.27052932024 -214.57271947421134
-1017.8825466537476 -215.99447693385184
-1019.209656586647 -217.14072360552848
-1020.8378585481644 -217.5249671534449
-1021.8799872303009 -217.35325541056693
-1022.8724218511582 -217.98673035658896
-1023.7777242565155 -217.70598037995398
-1024.943152179718 -217.84390180267394
-1025.9607565307617 -218.41800903238357
-1027.6310219669342 -219.13796376146377
-1028.9954864883423 -218.7930250362307
-1030.4179869794846 -218.3713439897448
-1031.6534285449982 -218.90412797488273
-1032.6785721683502 -218.88523743011058
-1033.464131822586 -219.51181582070888
-1034.467636218071 -219.31288567639888
-1035.922734966278 -220.21491590596736
-1037.7503993415833 -220.12924167968333
-1038.1277384662628 -221.42091748572886
-1039.2715957069397 -221.6158924446255
-1039.9727626943588 -222.38228640414775
-1040.9604023599625 -223.92381105281413
-1041.5773547196388 -225.31576177932322
-1042.2652147316933 -226.89150426246226
-1042.473112052083 -228.00947997428477
-1042.9215301924944 -228.94534990645946
-1042.9029851609469 -229.92438599921763
-1043.2163042479754 -230.78175756789744
-1043.166805242896 -232.43439755298198
-1042.8226276391745 -233.53312120296061
-1042.7703037166596 -234.635143731609
-1043.0948625409603 -236.18013236381114
-1043.601929267645 -237.54271337844432
-1044.1081347072125 -239.08491608954967
-1043.9682954454422 -240.91422793723643
-1043.7137521708012 -242.10714111186564
-1043.3729021453858 -243.3904885993153
-1043.1906736397743 -245.03951153613627
-1043.3436071181297 -245.89442536689342
-1043.3772215598822 -247.11978528358043
-1043.1518645489216 -247.92591968633235
-1043.2709058055282 -248.96712699986995
