-1095.24 -49.62
-1093.3852643871307 -49.787853385210035
-1091.9624571704865 -49.648822928667066
-1090.5190976762772 -49.54407113313675
-1089.006508102417 -50.30156427145004
-1087.4968056583405 -50.628464127779004
-1086.5298436784744 -50.60695198446512
-1084.8586331510544 -50.84261270135641
-1083.8133639001846 -50.50559033721685
-1082.2976688051224 -50.3279249843955
-1081.1993019485474 -50.90870334476232
-1079.5320860052109 -51.08427696198225
-1077.6921678686142 -51.01847522228956
-1076.7504348659515 -51.768559026420114
-1074.9142162704468 -52.003425824344156
-1073.8449391031265 -52.47876052826643
-1071.948338856697 -52.9540972289443
-1070.267015209198 -52.92230492353439
-1068.3759839439392 -52.33497219800949
-1067.3169337415695 -52.32224304124713
-1065.6765577697754 -52.819484329670665
-1064.530368437767 -53.32525912567973
-1062.7177088165283 -52.92571330711245
-1061.5920967960358 -53.33744192764163
-1059.955623140335 -53.14291933819651
-1058.4746396446228 -53.46622971341014
-1057.2677037620545 -53.66476450011134
-1055.5011474990845 -53.12045440718531
-1053.5592403316498 -53.67840991064906
-1051.6754412555695 -53.3445386056602
-1050.1810462379456 -54.09248689457774
-1048.718886961937 -54.877299225777385
-1047.5997378730774 -55.56276199862361
-1046.0756838226318 -55.928216642588374
-1044.3939916992188 -56.87095708295703
-1043.2043201828003 -57.97881597921252
-1042.0781148576737 -58.751785105913875
-1040.8536620044708 -58.97767276212573
-1040.3849228227139 -60.11223942682147
-1039.4506958925724 -61.786885685175655
-1038.6985982859135 -63.49765438482165
-1038.7307486736775 -64.9496632282436
-1037.8959773981571 -66.25423139974475
-1037.3476873838902 -67.56197494909168
-1037.485214343071 -68.87776858255268
-1037.456641023755 -70.71396572038532
-1036.843525236249 -71.648241943568
-1036.783835669756 -73.42532843992115
-1036.940645133853 -75.20224863931537
-1036.6620621436834 -77.03922755166889
-1036.507545953393 -78.62869078561664
-1036.9833604747057 -79.85784370347858
-1037.1274912410975 -81.23946482583881
-1037.5374594682455 -82.92697269365192
-1036.9482902640104 -84.426242775172
-1036.6862084919214 -85.94583470270038
-1036.485327949524 -87.4859820072353
-1035.775077214241 -89.15734071180225
-1035.6313446366787 -90.47215504094959
-1035.4537575149536 -91.38469815894962
-1035.4466353410482 -93.2073472802341
-1035.212049728036 -94.667793161124
-1034.4501942449808 -96.17773295089603
-1034.495228228867 -97.48742378398777
-1034.3504146018624 -98.61604488536716
-1033.6363247314096 -100.3934315507114
-1033.4462725499272 -101.72998190566898
-1032.5845327356458 -102.82230759307743
-1032.3219161608815 -104.04060793563724
-1031.8005495646596 -105.09873080894351
-1030.684419451058 -106.55914617225528
-1029.0870960333943 -107.60243702575565
-1028.0029515603185 -108.5472537343204
-1026.2499901631475 -109.06785822555423
-1024.7536806443334 -110.04739678546787
-1023.2933663704991 -110.70578134700656
-1021.8182408192754 -110.89394850179553
-1020.8066657164693 -111.64972067520023
-1019.6269190886617 -112.9366387192905
-1018.5115969756246 -113.95347238227725
-1017.5515918114781 -115.63088513061405
-1017.0504139044881 -117.3970787589252
-1017.0453041622043 -119.11986089393497
-1017.4431876966357 -120.00175315782428
-1016.8106371590495 -120.80814558908344
-1016.0603498646617 -121.68887133046985
-1015.450357837379 -122.89515799924732
-1015.5713918039203 -123.7117058698833
-1015.4021328666806 -125.03142995283008
-1015.190489141047 -126.55214733526111
-1015.7457754889131 -127.26907748624683
-1015.2678503969312 -128.6015163128078
-1015.3225435630977 -130.087233132571
-1015.3464488459379 -131.80262703344226
-1015.8646627736837 -133.3272621099651
-1015.711744613722 -134.42115432664752
-1015.336756355837 -136.17147201940418
-1014.8735123945028 -137.36352235719562
-1015.1512583268434 -138.32947129651905
-1015.3949687553197 -140.1355043117702
-1014.8219087792188 -141.70753771707416
-1014.9491939467937 -143.171949929446
-1015.3291992468387 -144.25790614530445
-1015.131815410927 -145.61376995489002
-1015.0101830957085 -147.23212606355548
-1014.8393933025748 -148.43867082044483
-1014.7063206581026 -150.14490527555347
-1015.1321202067286 -151.68358809396625
-1015.414681449309 -153.3593744699657
-1015.7599939552695 -154.68794185563922
-1015.8513389823586 -156.31323964044452
-1015.7017058280856 -157.9247937862575
-1015.2585017231852 -159.2408921186626
-1015.3332922903448 -160.75917822763324
-1015.6437917200476 -162.39609271928668
-1015.2337764648348 -163.5718818370998
-1015.3037518260628 -164.936110085696
-1015.8088521955162 -165.85172218725086
-1015.6163005528599 -167.2020303671062
-1015.6730057483167 -168.13101083680988
-1015.6520022226125 -169.27851278230548
-1015.433848894909 -170.53472513601184
-1015.2961218429357 -172.19072300836444
-1015.509758688286 -173.34599501535297
-1015.8970695210248 -175.0189684097469
-1015.8293249604851 -176.58228260919452
-1015.620464175716 -178.41471750184894
-1015.1571001110226 -180.07919365808368
-1015.6591121254116 -181.80506164476276
-1015.6255293039233 -183.69534689828754
-1015.5635873561353 -185.29907495424152
-1015.3369580989331 -186.70344812318683
-1015.7501453941316 -187.8501759235561
-1015.9070971345157 -189.5195627872646
-1015.5475444232673 -190.30897844478488
-1016.029742840454 -191.522560364455
-1015.5783120726794 -192.4582051102817
-1015.1354168986529 -193.87781298801303
-1015.051441456899 -195.59238863632083
-1015.5725142022222 -197.455106741637
-1015.4560297390074 -198.5357916419208
-1015.5435188149661 -200.12597704574466
-1015.3042505865544 -201.6901888911426
-1015.8380372410268 -202.54703200504184
-1016.023700896427 -203.82968760177494
-1016.218296501562 -205.2577304904163
-1016.7249583934993 -206.62092364475131
-1016.9953281020373 -208.0937979285419
-1017.9699906443805 -209.22365153476596
-1017.9668448304385 -210.36698818847537
-1018.5841170882434 -211.6267488066852
-1019.0724569296092 -212.18032855436206
-1020.212402555868 -212.84413505241275
-1020.799380216524 -212.9336121146381
-1021.5030590628833 -214.03711772605777
-1022.6956708764285 -214.89559293434024
-1023.6004549597949 -215.44368780300022
-1024.8127945994586 -215.63823876425624
-1025.6189653014392 -215.27494243428112
-1026.9501782988757 -215.12086338445545
-1027.6535697316378 -215.14084394916893
-1029.3594109153003 -214.9897214536369
-1030.3786206578463 -215.00071061298252
-1031.5357913111895 -214.9921841685474
-1032.694380793497 -215.09791485115886
-1033.937046322748 -215.09810409590602
-1035.059788141176 -215.17813030526042
-1035.9042579268664 -215.54430524155498
-1036.6765921448916 -216.30237487599254
-1038.0015234088153 -216.671149379462
-1038.7628404235095 -217.84881854698062
-1039.2165624832362 -218.64709056064487
-1040.12886503689 -219.59645295783878
-1041.037693176195 -220.27253878757358
-1041.678088638708 -221.7259178225696
-1041.9033527111262 -222.41349709674716
-1042.6951268648356 -223.60080648109317
-1043.1657693123072 -224.6884309117496
-1042.7610294555873 -226.16870892688632
-1043.5342020129413 -227.3682075802982
-1044.2391881679744 -228.73555958911777
-1043.7552468513697 -229.37638366863132
-1043.4549079870433 -231.29408968135715
-1043.3185247366876 -232.3848134343326
-1043.6399119382352 -233.16108829423786
-1043.8889523183555 -234.21364576265216
-1044.3772685264796 -236.01993758127094
-1044.5802179460973 -237.2978237335384
-1044.8132815694064 -238.19955892011524
-1044.2429929112643 -239.88667518541217
-1044.600362900421 -241.48880369111896
-1045.080743465349 -243.20754832670093
-1045.150841954872 -244.53640634462238
-1045.4919576679915 -245.52273053571582
-1045.385461698994 -247.16920883104206
-1045.5898307373375 -248.92249984189868
-1045.2459929993004 -250.36030179902912
