-1095.24 -49.62
-1094.7059507870674 -50.73619746685028
-1094.719309387505 -52.669632549285886
-1094.276857970059 -54.58557807922363
-1094.1572469601035 -56.15274393081665
-1093.7630037793517 -57.64774143218994
-1093.4459788033366 -59.3681210231781
-1093.722723198831 -60.85055577278137
-1093.456023735702 -62.65187251091003
-1093.098977816999 -64.22791420936585
-1092.8791762122512 -65.88069951057435
-1092.6038349995017 -67.54274069786072
-1092.5109685191512 -69.44373213768006
-1092.8735139498115 -70.84993993759156
-1092.691337479055 -72.36855530261994
-1092.926395354569 -73.39917957305909
-1092.7096268811822 -74.9732236814499
-1092.7228492477536 -76.3522416305542
-1092.6197606900334 -77.63691675186158
-1092.7193268218637 -79.40198623657227
-1092.4190893748403 -81.13256179809571
-1093.11995172292 -83.03197991371155
-1093.4469293633103 -83.95442169427872
-1093.4462021568418 -85.65371495008469
-1093.2410216906667 -87.50328665494919
-1093.3265509286523 -88.80265360593796
-1093.3857116380334 -90.50802355527878
-1093.1578372994065 -92.08082729101181
-1093.102764902413 -93.3897965502739
-1093.6128385046125 -94.19068401575089
-1093.3542295971513 -96.12749307870865
-1092.6745188513398 -97.86482065439225
-1092.5004600414634 -99.60284298181534
-1092.0315345653892 -101.0683671784401
-1090.4384647735953 -102.35891597986222
-1088.980143917501 -103.58859365701676
-1087.2991231808066 -104.38148229837418
-1086.4254197010398 -104.0115953040123
-1084.6853243240714 -104.25319362699986
-1083.614987743795 -104.94387740910054
-1081.6505460867286 -105.31956757128239
-1079.9885268339515 -105.99008132040501
-1078.3224074968696 -105.69316990196705
-1077.096375478208 -106.30331272900105
-1075.5295941957831 -107.25177616894246
-1073.6370387205482 -107.2957155507803
-1072.4503042826057 -107.51609330892563
-1070.92352022022 -108.58957987546921
-1069.092467916906 -109.22407119989396
-1067.3288442024589 -109.83615409851075
-1065.7207507023215 -110.2708276462555
-1064.7407658824325 -111.014307076931
-1063.6097993382812 -110.74687480449677
-1061.7472909221053 -111.1329093527794
-1060.741750074327 -111.78406255960465
-1058.943493796289 -111.1647480082512
-1057.1578651198745 -111.62786864757538
-1055.6854319104552 -111.56014637172223
-1054.2580652961135 -111.43795935332776
-1052.9251588115096 -111.67781854689122
-1051.6124816665053 -111.2163701158762
-1050.0563916692138 -111.42939204990864
-1048.5869827994704 -112.22031981766224
-1047.1629540452361 -112.6673806411028
-1045.4871160516143 -113.34326244413853
-1044.1454602012038 -113.395915466249
-1042.7920695075393 -113.67633475631476
-1041.0261075028777 -114.25043674081564
-1039.1693623790145 -113.82001029223204
-1037.5322439202666 -113.278527366817
-1035.9935378560424 -113.53541891545058
-1034.2444796094298 -113.91948177188635
-1032.3498700389266 -113.47061993449927
-1030.387185884416 -113.36862193316222
-1028.6361256369948 -113.05919735401869
-1027.4956203231216 -113.45335622400046
-1026.1319996842742 -113.93645967811347
-1024.3406195172668 -114.76946534484625
-1023.0395867356658 -115.77569093078375
-1021.6180188187957 -116.77611281245947
-1020.8802042731643 -117.98559476703406
-1020.8575018176437 -119.5190825638175
-1020.4392589756847 -121.08190645545722
-1019.8539491125941 -122.94068397849799
-1019.9737910309434 -124.6560911116004
-1019.2238571920991 -126.2431501325965
-1018.7841256538034 -127.4290540394187
-1019.239241091311 -128.24683304399252
-1018.7961988726258 -130.0971500453353
-1018.3585134723783 -131.504349308908
-1018.0215770283341 -132.67974455922842
-1018.5078542509675 -134.20982225507498
-1018.8441644588113 -134.92295260995627
-1018.2569074907899 -136.21476491063834
-1018.6156118193269 -137.67398865789175
-1018.2778231480718 -139.38504584401846
-1018.2217614518106 -140.558411436975
-1018.0213013009727 -142.36701591581107
-1017.6865934745967 -143.70828362077475
-1017.5214732007682 -145.57407398790122
-1017.5753364728391 -147.3687369403243
-1017.4548497067392 -148.8235287246108
-1017.7298339472711 -149.7378618296981
-1017.9023634807766 -151.05739875406027
-1017.8084267915785 -152.64295406907797
-1017.5402337552607 -154.5574214038253
-1017.81203033939 -156.08947308629752
-1017.2184730412066 -157.86861773103476
-1016.5010105015338 -159.5188149985671
-1016.0398221255839 -160.74334843724967
-1015.4110140444338 -161.93911202520133
-1015.3083127976954 -163.48578222364188
-1015.5289625765383 -164.99802156060935
-1015.2485803307593 -166.81146534055472
-1015.107719847709 -168.12563200563193
-1015.4649623425305 -168.97440524667502
-1015.7140431942046 -170.86169882386923
-1015.1911078633368 -172.38252122968436
-1015.1658288033307 -174.2218578633666
-1015.5045225711167 -175.4510421332717
-1014.936724075824 -177.06062646478415
-1015.4711173863709 -178.62390478223563
-1015.9235580952466 -179.65203698247672
-1016.2362293095887 -180.46197767823935
-1016.044559994489 -181.6748541173339
-1015.7539858610928 -183.56210716336966
-1015.8636717887223 -184.5017293867469
-1015.905843795985 -186.3700279173255
-1015.8177985043824 -188.0792074379325
-1015.305811175853 -189.18877913326025
-1014.9703568311036 -189.90043910115958
-1015.3997957201302 -191.44122357934714
-1015.0519045086205 -193.14589853852988
-1014.6487767489255 -194.91768355935812
-1015.1698231489956 -196.1288345631957
-1015.1766438388825 -197.94585617154837
-1014.9093665385246 -199.6112931546569
-1014.4438558125496 -201.27906616300345
-1014.5048392245174 -202.87790234655142
-1014.705336419642 -204.16532059282065
-1014.8574022331834 -205.70249016851187
-1015.3441435077787 -206.9504419144988
-1015.7023450115323 -208.2630583819747
-1015.6911659219861 -209.61215742200613
-1016.3358591774106 -210.7412727651
-1016.4922599175572 -211.6327875432372
-1017.3915182927251 -212.67237480252982
-1018.3354683497548 -212.76752735942603
-1019.4865669587255 -213.71125985950232
-1021.080133972466 -213.72207142680884
-1022.0072006562352 -213.86840673059226
-1022.7293964603543 -213.9213210222125
-1023.3713403323293 -213.9623594161868
-1024.4757431128621 -214.51975403994322
-1025.4416648724675 -215.18936114281416
-1026.4077778437734 -214.7613229033351
-1027.0315905192494 -214.92431567877532
-1028.4884576180577 -215.4436668035388
-1030.0520055869222 -216.20529519289732
-1030.993459520638 -215.8488659438491
-1032.1514542677999 -216.38717039197684
-1032.9188542941213 -216.57047592371703
-1034.39224737674 -216.2718044397235
-1035.9156143048406 -216.9374020573497
-1036.8518640974164 -216.5443287369609
-1038.5279648283124 -217.0195456621051
-1039.7284002283216 -217.3685025152564
-1040.9012049415708 -217.68963457912207
-1041.7782579043508 -218.63187904924155
-1041.8297647812963 -219.94979711145163
-1041.909487990439 -221.36541874974967
-1042.048175675571 -222.84175785154105
-1041.9969790706039 -224.6284559544921
-1042.5275147089362 -226.21645231813193
-1042.6355556973815 -227.65009351342917
-1043.1467164286971 -229.32661398023367
-1043.2632341066003 -230.15698386996985
-1043.4553160646558 -231.96541120380164
-1043.2212881574035 -233.25802697509528
-1043.1103785315156 -234.70299770206213
-1042.7845695593953 -236.38156248897315
-1043.1607725003362 -237.16051377624274
-1042.9683456251025 -238.88487352699042
-1043.53285620898 -240.05363275378943
-1043.5607333311439 -241.34957672923804
-1043.1916546353698 -242.45731534332037
-1043.6436893472076 -243.56426538795233
-1044.1944840678573 -245.15017153590918
-1043.9590678939223 -246.59203543037177
-1044.5227961668372 -248.40940501064063
-1043.890034032762 -249.9059506830573
