-1095.24 -49.62
-1094.7327833080292 -51.23603319644928
-1095.108094354868 -52.96198212623596
-1094.8991973602772 -54.87133192539215
-1094.3270781838894 -56.42420303344726
-1094.1639462763071 -58.370424861907956
-1093.7506033533812 -60.05871283531189
-1093.628761550188 -61.993615264892576
-1093.2473293149471 -63.813235397338865
-1093.1013013327122 -65.55826138973237
-1093.9518449509144 -67.45825147151947
-1094.4460203254223 -69.40325259685517
-1094.4807724261284 -71.36987328052521
-1094.4138927662373 -73.3204965543747
-1094.089912673235 -74.51884161949158
-1093.7080062234402 -76.47720384120942
-1094.0517147386074 -78.09982490062714
-1094.2160882258415 -79.75785779476166
-1093.8608012998104 -81.60500549793244
-1093.9416505748034 -83.0191860151291
-1094.0279511415958 -84.7229394865036
-1093.8398630076647 -86.69048904895783
-1093.6774398440123 -88.56738686084748
-1093.535705512166 -90.38315581798554
-1093.2119779342413 -92.13255369186402
-1092.8741037899256 -93.83569347381592
-1092.9720361584425 -95.41846286773682
-1092.770151322484 -97.26909410476685
-1093.0899690443277 -98.68246531009675
-1093.0663351768255 -99.94896053791047
-1092.912844812274 -101.3057854127884
-1093.2836566919088 -103.12267505645752
-1093.7264145368338 -104.96414911270142
-1093.348571961522 -106.84228598594666
-1093.369353813827 -108.56972944259644
-1092.8132383653522 -110.25511741161347
-1091.304816467464 -111.580400223732
-1090.3939899036288 -111.52054744482041
-1089.0879361459613 -112.35387801647187
-1087.381903989017 -112.86468243122101
-1085.8143890926242 -113.38635724306107
-1084.624777419269 -114.04325568199158
-1083.4440300294757 -114.43516820192337
-1082.1803585121036 -115.55454557657242
-1080.8382758924365 -117.01370948076249
-1079.8611357042194 -118.81137793779374
-1079.4616400131583 -120.64358824014664
-1079.0382204183936 -121.73819618940354
-1078.5479529628158 -122.91462105035782
-1078.217732680738 -123.97541719198227
-1077.6789125928283 -125.52917867422104
-1077.7088366279006 -127.03541141271592
-1077.099034024179 -128.99016290426255
-1076.7242086657882 -130.68936997175217
-1076.4676898548007 -132.0031188082695
-1077.151052338779 -133.75457745313645
-1076.8591824898124 -135.5184884619713
-1076.9454636105895 -137.02092140436173
-1077.0308047810197 -138.63863449811936
-1076.7195152023435 -140.02349632501603
-1076.6511784920096 -141.9323386502266
-1076.9132167229056 -142.88817470788956
-1076.5362495014072 -143.7708281826973
-1076.6965093442798 -145.7136685204506
-1076.817183648944 -146.62950115919114
-1077.0882560962439 -148.20929508924485
-1076.5223571413756 -149.92739015340806
-1076.1091014498472 -151.37051611661911
-1075.166094636321 -152.96781950712204
-1074.420570229888 -154.13779967546463
-1072.6549461835623 -154.94412177324295
-1071.009540771842 -155.07812532305718
-1070.0500894540548 -155.68633511185647
-1068.4840771907568 -156.2120334160328
-1067.255176281333 -156.39988006174565
-1066.0119510644674 -156.81366644322873
-1064.2629630321264 -157.10431672155858
-1063.0560965293646 -157.14172169834376
-1062.090796803832 -157.44632807642222
-1061.220509147048 -157.3842542310059
-1059.9413393491507 -157.93086154654623
-1058.5308428758383 -157.2438553710282
-1057.0208484882116 -157.26615555852652
-1056.099138533473 -157.6658864197135
-1054.2352810257673 -158.09483061999083
-1052.9203464144468 -158.82894139260054
-1051.5886794680357 -159.20769866079092
-1050.1274035328627 -159.58729972213507
-1048.701349889636 -159.6949845430255
-1046.8537065142393 -159.94380499690772
-1045.8037187212706 -160.14517288178206
-1045.1522863262892 -160.0302966412902
-1044.0649055594206 -160.32780482143164
-1042.5948626154661 -160.64584096044302
-1041.5712058895826 -159.9638539132476
-1040.249646102786 -160.3695940849185
-1038.6489754074812 -160.094266551435
-1036.970250403285 -160.41080843180418
-1035.66724506557 -160.37225209444762
-1034.4854457730055 -160.28379196196795
-1032.6706164234877 -159.70337039500475
-1031.6169581764937 -159.80205334991217
-1030.8702298754454 -159.84874821722508
-1028.9361697787047 -159.36089781939984
-1027.9770135635138 -159.910168389678
-1027.131321644187 -159.47992501676083
-1025.7333936446905 -160.0097754997015
-1024.083146070838 -160.29582540214062
-1022.5645191425085 -160.78800092160702
-1021.6443395966292 -162.1184706491232
-1020.2685937041044 -163.12834523141385
-1018.9506177061796 -163.93953136622906
-1018.264784013629 -164.89492646872998
-1017.9190070384741 -165.7791520756483
-1017.5877501422167 -166.7212191027403
-1016.9289886409044 -168.59592298686505
-1016.6895163410902 -169.85372261226178
-1016.3856558853388 -171.38548294723034
-1016.4955689588189 -172.96206049144268
-1015.9305608549714 -174.86513511359692
-1015.3393103161454 -176.38982574164868
-1015.4067466387153 -177.2778642576933
-1015.0117928215861 -178.84402577102185
-1015.1610372790694 -179.5893152755499
-1015.1771188916266 -181.13059292256833
-1014.825638884455 -182.27486679971219
-1014.9072593094409 -183.96850417077542
-1015.1510801555216 -185.62786243379117
-1015.6745839954913 -186.62854168832303
-1015.6113440783322 -188.49186752259732
-1015.83726491943 -190.10958049714566
-1016.0691232027114 -191.592678527236
-1015.6297461928427 -192.50028763234616
-1016.0361227335036 -193.48071364581585
-1016.2211924435198 -195.33457307040692
-1015.8387274385989 -196.81973139464856
-1015.469537371546 -198.1491393250227
-1015.9236659945548 -199.90943376243115
-1015.9080000647903 -201.08393148601056
-1016.0053318420053 -201.89544669806958
-1016.0561709681153 -203.50217787444592
-1016.3766101577878 -204.81844560325146
-1016.3839585089684 -205.7802696031332
-1016.2505376839638 -206.90041611611844
-1015.9682472848892 -207.98251877248288
-1015.5837459766865 -208.96464506804944
-1015.4709369593859 -210.52833811461926
-1015.0775743478537 -211.8231977623701
-1015.1971705013514 -213.04600874602795
-1016.2266790920496 -214.02069983899594
-1017.361762290597 -215.4068507951498
-1018.5287277752161 -216.81268821179867
-1019.8343145900965 -217.02401767194272
-1021.1763571554422 -217.16791443049908
-1022.8565895611048 -217.98857925355435
-1024.2437107616663 -218.67266104638577
-1025.5058727318049 -219.0873882573843
-1026.3446764999628 -218.92999292433262
-1027.6956480795145 -218.59916014492512
-1029.556220894456 -218.85785407841206
-1030.8698058182001 -219.1058898073435
-1031.7144478613138 -219.3278972607851
-1033.2194508367777 -219.2434501004219
-1034.1112076097727 -219.6023510348797
-1035.5860087925196 -219.8122426968813
-1037.3450250679255 -220.48281742155552
-1038.2472845369577 -221.58945263445378
-1039.8135408216715 -221.74449510395527
-1040.8407174402475 -222.96280510246754
-1042.009582644105 -224.63108832657338
-1042.1892144286633 -225.32405961573124
-1042.3545581901074 -226.52067411959172
-1043.139664491415 -227.83100915968419
-1043.3864408934116 -228.88252998411656
-1043.1148642802239 -230.74700237333775
-1043.0091421806812 -232.53533626616002
-1042.6268808150292 -233.87518049299717
-1042.9579960906506 -235.71439720213414
-1042.666963120699 -237.09337199747563
-1042.4928325915337 -238.00030947744847
-1042.5434332245588 -238.91391576349736
-1042.360770469308 -240.22783888399601
-1043.1175425702334 -241.5809873443842
-1043.5728101485968 -242.761085639596
-1043.443509554267 -244.17805422365666
-1043.5233131626248 -245.78584564745427
-1043.6084521839023 -247.60673106729985
-1043.7661810347438 -248.82157803595067
