-1095.24 -49.62
-1093.364056816101 -50.223370189666745
-1091.4829600954056 -50.040345216989515
-1089.9713315868378 -50.01055326581001
-1088.5882403755188 -50.53938957571983
-1087.05749355793 -50.849439467191694
-1085.235010972023 -51.1985559117794
-1083.2932673597336 -51.324240083694455
-1081.6449135446549 -51.73390072107315
-1080.7865631484985 -51.897996122837064
-1079.9749911928177 -52.09645407915115
-1078.6666484975815 -52.407571549415586
-1076.7920304441452 -52.33846994757652
-1075.35418902874 -52.596630479097364
-1074.1368378305435 -52.300190980434415
-1072.410912384987 -52.226406450271604
-1070.576528658867 -52.08748241782188
-1068.8112184906006 -52.410310621261594
-1066.9938928985596 -52.24816534936428
-1066.0933462285996 -51.91248388111591
-1064.2182269001007 -52.275633762478826
-1062.3556373023987 -52.46481011331081
-1061.38002764225 -52.52933214128017
-1060.2401227855682 -52.76616896212101
-1058.35095392704 -52.9694226783514
-1056.7102600240707 -52.88030458509922
-1055.9761212968826 -52.85436726629734
-1054.4378285312653 -53.102592597603795
-1052.7630767726898 -53.078306863904
-1051.0307786369324 -53.07987568795681
-1049.3700333738327 -53.23620862782001
-1047.5043917798996 -53.1082140904665
-1045.5952275896072 -52.584837864041326
-1044.2326863908768 -52.75830468058586
-1042.2873316907883 -53.55445560336113
-1041.0722530984879 -54.72712310671806
-1040.0934792661667 -56.37179550051689
-1039.578387131691 -58.06082900881767
-1038.4914106035233 -59.799616183042524
-1037.5642231607437 -61.4606226336956
-1036.7923154139519 -62.95762046694755
-1035.9812977814674 -63.7516040456295
-1035.3279188776016 -65.15292831778527
-1034.8716427886486 -66.87954005122185
-1034.7685607203841 -68.72938760638237
-1034.5608228871226 -70.20398482203484
-1034.0805189439654 -71.95359643816948
-1033.8747138807178 -73.2799940955639
-1033.9342717805505 -75.00433930277825
-1033.86771923095 -76.73710998415947
-1034.197569487393 -78.69894012331963
-1033.7414651492238 -79.98246237158776
-1033.6267309615016 -81.87357422232628
-1032.810571117103 -83.83944317221642
-1031.6910345980525 -85.692461694479
-1031.5453298220039 -87.21440430998803
-1031.132927609384 -89.0597233426571
-1030.341653777063 -90.85248538374901
-1029.7966626414657 -92.30487617373467
-1029.2928535470367 -93.63219758391381
-1028.815743459165 -95.48456844210625
-1027.9504985937476 -96.52089890360833
-1027.5362484583259 -98.1349277150631
-1026.739864898622 -99.60256072402001
-1025.6603044995666 -101.12624236464501
-1024.262913299501 -101.48231863498688
-1022.9432833918929 -102.88007056236268
-1022.0088873037696 -104.38271843910218
-1021.9861976334453 -105.86802947044373
-1020.8701688477397 -107.44476878166199
-1020.3464106151462 -108.7404617023468
-1019.6492267081142 -110.43863021850586
-1018.8569850155711 -111.74412631511689
-1018.7482541927695 -112.84747254371644
-1018.7507387923636 -114.40131878376008
-1018.6644644441642 -116.11834847450257
-1018.238178342823 -117.76419603347779
-1018.3825838419236 -119.16400527477265
-1018.2293611022271 -120.53858160495759
-1017.8630457671918 -121.85679494857789
-1017.3354353460111 -123.31480907917023
-1016.9096563609876 -125.04239630222321
-1016.4998890908994 -126.98898994445801
-1016.3643225284852 -128.152644033432
-1016.3984186204709 -130.01735674858094
-1016.3334985228814 -131.60899412155152
-1016.1366294773854 -132.7848681163788
-1016.2050654145517 -134.41695546627045
-1016.1746950002946 -136.18379354000092
-1015.870992973689 -137.40350234031678
-1016.1715354176797 -139.26267325401307
-1016.0709105583467 -141.05451821804047
-1015.964386329297 -142.4791492176056
-1015.9918631168641 -143.57908451080323
-1016.1800314041413 -144.80969976902009
-1016.1200626047887 -146.11057936668396
-1016.4490273448266 -147.72267686843873
-1016.2529817971028 -149.33761083602906
-1016.6233620199002 -150.49673902511597
-1017.1762263330259 -152.22873901844025
-1017.4270142170228 -154.10200190067292
-1017.8212362381257 -155.18480395793915
-1017.3923188897409 -156.44595312595368
-1016.9351615163125 -158.3481495332718
-1016.3021494003572 -160.20850276470185
-1016.4937829824723 -162.0295185995102
-1016.0037889632024 -163.17909383296967
-1015.4588166626729 -164.7572425556183
-1015.9575608524121 -166.48891341209412
-1016.5555920752324 -167.67114459991456
-1016.1508624109067 -169.31881296157837
-1015.726669445876 -171.0446052503586
-1015.5416254254617 -172.70749055862427
-1015.1088542493619 -173.5280924987793
-1014.5767099412717 -174.79428994178772
-1015.3824880274572 -176.24049293518067
-1014.902500614766 -178.11513375759125
-1014.472395733241 -179.2308512878418
-1014.6427337082662 -180.68611156463624
-1014.6096879693307 -182.15582298755646
-1014.2128810139932 -183.33670162677765
-1014.6566399487294 -184.7998086166382
-1015.1061556490697 -186.2201615524292
-1014.9814857619442 -187.46854912757874
-1014.7314386146702 -189.06369864463807
-1014.7966708915867 -189.83177738904953
-1014.5732091444172 -190.9362700533867
-1014.6522903817333 -192.59807091474534
-1014.1911070721783 -193.90277987241745
-1013.9379033225216 -195.56384998083115
-1013.7464254724421 -197.36775904417038
-1013.9536955135502 -199.1224830698967
-1013.7880023496784 -200.30970960378647
-1014.0188873040117 -201.5683328461647
-1013.7393740641512 -203.03444844007493
-1013.5274898635782 -204.53065639257431
-1013.8662047314085 -205.89378326654435
-1013.9210336732306 -207.16241019487381
-1014.5283405112662 -207.88503694057465
-1015.7481015252508 -208.43168580055237
-1016.0835954474844 -209.535003657341
-1017.0075589346327 -210.39842366695405
-1017.9408696817793 -211.31223892688752
-1019.3109069990553 -211.78644498705864
-1020.3074805664457 -211.46000808000565
-1021.0301590489782 -211.79782694101334
-1022.8332479524054 -211.92776169896126
-1023.7912509965338 -212.45568826317788
-1025.042789988462 -213.0342654836178
-1026.695730380956 -213.4031579744816
-1027.4441071080603 -213.3908575129509
-1028.5502059983648 -214.04445397377015
-1030.080377392713 -213.84773936390877
-1030.8623598741926 -213.9751995009184
-1031.80040984625 -214.5504517954588
-1033.1643479394354 -214.88102481782437
-1034.7821612882055 -215.48484442651272
-1035.6610781478323 -216.0646329921484
-1036.9304842280783 -216.17412513017655
-1038.1804347562231 -216.79835646867753
-1039.2005550193228 -216.44600563764573
-1039.8531423139013 -217.02250843763352
-1040.8528860735335 -217.55985521793366
-1041.4206979798712 -218.11823552370072
-1041.7473199891485 -219.36305552244187
-1042.757741622869 -220.19088911533356
-1043.093895249311 -220.96938925504685
-1043.5827729033865 -222.38700800657273
-1043.2552497910895 -224.2830488038063
-1042.9258169459738 -225.46202975034714
-1042.7177285777964 -227.21278863668442
-1042.4767631816305 -228.70283752202988
-1042.6744740235247 -229.3891081762314
-1042.4309062587656 -230.80806767463685
-1042.1459324585833 -231.9762721014023
-1041.9245379793085 -232.67638879537583
-1041.7911167370714 -233.48158341169358
-1042.2382778751291 -234.83429198980332
-1042.8988295423426 -236.1406795334816
-1043.5042726623453 -237.79250972986222
-1043.692728482429 -239.43837302446366
-1043.7521790715493 -240.6697733950615
-1044.3620618435182 -241.64879559993744
-1044.7770612093248 -242.62780200958252
-1044.22659622157 -244.3498104763031
-1043.9245144578256 -246.24140929698945
-1043.8740512507595 -247.49035977840424
-1044.4567232506909 -249.28634380817414
