-1095.24 -49.62
-1094.8932203257084 -51.34473287582397
-1094.5953828895092 -52.66411923885345
-1094.0631955468655 -54.30904030323028
-1093.8851875120401 -56.038420910835264
-1093.8178978019953 -57.55522155284881
-1093.4584024006128 -59.2470010471344
-1093.503076633215 -60.416777367591855
-1093.2990100288391 -62.35912894725799
-1093.9774567985535 -64.03833758354187
-1093.957849969864 -65.79290806770325
-1093.7185096943379 -67.11715971946717
-1093.6088430041075 -69.07615732669831
-1093.8701402300596 -70.73977410316468
-1093.9489090794325 -72.47682272911072
-1094.6052530163527 -74.35260879516602
-1094.2405361288786 -76.06245886802674
-1094.2027661556006 -78.02707063674927
-1094.0106485688686 -79.99466752529145
-1094.1337391415238 -80.77945023298264
-1094.1046884337068 -82.72968083143235
-1093.9673716703057 -84.48468952894211
-1093.778398899138 -86.29352885007859
-1093.3729824700952 -87.73049216985703
-1093.498948020637 -89.41728668928147
-1093.7050085493922 -91.1010135960579
-1093.716781718433 -92.19927912473679
-1093.391871316135 -93.47813480615616
-1093.1775493451953 -95.15396040201188
-1092.9357614049316 -97.06201427698136
-1092.904371304214 -98.95556634187699
-1093.3255379924178 -100.85630219697953
-1093.6094254085422 -102.56299083948136
-1093.8677404651046 -104.44338458299637
-1093.4528262743354 -106.28763716936112
-1093.0333109626174 -108.04669898271561
-1092.5537454912067 -109.80577080965043
-1091.382850868404 -110.89094489336014
-1089.955502254665 -111.8060700249672
-1088.040833337009 -112.78966462135315
-1086.492181403339 -113.82910358428956
-1085.2291565963626 -114.48961001157761
-1083.9917889663577 -115.16623121023179
-1082.4605881997943 -115.77982002019883
-1080.579742653072 -116.12486978888512
-1079.1325295993686 -117.45218511939049
-1078.7548151144385 -118.251950289011
-1078.2043368944526 -119.21270152449608
-1077.4964820870757 -120.47465869307518
-1076.610041809976 -122.32312461256981
-1076.3163307139278 -123.73503371596337
-1076.5816802212596 -125.56728073477746
-1076.1220685371757 -127.07417067408562
-1075.5654479393363 -128.59485181689263
-1075.2955743202567 -130.47651299357415
-1074.6660958656669 -132.20493515849114
-1074.3937224575877 -134.03821691393853
-1073.8272952863574 -135.61839255213738
-1073.318734509647 -137.21231159090996
-1073.017372829616 -138.87193604826928
-1073.0490708330274 -140.71909972548485
-1072.6781574466825 -142.59286197543145
-1072.756963429749 -144.2136380326748
-1072.6127077022195 -145.76802858233452
-1072.5645880529285 -147.71683653712273
-1072.5489783117175 -148.88106438040734
-1072.0808333286643 -150.44502564787865
-1071.3062265643478 -151.39111849188805
-1070.7777834066749 -152.74931081652642
-1069.6034608015418 -154.30630239367486
-1068.017139686048 -155.06893392920495
-1066.2254812845588 -155.82478561520577
-1064.4176111349464 -156.18103426218033
-1062.9236344227195 -156.58871256828309
-1061.511768592298 -156.8497468483448
-1059.5987072119117 -157.20707106113434
-1057.8541674742103 -157.6832803440094
-1056.5146169790626 -158.07475032925606
-1054.8279149660468 -158.4989545595646
-1053.181357754171 -159.0582139146328
-1051.599066747129 -159.4605431509018
-1050.088162315786 -158.99236028909684
-1049.0953759083152 -159.19298454642296
-1047.5475500950217 -159.4604202759266
-1046.3024047741294 -159.71426733851433
-1044.5940162071586 -160.1462417793274
-1043.5678552517295 -160.423595662117
-1042.427337063253 -160.6719728064537
-1040.7594821581245 -160.65116059303284
-1039.079248917997 -160.96206765890122
-1038.1508337387443 -160.93061202287674
-1036.6525113710761 -160.48908930540085
-1035.2305332550407 -160.22355806350708
-1034.3303884992004 -160.4157055568695
-1033.1367409953475 -159.6189801645279
-1032.0228495129943 -159.98055913567543
-1030.5925216206908 -159.98075730621815
-1029.237854910791 -160.0726088833809
-1028.1257826814056 -159.9593154218793
-1026.4073040017486 -160.60068995028735
-1024.868691636026 -161.2398678687215
-1023.6945089825988 -161.91118878394366
-1022.2218017110229 -162.7515968707204
-1020.7920168170333 -162.98370507627726
-1019.3441468009353 -164.36759677797556
-1018.6242985257506 -166.01834813028574
-1017.9739199408889 -167.4320301142335
-1017.6586170324683 -168.6005089607835
-1017.0792583355308 -169.67283466726542
-1016.8574162253738 -170.86185601621867
-1016.4474430212379 -172.50752833753825
-1016.498581161499 -173.81457749277354
-1016.2410287463665 -174.60638782650233
-1015.7850004339218 -175.48094579845667
-1015.4424609744549 -177.11258337169886
-1015.1392402851582 -178.83725533157588
-1015.3437460565567 -179.9805882897973
-1015.1258262896538 -180.83776143461466
-1015.496188750267 -182.4139888611436
-1015.2367576265335 -184.1474968519807
-1015.5942947471142 -185.40488890081645
-1015.6359081619978 -187.01040903002024
-1015.1470072025061 -187.99163994461298
-1015.7641693109274 -189.54451880127192
-1015.2192640656233 -191.23501560360194
-1015.5156324261427 -193.08922025829554
-1015.7067360335589 -194.71896395355463
-1015.4309566372633 -196.30013522773982
-1015.3923687802255 -198.11947521835566
-1015.1187479661405 -199.86989507347346
-1014.8821167366207 -200.5546257224679
-1014.4821986572445 -201.851925226748
-1014.8553836362064 -202.62873325020075
-1014.6542479412258 -204.0785890546441
-1015.2455138580501 -205.40146455436945
-1015.7263787405193 -206.4860380616784
-1016.4581797139347 -207.7849942174554
-1017.5125000493229 -209.45545611053706
-1018.2356622235477 -210.40152058273554
-1018.9048594252765 -211.37156227499247
-1020.4463583247364 -212.03799107939005
-1021.4281888024509 -212.0208330628276
-1022.4807683245838 -211.66116564244032
-1023.3815199153125 -211.58215467900038
-1024.8473172204197 -212.22297625511885
-1026.051958681792 -212.0634002712369
-1027.7315973059833 -212.71092647582293
-1029.0916398780048 -213.26158160239459
-1029.8363793508709 -213.8565533784032
-1030.5015837566555 -214.241128924191
-1032.3927673713863 -213.93820581108332
-1033.3586391822994 -214.08124774962664
-1034.653841675967 -214.14758567780257
-1036.2822129146755 -214.44658337801695
-1037.3347868339717 -215.16960726946593
-1039.126257123202 -215.6479498025775
-1039.9062945263088 -215.46844782203436
-1041.093841137141 -215.88364790648222
-1042.0816914455593 -217.36535559862853
-1042.804199399203 -218.75794051855803
-1042.7726477698982 -220.43450986117125
-1042.864210845679 -221.88978646963835
-1042.9795188324154 -223.6007073995471
-1043.321968974322 -225.30929647654295
-1043.896994652003 -227.15186344355345
-1043.6974739299715 -228.56741117209197
-1044.0892643199861 -229.96062360972167
-1044.39893298015 -231.4610235568881
-1044.8030133114755 -232.74243520468474
-1044.7178237007558 -233.94326137274504
-1044.2178734706342 -234.95806573599577
-1043.9772994087637 -235.8832232233882
-1043.97459809646 -237.14554934471846
-1043.837389202565 -239.0140758034587
-1044.2430869059265 -239.75340979069472
-1044.2345386908949 -240.70941375464201
-1044.7684924767912 -242.11124144762755
-1044.2768588529527 -243.94143627852202
-1044.2562061862648 -245.39243696898222
-1044.558618338555 -246.38836078613997
-1044.3704052136839 -247.68819634884596
-1044.5733486877382 -248.9263518330455
-1044.4008045957983 -249.61879574030638
