-1095.24 -49.62
-1094.7013432884216 -51.36440813064575
-1094.5329044663906 -53.02256404876709
-1094.2905740046501 -54.54134535312652
-1093.9345099830628 -56.32699942111969
-1093.6078149580956 -57.6716642332077
-1094.3425289297104 -59.1254429769516
-1094.0261235439777 -60.918425316810605
-1093.6973552012444 -62.8531508398056
-1093.4167974495888 -64.49757122516633
-1093.6923292183876 -65.54200684547425
-1093.8951109403372 -67.14796280384064
-1093.776973387003 -68.91765629768372
-1094.5892999374867 -70.68065404415131
-1094.6545949184895 -71.92016672611237
-1094.3806991779804 -73.64204644680024
-1094.8049021863937 -74.72971939563752
-1094.739366298318 -76.44261514663697
-1094.7362009489536 -77.60866128921509
-1094.3822649919987 -79.38079428195954
-1093.9916630589962 -80.59672843933106
-1094.58191390872 -81.68419885158539
-1094.3233290815353 -82.42245876312256
-1093.9377373957634 -84.01951312541962
-1093.820470830202 -85.62273776054383
-1093.5460744702816 -86.70864688873291
-1093.5381167137623 -88.05474352359772
-1093.308226248026 -89.81876754283905
-1093.951080223322 -90.76348727464676
-1094.2332740926743 -92.34806435823441
-1094.027332251668 -94.23280566453934
-1093.6070757561922 -95.10452907800675
-1093.8932331556082 -96.89934557199479
-1093.4565586799383 -98.54260605096817
-1093.821716582179 -99.93968170404435
-1093.673746919036 -101.5158221077919
-1092.2877843135595 -101.96996896982193
-1091.4183394664526 -102.45698320388794
-1089.8809559100866 -103.36746811389924
-1088.5611998790503 -103.09323888540268
-1087.7278748506308 -102.96635126590729
-1086.1016617769003 -103.40417375683785
-1085.097475027442 -104.01037403464318
-1083.3497553819418 -104.67606225132943
-1081.6621268743277 -105.23753937602044
-1080.5052817815542 -105.62339463353157
-1079.5548635476828 -106.1846354854107
-1078.1525650972128 -106.63938125491143
-1076.739762877822 -107.52661188960076
-1075.4228812211752 -107.81655248522759
-1074.2681468480826 -108.44475516200066
-1072.3845094197989 -108.07915880799294
-1071.0694573873282 -109.29481961846352
-1070.0368242019415 -109.16323866963387
-1068.2524807208777 -109.95719071745873
-1066.7033388370276 -110.48052879691124
-1065.2274853938818 -110.49007355690003
-1064.0463049167395 -111.05431007862092
-1062.2181123250723 -111.77537399053574
-1060.7098688834906 -112.26831623435021
-1059.0806209796667 -112.50537660241127
-1057.392564033866 -112.61032925069333
-1055.9055794233084 -112.36119126796723
-1053.951463317275 -112.73816421151162
-1052.8709633105993 -112.77397447347641
-1052.1053258532286 -112.81835330545903
-1050.7895487898588 -112.35191072046757
-1049.0082716101408 -113.0264167290926
-1047.3085390681028 -113.52567542612553
-1045.467130100131 -113.61249098449946
-1044.1699655407667 -114.18607345491648
-1042.3461953753233 -114.26117092639208
-1040.7554588669539 -114.81781137257815
-1039.8021548742056 -114.18856847554446
-1038.0213213914633 -114.56897935539484
-1037.077898120284 -114.80331699818373
-1035.5729965919256 -114.8064030584693
-1034.4300529712439 -114.97445903986693
-1032.8835173600912 -114.65524618595839
-1031.2784881347418 -114.8112816092372
-1029.8318097347021 -114.40775756806136
-1027.9989211314917 -115.08207755059004
-1026.9942297691107 -115.39837043255568
-1025.2168621772528 -115.44240288704634
-1023.7696118110418 -116.41170250147582
-1022.2926505559683 -116.69527726143599
-1021.6961635702849 -117.77129940956831
-1020.9881838315725 -119.27767186135054
-1020.1264778131247 -120.54207580059767
-1019.5624281519652 -122.35490148037672
-1019.519595784843 -123.22791724175215
-1019.0356186756492 -124.71248667210341
-1018.6140923926234 -125.81159596413374
-1018.2553499767184 -126.82824091881514
-1018.0549692043662 -128.6338758942485
-1017.9540178009868 -130.30730776757002
-1018.3066580423713 -131.65307431191206
-1018.4082319119573 -133.18802754849196
-1018.1709428855777 -134.97271494835616
-1018.5364111492038 -135.99635534256697
-1018.6837295719981 -137.85477333039046
-1018.9430249163509 -139.71880524128676
-1018.3638962337375 -141.0558660504222
-1018.3462689609826 -142.1345807787776
-1018.2157363237441 -143.12148486346007
-1017.7546870054305 -144.5311627265811
-1017.3392848910391 -146.23685322970152
-1017.1016228438914 -148.1486558791995
-1017.5520947219431 -149.62281869620085
-1017.2320521713793 -151.3711923238635
-1017.1765854300559 -153.2522801038623
-1016.8099909366667 -154.51750050753355
-1016.4868648292124 -155.374638902843
-1016.8281606377661 -156.7190312024951
-1016.7433947043121 -158.4050583717227
-1016.2906768040359 -160.0821744081378
-1016.400075057298 -161.74910103052855
-1015.8877382667363 -162.40967224806548
-1015.7790218235552 -163.65945361822844
-1015.5684647651017 -165.02485297888518
-1015.1959007175267 -166.50565181940794
-1014.8431096167863 -167.6782472011447
-1014.8851953537762 -168.4568372246623
-1014.4161894710362 -169.79551594227553
-1014.7330350966752 -171.69107608765364
-1015.1375893445313 -173.55986719101668
-1014.9956184716523 -174.72510521382094
-1014.774616727382 -176.31196897000075
-1015.0998330207169 -178.11938445538283
-1015.1519701944292 -179.41972641915083
-1015.3031745867431 -180.89133386582137
-1015.4283099041879 -182.14145605534316
-1015.4757021421194 -183.8489774939418
-1015.2998301440477 -184.82105849951506
-1015.3486785309017 -186.24548028677702
-1014.8830774740875 -187.8893271562457
-1014.989109338969 -189.13350402086974
-1015.3759773688018 -190.8565715429187
-1015.9554211811721 -191.904410469234
-1016.3055607990921 -193.26723252505064
-1015.8067219571769 -194.31893168658019
-1015.682496124655 -195.25526760786772
-1015.4586155356467 -196.39470683306456
-1015.4050327332318 -198.2212557670474
-1015.0134647579491 -199.80805193156004
-1015.3824391753972 -201.46255766123534
-1015.621267581135 -202.79068850249053
-1015.4653271974623 -203.8855010148883
-1015.1303403915465 -204.75848989456892
-1015.6578891219199 -205.72969918221236
-1016.0739338041842 -206.65758620470763
-1016.7427733780444 -207.7041467306018
-1017.4587151052058 -209.01934753626585
-1017.5882768572867 -210.18530856341124
-1018.4071460904181 -211.2484260675311
-1019.5356252135336 -212.24095444649458
-1020.1606034578383 -212.95963077515364
-1020.8927295745909 -213.7946966764331
-1021.7017937244475 -214.80265139311553
-1023.0027968229354 -214.5913759198785
-1023.7641954959929 -214.77178365260363
-1024.8429751934111 -215.0135342952609
-1025.5963040532172 -215.4164754626155
-1026.426844471842 -216.09771375626326
-1027.148026162535 -215.87796615332365
-1028.271616512686 -215.5856878337264
-1029.5027331651747 -215.98574833840132
-1030.2798982800543 -215.8512229797244
-1031.4833087863028 -215.6475097116828
-1032.8173431099951 -216.30277951329947
-1034.2743922413886 -216.64373131364584
-1035.4938996972144 -216.2931224283576
-1036.9612418355048 -216.5365489450097
-1037.7690006436408 -217.33822188049555
-1038.7328256310523 -217.78236043721438
-1040.3173838795722 -218.41192668944598
-1041.4386095942557 -219.6570904877782
-1041.85773667112 -220.7846732762456
-1042.017060765773 -222.25339967280627
-1042.205595100075 -223.72121316462756
-1041.9469591619074 -224.34251362353564
-1041.7214578928053 -225.63858539134264
-1042.453660184294 -226.4613890078664
-1042.4036498607695 -227.2505427029729
-1042.8515817464888 -228.59018355876208
-1043.7011257947981 -229.67009991675616
-1043.3028887154162 -230.86760026484728
-1043.017494583279 -231.8557240393758
-1042.8662292154133 -232.56710952788592
-1042.5681340487301 -233.52696538239718
-1042.362589726001 -234.54886544018984
-1042.2874849529564 -235.47814399272204
-1042.8356170149148 -236.28812396794558
-1042.7663325609267 -238.01458645135165
-1042.5408283860982 -239.39979374676943
-1042.905704060346 -240.7615376737714
-1042.9336524696648 -241.77738309174777
-1043.6291772814095 -243.04867279797793
-1043.9544898958504 -244.64730108052493
-1043.9014211313427 -246.0594974783063
-1043.4764643923938 -247.6166194704175
-1043.4375111924112 -248.76681018143893
