-1095.24 -49.62
-1095.4097524487972 -51.046617503166196
-1096.0397299134731 -52.46168255329132
-1095.6568015420437 -53.34726213932037
-1095.604825077355 -54.549675102233884
-1095.2403817155957 -55.79271625995636
-1095.0918902137876 -57.63327502727508
-1095.1559459248185 -58.56735300540924
-1095.179911071211 -59.66347765445709
-1095.743884676844 -61.12227832794189
-1095.6643534766138 -61.96976243972778
-1095.0578507648409 -63.32719063282013
-1094.9123306290805 -64.23458373069764
-1095.0029236765206 -64.98346697807312
-1095.5367114634812 -65.78921103000641
-1096.0533822269738 -66.81445180892945
-1095.4299150200188 -68.25737857341767
-1095.8338743241131 -69.58678066253663
-1095.976311186105 -70.7859973859787
-1095.3756665976346 -72.04801380157471
-1095.5109810324013 -72.67474251508713
-1095.7935225756466 -73.85343795537949
-1095.7231187091768 -75.52523618459702
-1095.3598800466955 -76.86893587827683
-1095.3484177196026 -77.98182719469071
-1095.4408549496532 -79.52332871675492
-1095.6521975824237 -81.15107553720475
-1095.6633268983662 -82.14220106124878
-1095.8573903532326 -83.48878693103791
-1096.1399474830926 -84.17433773994446
-1096.6340243907273 -85.34989785671235
-1096.7412169145048 -87.07663785934449
-1096.8806608335674 -88.28398918628693
-1096.590321661681 -89.60362541198731
-1095.9275167004764 -91.49363731861115
-1095.3027353303135 -92.36193286895752
-1095.8103196637333 -93.83330749988556
-1096.4306772367656 -95.15103363513947
-1096.032115073651 -96.66726421833039
-1095.4552004651725 -97.78981327533722
-1095.0083234028518 -98.62258594751358
-1095.3517687635124 -99.49636989355088
-1095.354543788135 -100.8338175368309
-1095.7211202809215 -102.47979264974595
-1095.494379056394 -103.50523477315903
-1095.4833606609702 -105.19842141389847
-1094.8083430060744 -105.96230661392212
-1093.5242539176345 -106.74280726432801
-1092.048244548738 -107.27915405750275
-1091.2531052359939 -107.85618769645691
-1090.080005479753 -108.41488229751587
-1088.8592490682006 -108.93976109743119
-1087.545370412767 -109.6098716211319
-1086.724987579286 -110.35807692527771
-1085.0365684756637 -110.96792643785477
-1083.3463418015838 -110.7963985157013
-1082.0910381802917 -111.50671731948853
-1081.0751485356689 -112.11246549606324
-1080.1641618737578 -112.9104680967331
-1079.2790357598662 -113.81286739826203
-1078.3846845158935 -115.03705322265625
-1078.9069585332275 -116.72042250156403
-1079.192558659017 -118.14511811256409
-1078.7647879847884 -119.46357178211213
-1078.0757325419784 -120.63212167739869
-1078.0904707552493 -121.48923837661744
-1078.032095605284 -122.42419570207596
-1078.25338038221 -123.99691229581833
-1078.1850000412762 -125.84794038057328
-1078.4687474758923 -127.63651602983475
-1078.6624116392434 -128.76924079179764
-1078.7030772210658 -129.52607792139054
-1078.4471878351271 -130.7082357954979
-1079.0143980325759 -131.5886135649681
-1078.8251556397975 -132.52386056900025
-1078.2463421465457 -133.3065640282631
-1078.5942230762541 -134.36604004621506
-1078.001506203562 -135.28171795129776
-1077.4142024458945 -136.3211327147484
-1077.4360996426642 -137.67919271707535
-1077.386503124386 -139.33676510572434
-1077.6377719582617 -140.09135239839554
-1077.530057901293 -141.86060183763504
-1077.231973016411 -142.81623583555222
-1076.5930456759036 -143.15616970777512
-1075.9515543223918 -144.55640977144242
-1075.6262603046 -145.7735661816597
-1074.7571746946871 -146.83949690580368
-1073.7286886812747 -147.4795588207245
-1072.5229055525363 -148.6887963962555
-1071.5723924280703 -149.76471077919007
-1070.6352019549906 -151.03531109809876
-1069.4127133132517 -151.81353157281876
-1067.815030837208 -151.9514208984375
-1067.2802787066996 -152.1865393769741
-1066.5850959660113 -152.2050306749344
-1065.2219313026965 -151.89320808172226
-1064.2845444323123 -152.06191664457322
-1062.862073147446 -152.0294204902649
-1061.9843417049944 -151.92704054236413
-1060.6795409561694 -152.69347723841668
-1059.0598998905718 -153.1030917418003
-1058.2669964672625 -153.10725526034832
-1057.0360430122912 -152.84139905393124
-1055.9882059933245 -153.48297748982907
-1054.7663401009142 -153.34773496806622
-1053.9725474955142 -154.24821225821972
-1053.356899047047 -154.97002629458905
-1051.645403289944 -155.53225378215313
-1050.355699801594 -155.48750502884388
-1049.1627609969676 -156.13847817003727
-1047.6369898559153 -156.42725096166134
-1046.5347390414775 -155.90771881759167
-1044.9921550990641 -155.51636380970479
-1043.6297463418543 -155.15363566100598
-1042.1211785317957 -154.90268592059613
-1040.844851398617 -155.37855074822903
-1039.6531217338145 -156.13617954671383
-1037.7954490424693 -155.86722169339657
-1036.7933972121775 -155.92942601710558
-1035.3726057054103 -155.6420690742135
-1034.0351796390116 -156.39422235161067
-1032.392265343815 -157.16831079393626
-1031.0832691432536 -157.59984639555216
-1029.227704191357 -157.74010484188796
-1028.0556646825373 -157.96711242467165
-1027.2841841222346 -158.51548970013857
-1025.7954288960993 -159.17594158917666
-1024.7076566459239 -159.41364026337862
-1023.3415212871134 -159.8331016626954
-1022.027458691746 -160.83790746599436
-1021.6781114579737 -161.47197982937098
-1020.3925062657893 -162.6319555965066
-1018.8675806762278 -164.06002804905177
-1018.4046744646132 -164.818482491076
-1017.751274997145 -166.1591075387597
-1017.1757169307768 -167.71202954918147
-1016.7542129994929 -168.56202373176814
-1016.4427005888522 -169.35731444031
-1016.4112345071137 -171.1414565768838
-1016.246621349603 -172.07178828388453
-1015.936578849107 -173.82503959804774
-1015.6611316294968 -174.57208839327097
-1016.0553615184128 -175.44078174501658
-1015.9233892352879 -177.13889876276255
-1016.0747677625716 -178.05020287901164
-1015.8654792250693 -178.91488150030375
-1015.9544048027694 -180.526164444983
-1016.2396236674488 -181.51156488329173
-1016.1036958859861 -182.93375018507243
-1015.8422728346288 -183.66257933050395
-1016.006806717962 -184.70220878988505
-1015.9028888957203 -185.67619779974223
-1016.2012403921783 -186.9159761992097
-1016.4504612998664 -188.10885384947062
-1016.5397101582587 -188.99976960092783
-1016.3974169136584 -189.90695455938578
-1016.0344163121283 -191.73262933164835
-1016.3183690847457 -193.01367321878672
-1016.3345597924292 -193.923334094584
-1016.071104580313 -195.5656610456109
-1016.3895684422553 -197.12976596027613
-1016.0265318097174 -198.570857616961
-1015.5606660188735 -199.30431935459376
-1015.3638155402243 -200.2271463599801
-1015.1317882628739 -201.37363824516535
-1015.6171095462144 -202.86617264419795
-1015.5368819402158 -204.23245069652796
-1016.1767980025709 -205.14011082321406
-1015.763586537689 -205.97841486603022
-1015.8166353271902 -206.87475392490626
-1016.8085249231756 -207.72800252109766
-1016.9288899169862 -208.60012641817332
-1017.7846594916284 -209.83604243665934
-1018.5252224074304 -211.28379193216563
-1019.9130036698282 -211.0062886503339
-1020.7015043364465 -211.48064586788416
-1022.5806649790704 -211.12622505694628
-1023.9630722866953 -211.72367102175951
-1024.63404123649 -211.29233819514513
-1025.567323552221 -211.65868056088686
-1027.4755111800134 -212.25689494878054
-1028.2983417378366 -212.62832659751177
-1029.462182508558 -213.31525630027056
-1030.6746682988107 -213.57990658551455
-1031.7140612469614 -213.93943250447512
-1032.9628184901178 -214.4937095668912
-1033.8702939020097 -214.9094584313035
-1035.4944637285173 -215.2139562395215
-1036.476145015806 -215.22936255007983
-1037.7840056286752 -215.22533238202334
-1039.3879673348367 -215.6243118968606
-1040.2950511442125 -216.492137285769
-1041.270567523092 -217.76279840141535
-1041.8998129235208 -218.4851827350259
-1042.0053334401548 -220.04748127132655
-1042.5010748670995 -221.29032585293055
-1042.9384677575529 -222.37254306942225
-1042.897758679241 -223.75289628177882
-1042.8434490130842 -224.84194919735194
-1043.6846351192892 -225.7681683626771
-1043.5317986772955 -227.3746000853181
-1043.566605733484 -228.48788717657328
-1043.5635806189478 -230.11940256029368
-1043.3997257964313 -231.1671396818757
-1043.5526739375293 -232.66586831480265
-1043.3644792453945 -233.51365044981242
-1043.348779039234 -234.7660361853242
-1043.7695334123075 -236.47309866815806
-1043.5371563898027 -237.169013055861
-1043.411053018421 -238.8479897108674
-1043.4723398031294 -239.69487324625254
-1043.1642496825755 -241.18465665251017
-1043.4081035645306 -242.65567484766245
-1043.4695428179205 -243.85065344244242
-1043.9511538611353 -244.94374183088541
-1044.173658566326 -245.76409247785807
-1043.8287194536626 -246.96292272478343
-1044.256895737499 -248.6414686766267
-1044.2893216998875 -249.52223971754313
