-1095.24 -49.62
-1095.153852572441 -51.40979098796844
-1095.3537918233872 -53.212007517814634
-1095.3898320065439 -55.067746872901914
-1095.3493517504633 -56.55209326267242
-1095.3820998610556 -58.44680869102478
-1095.009776199013 -59.77835988521576
-1094.9046943949163 -61.61016773700714
-1094.7804792539775 -63.21047544002533
-1094.2670830504596 -64.74497246265412
-1094.6069813387096 -66.59400152683259
-1094.1200705485046 -68.13107370853425
-1094.5675433890522 -69.89126955986023
-1094.3254087285698 -71.7712212753296
-1093.9468925313652 -73.32506179332734
-1094.687649102658 -74.5202161026001
-1094.3471739010513 -76.44715678215027
-1094.3228660689294 -78.340134973526
-1093.844659613222 -79.89758646011353
-1094.1854417191446 -80.9427984905243
-1094.61143849954 -82.24862062454224
-1094.166521833986 -83.5036818933487
-1094.0549235360324 -84.96040892124176
-1094.0819115059078 -86.79165184020997
-1094.6144381181896 -88.43257581710816
-1094.4261258111894 -89.669147605896
-1093.9616381393373 -91.45499419689179
-1093.6395152376592 -93.20279275894165
-1093.4419130252302 -95.1208978843689
-1093.743939088434 -96.05392771482468
-1093.4715099202097 -97.29929178476334
-1093.3560158477724 -99.1311945271492
-1093.8150234685838 -100.02327680110932
-1094.1099776493013 -101.22719215869904
-1093.931556867212 -102.79260527610779
-1093.7218748049438 -104.53607916355134
-1094.05743163988 -106.22565114021302
-1093.3647153393924 -107.63957786083222
-1093.0161363200843 -109.29370462417603
-1091.6981772498787 -109.9509270143509
-1090.742834957093 -110.5700133395195
-1089.5099073962867 -111.66180365800858
-1087.7598973827064 -112.27273189544678
-1086.8021288232505 -113.36541926383973
-1086.0813649015129 -114.06108057022095
-1084.5759332494438 -114.71291416406632
-1083.0799451188743 -114.7346143078804
-1081.8650652484596 -114.96126085042954
-1080.7004922942817 -116.10044401407242
-1079.8048366622627 -117.36227041006089
-1079.2508752660453 -118.86632638692856
-1078.3590182380378 -120.37037807226181
-1077.7117595390976 -122.25926309347153
-1077.155002565831 -123.1762065243721
-1077.120951460451 -124.11307185411454
-1077.5125114189088 -125.6351544213295
-1076.896504508108 -127.5160183262825
-1076.9719522537291 -129.38364308595658
-1077.222276353985 -130.55265146017075
-1076.9232689978182 -132.14969974279404
-1076.5981893481314 -133.72381656885148
-1076.4487417282164 -135.64531677484513
-1076.3546850027144 -137.12593107938767
-1076.5173378826678 -138.6581936430931
-1076.8288481475413 -140.4695882153511
-1077.2745649756491 -142.3722857785225
-1077.3781512768567 -144.1708821606636
-1077.4514829160273 -145.90998285531998
-1077.8471963049471 -147.0548115324974
-1077.296480500847 -148.3256229710579
-1076.7323822022975 -149.73097639799118
-1076.4557024480403 -150.55062722682953
-1075.5610538960993 -151.37827085971833
-1074.8989691378176 -153.17494713783265
-1073.9820144416392 -153.60727169632912
-1072.2332357408106 -154.07662957429886
-1070.7489307166636 -154.17903697013855
-1068.8814165832102 -154.9096889448166
-1067.3320092202723 -155.20964747190476
-1065.7639447690547 -155.2674158167839
-1064.3784554244578 -155.7285661649704
-1062.9734316112101 -156.18976947188378
-1061.6769037486613 -156.6668431711197
-1060.0956931354106 -157.05580982089043
-1059.141350531727 -157.47870411992074
-1058.0298705340922 -157.45434020355344
-1056.3422987701 -157.37884747877717
-1054.7231588603556 -157.24781931832433
-1053.1652438880503 -157.55326585367322
-1051.7133419753611 -158.2636599381268
-1050.0823117734492 -158.45767533674837
-1048.5199506522715 -158.71658840671182
-1047.229537153393 -159.03883078590036
-1046.1954276801646 -158.74653929367662
-1045.5259716750681 -158.54730358615518
-1043.7554937840998 -158.03441384330392
-1042.5841340066493 -158.2532013644278
-1041.1667779923976 -158.6862869848311
-1039.5118354798853 -158.76024468138814
-1038.4517119170725 -159.01139764383436
-1037.2165283204615 -158.50734762743116
-1036.4020405055583 -158.07771389082075
-1034.8693216086924 -158.54611162737012
-1033.3366422893107 -158.9674728949368
-1031.6534085513651 -159.03489757969976
-1030.4771033765376 -159.66650684073568
-1029.473655486256 -160.03265894845129
-1027.842378640324 -160.42641048029066
-1027.0621145607531 -160.68041761115194
-1025.9813022257388 -160.977526589185
-1024.6172011734545 -160.70629291132093
-1023.3846416117251 -161.6693003614247
-1021.8755763413012 -162.49343745306135
-1020.6704928518832 -162.69865198329092
-1019.4862327219546 -164.19643361762166
-1018.7587600590289 -165.71461100772024
-1017.5896741987765 -167.43448610499502
-1016.9344930292666 -168.72194154456258
-1017.3154825212061 -170.33045931056142
-1016.9898640157282 -171.8998150368035
-1016.2878756763041 -173.1329508562386
-1016.2041979672015 -175.01737756922842
-1015.8753713311255 -176.73092646792531
-1015.586242044121 -178.05131025508047
-1015.4356129707396 -179.51078839495779
-1015.7748970629275 -181.26265485480428
-1015.7626928219199 -183.02026672556997
-1015.4372608193755 -184.00330568745733
-1015.2318740466237 -185.58121801808477
-1015.6056802847982 -186.63027025654912
-1015.7738995531201 -188.2277270694077
-1015.6031414845586 -190.00714923337102
-1016.0389021316171 -191.4058050055802
-1016.358528611958 -192.60949982598424
-1016.0629107931256 -193.90797783330083
-1016.164731887877 -194.64767087891698
-1015.5325345078111 -195.82043196156621
-1015.7419067451358 -197.64464355900884
-1015.7002148830891 -198.99506749108434
-1015.4488098526001 -200.306349529773
-1015.4934702718258 -201.47154761746526
-1015.2035322988033 -203.26313139393926
-1015.2541208954156 -204.11554933980108
-1014.9721877963841 -205.4270829100907
-1015.7002386243641 -206.92665769055486
-1016.4424546153843 -207.65173150494695
-1016.5158865840733 -208.4331042905152
-1017.4689349921048 -209.8359053273499
-1018.6313357146084 -210.43754054501653
-1019.4562124402821 -210.82397533848882
-1020.8059678466618 -211.74391044571996
-1021.5353840978444 -212.00054891303182
-1023.073937574178 -212.2865508337319
-1024.587624707967 -212.49100257351995
-1025.4871629865468 -212.72354943946004
-1026.7683185727894 -213.2405547042191
-1027.8891076238453 -213.27157916024328
-1028.854693094045 -213.96779514744878
-1030.348261872083 -214.5914954085648
-1031.7503772170842 -215.15143503144384
-1032.0682814510167 -216.60352481797338
-1033.640261927396 -217.01699893072248
-1034.7125509174168 -218.01242439344526
-1035.2714392335713 -219.2657369811833
-1036.5661863477528 -219.9241099794209
-1037.1883129866421 -220.80683521822095
-1038.8125264437497 -221.82371048524976
-1039.9095300228894 -222.58539049223066
-1040.546463945657 -223.57356099680067
-1041.3253738673031 -224.71469478204847
-1041.3222449810803 -225.88420645788312
-1042.1553573401272 -227.45949284628034
-1043.0434767992795 -228.37745086744428
-1042.7286359460652 -229.85683266714216
-1043.2807010801137 -230.98131219938398
-1042.9862004311383 -232.54167716100812
-1042.6784405501187 -233.77397529676557
-1042.8288806916773 -235.57887737348676
-1042.4007700623572 -236.81566803053022
-1042.5597449482977 -238.3145615299046
-1041.388167256266 -239.8205270011723
-1040.3961955846846 -241.2057477672398
-1040.0326621176303 -242.3689355094731
-1039.5302285195887 -243.80370680883527
-1037.8028635026515 -244.4274356801808
-1036.8526790381968 -245.72755269601942
