-1095.24 -49.62
-1094.81716268301 -50.330411608219144
-1095.0475122088194 -51.706929142475126
-1094.6953510397673 -52.98520034074783
-1094.9269727820158 -54.20176392316818
-1095.541278039813 -55.848748261928556
-1095.3474279546738 -57.13755768060684
-1094.9673005843163 -58.184585268497464
-1094.9371371769905 -59.684115345478055
-1095.3168629312515 -61.237627441883085
-1095.0189890766144 -62.61845165014267
-1094.7569842541218 -64.0110021185875
-1094.3811383450031 -65.35486810922623
-1094.2270205521584 -66.68531494855881
-1094.3914184623957 -68.33909195184708
-1094.3094211572409 -69.72221189260483
-1094.9132024997473 -70.96560757875443
-1095.6038022989035 -72.25573342561722
-1095.86428624928 -73.55948632478714
-1095.809235559553 -75.21257978200913
-1095.7410073296726 -76.3801279616356
-1096.2947755472362 -77.85216563463212
-1095.9979347901046 -79.39615827322007
-1096.032467880994 -80.88593548059464
-1096.2115340174735 -81.9880984377861
-1095.8969018699229 -83.94360428571702
-1095.4914796294272 -84.90613215684891
-1095.4004576446116 -86.51969271421433
-1094.8568669201434 -88.05725627660752
-1094.4871568919718 -89.6177542757988
-1094.2912397922576 -90.64456361055375
-1094.5306689085066 -92.50650172948838
-1095.1155048550665 -93.64142733335495
-1095.1293563859165 -94.88740950345993
-1095.0812757255137 -96.54637366056443
-1094.5683946849406 -98.08082657575608
-1094.5216560305655 -98.9893118095398
-1094.9482469500601 -99.91557728767395
-1095.0447203160822 -101.5361970615387
-1094.6334778906405 -103.06296908378602
-1094.3688273371756 -104.38706719398499
-1094.044159168154 -105.76967334270478
-1093.4193214716017 -106.8681873035431
-1092.3262581171095 -106.84524213790894
-1090.92930215016 -107.0525113594532
-1089.4274598897994 -107.38605391502381
-1088.7409110607207 -107.86993288516999
-1087.5715861858428 -108.02554985404015
-1086.4901407302916 -108.17722418427468
-1085.5191426815093 -108.67929508805275
-1084.3248699249327 -109.12309044122696
-1082.788314396292 -109.88383221149445
-1081.215400749594 -110.91801404476166
-1080.264124685675 -111.69736724615098
-1078.7521327079833 -113.01794570207596
-1078.4453242959082 -113.82379859209061
-1078.1148830594123 -114.83857815980912
-1078.0197790803015 -116.03589707136155
-1077.913147443682 -117.06283610582352
-1077.1335806788504 -118.96916836023331
-1076.5725263299048 -120.38529556512833
-1076.5318331958354 -121.73928051710129
-1076.6182071508467 -122.88361042261124
-1076.553642833382 -123.72568922758103
-1076.3025818409026 -124.90575879335404
-1076.4953001530469 -125.54225188016892
-1076.3700724036992 -127.18256061792374
-1075.9008617193997 -128.38892679929734
-1075.2778969199956 -130.1026108813286
-1075.397531503588 -131.9030428481102
-1074.8021427930892 -132.99360352277756
-1074.7920547349006 -134.63105600595475
-1074.2903087956458 -135.70846300840378
-1074.4968284589797 -137.24767893075943
-1074.7030101639778 -138.73450415849686
-1075.0751906556636 -139.5257253599167
-1075.0785696280748 -140.71124958515168
-1074.7820225728303 -141.65202950954438
-1074.2399795425683 -143.08492886543274
-1073.811698890999 -144.89449429035187
-1074.0197524202615 -146.45045148849488
-1073.9224220884591 -147.2635364484787
-1073.3211587441713 -148.00052076101304
-1073.010057456568 -149.07786970853806
-1073.0483576727659 -150.15764528036118
-1072.5235063505918 -151.20021825551987
-1071.8856687618047 -151.91550004005433
-1071.342186696604 -152.66923278093338
-1070.3172119928151 -153.79131930589676
-1068.5559531522542 -154.6007295203209
-1067.1852108312398 -154.81657784700394
-1066.2195562196523 -154.5386381995678
-1064.933848984316 -154.62569013506175
-1063.9700633955747 -155.03957110911608
-1062.868317790106 -155.1901460018754
-1061.9701639486104 -154.9786037531495
-1060.747465498522 -154.51293048530817
-1059.391973741129 -155.0560239878297
-1057.7913829160482 -155.09064143046737
-1056.0280143094808 -155.44037579640747
-1054.385931975916 -155.71460118040443
-1052.5343056989461 -156.1389572237432
-1051.2563500476629 -156.39819949015975
-1049.5881946159154 -156.48766374483705
-1048.709362275675 -156.44665937021375
-1047.0876817775518 -156.6067890663445
-1045.3227557016164 -155.92592961981893
-1043.7193588090688 -155.44187070325017
-1042.8150358272344 -155.46546567499638
-1041.861768252924 -155.24035544216633
-1040.2616316152364 -155.0986742925644
-1038.5184803081304 -155.64411592006684
-1037.4690049958974 -155.93360080838204
-1035.9582711530477 -156.90666844964028
-1034.9309772325307 -156.96244093298913
-1033.7316823077947 -157.28492623090744
-1032.443012244776 -157.3648068857193
-1031.2559207750112 -158.01445734024048
-1030.1775286269933 -158.04107163369656
-1028.5738577914983 -157.80809334933758
-1026.7750158382207 -157.6879086893797
-1025.605695970133 -157.54037661373616
-1024.2798179460317 -157.66328115284443
-1022.7863860202581 -157.33822513639927
-1021.7971517515928 -157.96455944597722
-1020.6806835604459 -158.52883345901967
-1019.5556997729093 -159.6803746920824
-1019.2912787867338 -160.4577531915903
-1018.6007471752912 -161.11539209902287
-1018.5975767446309 -162.4111179214716
-1018.018955893591 -163.80715466558934
-1017.4789521170408 -165.29098511755467
-1017.1333861423284 -166.364379773736
-1016.840919323042 -168.008728633523
-1016.2141622377187 -169.1912623745203
-1016.4405610931665 -170.8408032757044
-1015.8353618753702 -172.07130302011967
-1016.1250281406194 -173.14540136873723
-1016.0979200040549 -174.801040301919
-1016.435418311283 -175.6091860038042
-1015.7218583857268 -176.82088095963002
-1015.9301327203959 -178.3053986531496
-1016.4376061891764 -179.73314280331135
-1016.0522092913836 -180.85542864620686
-1015.995165586248 -181.82727975666523
-1016.2189820108563 -183.19762749493123
-1016.5601719913632 -184.38203699409962
-1016.1030878124386 -185.90872080147267
-1016.0048494783789 -187.22807283222676
-1016.090074628368 -188.5017573338747
-1015.5015492735058 -189.76929194748402
-1015.9097345171124 -191.31504065811635
-1016.0053528992087 -192.77332813560963
-1016.3853874055296 -194.07691581070424
-1016.2571910915524 -195.907918522954
-1016.0101775673777 -197.33239431202412
-1015.8434558359534 -198.94033951580525
-1015.5193621066958 -200.9172037345171
-1015.7575983253867 -202.15489096462727
-1015.2948134986311 -203.5551248294115
-1015.1059165743739 -204.40561355173588
-1015.7094609288126 -205.24527276575566
-1016.0962098983675 -205.96657569229603
-1016.464346363917 -206.72129334032536
-1016.5487405208498 -208.19206596434117
-1017.4787760523707 -209.26793325960637
-1018.7236870077998 -210.07684005320073
-1019.6649473456293 -210.80750955164433
-1020.9352684763819 -210.86289084970952
-1022.2459005860239 -211.2450012665987
-1022.957383408919 -211.8666872483492
-1024.4895497707278 -212.33046732366086
-1025.8187657741457 -213.053802947402
-1027.0309120563418 -213.30279637396336
-1028.7774578479678 -213.61044580757618
-1029.571123555079 -213.4755131405592
-1031.3475436715037 -214.0646593374014
-1032.9724683312327 -214.63590292155743
-1033.879153027907 -215.07913927257061
-1034.5997146514803 -215.4745400351286
-1036.0791746524721 -216.10810981214047
-1037.8091045764834 -216.92564884841443
-1038.3608430174738 -217.7316621941328
-1039.8189544228464 -218.78081480681897
-1040.8888450411707 -219.2232025963068
-1042.165518238917 -219.97978831350804
-1042.8312258867174 -221.23680449545384
-1043.3690305498988 -221.98967708170414
-1043.3003566709906 -223.58028544008732
-1044.0171617714316 -224.3962711197138
-1044.134253069535 -225.8571732145548
-1044.7637688366324 -227.33095336973668
-1045.3799422828108 -228.25716651499272
-1045.540663555041 -229.23461271345616
-1045.2872287479788 -230.51259089529515
-1045.5727472750098 -232.42749441683293
-1046.1007660476118 -233.61747015535832
-1045.8918953535706 -235.2250896793604
-1045.331243693605 -236.3933857780695
-1045.3030458239466 -237.55849195539952
-1045.828978374377 -238.79317105829716
-1045.970951005593 -240.0286178690195
-1046.1443341521174 -241.29149843275547
-1046.2377158848196 -242.22832138359547
-1046.5777044741064 -243.58848233044148
-1045.885425612107 -245.32531399548054
-1045.5352252868563 -246.62695796310902
-1045.8471503702551 -247.4197747808695
-1045.5935072151572 -248.7209277254343
-1045.1924154309183 -249.86252761900425
