-1095.24 -49.62
-1093.7835900688171 -49.89951782941818
-1092.408528676033 -50.03360580921173
-1091.5241047048569 -50.47776698589325
-1089.565074672699 -49.76288717508316
-1088.6785876655579 -49.92145916342735
-1087.8508911633492 -50.39121505141258
-1086.0876205468178 -50.53033411026001
-1085.174365093708 -50.036853487491605
-1083.5059614682198 -49.90294217586517
-1082.5938994789124 -49.59286438941955
-1081.502638092041 -49.612917845025656
-1080.0890439653397 -50.15715003468096
-1078.5874111557007 -50.40253018297255
-1077.2958573007584 -50.43270779110491
-1075.4675850772858 -50.36376239813864
-1073.6390788459778 -49.97171159543097
-1072.7131191396713 -50.462352474108336
-1071.0709009075165 -49.94963773049414
-1069.7286816740036 -50.37738405622542
-1068.4414642953873 -49.82304619707167
-1067.4184464120865 -50.04097082175314
-1065.803508629799 -50.191212584152815
-1064.5819152498245 -49.96286477603018
-1063.769112458229 -50.38013165153563
-1062.6389456892014 -50.47673435218632
-1060.9417917633057 -50.68460894830525
-1060.1670134568215 -50.837199312523005
-1058.3824446702004 -51.17391533859074
-1057.361115386486 -51.120988321378825
-1055.8621328377724 -50.3297077537328
-1054.6345410847664 -49.85544092662632
-1052.7924573922157 -49.88147557608783
-1051.2138082289696 -49.85619364388287
-1049.6827306056023 -49.256172579601404
-1048.450462152958 -48.78223900206387
-1047.2661729359627 -48.828542948588726
-1045.8320162796974 -49.196089894399044
-1044.2962284588814 -48.81601446948945
-1042.4391391777992 -48.857023619934914
-1040.6899582648277 -49.273039006516335
-1039.1191608214378 -49.354373038634655
-1037.424554040432 -49.71477505646646
-1036.4374359154701 -50.543813914880154
-1034.9120442175865 -51.74973663769662
-1033.5486220622063 -52.40789219819009
-1032.6649196648598 -53.076769919022915
-1031.9510128998756 -53.732533247098324
-1031.5298666858673 -55.6583159276098
-1031.1862158083916 -56.91494754038751
-1031.1971201503277 -57.955027134045956
-1031.7622263038159 -58.991523534879086
-1031.1908682787418 -59.964251429662106
-1030.585188766718 -61.45200637064874
-1030.3010529184342 -63.072204620465634
-1030.124685844183 -63.969428927525875
-1029.8736547732353 -65.2498824902624
-1029.9563051739335 -66.5899143525213
-1029.8865112045407 -67.65241411410273
-1030.242309627831 -68.61986246787012
-1030.1976064497233 -70.35204830847681
-1030.316180510223 -71.76021900855005
-1030.1449325361848 -73.09349647246302
-1030.6118870058656 -74.09897890768946
-1030.6927110084891 -75.4362165042013
-1030.9625454375148 -76.43597307883203
-1030.9599206575751 -77.99657717429102
-1031.6198697814345 -79.65717187605799
-1031.8558740594983 -80.34035274468363
-1032.0737955400348 -82.1897821136564
-1032.3421168753505 -83.42650637112558
-1031.8930025824905 -84.87076672993601
-1032.1714860925078 -85.7018163510412
-1032.6491608151794 -87.50057402335108
-1032.288720113933 -89.25092330656946
-1032.653551978767 -90.61020127020777
-1032.504481805265 -91.55817315064371
-1032.2545077183843 -92.73291048489511
-1031.703045425713 -93.49880555354059
-1031.6006977909803 -94.99023249827326
-1031.0128935927153 -95.83293619833887
-1030.9280083754659 -96.82435658656061
-1030.307312605679 -98.012254864797
-1030.3101295509935 -99.26121834002436
-1029.7823929467797 -100.73691704951227
-1028.4784899631143 -101.76909056387842
-1027.7155904451013 -101.77668660961092
-1026.6249043622613 -102.53791701875627
-1025.0146075168252 -103.31837117753923
-1023.6762638965249 -103.7588243790716
-1022.2050017991662 -104.03461799107492
-1020.868387786448 -104.38447395049036
-1019.4616582074761 -104.52237981639803
-1017.8672320523858 -105.5895336278528
-1016.5128419080377 -106.63060230098665
-1015.5961768904328 -107.95283168636263
-1015.3219412842393 -109.57672590099276
-1014.8528115430474 -111.08996301971376
-1015.0073407569528 -112.53235060058535
-1014.3008464851976 -113.80986768089235
-1014.028049288094 -115.57152968727053
-1014.0046896764636 -117.41799193702639
-1014.1929339000583 -119.20938354812563
-1013.8324995467067 -120.9261704095453
-1013.9681898483634 -122.48731643043459
-1013.422464979589 -123.41929704032839
-1012.9512492546439 -124.60094302974642
-1013.2854766079784 -126.29213243804872
-1013.2969150075317 -127.5043650277704
-1012.852363897264 -128.91978317581118
-1012.4474717506766 -129.7735221990198
-1011.9548837074638 -130.85623651824892
-1011.3813989290595 -132.05304974399508
-1011.9032573232055 -133.72528439842165
-1011.5001996287704 -134.8551836618036
-1011.0470605918765 -136.48807448230684
-1011.1652202734351 -137.72367316566408
-1011.4840359219909 -139.05362826667726
-1011.1540033349395 -140.7081139691919
-1011.58110545367 -142.1961216338724
-1012.0922741124034 -143.6786095508188
-1011.8703543373942 -145.48191398464144
-1011.5655723640323 -147.01542967639864
-1011.4295901486278 -148.71725601039827
-1011.8849390873313 -150.4622084506601
-1011.8464396798611 -151.8378921159357
-1012.4113974177837 -153.49029535137117
-1012.758976598978 -154.82464712940157
-1012.3939295017719 -156.1751859792322
-1012.2451953792572 -157.81199556671083
-1012.7613795900345 -159.66419571720064
-1013.0042204612494 -160.70173591457308
-1012.489198243022 -162.1313936122507
-1012.1207780593634 -163.24628418765963
-1012.4464467519522 -164.86444825015963
-1012.9024957472086 -166.21890682063997
-1012.517038231492 -167.3216006167978
-1012.8030262047052 -168.27241402946413
-1012.6342265361548 -169.67812329612673
-1012.972949540019 -170.69323688827455
-1013.1860731446743 -171.46856522642076
-1012.9469010138512 -172.7898848064989
-1013.1787026578188 -174.28598558984697
-1013.0019270682335 -175.45555102907122
-1012.5902870798111 -176.6451983460039
-1013.1653560304642 -177.46245944581926
-1012.7264848554134 -178.5458695896715
-1013.2365996444225 -179.89177620492876
-1012.6762560212612 -180.8010243781656
-1012.4058581197262 -182.46008008800447
-1011.9053617918491 -183.68724078021944
-1012.472854694128 -185.02073568187654
-1012.1977848017216 -185.90006554208696
-1012.0504115128517 -186.91808509908617
-1011.8888943099976 -188.47203695856035
-1011.631773879528 -189.9081114538759
-1011.4097031706572 -190.8432635077089
-1011.077949320674 -192.71092522226274
-1011.5824836844206 -194.17159485898912
-1011.6591637709737 -194.94549137435854
-1011.5047589221597 -196.73328524909914
-1011.5617767551541 -198.1571504481882
-1012.1305469253659 -199.64854747138918
-1012.0188270935416 -201.29027134262026
-1012.493037057817 -202.73592645011843
-1012.1161863335967 -204.33767086349428
-1012.6899026760459 -205.72950512252748
-1012.462498960793 -206.6243533500284
-1012.5264596918225 -208.4949142345041
-1012.3964482674003 -209.90339213691652
-1011.8791130313277 -211.4911485322565
-1012.3464521297813 -212.69288414798677
-1012.9124983081222 -213.81243306480349
-1013.9792111644149 -214.89431887947023
-1014.5762928256393 -216.2969447978586
-1016.2225536832213 -217.05014127574862
-1017.0148177871108 -217.60953873477877
-1018.2292761334777 -217.48177772842348
-1019.7920435199142 -217.44016435824335
-1020.7924111613631 -217.445541889295
-1022.0659980306029 -218.11463895522058
-1022.7609289416671 -218.04085010372103
-1023.9701833257079 -218.78225082241
-1025.1441063413024 -218.3881109663099
-1025.8982154259086 -218.98695525608957
-1027.598422897756 -218.64055335603655
-1028.4576960930228 -219.19445586286486
-1029.4081140884757 -218.85745704256
-1030.5884639152885 -218.8179433503002
-1031.588661802709 -218.662485287413
-1032.9406966099143 -218.44083549164236
-1033.6783387193084 -218.36164327047766
-1035.273506475389 -218.27211131237448
-1036.7070172557235 -218.48014448665083
-1037.5929802784324 -219.47033415816725
-1039.1819738277793 -219.6538997747749
-1040.5557290443778 -220.21066294692457
-1040.9680592247844 -221.33784590743483
-1042.3522094914317 -221.7246773698181
-1042.8382231125236 -222.42502646230162
-1042.8559295067191 -224.1073025920242
-1043.2364838847518 -225.03281526349485
-1043.5944207140803 -225.91217224381865
-1043.9467560777068 -227.21088318608702
-1044.1134387233853 -228.66652695916594
-1044.2785394319892 -230.16202585481108
-1044.002862853706 -231.36855106137693
-1044.148113233745 -233.1982701279968
-1042.9347806999087 -234.56311421178282
-1042.1542074510455 -236.1886196591705
-1041.3963137695193 -236.56105996750296
-1040.4353787133098 -237.1886863269657
-1039.3683211037517 -238.32230110548437
-1037.8927985855937 -238.71436508081854
-1036.1839573809505 -239.20141740225256
-1035.1141871640086 -240.06300361536444
-1033.6463746258617 -240.23656800471247
-1032.376733226478 -240.29159563861788
-1031.1682463118434 -240.73708266101778
-1030.0747300812602 -241.72017210803926
-1028.6403823325038 -243.016879022941
