-1095.24 -49.62
-1095.6632316613197 -51.050526971817014
-1095.9974253678322 -51.83543192863464
-1096.126811554432 -53.58198058128357
-1095.8059368932247 -55.035066480636594
-1096.0594016814232 -56.614072437286374
-1095.9353890919685 -58.334202165603635
-1095.976893415451 -60.14133584022522
-1095.6780114078522 -61.92828964710235
-1095.484794845581 -63.030764336585996
-1095.9977758431435 -64.79374694347382
-1095.7186818623543 -66.68555330753327
-1095.613916119337 -68.53398084163666
-1095.8539059960842 -70.302821393013
-1096.1077443265915 -72.23220538616181
-1095.7860654497147 -73.91462265968323
-1096.4790611171723 -75.7448449087143
-1096.6299846524 -77.13448559761048
-1096.6263981217146 -78.81336116313935
-1096.5818343514204 -79.8594163608551
-1096.3613993281126 -81.6484914970398
-1096.0996498519182 -83.18256437301636
-1096.7297416979075 -84.0664111328125
-1096.3482346588373 -85.9976684999466
-1096.4621898585558 -87.36924337863923
-1096.0938886159659 -89.17734992027283
-1096.3563877397776 -90.93780409812928
-1096.4971879327297 -92.36127185344696
-1096.250468184948 -93.72178542137146
-1096.4979574286938 -95.26593958854676
-1096.8052477741242 -96.96478783607483
-1096.5804398858547 -98.51313769340516
-1096.4957066380978 -100.39602410316468
-1096.2035099172592 -102.19236623764039
-1096.3374875986576 -103.88161050796509
-1096.1921753787994 -105.8170067024231
-1096.0561443769932 -107.7293499660492
-1095.5778904759884 -109.57537066459656
-1094.0835793817043 -110.6456519317627
-1092.9530123078823 -111.49636005878449
-1091.6009910905361 -111.84506946325303
-1090.2789167964459 -112.52546727180481
-1088.9548127257824 -112.97824233293534
-1087.4592430198193 -113.84428494691849
-1086.1779895627499 -114.15251108527184
-1084.5212161147595 -114.81733121991158
-1083.2098280990124 -115.44569071650506
-1081.589467009306 -116.70484610915184
-1080.0093867385388 -118.28209587454796
-1079.236727257967 -119.81347843527794
-1078.4100364649296 -121.38735362410546
-1077.9111145043373 -123.30602153658867
-1078.0786324197054 -125.05765243887902
-1078.247673740387 -126.78487607359887
-1077.7028542661667 -128.70888444304467
-1077.200764348507 -130.29785558104516
-1077.0738948488236 -132.1099729192257
-1077.4991670453549 -133.34945150732995
-1078.0767816507816 -135.00474664092064
-1077.638054689169 -136.82020684599877
-1077.5990926453471 -138.36184593558312
-1077.1008300611377 -139.64770540118218
-1076.8922790715098 -141.40244861960412
-1077.209595335424 -143.1639107120037
-1077.169828159511 -145.02260383486748
-1077.6176075467467 -146.74010237574578
-1077.4635019430518 -148.35450669646264
-1077.2262028732896 -149.4698509824276
-1076.7446185031533 -151.1850790631771
-1075.7079859653115 -152.14693870663643
-1074.9591258445382 -153.65500989079476
-1073.2658325114846 -154.29629536986351
-1071.6159165778756 -155.18993421912194
-1070.3271557965875 -155.63320543885231
-1068.5611970105767 -155.96609535336495
-1066.603187290728 -156.05225974589587
-1065.163330284655 -155.58360120922327
-1063.2029845395684 -156.25590095192194
-1061.532421080172 -156.35812284320593
-1059.8448311963677 -156.49689542025328
-1058.20156976372 -157.17480223149062
-1056.7458697238565 -157.6977688547969
-1054.765340653956 -158.4343694922328
-1053.0581981816888 -158.2350017604232
-1052.0647176781297 -158.2924534407258
-1051.258079675734 -158.70320129662753
-1049.4648040810227 -158.21969482570887
-1048.3659246245027 -158.85902056366206
-1047.0063267031312 -158.73338721960783
-1045.9635825434327 -159.02605928748847
-1044.3127454796434 -159.62583889335394
-1042.9564004221559 -160.11839755147696
-1041.7415304461122 -160.1684095439315
-1040.2100773134828 -159.5732596692443
-1038.5090896168351 -159.2335040447116
-1036.9378158131242 -159.3734072622657
-1035.6569261828065 -159.56241609424353
-1034.3748917856813 -159.73597446352244
-1033.3285911360383 -159.45871418982745
-1032.261551169455 -159.16584888368845
-1030.9789072552323 -159.82795998722315
-1029.243667987883 -160.14507359534502
-1027.525951770842 -160.25681644946337
-1025.7107922115922 -160.8603033450246
-1024.4528179445863 -161.58355301886797
-1022.8713066855073 -161.872654440701
-1021.8151431360841 -162.70554977923632
-1020.3020923414826 -163.36957741051913
-1019.0032952108979 -164.61274040013552
-1018.1769297400117 -165.858702185452
-1017.3495244064927 -167.15771174699069
-1016.9806372204423 -168.46932828694582
-1016.6533665338159 -169.35244262486697
-1016.522866679132 -170.43937480717898
-1015.8238889107108 -172.13867819577456
-1016.2557442614436 -173.66653466492892
-1016.2475555555523 -174.95817077428103
-1015.5064666883648 -176.5158203867078
-1015.5836238728464 -178.05130660802126
-1015.2732948230207 -179.9031814363599
-1015.7911802099645 -180.91982078820467
-1015.2666843698919 -182.42905879288912
-1014.7625211642683 -183.44872129231692
-1014.4293531940878 -184.40064239770174
-1014.3645385073125 -185.5370900657773
-1015.0128711627424 -187.2602882412076
-1014.5808384285867 -188.2394130256772
-1014.5994089858234 -189.41662669450045
-1014.1380072252452 -190.8411661413312
-1014.8130109922588 -192.71174729138613
-1014.9629561470449 -193.79402494698763
-1015.1606825457513 -195.25570464402438
-1015.0004018710554 -197.1818439987302
-1014.8584845529497 -198.53685784608126
-1015.2151598797739 -199.8939200666547
-1014.900426016897 -200.65759241849184
-1014.5433314011991 -202.26659119397402
-1014.5721805633605 -203.53387236863375
-1015.1115094961226 -205.15145826607943
-1015.2330667616427 -206.77978170186282
-1015.4974789263308 -208.08192229539156
-1016.2537049295008 -209.0509159591794
-1017.1730656863749 -210.10386634141207
-1017.6726656199992 -210.43534642726183
-1018.9510232450068 -210.81956830888987
-1020.49953033939 -211.53690424829722
-1022.1794922591746 -211.90719095140696
-1023.7504866363108 -212.199105861485
-1024.7835734130442 -212.91011792689562
-1026.4853970052302 -212.9042928171158
-1028.22846713081 -213.5037656378746
-1029.5116707326472 -213.67681243538857
-1030.6178921701014 -214.32604237914086
-1031.671699309498 -214.19084849476815
-1032.675667667538 -214.16314772039652
-1034.005660557896 -214.19446163147688
-1035.1296018601954 -214.74200456112624
-1036.6215831281245 -214.39042370289565
-1037.7402001859248 -214.54804584652186
-1038.6949410678446 -215.50947031646967
-1040.0182310582697 -215.77709153562785
-1040.5455723644793 -217.2906565991044
-1041.1011894585192 -218.45616272360087
-1042.0778468491137 -219.24345562130213
-1042.3099453093112 -221.111357780993
-1042.6360329331458 -222.67556605011225
-1042.9470461846888 -224.43966898590327
-1042.9660310389102 -225.41204676300288
-1042.7779465706647 -226.4285064664483
-1042.7772556187213 -227.9065794673562
-1042.7196830154955 -229.50662741333247
-1043.0321266295016 -230.65065488487483
-1043.3132072629035 -231.48505518108607
-1043.310236671716 -233.3024364438653
-1043.318096974641 -234.4282372918725
-1043.7679727168381 -236.3416689363122
-1043.668743828088 -237.2881612506509
-1043.5470865608752 -238.9407775130868
-1044.2834493161738 -240.49609884887934
-1044.0368455143273 -241.77226278454066
-1044.48638639763 -243.1900292363763
-1044.3028690309823 -244.12225804001093
-1043.8389466197789 -245.31719503074885
-1044.2287716956437 -246.98882326751948
-1044.7513858170807 -248.49280163913966
-1045.0988237650693 -249.63993439346552
