-1095.24 -49.62
-1094.1764778995514 -50.60773169517517
-1092.279314866066 -51.040035064220426
-1090.482045044899 -51.171421761512754
-1088.9388087892532 -51.4779049706459
-1087.1890789175034 -52.07775473117828
-1085.9225305223465 -52.660208399295804
-1084.4331357383728 -53.02042671561241
-1082.5107879543305 -53.44062509655952
-1080.9285987520218 -53.53061988472938
-1079.3661004209519 -53.822650785446164
-1077.6586824560165 -54.03814428567886
-1076.2875772619248 -53.89867682278156
-1074.4576442146301 -53.98280409991741
-1072.6396659517288 -54.0629485052824
-1070.8686208629608 -53.827850635051725
-1069.5288708114624 -54.190083439350126
-1067.9847979450226 -53.913283879756925
-1066.385795583725 -53.82444637537002
-1065.2151844406128 -54.29626059055328
-1063.5085265541077 -54.28764512658119
-1062.6041654253006 -53.78351619362831
-1060.7489098215103 -54.19124063372612
-1059.6480945253372 -53.99706449627876
-1057.7068011665344 -54.03900323331356
-1055.9834403896332 -54.40697596490383
-1054.7292820119858 -54.03627667844295
-1053.346551527977 -54.26910219609737
-1051.443862786293 -54.600243310332296
-1049.6676922941208 -55.24917278707027
-1047.9413771533966 -55.70239834010601
-1046.3255473279953 -56.1647277277708
-1044.8918281698227 -57.525577346682546
-1044.3242252969742 -58.9935087364912
-1042.9453881883621 -59.48878515779972
-1042.639018585682 -61.07445896685123
-1042.1694295310974 -62.44396437227726
-1041.4300492310524 -63.857321868538854
-1040.7996191883087 -65.70376540243626
-1040.7185372912884 -67.19164551317692
-1040.4535292589665 -69.11714912474156
-1040.6708946281672 -71.03272415220738
-1040.996187275052 -72.87273956358433
-1040.6257914358378 -74.2955116134882
-1040.7167785444856 -76.18981863081456
-1040.5425779947639 -77.94692457735539
-1039.9674533733726 -79.6730877262354
-1040.2022374549508 -81.46259308874608
-1039.5423751154542 -83.00793505728245
-1039.7860350885987 -84.63676537096501
-1040.2780482152104 -86.02122283995152
-1039.7731193879247 -87.78561450064183
-1040.2130723574758 -89.44087208330632
-1040.1939336748421 -91.29522920668126
-1039.711484888345 -92.71268249571324
-1039.8140105174482 -93.97566641390324
-1039.3532771931589 -95.06512857496739
-1038.9396771655977 -96.77805019438267
-1038.4150292740762 -98.6422722440958
-1037.7597410546243 -100.5698115926981
-1036.7521364556253 -102.3442621332407
-1035.8580979572237 -104.19479728758336
-1034.3261670337617 -105.24012495100499
-1032.859424995035 -106.06963939487935
-1031.1651881204546 -106.7682864767313
-1029.3225467668474 -107.4659314852953
-1027.6637105213106 -108.45413524925709
-1026.5111353860796 -109.29922152578831
-1025.0418766008318 -109.94116974890233
-1023.523237632364 -110.49714536488057
-1022.5044016109407 -111.38006956398488
-1022.3811591731012 -112.79600400745869
-1021.8843340145052 -113.88755960285664
-1021.4609652327001 -115.59221763432026
-1020.9707509146631 -117.46512431919575
-1021.0162192748487 -119.17293233692646
-1020.6480653451383 -120.67068142712117
-1020.6040460036695 -122.42566938221455
-1019.7184762524068 -124.17488307774067
-1019.0103321836889 -124.95050258457661
-1018.3602757023275 -126.84761972248555
-1018.1811351792514 -128.22652275383473
-1018.5133579687774 -129.55526776134968
-1018.1447390036285 -131.49272508442402
-1017.870795519799 -133.2310225468874
-1017.5266998128593 -134.97821743309498
-1017.2370038346946 -136.76255829155446
-1017.9767940358818 -138.41612596333027
-1017.7136141078174 -140.28682405769825
-1017.2304188029468 -141.6898838979006
-1017.2710036800802 -142.78170628368855
-1017.2063343690336 -144.6945270997286
-1017.0655423717201 -146.53504247486592
-1016.659212859124 -148.4011065465212
-1016.511378736943 -149.9033264619112
-1016.5983963923156 -151.06904835522175
-1016.3866912738979 -152.90711898624897
-1016.540621535629 -154.61781985580922
-1016.0917521284521 -155.81575913250447
-1016.0226203964651 -156.7610473138094
-1015.7527958916128 -157.802818248868
-1015.3856685326994 -159.3882296782732
-1015.738194988817 -160.2485824328661
-1015.8923275487125 -162.16168815910817
-1016.0534889565408 -163.29209632694722
-1016.1870194093883 -164.9264182549715
-1015.5297705547512 -166.59973401844502
-1016.0818018333614 -168.19885463535786
-1015.6070707754791 -169.5479570132494
-1015.0884079651535 -170.69483418285847
-1014.9753086359799 -172.59857339680195
-1014.9706531332433 -174.46453995525837
-1015.139672087282 -176.41327876865864
-1015.4494377540052 -178.2463488084078
-1014.9854085312784 -180.09093792259694
-1014.6863160596788 -180.95157093822957
-1014.9338956342638 -182.27017719566823
-1014.4571370051801 -183.44864268124104
-1014.2410283105075 -184.7668349248171
-1014.7120651619136 -186.0744062167406
-1014.9227976517379 -187.58373350918293
-1015.310921998471 -189.50772995769978
-1015.8813945965469 -191.1272387009859
-1016.2990573363006 -192.22123045742512
-1015.7727766351402 -193.25320989906788
-1015.9932998882234 -194.80801160156727
-1016.2932963834703 -196.41965563118458
-1015.6995128260553 -197.7112162810564
-1015.0324889884889 -198.9143138629198
-1014.5378928647935 -200.2449979287386
-1015.103642629236 -201.3043378096819
-1015.1373492570222 -202.5856950980425
-1015.4813762398064 -203.8142663937807
-1015.8702357800305 -205.26272256195546
-1016.2827397973836 -206.79232640087605
-1016.9671380908787 -208.65755195438862
-1017.8310891182721 -209.86085159599781
-1018.2811877520382 -210.86382062256337
-1019.0757473500073 -211.8657391768694
-1020.2553688080609 -212.50544888794423
-1021.7133639843762 -212.78115744411946
-1022.4384180100262 -213.0428234142065
-1023.8497416765988 -213.1211388361454
-1024.7040338905156 -213.2429451149702
-1025.4888095648587 -213.82611600577832
-1026.7570192606747 -214.17650658905507
-1028.1734308989346 -213.60388607800007
-1030.0387303622067 -213.50521502912045
-1031.6001779825986 -213.64181316912175
-1032.2494447024167 -214.27739549696446
-1033.253550389558 -215.4862666231394
-1034.3377246649563 -216.32774556696415
-1035.1597614081204 -217.62713850557805
-1035.8597092421353 -218.69451213896275
-1036.996354201585 -219.63016320288182
-1037.682523587495 -220.83772541105748
-1038.7280307801068 -221.63326461136342
-1040.1288869173825 -222.8442433577776
-1040.457182982713 -224.44894487679005
-1041.2690970690549 -225.72048897564412
-1042.1117324621976 -226.38123566925526
-1042.4369416625798 -227.52000362694264
-1042.723590055257 -228.44097400724888
-1042.4946111531556 -229.1767824393511
-1042.692511433512 -230.66336996376515
-1042.7471506984532 -231.5595555406809
-1042.9382443518937 -233.23472786962986
-1042.9839792342484 -234.61891199171544
-1042.8467600734532 -236.0676143270731
-1043.482757666856 -237.0086754065752
-1043.9496497304738 -238.0533064109087
-1043.8913144634664 -239.63261205971241
-1044.4100418256223 -240.74765248119832
-1044.1661529110372 -242.0108454924822
-1044.1594244928658 -243.53059131920338
-1044.1687140257657 -244.62587065517903
-1043.743029782325 -246.55360061943531
-1043.3380726070702 -247.92523569881917
-1042.873129734546 -249.41364414513112
