-1095.24 -49.62
-1093.5807068252564 -48.490412707328794
-1092.7115473651886 -48.243798370361326
-1090.976340045929 -47.722149367332456
-1089.7591186666489 -47.82056265592575
-1088.1111757659912 -47.91018861055374
-1086.2905985021591 -48.0839290869236
-1084.524328699112 -48.354694242477414
-1082.9466612243652 -48.52269029140472
-1081.6813925409317 -48.48738833785057
-1079.776591053009 -48.06224318861961
-1078.1284913921356 -47.98029316484928
-1076.866336812973 -48.265801737904546
-1075.36613427639 -48.16929086565971
-1074.4944533610344 -48.20026510477066
-1073.2813972735405 -48.364474858045575
-1071.7503556513786 -47.707518781423566
-1070.7998453879356 -47.51595884084701
-1068.8780531191826 -47.58977326273918
-1066.9784883761406 -47.72935965180397
-1065.2408535981178 -47.95261930942535
-1063.506717493534 -47.17548447370529
-1062.0876645350456 -47.594713563919065
-1060.5303837561607 -47.76726561307907
-1058.9476587080956 -47.70295318484306
-1057.9403826498985 -47.59180055081844
-1056.2287804389 -47.646666596531865
-1054.5672895216942 -47.74101773917675
-1052.8660852217674 -47.646852697134015
-1051.2543796801567 -47.661852474212644
-1050.275008072853 -47.69497426867485
-1048.6296516561508 -47.53705150902271
-1046.7793282175064 -47.429902310371396
-1044.8527237081528 -47.39687645703554
-1043.10765563488 -46.98180431395769
-1041.2962887191773 -47.2596609917283
-1039.8013858699799 -47.79178270965814
-1038.36173974514 -47.68987414509058
-1037.0564389133453 -48.95255109935999
-1036.1963981890678 -50.021388384401796
-1035.9445138180256 -51.17946920067072
-1035.615286012888 -52.84408256679773
-1034.9346342289448 -54.61913571029901
-1034.5131055915356 -56.42225799232721
-1034.3315566831827 -58.04104909569025
-1033.728477960229 -59.15787181526422
-1033.9065070056915 -60.50675913959741
-1033.474852463007 -61.21195617586374
-1033.1914057934284 -63.043370398581025
-1032.831010272503 -64.6782356825471
-1032.602035959959 -66.57489314943552
-1032.2861761653423 -67.96738472849131
-1031.8742968046665 -69.617424043715
-1031.5093389058113 -71.19916656881571
-1031.2289270961285 -72.27690223127604
-1032.0386578643322 -74.03262713819743
-1031.6497512960434 -75.54913810163737
-1031.9325918757916 -76.93559244543314
-1032.4270639622212 -78.42103818327189
-1031.9101440513134 -80.20703521639109
-1031.740446408987 -82.08524695307017
-1031.4206209981442 -83.71225157648325
-1032.029713948965 -85.16911021143198
-1031.6208020055294 -87.08465174108744
-1031.77804166615 -88.61757627397776
-1031.8561356270313 -89.69207468897105
-1031.404668738842 -91.40483549505473
-1031.136474301815 -93.21174887090922
-1031.0938449704647 -94.91391662031413
-1031.0940065288544 -96.69186857610941
-1031.2688437008858 -98.60681799322367
-1030.45298122406 -99.91256860166789
-1029.6424401903153 -101.30414739519358
-1029.8251450711489 -102.83321109682322
-1029.3717410618067 -104.40076664358378
-1028.603366022706 -106.04267016321421
-1027.5540996843577 -107.59433737665415
-1026.3407450968027 -109.06935611635447
-1025.5381456667185 -110.7425222721696
-1024.0450867468119 -112.10987118154765
-1023.4323335939646 -113.39394846826792
-1022.3447911792994 -114.69370010763407
-1021.1724169307947 -116.37133446604014
-1020.6235589438677 -117.71187714010478
-1020.7757464998961 -118.49191496044398
-1020.0701716297865 -119.9712916341424
-1019.4678746813536 -121.49963304668665
-1018.8852977508307 -123.13836536079646
-1018.4997167938948 -124.93831309944392
-1018.3442547076941 -126.2664143767953
-1018.0675880068541 -127.61549398571253
-1017.833776717782 -129.42261502414942
-1017.2990567737818 -131.01963112026453
-1016.9155942255259 -132.62989446789027
-1017.1880980187655 -134.480241509974
-1017.4359984600544 -135.54525801807642
-1017.4571470969915 -137.10022208362818
-1017.9463388377428 -138.90714261204005
-1017.4611549729109 -140.4021349874139
-1017.1027840131521 -141.4750052419305
-1017.5427008622885 -143.17209920555354
-1017.8318439179659 -144.24485311180354
-1018.5641815119982 -145.71307680279017
-1018.147358750701 -147.06402668625117
-1017.8407357686758 -148.26031145721674
-1017.6294131928682 -148.99654451280833
-1017.5113738679886 -150.3005305853486
-1017.4183777475357 -151.37639203935862
-1017.4463335925341 -153.04504362016917
-1016.8670635277033 -154.11144319444895
-1017.4162069612742 -155.5886587229371
-1017.5418236458302 -156.67633810907603
-1017.5575598531962 -157.9236096468568
-1017.3498022311926 -158.69290158420802
-1016.6309206837416 -160.59285626083613
-1016.6165157163143 -161.2921300855279
-1016.5755707600713 -162.71242437034846
-1016.468174559772 -163.67670461803675
-1016.5749280282855 -165.0095077481866
-1016.785904032886 -166.4190889325738
-1016.6558378615975 -167.3156875100732
-1016.8836761543155 -168.72810396820307
-1016.322531683147 -170.2713404622674
-1016.2754781970382 -171.35316166549921
-1016.1258734592795 -172.84039089351893
-1015.534881246984 -173.9276451793313
-1015.2193887957931 -175.56868467003108
-1015.0368714758754 -176.90714130073786
-1014.643373979032 -178.5587509599328
-1014.6902924308181 -179.77526769310236
-1014.5183511802554 -181.0781866040826
-1014.106868428886 -182.32384345203639
-1014.4558821150661 -183.94490883022547
-1014.8065437802672 -185.5149060216546
-1014.5601923295856 -187.14097211033106
-1014.7044582048059 -188.8124941316247
-1014.8864342102409 -190.27358505398036
-1015.1485319265723 -191.25271418958903
-1015.0609435939789 -192.29972604185343
-1014.4700207614899 -193.78525784879923
-1014.1429071927071 -194.50013557344676
-1014.3858443105221 -195.4564782705903
-1014.0370015406609 -196.59409800440073
-1014.194974129796 -197.95629993349314
-1014.2697234356403 -198.91456082731486
-1014.5634886527062 -200.57383111387492
-1014.992683699131 -202.48548403650523
-1014.4814119243622 -204.34572688013316
-1014.455546131134 -205.89821043878794
-1014.5096087956429 -207.5859846201539
-1014.7404719495773 -208.1161406365037
-1015.2654013538361 -208.96574768692255
-1016.1163098716736 -209.87232807546854
-1017.1219955587387 -211.17722299963236
-1017.9455288553238 -212.2762022343278
-1019.2616816663742 -212.78736940294505
-1020.0313776040077 -212.72248921066523
-1021.0968719029427 -213.1636334386468
-1022.642362048626 -213.640520336926
-1023.993838121891 -213.77638399869204
-1025.7729115986824 -213.9982417550683
-1026.7385654950142 -214.3220845785737
-1028.227504184246 -214.66078266769648
-1029.6599051260948 -214.4785110977292
-1031.297675898075 -214.4868116554618
-1031.9038656258583 -214.91410680383444
-1032.7739621901512 -214.83594598144293
-1034.2783288264275 -215.113129812181
-1035.9808242821694 -215.74887486070395
-1037.713954975605 -215.75428035378457
-1039.2336000704765 -216.47676190257073
-1039.9859326386452 -217.52973898768425
-1041.534169485569 -218.7752914083004
-1042.1135258579254 -219.91551813006402
-1042.009354403019 -221.10729786276818
-1041.8364723825455 -221.99884268164635
-1042.0817039215565 -223.6181126487255
-1041.9430187249184 -225.38045820116997
-1042.6024698519707 -226.72717567801476
-1043.1877350711823 -228.20500728011132
-1042.7388186061382 -229.75143691420556
-1042.2588145041466 -231.42507883429528
-1041.648534705639 -232.19209566235543
-1042.0224184298515 -233.75876488804818
-1041.3496873879433 -235.12095322728157
-1040.700626423359 -236.58345356106759
-1040.0788714194298 -238.2599511396885
-1039.371193459034 -239.4136501801014
-1038.3201640152931 -240.69353380322457
-1037.5205868983269 -241.02860691666604
-1036.2079451584816 -241.75973119854928
-1035.882164349556 -243.4490746510029
-1034.995751490593 -244.67650153756142
