-1095.24 -49.62
-1095.0353972518444 -51.04000901699066
-1095.0835168936849 -52.95387291431427
-1094.8650483170152 -54.54678308486938
-1094.5112058797479 -56.33047592163086
-1094.3504448065162 -58.24242579460144
-1094.5643368938565 -59.8781992149353
-1094.149023411572 -61.03117119789123
-1093.709485975802 -62.931431169509885
-1093.3907557407022 -64.03946697235108
-1093.0769363620877 -65.68543552875519
-1092.7349455335736 -67.18778740882874
-1092.604475376904 -68.8696840953827
-1092.357271579802 -70.49549805641175
-1092.6377525606752 -71.87781667232514
-1092.5765564122796 -73.68383836269379
-1092.6482431271672 -75.50145887851716
-1092.5453439036012 -76.81613909721375
-1092.6470589914918 -78.3363851261139
-1092.5979951301217 -79.6344157409668
-1092.7010347524285 -81.46761273860932
-1093.2528872171044 -82.91330396652222
-1093.1682066002488 -84.82384275913239
-1093.1638542988896 -86.64401077747345
-1093.3364606329799 -88.49078678607941
-1093.0319447049499 -90.27204346179963
-1092.9472932943702 -91.840134973526
-1092.939189774692 -93.63422846317292
-1093.0422998198867 -95.28648530960083
-1092.7348253557086 -96.96631049633027
-1092.4156766065955 -98.49601554393769
-1092.005366844833 -100.25953530788422
-1091.1637528964877 -101.82477366447449
-1090.521012289226 -103.18205153465271
-1089.1267483064532 -104.03605144739151
-1087.8817231485248 -104.93869012117386
-1086.142660124004 -105.54191022634507
-1084.588147265613 -106.47691088438035
-1083.8198611566424 -107.6605074954033
-1082.4240838119388 -108.41670214653016
-1081.1338821479678 -109.63383781433106
-1080.4670960733295 -111.27274441242218
-1079.561534447372 -112.48699104309082
-1079.3425424078107 -114.11555468559266
-1078.4971875527501 -114.99420547008515
-1077.767087457478 -116.6987183046341
-1077.2349638321996 -118.61279987812043
-1076.7868317344785 -120.28234314441681
-1076.2906371334195 -122.20289420604706
-1076.1469985076785 -123.55207609653473
-1075.9193684586883 -125.18410765647889
-1075.4769712814689 -126.502683634758
-1075.2345097789168 -128.2522342157364
-1075.3667665699124 -129.985856051445
-1075.1161701062322 -131.2129162502289
-1075.6683026531339 -132.96087264537812
-1075.4892991164327 -134.79447292804718
-1076.3457722046971 -136.511210436821
-1075.8668488541246 -137.43848168373108
-1075.7378837892413 -138.90091287612915
-1075.5032448002696 -140.211126203537
-1074.9501731821895 -141.25720321655274
-1074.2452186772227 -142.49305736541749
-1074.1238195726276 -143.85902988433838
-1073.258552415073 -145.20588016033173
-1072.3999364802241 -146.2700893831253
-1070.7691295573115 -146.78556704044342
-1068.8979051539302 -147.74976396083832
-1067.2659355828166 -148.07782601833344
-1065.9386239477992 -148.44817322015763
-1064.466846627891 -148.78000258922577
-1062.5874485203624 -149.21688025712967
-1061.4378252455592 -149.36849174916745
-1059.8097619244456 -149.67415879189969
-1057.9826842972636 -149.71027444571257
-1056.7213771769405 -150.29382138222456
-1055.2554976174235 -150.22244791954756
-1053.5278181263805 -151.10995243757964
-1051.8985289761424 -151.8357716676593
-1051.203036350906 -152.5520800229907
-1049.579754872024 -153.5069436904788
-1047.6536338755488 -153.86781277030707
-1046.2294894883037 -154.43674828380347
-1044.5728154608607 -155.18665005534888
-1042.7503869959712 -155.35873852938414
-1041.3929109999538 -155.54550154775382
-1040.3760072419047 -156.0036898431182
-1038.6354294249415 -156.23355724185706
-1037.4916234442592 -156.24818937003613
-1035.8852706381679 -155.8777244490385
-1034.4562511870265 -156.3309780460596
-1033.0798813530803 -156.2302590560913
-1032.2115756699443 -156.7534503889084
-1031.0052856633067 -156.49804758548737
-1030.0944710204005 -157.01061403274537
-1028.83164493531 -157.29893907427788
-1027.5452114769816 -157.82392259955407
-1026.2434592673183 -158.42131641030312
-1024.3201536366344 -158.60850965499878
-1023.3448734113574 -158.78270892322064
-1022.20104311198 -159.11619700014592
-1020.4498942920566 -159.79119903862477
-1019.2439848014712 -160.62728936493397
-1017.6365800926089 -161.9639189940691
-1017.1980066129565 -163.54457695305348
-1016.650198263824 -164.6392917138338
-1016.5877183543146 -165.81598825275898
-1015.8985625372827 -166.79933608591557
-1016.1484902517498 -168.2038309675455
-1015.7727111296356 -169.2303980690241
-1015.8462982492149 -170.4312559467554
-1015.6487949804962 -171.9090166193247
-1015.4890690164268 -173.47281611979008
-1015.8309162573516 -174.45685244619847
-1016.4790338592231 -175.77783955156804
-1016.3458755330741 -177.56692219793797
-1016.4309157969058 -179.32057441294194
-1016.4957078711689 -180.51820863306523
-1015.7384080307186 -181.38530708372593
-1015.4149764196575 -183.0188922983408
-1014.8804349319637 -184.71730769693852
-1015.3937861935794 -186.15762830793858
-1015.2999496997893 -187.67982805788517
-1014.710277491957 -189.03352511942387
-1014.7715568782389 -189.9651208025217
-1015.1094339729846 -191.64747513353825
-1015.7735973240435 -192.86951650202275
-1015.1787899376452 -194.56008566439152
-1015.2051962667704 -196.08765984594822
-1014.830614810586 -196.91629899561406
-1014.8995679521561 -198.3228566747904
-1015.3172525668144 -199.52783442556859
-1014.9015240871906 -201.08357525885106
-1015.1249999308586 -202.82111145079136
-1015.2944799715281 -204.27355171263218
-1015.4276668184996 -205.7156834703684
-1016.0982848161459 -206.7870397669077
-1016.2959493750334 -208.3642623525858
-1016.3990360254049 -209.55986393511296
-1016.9445109122992 -211.15361870348454
-1017.1861775869131 -211.8178026777506
-1018.4673423522711 -212.74664212286473
-1019.5319249385595 -213.50732613623143
-1020.1744622343779 -214.5465738874674
-1021.237118756175 -214.5881901484728
-1022.0193760746718 -215.36852581322194
-1023.5451566332579 -215.19109251618386
-1024.8365894907713 -215.27996866673232
-1026.3651548975706 -215.10603519052268
-1027.5770583504438 -214.59993805259467
-1028.4170018786192 -215.12644847005606
-1029.5408939474821 -215.74102922052145
-1030.7444566839933 -216.38037945598364
-1031.4979334825277 -216.429433080256
-1032.184067940116 -215.9057889905572
-1033.5321407073736 -216.10581860214472
-1035.1746891492605 -216.08055237203837
-1036.5843456739187 -216.5338900116086
-1037.648713683486 -216.98902094632388
-1038.3891788476706 -217.08346087008715
-1039.2003802412748 -218.19498676329852
-1040.1026342266798 -218.43043265014887
-1040.9220452064276 -219.03262076050044
-1041.6768300288916 -220.39543029934168
-1041.4703342968226 -221.5820927348733
-1042.3674720579386 -222.7478266683221
-1042.3839945846796 -223.9560464349389
-1042.4446585530043 -224.89037612348795
-1042.4307998770475 -226.15126565366984
-1042.1504668051005 -226.93986395269633
-1041.9387561434507 -227.94648602873087
-1042.180203204751 -228.93705544143916
-1042.187077229619 -229.93770107895136
-1042.4580900722742 -231.08709511429072
-1042.2963044697046 -232.9299872842431
-1042.2026526087523 -233.914127561152
-1042.3977820330858 -235.5915664163232
-1042.6938899809122 -236.8830564942956
-1042.646582698226 -238.55182871490717
-1042.7310771399736 -239.37847122818232
-1042.7893413805962 -240.69031510025263
-1043.6699820661545 -242.48572024971247
-1043.7035028615594 -243.5996194806695
-1043.5720678249002 -244.51454469829798
-1043.8224244394899 -246.34299299389124
-1043.5337475815415 -247.480986687243
-1044.2888140955567 -249.15985021263361
