-1095.24 -49.62
-1093.6262767219544 -50.2867445898056
-1092.0267740392685 -50.63565688848495
-1090.1219099664688 -50.86449203908443
-1088.5386060380936 -50.28420094668865
-1087.5097027921677 -50.82457200706005
-1086.5791602039337 -50.53389743983745
-1085.0458851957321 -50.39456375956535
-1083.7146408462525 -50.032335246801374
-1082.862022986412 -50.3665640604496
-1081.3093100690842 -50.63403602957725
-1079.689356675148 -51.073895956277845
-1077.8810977840424 -50.850731472373006
-1076.6268206739426 -51.302984098792074
-1075.5900427007675 -51.852504233717916
-1073.9678724908829 -51.83059840917587
-1073.1178756856918 -51.68029003858566
-1071.8994463586807 -51.94222682237625
-1070.9327766799927 -52.229536468982694
-1069.1209314966202 -52.469133282899854
-1068.011430850029 -52.00340294361114
-1066.605375161171 -52.5401927781105
-1065.1558135652542 -52.82626640319824
-1063.975026717186 -53.16829782247543
-1062.3216284418106 -53.286470043361184
-1061.6067088150978 -53.4453853097558
-1060.3755529427528 -53.39960847318172
-1059.1626223826408 -53.01525400102138
-1058.1561667227745 -52.65514505922794
-1056.5564431452751 -52.56908836483955
-1055.2559921050072 -52.175728077888486
-1054.1687801384926 -52.588658715486524
-1053.0576816105843 -52.07265057682991
-1052.1002160811424 -52.07771030709147
-1051.1899300122261 -52.0702920769155
-1050.4503488445282 -52.84262397035956
-1049.2708405160904 -53.38396211609244
-1047.971124997139 -53.93888362392783
-1046.9906106495857 -54.506336889117954
-1045.3757854008675 -54.781737378686664
-1043.6504970097542 -54.9923959736526
-1043.3977192544937 -56.00112984225154
-1042.2329651021957 -57.2771506075561
-1041.172344675064 -58.89745626494288
-1040.5085097455978 -60.54034361883998
-1040.3052201473713 -61.97779831930995
-1039.8035817348957 -63.658898330181835
-1039.4318161213398 -65.07056007429958
-1039.2734992706776 -66.6188586716354
-1039.0534560734034 -68.16213676974178
-1038.5330373102427 -69.38019309088588
-1037.6020900064707 -70.9266332153976
-1037.1618491464853 -71.9395943646133
-1037.167609488368 -73.41488609358669
-1037.0751015150547 -75.10997912928462
-1037.1313520276547 -76.711722112149
-1037.0214823836088 -77.84218034788967
-1036.5157676690817 -79.11373875185848
-1036.0905843132734 -80.73484847590328
-1036.0637323444337 -81.88860354468227
-1035.649979550168 -83.6223484043777
-1035.9248429124802 -85.26881990477443
-1035.4209257548303 -86.77869901701808
-1035.8587733691186 -88.08689305827022
-1035.9933653508872 -89.56775054976345
-1036.0427249071747 -90.40142128512264
-1035.6785349247605 -91.76958153292537
-1035.3731460867077 -92.91891155287624
-1035.4162823630124 -94.78868112608791
-1035.2575857711583 -95.82801280066371
-1034.9657082331926 -96.71587750956417
-1034.3780196083337 -97.56697378203273
-1034.5299844516069 -98.80186519667507
-1034.5346712542325 -100.55688748404384
-1033.4558672381193 -101.97941479727626
-1033.233489133194 -102.93183753535152
-1031.9718614590913 -103.35172513768077
-1031.037823594883 -103.68932030245662
-1030.3394369853288 -103.96304640814662
-1029.3645823372156 -104.48915878579021
-1027.6663453949243 -104.7076816622913
-1026.072841442898 -105.35931897804141
-1024.6615704668313 -105.42510018393398
-1023.6134938371927 -106.13759956404567
-1021.9686016214639 -106.35963427171112
-1020.1914850843698 -106.46908882901073
-1019.1914673221856 -107.29120836302639
-1018.0559947860986 -108.16403696581722
-1017.0680510175973 -108.70835009858013
-1015.4942859781534 -109.62885717198253
-1014.7899401558191 -110.99757746502758
-1014.1225408685953 -112.67451313778759
-1014.0509188545495 -113.89323190495372
-1013.3997518194467 -115.57481387898326
-1013.6311224473268 -116.75478807732463
-1013.2301860225946 -118.62882963463665
-1012.674662329033 -119.46890965744853
-1012.3729556573182 -120.95256081864238
-1012.117996372059 -122.4278591041267
-1012.5773063672334 -123.382316506356
-1012.8267099929601 -124.18089685484767
-1012.111980028227 -125.80131790682674
-1012.256324819997 -126.48152849718929
-1011.9612990242988 -127.98064944788814
-1012.1708338481933 -129.1698667769134
-1012.3452227187902 -130.86567041918636
-1012.4411804971844 -132.71827564284206
-1012.6147077677399 -133.9847171072662
-1012.1112558243424 -135.61125872179866
-1011.8090294299275 -136.37322387740016
-1011.7455628363043 -137.67344543978572
-1011.6628412751108 -139.06502351805568
-1011.507795169726 -140.32790372416378
-1011.5852907968313 -141.49705693766475
-1011.4500906390697 -143.20225474879146
-1011.7309811336547 -144.00370607420803
-1011.2432562036067 -145.0060029987991
-1010.7412475270778 -145.73954621598125
-1010.7577052412182 -147.45559052273632
-1011.1088853178173 -148.85196749016643
-1011.2208614198119 -150.39269856259227
-1011.0302382705361 -152.11486653134227
-1011.2191376981884 -153.33975688263774
-1011.1594977227599 -154.8049024705589
-1011.0143541542441 -155.75279465958477
-1011.0213524398953 -156.82428613945842
-1011.305918603912 -158.5086480741203
-1011.9597937164456 -160.1578692559898
-1012.1176350859553 -160.95527432009578
-1011.8615275172144 -162.60965154215694
-1011.4345111099631 -163.98354587599636
-1011.3501192478091 -165.40745768591762
-1010.7401388434321 -167.01934466406703
-1011.1042817679793 -168.4747346405685
-1011.577053919211 -169.28319726035
-1011.1261510995776 -170.5274735455215
-1010.7426568714529 -172.22655520483852
-1010.8056885299832 -173.30112538382411
-1010.6088941691071 -174.59686956450344
-1010.9118491110951 -175.34290192171932
-1010.8039023203403 -176.74544236704708
-1010.7656426054984 -177.4803397421539
-1010.5933547241241 -178.14460990473628
-1010.1203115803748 -179.39051351591945
-1010.3243253750354 -180.15380743786693
-1010.9288156551868 -181.32111886784435
-1011.5041947884113 -182.49234489247203
-1011.7813809437305 -184.18494097039104
-1011.5927727741748 -185.21741262719036
-1012.051641426757 -186.65030578419567
-1011.6653209847957 -188.05923358246685
-1012.193034164384 -189.5334430103004
-1012.1136933413893 -190.90848354145885
-1011.8250552264601 -192.50586131855846
-1011.4083207992464 -193.60429230973125
-1011.2108820227534 -195.3036575679481
-1011.7125187066943 -197.13048163697124
-1011.6741563712806 -198.12398920103908
-1011.9676995610446 -198.9759045009315
-1011.5036349331588 -200.04913369461894
-1011.4021860768646 -201.20651558682323
-1011.1019180526584 -202.35580471798778
-1011.3518174698204 -203.18925348564983
-1011.3725080022216 -204.37192860886455
-1011.7558214196563 -205.80685583397747
-1011.4825306662917 -206.7927900914848
-1011.253463921845 -207.71086624905467
-1011.3717623704672 -208.52466861054302
-1011.613936265707 -209.8488852147758
-1011.2121307754517 -210.69596777006984
-1011.3253964388371 -212.06794307276607
-1011.6996440494061 -212.8156485323608
-1011.7953420782089 -214.0656372074783
-1012.2312589788437 -214.92396292731166
-1012.496619989872 -216.408277130574
-1014.1655211949349 -217.58531842276454
-1015.8191833996773 -217.7811255519092
-1016.7418373131752 -217.86751168116928
-1017.8733938241005 -218.1880485032499
-1018.9311128163338 -218.06421422109008
-1020.0733502411842 -218.05085704371334
-1021.9178498291969 -218.43746129319072
-1023.0652287507057 -218.44135817036033
-1024.9742758774757 -218.5862794135511
-1026.5734277272225 -218.76613796398044
-1027.4566116833687 -219.073954230994
-1028.191278924942 -219.62867153331638
-1029.6104530000687 -219.9217915301025
-1031.1811512613297 -220.37964565202594
-1031.9511401557922 -220.47882460698486
-1033.6632211112976 -220.4756608511135
-1035.1994970941544 -220.8454476500675
-1036.5829762125015 -221.65302150499076
-1038.2787295484543 -222.0159444416687
-1039.839816083908 -222.19452085148544
-1040.4804998540878 -223.45719852101058
-1041.717808713913 -224.1347319091484
-1042.034596105814 -225.05531527649612
-1041.9720500910282 -226.4590463842079
-1042.1891433948279 -228.24843718659133
-1041.955485110879 -229.04617764603347
-1042.3663361126185 -230.39851178776473
-1043.3847155624628 -231.93471207272262
-1043.6386346274614 -233.41021015297622
-1043.485109602809 -234.6534052098915
-1043.6949528211355 -236.54309978138656
-1044.0761354321241 -237.56697692524642
-1044.7030529135466 -239.12790813099593
-1044.3443852716684 -240.24572767864913
-1044.8065203481913 -241.34625711094588
-1044.894080502689 -242.6535170282051
-1044.564662975967 -244.52571739804
-1044.8589507767558 -245.6630740369484
-1044.4012287685275 -246.82987072121352
-1044.4033823886514 -247.7023627365753
-1044.73267295748 -249.0809292401001
-1044.6582676151395 -250.20209213148803
