-1095.24 -49.62
-1094.720755507946 -50.76059436321258
-1094.4594545567036 -52.703326935768125
-1094.1258624100685 -54.080973024368284
-1093.732153942585 -55.87930595397949
-1093.6897488737106 -57.092608804702756
-1094.0867654585838 -58.813192481994626
-1093.7290900850296 -60.748522396087644
-1093.416195770502 -62.39737689018249
-1093.2429370188713 -63.40424978256225
-1092.8930990600586 -64.65761470317841
-1092.6031373345852 -65.95248817920685
-1092.5078048610687 -67.76179503917695
-1092.3127422833443 -69.49616336345673
-1092.4790331029892 -71.03459214687348
-1092.6951930129528 -72.14248990535737
-1092.556366136074 -73.42489325523377
-1092.4658568704128 -74.80026983737946
-1092.3542925918102 -76.58733415126801
-1092.0931457185745 -78.38147758960724
-1092.1973206305504 -80.09673463821412
-1093.1509310507774 -81.96596717357636
-1093.1353921198845 -83.6709182214737
-1093.1578608357906 -85.39429401874543
-1093.271894132495 -86.66055094718934
-1093.131386911273 -88.35229932785035
-1092.7872537726164 -90.25542079925538
-1093.2380918616057 -92.0274809551239
-1093.174821024537 -93.75876104354859
-1093.1903922313452 -95.29327272891999
-1092.8394868725538 -96.61907970428467
-1092.616562193036 -98.45405947685242
-1092.6072400861979 -100.28474270820618
-1092.8390005284548 -101.93872510910035
-1092.8740061575174 -103.61474179744721
-1092.9350229257345 -105.25349521160126
-1092.4907725208998 -106.98203289031983
-1092.3437431359291 -108.8041344833374
-1091.3003561997414 -110.62412344932557
-1089.3885078930855 -110.65144624829293
-1087.8627050423622 -111.8095573437214
-1086.0145051980019 -112.74592056393624
-1084.4335269236565 -113.96602597355843
-1083.238870074749 -114.91361274838448
-1081.643147995472 -115.63657047867775
-1080.4376576447487 -117.26151480793953
-1079.6278747820854 -118.68696966290474
-1078.7196922802925 -120.36785116314888
-1078.025995721817 -122.24258914113045
-1077.5969583892822 -123.3907956135273
-1077.2753008508682 -124.96784510731698
-1076.9178333485127 -126.80111899495125
-1077.4943933093548 -128.48424413323403
-1077.2845399433374 -130.09212305665017
-1077.719047730565 -131.85465874791146
-1078.0642241591215 -133.45580735325814
-1077.6816342824698 -134.87167098641396
-1077.0557021850348 -136.77799215435982
-1076.979427022636 -138.579458142519
-1076.9244996288419 -140.16395297169686
-1076.7906441369653 -141.94374015450478
-1076.3414176085591 -143.3264234316349
-1075.9461197534204 -145.11069145321846
-1075.6694609203935 -146.38473262906075
-1075.7262657412887 -147.9585263979435
-1076.237620664537 -149.64799573540688
-1075.962351424396 -151.4252593767643
-1075.6686017939448 -152.19886692881585
-1074.9286306330562 -152.88786783337594
-1073.716224474609 -153.83126249432564
-1072.2248213717342 -154.6850678575039
-1071.1726404854655 -154.8866138112545
-1069.501824540794 -155.20041337132454
-1068.1346226164699 -155.41611517488957
-1066.4179516264796 -155.78934914886952
-1064.7245135733485 -155.92824907124043
-1063.2815206477046 -155.89913116663695
-1061.6241438814998 -156.3792154070735
-1060.6713412234187 -156.2957908165455
-1059.97425745219 -156.87450560450554
-1058.3246922323108 -157.2824189913273
-1056.4232836791873 -157.85751452565194
-1055.3276778289676 -158.26007100462914
-1054.4388704130054 -158.82790174603463
-1052.9418829509616 -159.01839078485966
-1051.7291041442752 -159.13323203742505
-1050.2279156276584 -159.47259325802327
-1048.9101255962253 -159.80131084740162
-1047.3307198116183 -160.1608679395914
-1045.385475499332 -159.48538703739644
-1044.1376290151477 -159.71402911365033
-1042.3150553533435 -159.5154769819975
-1040.8155567476153 -159.85333902657032
-1039.0492558309436 -159.8199646872282
-1037.6695955821872 -159.89969373762608
-1035.9393529722095 -159.90215892612935
-1034.321278078258 -160.07817123353482
-1032.6423940488696 -160.12069892406464
-1031.8400701710582 -160.57943918824196
-1030.8302177616954 -160.99739542126656
-1029.522161168754 -160.39161231637001
-1028.6126548478007 -161.08541938185692
-1027.295605582893 -160.9209587675333
-1025.3484319874644 -160.8573716905713
-1024.1117080876231 -161.2153831449151
-1022.4673424193263 -161.370995375216
-1021.7727348038554 -162.49915084511042
-1020.0026840397716 -163.44336542755366
-1019.3369501659274 -164.8098783221841
-1018.575936717689 -166.24826202064753
-1017.6288303562999 -167.93730291992426
-1017.4936158636212 -168.8774903741479
-1017.0371978858113 -170.23958763748408
-1016.5571819821 -171.35569963127375
-1016.3906907716394 -172.55397925049067
-1015.9883287528157 -174.16403708130122
-1015.3535474517942 -175.87234673172236
-1015.2639446163178 -177.65587064892054
-1014.763593723774 -179.23850652843714
-1014.2365597987175 -180.66283199459315
-1014.9444945955277 -181.77958807617426
-1015.4809041523934 -182.81241938740015
-1015.442770717442 -184.61780044704676
-1014.8758946636319 -186.13787243038416
-1015.4117373207212 -187.57852670818568
-1015.1048940697312 -188.6508719649911
-1015.0381487587094 -189.71198162704707
-1015.0156595611572 -190.70252391964198
-1015.3989322388172 -191.58446762233973
-1015.3015037828684 -192.3670043078065
-1015.4649732464552 -194.05545833975077
-1015.9160190278292 -195.72128060728312
-1015.8587975481153 -196.70056966215373
-1015.4595384576917 -197.51851335436106
-1015.6957026401162 -199.19419446855784
-1015.5624443718791 -200.6332214203477
-1015.4768086352944 -201.5512175884843
-1014.9649098792672 -203.33249572187663
-1014.9204394870997 -204.22719231516123
-1014.5363115721941 -205.16471401125193
-1014.7585550749302 -206.5818709459901
-1015.4290514194965 -207.58773306280375
-1015.4995080733299 -208.93151763349772
-1016.0470506453514 -210.02968672186137
-1016.7383843564987 -211.26428690820933
-1017.2819653654099 -212.39282301336527
-1018.5987532043457 -213.4431945410371
-1019.2735748791695 -213.82522240549326
-1020.7461292052269 -214.00507498055697
-1021.8084335827828 -214.41045511037112
-1023.4863899254799 -214.733671310246
-1025.0561280751228 -214.79066042870284
-1026.3985953831673 -215.3838941332698
-1027.3214628005028 -215.8794519481063
-1028.2818731570244 -216.5229849395156
-1028.9377120041847 -217.12217094272376
-1029.8682506585121 -217.5178032693267
-1031.0997541451454 -217.72217105597258
-1031.9548414254189 -217.29620166391135
-1032.894566705227 -217.73467885226012
-1033.552074661255 -217.03797166317702
-1035.1633884811401 -216.6898609277606
-1036.0442426109314 -216.46362383931876
-1037.2122887277603 -216.0651939687133
-1037.794382622242 -216.6613289293647
-1038.4790419840813 -217.79622353881598
-1039.3224721455574 -218.18702124327422
-1040.131294002533 -218.5271530327201
-1041.019997766018 -219.6681909736991
-1042.2237604165077 -220.0650773820281
-1042.7316664958 -221.6237932023406
-1042.383962919712 -223.17375357717276
-1042.8378952646256 -224.92775543302298
-1043.4214622879028 -226.55096908181906
-1043.8737419450283 -227.65486617654562
-1043.3789001607895 -229.54040845006705
-1043.4253373423219 -230.60782452195883
-1043.562821803391 -232.02145417302847
-1043.392459062636 -233.67066963285208
-1042.8111970105767 -234.35477836698294
-1042.579862562716 -236.0492289838195
-1041.3017667213082 -237.03707690805197
-1039.8467944541574 -238.03087647527457
-1038.7138907590509 -238.27990557521582
-1038.0517371574044 -238.66315885156394
-1037.1491598168016 -240.06856651872397
-1036.3750050345063 -240.4887562569976
-1035.1260285654664 -241.56348069280386
-1033.9140445271134 -242.08556171029807
-1032.8414305725694 -243.1158713874221
-1031.3216291943193 -244.04992909997702
