-1095.24 -49.62
-1094.673123767376 -50.96429132938385
-1094.5091316008568 -52.332060332298276
-1094.057406564951 -54.09066807746887
-1094.2302106374502 -55.70397030830383
-1094.3711944574118 -57.61786376953125
-1094.6203201168776 -59.21583163261413
-1094.575135281086 -60.582811946868894
-1094.2719030284882 -62.26766263961792
-1093.9259542131424 -63.96910798072815
-1093.5620563828945 -65.86441957473755
-1093.3023792409897 -67.77144562721253
-1093.2869052493572 -69.61418020248414
-1093.3638923817873 -71.46808778762818
-1093.2037035280466 -73.3672746372223
-1093.342865666151 -74.39425158023835
-1093.9347965919972 -76.28837465763092
-1094.6468659842014 -77.95825719356537
-1094.4254569762945 -79.77629303455353
-1094.6263598704338 -81.57520651340485
-1094.1002827191353 -82.72071969032288
-1094.3441976362467 -84.58381545066834
-1094.3827783370018 -86.47692632198334
-1093.9787068271637 -88.02976011753083
-1093.9716803634167 -89.38761770248414
-1093.91673894763 -91.11990224838257
-1094.198612114191 -92.63881909370423
-1093.9327607953549 -94.3287596654892
-1093.5619084143639 -95.69694792747498
-1093.621002470851 -97.588341588974
-1093.3884875231981 -98.4288458776474
-1093.2871101850271 -99.68285119056702
-1093.833410179019 -101.37227117538453
-1093.2966804260016 -102.88837372779847
-1093.4528128260374 -104.76534616470337
-1093.0313566976786 -106.42329549312592
-1092.1896452361345 -107.92349791049958
-1090.5289670878649 -108.8852959227562
-1088.8861630612612 -109.09524224221707
-1087.1304861956835 -109.48032415926457
-1085.7671542817354 -109.60870430886746
-1083.9972415620089 -110.39139566838742
-1082.6354460173845 -110.9943114322424
-1081.5897080355883 -111.39616141736508
-1080.5722872668505 -112.22864488780499
-1078.8354954177141 -112.65442285954953
-1078.1445354276896 -113.80844531476498
-1077.2011480981112 -115.30466137349606
-1076.32485879004 -117.23179302632809
-1076.384942522049 -117.92832861363888
-1075.8143162631989 -119.35497615754605
-1074.9950107240677 -121.23045609414578
-1074.5902084612846 -123.01431117475033
-1074.4758019649983 -124.68219957768918
-1073.9899576807022 -125.65045444190503
-1073.644672920704 -126.725480119586
-1073.5675792896748 -128.57821468532086
-1073.2630902731419 -129.8259973925352
-1073.0395769381523 -131.2645059031248
-1073.0599283629656 -132.913681666255
-1072.6500338965654 -134.557809035182
-1072.3557066375017 -135.42335991084576
-1072.1445539349318 -136.54061261832715
-1072.4999674910307 -138.22946004092694
-1073.0986644381285 -139.69438151538372
-1073.5932460778952 -141.4789414805174
-1073.9981809312105 -143.1102273863554
-1073.6111657077074 -145.0289435786009
-1073.2738832885027 -146.00725297152997
-1072.9552500897646 -147.44705621421338
-1072.1403496915102 -149.11869875609875
-1071.3282926732302 -150.48381082236767
-1070.2454945498705 -151.0833350223303
-1069.1082341128588 -151.27502314269543
-1068.353890722394 -152.57412282645703
-1066.919091051221 -153.33875201165677
-1065.2077310734987 -154.19429526746273
-1063.5756736451387 -154.622819404006
-1061.9358822757006 -155.17278800427914
-1060.6132366114855 -154.9166454178095
-1059.178981488347 -155.43083483994008
-1058.0524446421862 -156.00084508478642
-1056.3573619776964 -155.44275535166264
-1054.977702921033 -156.0450085502863
-1053.5441599541903 -155.8789686959982
-1052.1098112517595 -156.39069519460202
-1050.389421170354 -156.85805196583271
-1048.586040084958 -156.68373870372773
-1047.6149384433031 -156.47733264684678
-1045.790710633397 -156.56900184869767
-1044.114427869916 -156.3674178224802
-1042.9794763976336 -155.82976431667805
-1041.7652732783556 -155.94205456495285
-1040.8145929032564 -156.4311770451069
-1039.7996411973238 -155.9771870625019
-1037.8315189534426 -155.9397497315705
-1036.2790522032976 -156.01939669147134
-1035.277203028798 -156.33960026398302
-1033.5921344214678 -155.75383531942964
-1032.372153943181 -156.25085663691164
-1031.521313791871 -155.86714932218194
-1030.5831726843119 -156.5205136229098
-1028.9092556291819 -156.7529291202128
-1027.9182564669848 -157.4770160008967
-1026.5625067406893 -157.82245585218072
-1025.0861654931307 -158.93120881810785
-1023.9234817677736 -159.30832904472948
-1022.7483583146334 -159.93560188904405
-1021.6830316239596 -161.449547110945
-1020.3398171120882 -162.78762870922685
-1019.2138711863756 -163.34159248963
-1018.2218738251925 -164.0479264844954
-1018.007511844635 -165.61187225475908
-1017.3233365917206 -166.62054961815477
-1016.6946663761139 -167.52400344505907
-1016.5798306295276 -168.96545880928636
-1016.7306396493316 -170.69717079296709
-1016.2899414429069 -171.8806810964644
-1015.605260027349 -172.9410284151137
-1015.0798421630263 -174.68570703163743
-1015.578327281177 -175.52125650539995
-1015.8524080941081 -176.63850921288133
-1015.9848910698295 -178.11558169022203
-1016.1842585930228 -179.04272109165788
-1015.8898626992107 -180.16434723034502
-1016.2106977829337 -181.84110659256578
-1016.2090112024546 -183.62572342053056
-1016.0421932989359 -184.7291039814055
-1015.47177523911 -186.11594849720598
-1015.63297580719 -187.82644277706743
-1015.1848717832565 -189.4339882721007
-1014.6746057772637 -191.25309198990465
-1015.0113816761971 -193.07265967026353
-1015.0893057340384 -194.56039637222887
-1014.8706200176478 -196.0061101306975
-1015.381778126359 -196.91780251160264
-1015.1168225461245 -197.75026929274202
-1015.4278684908152 -199.44816553488374
-1015.97556907475 -200.7754502286017
-1016.0176248194277 -201.93282079592348
-1015.7620107473433 -203.22203850641847
-1016.2880573214591 -204.6491438139975
-1015.7844006361067 -206.1775885809958
-1015.459515863806 -207.5764311541617
-1015.4903126133233 -209.01322555437685
-1015.140275008753 -210.34510469332338
-1015.7935519290716 -211.46843469038606
-1015.9807247293741 -212.7797969569266
-1016.2104262483865 -214.1464971293509
-1017.3520411623269 -215.21138477221132
-1018.4871127975732 -216.09497809305788
-1019.610534228161 -216.59756123915315
-1020.5769723428041 -216.52382793918252
-1022.2067913783342 -217.2595716406405
-1023.0624385846406 -218.0241956998408
-1024.1161790860444 -217.90513802960515
-1025.1621055377275 -217.8111993212998
-1026.2497873080522 -217.97065810754896
-1026.9964184535295 -217.78806935146451
-1028.3401318562776 -217.81610591605306
-1029.0626252067834 -218.31759978726507
-1030.4961491001397 -218.37515158846975
-1031.4647335780412 -218.39765546366573
-1032.4767155421525 -218.2773477499187
-1033.8771433604509 -218.91442371055484
-1034.6358680499345 -218.87744609162212
-1035.9361905825883 -219.14121840044857
-1036.7578575385362 -219.72885224863887
-1038.0595998538286 -220.592437184304
-1039.4200593007356 -221.34678266093135
-1040.3946897757799 -222.5417134527862
-1040.8239557815343 -224.19395825907588
-1041.7581456971914 -225.52341256186367
-1042.6767106128484 -226.664602971524
-1042.759187213853 -227.7899588112533
-1042.7196774107963 -229.4624353413284
-1043.34638997145 -230.49535832449794
-1043.4767574889213 -231.80611023947597
-1043.4175327194482 -233.43068811938167
-1043.1505767477304 -234.89475665137172
-1042.928054041937 -236.50569567725063
-1043.1878631485254 -237.40180311247707
-1043.318054593876 -238.81039783999324
-1043.6584365738183 -240.4724291329086
-1044.0303427351266 -241.467434502095
-1044.411039270237 -242.48550901457668
-1044.3855173846334 -244.21227607771755
-1043.8590449949354 -245.15151248022914
-1043.9516197329015 -246.43071339175106
-1044.0356622298807 -247.72173688456417
-1044.560358639583 -249.28292152926326
