-1095.24 -49.62
-1094.634161105156 -51.536151285171506
-1094.4964064115286 -52.47824847221374
-1094.0753637903929 -54.05427801132202
-1093.737850522399 -55.8900445652008
-1094.1521996611357 -57.73104869842529
-1094.1137544715405 -59.55330645561218
-1093.8428794944286 -61.23426043510437
-1094.2292145693302 -63.08494388580322
-1094.426660259962 -65.05239867687226
-1094.2906998300552 -66.8670144033432
-1093.9076315665245 -68.82196068286896
-1093.9547256880999 -70.13284384727478
-1093.7053992056847 -72.01254093170166
-1093.413441529274 -73.89990698814393
-1093.8834320807457 -75.62781011581421
-1094.0383164787293 -77.18122970581055
-1093.7995520287752 -78.78095817089081
-1093.4901818984747 -80.14795839309693
-1093.1811256164312 -81.73741745471955
-1093.5259214395285 -82.97751128196717
-1093.4898599737883 -84.49282311916352
-1093.448518460393 -86.1205203485489
-1093.244029378295 -87.8080670785904
-1093.5999085062742 -88.75732039928437
-1094.086225246787 -90.0193114233017
-1094.0861721390486 -91.21738278388978
-1094.0810752415657 -92.83815502643586
-1093.9211969429255 -94.6339080286026
-1093.8233203345537 -96.03624248027802
-1093.7636821472645 -97.56938099384308
-1093.9063661301136 -99.32531344413758
-1093.6297113502026 -100.78700744628907
-1093.3554258847237 -102.65647363185883
-1093.3143735134602 -104.32843279361725
-1093.2625286781788 -106.17329620838166
-1092.6204469406605 -107.80480002880097
-1092.7560151124 -108.80170523643494
-1092.094656636715 -110.14105689048768
-1091.1339139842987 -110.53392403841019
-1090.1046203279495 -111.11491292238236
-1088.2777043485642 -111.8676111650467
-1086.494406094551 -112.0581376951933
-1085.0389153862 -112.96007363021374
-1083.3176119232178 -113.79565833032132
-1081.7242524528504 -114.33400557458401
-1080.2039685153961 -115.4673144620657
-1078.7759745025635 -116.53303358972073
-1077.9592167043686 -117.38936207711697
-1077.2411128783226 -118.79934046685696
-1076.4952973031998 -120.53131912171841
-1076.0306976342201 -121.97717390477658
-1075.8608713650704 -123.31277058541775
-1076.0514884346724 -124.41257522523404
-1076.3540128523111 -126.07826922357083
-1075.5946264320612 -127.24222801148892
-1074.968365316987 -129.00909946382046
-1074.376541262269 -130.12913475453854
-1074.0580418759585 -131.62506614148617
-1073.8292097204924 -132.58325562894345
-1074.0442379319668 -134.31474755227566
-1073.6937082314491 -136.17988727509976
-1073.68500374794 -137.72962627828122
-1073.8935743921995 -139.08790145337582
-1073.3486001843214 -140.92960939824582
-1073.8495008701086 -142.22375975072384
-1073.8469936230779 -143.838088850379
-1074.3814746120572 -145.27091191232205
-1074.0746687331796 -146.78501985490323
-1073.8527928867936 -148.04508850991726
-1073.4577760377526 -149.9351507228613
-1073.1267378607392 -151.1613868278265
-1072.5531268396974 -151.99643431127072
-1071.4232982674241 -153.2864268821478
-1070.301740078032 -154.57649145543576
-1068.7381543198228 -154.6258880597353
-1067.0648176947236 -154.83926806867123
-1065.7763250151277 -155.35653380572796
-1064.9769520440698 -155.9328074258566
-1063.2921707311273 -155.47386584699154
-1061.504384843409 -155.89680744230748
-1060.4492165723443 -156.1321541172266
-1059.2034451642633 -156.44564081251622
-1057.8419481197 -156.96990234673024
-1056.7248583713174 -156.60333187401295
-1054.904292909205 -156.92190093815327
-1052.9815050044656 -157.80299312889576
-1051.1244100013375 -157.90904968500138
-1049.7752916494012 -158.0213020247221
-1048.3042664209008 -158.47902540385724
-1046.446665493548 -158.56026654213667
-1044.5440122762323 -158.74239205092192
-1042.8818889537454 -158.3838821527362
-1040.9159871020913 -158.59230947762728
-1039.0429674068093 -158.6707584437728
-1037.5453344264627 -158.92953254550696
-1035.7529749551416 -158.78037861257792
-1033.9735812821984 -159.2523273256421
-1032.4689083972573 -159.7584013965726
-1031.5004586854577 -159.27476021915675
-1030.203244177401 -159.7243230071664
-1028.4465723910928 -159.42239621549845
-1027.2680976071954 -159.2769490209222
-1025.5671497264505 -158.9471467462182
-1024.5933667102456 -159.68015763431788
-1022.938235489428 -160.60937175422907
-1021.7112941423059 -160.84011391073466
-1021.1368332186341 -161.41925016313792
-1020.1847080269456 -161.82512942224741
-1018.7712194004655 -162.51554838091135
-1018.0046276727319 -163.58546391397715
-1017.9418149271607 -165.12399331003428
-1017.1728929558396 -166.46476057440043
-1016.9226744154096 -167.45168999105692
-1016.3290315845609 -169.34774032503367
-1016.3402810746431 -170.5242524471879
-1016.3479734638333 -171.60511830717326
-1015.7620050886273 -173.2840957966447
-1015.3267116823793 -174.48463180929423
-1015.4694602915645 -176.0572604265809
-1015.3835445323587 -177.89038887888194
-1015.7497817257047 -178.8790231075883
-1016.1924754360318 -180.5306217995286
-1016.1128234767914 -181.7560217705369
-1015.4444950127602 -183.20805314451457
-1014.905811419487 -185.13817599684
-1014.9841560029984 -186.4158779707551
-1014.7924329245091 -188.35215106874705
-1015.5558695995808 -190.10844651132822
-1015.3972401374579 -191.3219454613328
-1015.5203026884794 -192.66944113641978
-1015.0231080704928 -193.9336661425233
-1014.844698702693 -194.67662844330073
-1015.4514283889532 -195.94474694401026
-1015.8376115316153 -197.73245308071375
-1016.2961047047377 -199.53103181988
-1016.6960517519713 -201.2603985992074
-1016.467815926075 -203.04867467552424
-1016.8282461071014 -204.06185612350703
-1016.7180905097723 -205.09948739677668
-1016.7130523377657 -206.54605183273554
-1016.8568848574162 -208.22537514835597
-1016.1267928087711 -209.13457629352808
-1016.3340626859665 -210.51795372635127
-1016.4314241760969 -211.5178299871087
-1016.5065645629168 -212.76607188850642
-1017.0609814578295 -213.62668267160655
-1017.7033489400148 -215.39245024591685
-1018.8135663920641 -216.64773765474558
-1019.7304735833407 -217.65428200632334
-1021.4138675385714 -218.2022811499238
-1023.0089555436373 -219.01068100601435
-1024.0275051051378 -219.26301470667124
-1025.2785720282793 -219.5392529693246
-1026.9466285163164 -220.08340332180262
-1028.2513594084978 -220.17948358029128
-1029.1027236634493 -220.0147102651
-1029.79131085217 -220.07078595727683
-1030.7763250523806 -220.42506303161383
-1031.988502805829 -220.32874692499638
-1033.6343818360567 -220.48581428349019
-1034.974463647008 -220.76086259901524
-1036.298384731412 -221.50275881111622
-1037.55429477036 -221.7736455899477
-1038.3127158933878 -222.09517721354962
-1038.933766489625 -222.63474909484387
-1040.4063096100092 -223.22086534917355
-1040.777275865674 -224.33592865884305
-1041.3353747183085 -225.3237826627493
-1041.8876764827967 -226.20011750876904
-1042.548697834611 -227.09701905667782
-1042.8635052198172 -228.5897966426611
-1043.077098941207 -230.35886762559414
-1043.116024633646 -231.78453944146634
-1043.5315075719357 -232.82686207711697
-1043.8191022479534 -234.34745548188687
-1043.5655144655705 -236.18752334535122
-1043.5408804768324 -237.7745129865408
-1043.9918066614866 -238.46467814862729
-1044.7317074888945 -240.2043715518713
-1044.8345508033037 -242.03555713117123
-1044.7076274359226 -243.22622821748257
-1044.5111165696383 -245.11833904206753
-1044.3780801796913 -246.83330688893795
-1044.009820868969 -247.6163593930006
-1044.0004879587889 -249.08971587836743
