-1095.24 -49.62
-1095.7294560873509 -50.78648268699646
-1095.8964350426197 -51.59596377134323
-1095.8980459065735 -53.22377353429794
-1095.3131123872101 -54.97837453603744
-1095.240772755593 -56.404619390964505
-1094.7028845863044 -57.94367533445358
-1094.431054802388 -59.56608467817306
-1094.0123817043007 -60.34852236032486
-1094.7805273847282 -61.52482801198959
-1095.3034087733924 -63.275286252498624
-1095.2561551609635 -64.05903136253357
-1095.5450580993295 -65.06360864162446
-1095.429373984933 -66.87879347324372
-1095.5861365103722 -68.0709152173996
-1095.2039065563679 -69.41763960838318
-1095.588143607378 -71.00495433330536
-1095.2483842277527 -72.46768867492676
-1095.3153809139133 -74.25353681564332
-1095.1829016634822 -75.4197386455536
-1095.1351108977199 -76.21544110298157
-1095.3343382456899 -77.19420706748963
-1095.7298766949773 -78.41134404659272
-1095.6708952875435 -79.23062073707581
-1095.8917524905503 -80.16820513725281
-1096.1287772895396 -80.9077089381218
-1096.0249567569792 -81.75943552970887
-1096.127029927224 -82.48135333776474
-1096.0130503045023 -84.18840890645981
-1096.346687542051 -85.28144746541977
-1096.6159273253381 -86.27502291917801
-1096.4514002667368 -87.85523765802384
-1095.8133376704156 -89.13966041326523
-1095.8879910351336 -89.95368009328843
-1096.18933417812 -91.06758349657059
-1096.1845272162557 -92.89834612131119
-1095.8651832321286 -94.00080209493638
-1095.609915254414 -95.15230744600296
-1095.4852274411917 -96.81640785455704
-1095.1285825425387 -98.70281737565995
-1095.4667152816057 -100.35489528894425
-1095.1641249114275 -101.26745301008225
-1095.441735302806 -102.11534291028977
-1095.407950551957 -103.61440926313401
-1095.5385302470625 -104.59125715017319
-1095.0311736629903 -105.41382401704789
-1094.390289978832 -106.67057948827744
-1094.2025364206731 -108.45859270811081
-1093.7960886226595 -109.32995289087296
-1092.5602378116548 -110.6179390501976
-1091.760077522844 -111.45406287431717
-1090.3023946748674 -112.07802992582322
-1089.0334377752245 -111.91461145401001
-1088.0698131786287 -112.08742065250874
-1086.264365838617 -112.58521590650082
-1084.6820818649232 -113.0057113569975
-1083.747096823305 -113.69369624078274
-1082.5410668121278 -114.56663195312024
-1081.7171311245859 -115.0913241904974
-1080.63378535375 -116.27012560784817
-1080.1498619781435 -117.3297993940115
-1080.0617050395906 -118.99378488481045
-1080.0928119288385 -120.30796752393246
-1079.4648966656625 -122.00830457627774
-1079.3814082311094 -122.92640642344952
-1079.2381456659734 -123.92926315486432
-1079.5271418558061 -125.32697991549969
-1079.5559526251257 -126.36551622569561
-1079.4617878960073 -127.28098992526532
-1079.159024195522 -128.19266096770764
-1079.2677788303793 -129.85329882323742
-1078.4788316057623 -130.95886890113354
-1077.899484948963 -132.62051192939282
-1078.0768898890913 -133.61639312922955
-1078.2284296916425 -134.81594232738018
-1078.1057765947282 -136.32306508243084
-1077.6944027410448 -137.83218006312848
-1077.7389345632494 -139.08553806960583
-1077.804766805619 -140.83758095920086
-1078.1898310498893 -142.10966877162457
-1077.9310679750145 -144.0449996393919
-1078.0524613948166 -144.91071049392224
-1078.4333910734952 -145.99524442374707
-1078.556036771983 -147.24183217704297
-1078.263050379008 -148.30329434096814
-1078.0282212512195 -149.28548697650433
-1077.2274131195247 -150.09910945117474
-1076.69974631235 -151.69546655833722
-1075.4647622720897 -153.10865954577923
-1074.1814795152843 -153.8186836642027
-1072.8902705328167 -154.60238192498684
-1071.1747489587963 -154.5134172987938
-1069.4711468832195 -154.91512295126915
-1067.855602683276 -154.99047229707242
-1066.1230236904323 -155.28345928609372
-1064.7215672151744 -155.14012291550637
-1064.0091564671695 -154.777799243927
-1063.0784083621204 -154.83349100768567
-1062.1675050871074 -155.0744008076191
-1060.9939124004543 -155.17486885458231
-1059.10961395666 -155.2984270182252
-1057.368918837756 -155.48681082099677
-1055.8374533073604 -155.48506589502097
-1054.224203170985 -155.71866888076067
-1053.4843613521755 -155.71268803149462
-1052.1496106998623 -156.49205845862627
-1050.6467170135677 -156.83138019114733
-1049.045183839053 -157.09622797638178
-1048.135791362971 -157.27005350857974
-1047.4670424477756 -157.23349093168974
-1046.4976921097934 -157.04028941959143
-1044.6552691476047 -157.48651753634215
-1042.910775782317 -156.97982125252486
-1041.9461369530857 -156.80355747312308
-1040.597456099242 -157.10337980359793
-1039.1995010392368 -156.73962016671896
-1037.7774928824604 -156.7890274849534
-1036.2285305278003 -157.02819972008467
-1034.8260020034015 -157.4763927039504
-1033.9464051739872 -157.80046816438437
-1032.464969279021 -157.81188345223666
-1031.069370867461 -158.08599403768778
-1029.3666055218875 -158.0466248419881
-1028.7453953044117 -158.71268260747195
-1027.5799641625583 -158.74701382488013
-1026.028547527045 -159.49045218795538
-1024.6895509974659 -160.247562366426
-1023.1811546103656 -160.05320646137
-1022.2575771825016 -161.32297994464636
-1020.7345328347385 -161.73269050091506
-1020.1807423846424 -162.84687797993422
-1019.8982285277546 -163.73838810890913
-1018.6662863509357 -165.24439876049757
-1017.861656190604 -166.40953199833632
-1017.2529289142788 -167.86428134411574
-1016.7048931734264 -169.36181144684554
-1016.641556212455 -170.73859076470137
-1016.9110476465523 -172.37466745346785
-1016.9115942062438 -174.33462588757277
-1017.0239595265687 -175.6505800959468
-1016.4892028661072 -176.70061938732863
-1016.8081838281453 -177.70483653515578
-1017.1840754540265 -179.1873860833049
-1016.9886769296229 -180.03834764927626
-1016.6006727160513 -181.01277421683073
-1016.5320867241919 -182.54108427733183
-1016.6286029906571 -183.8885868665576
-1016.1697501631081 -184.61498581141234
-1015.8319503159821 -185.60211377114058
-1016.2294705303013 -186.6708676096797
-1015.728848734647 -188.0827488180995
-1015.5054159106314 -189.1446967598796
-1015.8552710355818 -190.09364770621062
-1016.0303545834124 -191.32322846621275
-1016.5766591669619 -193.15843330591917
-1016.3361949713528 -194.99078642100096
-1016.028792271167 -196.84633265703917
-1015.7590360732377 -198.13017963141203
-1015.3398139865697 -199.86510323256255
-1015.5440397055447 -201.4606242057681
-1016.1868698389828 -202.78422080248595
-1016.6292598636448 -203.92386196821928
-1016.5399919168651 -205.61412070959807
-1016.5153552608192 -206.51538394659758
-1016.3578422234953 -207.89685486525298
-1016.5203811244667 -209.1466776010394
-1015.8123267607391 -210.60427688330412
-1015.4514860229194 -212.23741637438536
-1015.7951956705749 -213.46271024912596
-1016.2665764705837 -214.55679248541594
-1017.1443979756534 -215.14553879469634
-1018.4887604729831 -215.4511908170581
-1019.6645005957782 -216.40688173741103
-1020.7579669968784 -217.09830598801375
-1021.7022069709003 -217.2881907400489
-1023.0923026816547 -217.7705954489112
-1024.2162259833515 -218.0314985689521
-1026.1001166121662 -218.35618682473898
-1027.8504736439884 -217.94667406648398
-1029.6085127608478 -218.19152774184943
-1030.867492558211 -218.79321976274252
-1032.7713979499042 -219.08350019425154
-1034.499683381766 -220.08077602356673
-1035.7777260558307 -220.20597438782454
-1036.7161227481067 -220.57532041043044
-1038.0917781607807 -220.8229588147998
-1039.2455710189045 -221.81065295904875
-1040.0924443022907 -223.27584027022124
-1040.3688100592792 -224.5159039375186
-1041.5796719805896 -225.84814797610045
-1041.953928770274 -227.23498188227416
-1042.0517973022163 -228.28660284250975
-1042.2045464234054 -229.77218471735716
-1042.531729670018 -231.26473938196898
-1042.8877745883167 -232.2309303161502
-1043.4512860791385 -233.50473188132048
-1043.7562708871067 -234.8996589061618
-1043.6982607410848 -235.98081194132567
-1043.9890822337568 -237.4094165441394
-1043.8008933977783 -238.232051717937
-1044.0990559773147 -239.58241652220488
-1044.515293868035 -240.46764014929533
-1044.9071845428646 -242.20634554594756
-1044.6323789672554 -243.8244383212924
-1045.1492680029571 -245.24768065184355
-1045.11744249776 -247.13376961916686
-1044.7891952188313 -248.72833572596312
-1044.9673804284632 -249.89406608313323
