-1095.24 -49.62
-1094.8210031294823 -51.47012555122375
-1095.3859321975708 -52.85956787586212
-1095.0202246809006 -54.05552756309509
-1094.853740682602 -55.99431740760803
-1094.8830637985468 -57.8743089389801
-1095.2811532074213 -59.826886172294614
-1094.9259917193651 -61.60677384853363
-1094.7146224731207 -63.135837907791135
-1094.2317218536139 -65.04979335784913
-1093.9105904453993 -66.51387607574463
-1094.3951799625158 -68.39419137954712
-1093.9755403155089 -69.95947396278382
-1094.0296808087826 -71.17084919929505
-1094.732975026369 -72.61203252792359
-1094.693254058957 -74.11475979804993
-1094.6184268796444 -75.49478971481324
-1094.9339483582974 -77.2313749742508
-1094.768340935707 -78.5161615562439
-1094.432312002182 -80.10456478118897
-1094.7021375501156 -81.86589705467225
-1094.9184738004208 -83.10091924190522
-1094.5658737921715 -84.92575013160706
-1094.6269765624404 -85.91139482975007
-1094.8159090408683 -87.65536915779114
-1094.747655620575 -89.219365234375
-1094.8645648935437 -90.90880989551545
-1094.5279264131188 -92.54457246780396
-1094.5175735482574 -94.0019922208786
-1094.3198837766051 -95.25389050960541
-1093.911555481851 -96.99982511520386
-1093.812398506105 -98.8790298652649
-1093.5491148659587 -100.04068696022034
-1094.0162252017856 -101.95761179447175
-1094.650803847015 -103.51467251300812
-1094.7334603497386 -105.0274376821518
-1094.7986227104068 -106.7997925233841
-1094.2001720497012 -108.3271682214737
-1093.6067408153415 -109.79967236042023
-1092.4651684591174 -110.85001921176911
-1090.8137540647388 -111.6434324336052
-1089.3785372802615 -111.90792253136635
-1087.6466213294864 -112.7155015718937
-1086.1370574066043 -112.97067567229271
-1084.9218966791034 -113.8797363293171
-1083.6052318641543 -115.11278429150582
-1082.0730875560641 -116.2282847416401
-1081.030178410709 -117.26078465104104
-1079.858230573833 -118.84450843453408
-1079.1878844329715 -119.57086118578911
-1078.5382236072421 -121.03871020197869
-1077.9901013204455 -122.74126550078392
-1078.0426907891035 -124.34468027472496
-1078.4467563682795 -125.79756137251854
-1077.8313772135973 -127.62033840537072
-1078.3057309442759 -129.5206436765194
-1077.8137074166536 -131.3951315534115
-1077.500770753026 -132.74407287955285
-1077.375434448719 -134.40837618231774
-1076.9002982878685 -135.20123019337655
-1077.2843628430367 -136.7141360294819
-1077.15470515728 -137.4991437447071
-1077.2578451091051 -138.98474111676217
-1077.069831957817 -140.85851791024209
-1076.617018749714 -141.8226889026165
-1076.9650413894653 -143.43530186533928
-1076.8337792658806 -144.65685793280602
-1077.0310005897284 -146.43638059020043
-1077.549506997466 -148.42384382605553
-1077.7275762313604 -149.3834612619877
-1076.6059093230963 -150.88103058457375
-1076.3138955587149 -152.34688165307045
-1075.0483137124777 -153.23499896645546
-1074.1858645433188 -154.2785421860218
-1073.36203656137 -154.8181785595417
-1072.2747624868155 -154.73757446825505
-1071.6406732553244 -155.4041040045023
-1069.9922523254156 -156.0701961618662
-1068.3257479423285 -156.6255179744959
-1066.7618856185675 -156.5295780402422
-1065.9854221099615 -156.40027953207493
-1064.2564143890143 -156.75240952789784
-1062.6311642879248 -157.24594352662564
-1061.1656696552038 -157.287075432837
-1059.9680115932226 -157.65142017871142
-1058.592497562766 -157.7952493157983
-1057.151797389388 -158.42802372843028
-1055.961762046218 -158.92272395163775
-1054.238329386115 -159.47136652737856
-1052.9133096688986 -159.30618949502707
-1051.5109746211767 -158.9072211560607
-1050.2860282415152 -159.37702535361052
-1049.2635859006643 -159.20308134227992
-1047.9900382512808 -158.98919621378184
-1046.1553780788183 -159.3556374040246
-1045.0391320937872 -158.98737901717425
-1043.6572926992178 -159.04148526385427
-1042.3735192769766 -158.7751674194634
-1041.6214664334059 -159.08392743662
-1039.7169013375044 -159.33500347927213
-1038.011930500865 -159.89661775425077
-1036.6164994591475 -160.03457373276353
-1035.3672309273481 -159.83749936416746
-1033.9877513998747 -159.71491528943181
-1032.421724831462 -159.21848483279348
-1031.393717443347 -159.43297314539552
-1029.7231511229277 -159.61557012692094
-1028.0483125799894 -159.9666317690909
-1026.2758974188566 -159.78361475363374
-1025.2099879139662 -160.43104445829988
-1024.2869556301832 -160.80974084034563
-1023.5291425341368 -160.8259625722468
-1022.4579435938597 -161.58033546701074
-1021.5911398881674 -162.471629588753
-1019.9255183690786 -162.87075036659837
-1019.1899769061804 -164.42348736420274
-1018.7205829077959 -165.75086992874742
-1017.6383232527971 -167.15790361061693
-1016.8924782329798 -168.53299444809556
-1016.9738165044785 -169.71006983414293
-1016.9961739236117 -171.25648397102952
-1016.4524040871859 -172.6433568586409
-1016.5799999588728 -174.42927366390825
-1016.2261513525248 -175.8287751068175
-1016.3967084342241 -176.52059906616807
-1016.0917604619265 -177.99975830212236
-1015.913343077302 -179.5767965902388
-1016.3030269497633 -180.62849897041917
-1015.6790886873007 -182.0461354841292
-1015.3480885082483 -183.88796597614885
-1015.2665203863382 -185.36820572510362
-1014.9957085603476 -186.66902428761125
-1015.3498506301642 -188.29578131332994
-1015.9646945947409 -190.11242681637407
-1015.5802461856604 -191.38263517513872
-1014.9971258991957 -192.65955644741655
-1015.0601952576637 -194.0632436861098
-1015.026975979805 -195.26749831333757
-1014.6925112807751 -196.55474990502
-1014.9768001639843 -198.13570171490312
-1015.0952576676011 -199.56461554661394
-1015.3729315081239 -200.8315621007979
-1015.2418281415105 -202.4520387043059
-1014.8962157943845 -203.79500752583147
-1014.4299097040296 -205.34150940075517
-1014.6692732998729 -206.15252071514726
-1015.0094746479392 -207.62015646591783
-1015.6834868320823 -209.01728719368577
-1015.7405427524448 -209.7033534039557
-1016.6976058313251 -211.51361870661378
-1017.1617871651054 -212.79800319567323
-1018.840988291204 -213.64078003063798
-1020.354817045629 -213.6758172799647
-1021.9384665617347 -214.46756604209543
-1023.172628415525 -214.62912300124765
-1024.008528006971 -214.85826106265188
-1025.3853804001212 -215.03176791861654
-1026.5379845032096 -215.13300713047386
-1027.2069938907027 -215.44759266719223
-1028.4821867474914 -216.00822728022933
-1029.274822665155 -216.6812065754831
-1030.5971925982833 -216.9713075374067
-1031.4962303170562 -217.15440293297172
-1033.161901308 -216.824746093601
-1034.784313751161 -216.72215432569385
-1035.4773678311706 -217.31123436138034
-1036.840790463388 -217.9390497867763
-1037.8175512084365 -218.31329215213657
-1038.5038622149825 -218.6274133090675
-1039.2217054495216 -218.52646905824543
-1039.9039478430152 -218.5443058077991
-1040.4877756366134 -219.1601091091335
-1041.7575820216537 -220.53657586023212
-1042.638312292993 -222.3086879913509
-1043.1182752081752 -223.2476345960796
-1042.9119334945083 -223.97422075912357
-1042.688529087007 -225.18254793331027
-1043.5090814360976 -226.65222812339664
-1043.8140586742759 -228.13186479255558
-1043.187744809091 -229.4247019354999
-1042.8796292373538 -230.8970891301334
-1043.400754315555 -231.96666062518955
-1042.8617641755939 -233.49323738262058
-1042.2016615697742 -234.9579085175693
-1040.883769018352 -236.13162887737155
-1039.492438299358 -237.39642859146
-1037.849534971416 -238.63651979610324
-1036.3303451368213 -239.91124725982547
-1035.2727817127109 -241.19342828437686
-1034.0170532295108 -242.39902461215854
-1032.7423454353213 -242.42905486270786
-1031.5692773887515 -243.16941732808948
-1031.7616129645705 -243.91986966773868
