-1095.24 -49.62
-1094.009142985344 -49.30852087855339
-1092.790809264183 -49.06209018349647
-1091.4688745641708 -48.35977807164192
-1089.9456485414505 -48.317659254074094
-1088.060589184761 -48.6300459754467
-1086.2472354078293 -48.905213649272916
-1085.1526904010773 -48.72860356688499
-1084.2120377922058 -48.73026468873024
-1082.3145967626572 -48.21935799241066
-1080.9831052923203 -47.419654513597486
-1079.108716955185 -47.56032108783722
-1077.3275149965286 -47.88152855157852
-1075.5522675418854 -48.11391707777977
-1073.6820447349548 -48.13351615786552
-1072.0823694372177 -48.42449983477592
-1071.1235445642471 -47.96402826428413
-1069.342820634842 -48.27382570028305
-1067.428111782074 -47.856320734024045
-1065.6949424648285 -47.96525570273399
-1064.4853048229218 -47.78711166501045
-1062.9287834072113 -48.03909545660019
-1061.0937418842316 -48.3324505341053
-1059.4935055875778 -48.57021161437034
-1058.079389681816 -48.54223811149597
-1056.2159203195572 -48.80982207775116
-1054.819846739769 -48.91724159836769
-1053.033726682663 -48.801095898151395
-1051.8377337360382 -48.948068792819974
-1050.8899804258347 -49.151312495470044
-1049.434339632988 -49.192754889726636
-1048.7424799108505 -49.03264376044273
-1047.4767771863937 -49.186742479801175
-1045.9966863298416 -48.77064394474029
-1044.100524058342 -48.820232744216916
-1042.788324584961 -49.10583549261093
-1040.8785071277618 -49.20773268014192
-1039.0335260534287 -49.058012845814225
-1037.887715330124 -50.28858435422182
-1037.0892661714554 -51.71051132947206
-1036.8826353901625 -53.01155007153749
-1036.6113377565146 -54.316995742619035
-1035.7685627692938 -55.99942362576723
-1035.0973461025953 -57.80763185292482
-1034.9932409206033 -59.42721927434206
-1034.6187060156465 -61.22230160504579
-1034.9036963263154 -62.93916237622499
-1034.9121899732947 -64.16448080807925
-1034.1926697024703 -65.73234534531832
-1034.530264211595 -67.62589216500521
-1033.8368441590667 -69.10652518540621
-1033.4900029429793 -70.28104603558779
-1033.3052315840125 -71.65954530507327
-1033.0988224574924 -73.41530943185091
-1032.748733741939 -75.13441491395236
-1032.8075592273474 -77.11205363541842
-1032.5022859328985 -78.92579245835543
-1032.218802278638 -80.87683511048556
-1032.2454460801184 -82.23215210705996
-1031.9506335796416 -83.18439746171236
-1031.8374308215082 -84.62188029557467
-1031.745227085203 -85.91149544984103
-1031.838172839731 -87.7401580837369
-1032.1107389198244 -89.20475578576327
-1031.5596900449693 -90.3927619484067
-1031.206630782932 -92.10696387559176
-1030.8413320349157 -93.98677623540163
-1030.527125941366 -95.77712536126376
-1030.7302798496187 -97.13363075524569
-1030.3948321209848 -99.01064706116915
-1030.294209124297 -99.95266348391772
-1030.168162213415 -101.71292859584094
-1030.3265055434406 -102.49004048377276
-1029.4780603067577 -103.5037530091405
-1029.0621384994686 -104.85663301020861
-1028.7878543154895 -106.37420422106982
-1028.2370265738666 -107.90352446109057
-1028.080590607375 -108.41286647588015
-1027.603175045699 -109.5960638549924
-1026.2888176457584 -110.42915308743716
-1024.752312900275 -111.9754924800992
-1023.6378928439319 -112.43984937936068
-1023.1081026808918 -113.73808360368014
-1022.0815248505771 -114.70660060912371
-1020.9925026910007 -116.02346736460925
-1020.2748528139293 -117.50248056918383
-1019.7280780689418 -119.21625083953143
-1020.018663199395 -120.69306153327227
-1019.8755174742639 -121.97317582637072
-1019.6841836290062 -123.86035591632128
-1019.0857783870399 -125.32324093848467
-1018.6642681674659 -127.08942419558764
-1018.5625475810468 -128.2370179322362
-1018.3964063839614 -130.00186389952898
-1017.8901480154693 -131.4179992106557
-1017.6338869051635 -133.15995317965746
-1017.7455589489639 -134.2065264609456
-1017.4321961121261 -135.03778690367938
-1018.0177411155403 -136.70860094100237
-1017.7848069684208 -138.56547636061907
-1017.5381401793659 -140.07445591956377
-1017.7724168466032 -141.94874972373248
-1017.9992464350164 -143.57174295455218
-1017.7246492670477 -145.15437251597643
-1017.8768691883981 -146.22942620784045
-1017.6093443797529 -147.6112329390645
-1017.7514506594837 -149.08320039778948
-1018.2496595995128 -150.389985742867
-1017.740377189368 -151.9573217061162
-1017.3892064706981 -153.28825956851244
-1017.1740525232256 -155.17592841655016
-1016.9657785908878 -157.1084414151311
-1016.5489994899929 -158.33060986071825
-1017.0803353206813 -159.86763483554125
-1016.5399045960605 -160.9911534217
-1016.2807740585506 -162.25568837195635
-1015.6720492260158 -164.11026710540057
-1015.5081953720749 -164.92081982165575
-1015.6847501264513 -166.4956633475423
-1015.7459761218727 -167.33158189326525
-1015.3093552009761 -168.90984636813403
-1015.6243719176948 -170.5494564202428
-1016.033780695647 -172.12821072608233
-1016.0038772875071 -173.71846074134112
-1015.3761150890589 -174.8159356740117
-1015.0870443040133 -175.83123523265124
-1014.8129374438524 -177.40871411830187
-1014.4878551417589 -178.66586774855853
-1015.0355553680658 -179.55191445618868
-1015.1542494648695 -181.2434871223569
-1015.0176172757149 -182.39166248112917
-1014.7249282205105 -184.07774353295565
-1014.6363038176298 -185.4844104078412
-1014.8037331902981 -186.24084067612887
-1015.0159795188904 -187.11548280984164
-1015.3951508307457 -188.8122365501523
-1015.34929524526 -190.58835149079562
-1015.8955241309106 -192.01017475396395
-1016.2329408989847 -193.63300168782473
-1016.353486956805 -194.75452637940646
-1016.6752495186031 -196.5462968376279
-1016.4294968561828 -198.3133558061719
-1016.1893588022888 -199.72091162472964
-1016.1495409214497 -201.41743886739016
-1015.5237655246258 -202.08739346534014
-1015.6345213481784 -202.91663265496493
-1015.7640565463901 -203.75327372819186
-1015.187765879333 -205.46607339650393
-1015.6102149912715 -206.4594329622388
-1015.6762229630351 -208.0759793546796
-1016.5076569148898 -209.2799243953824
-1017.3500795790553 -210.56748724251986
-1018.491173786819 -210.8496111062169
-1019.768867892921 -211.7522206929326
-1020.8776777216792 -212.31368750602007
-1021.9716030785441 -212.7746093299985
-1023.3185965248942 -213.04436651140452
-1025.1503402420879 -213.53726780682803
-1026.2011069485545 -213.41225880652667
-1026.8830905386806 -213.57253256708384
-1027.541361195743 -213.82036283880473
-1028.2915388771892 -214.70004919439555
-1029.2994280287623 -214.27517807751894
-1030.476297301948 -214.9495314386487
-1031.3606212565303 -214.91292703419924
-1032.8894602486491 -215.18942007690669
-1033.985264224708 -214.9846217957139
-1034.766700310409 -214.98875861138106
-1036.0356502959132 -215.052364217937
-1036.8578292557597 -214.67942483991385
-1037.9013536402583 -215.7072928723693
-1039.330478233993 -216.00856496661902
-1039.808460278213 -217.24263407558203
-1040.6190440484881 -217.96762670844794
-1041.6057978102565 -219.24845756858588
-1042.1569009253383 -220.50399770110846
-1042.2536182531715 -222.31131853431464
-1042.1614172288776 -223.28476371139288
-1042.4880184957385 -224.80987276405097
-1042.219343675077 -225.80614544719458
-1042.3954362997413 -226.86373211711646
-1042.6674184033275 -227.7207794365287
-1042.8773534724116 -229.42086030811072
-1042.6820390203595 -230.6372318443656
-1042.589082916975 -231.65370954841376
-1042.6278641277552 -233.0525902685523
-1042.2701228016615 -234.9137726005912
-1041.5492248886824 -235.84597648948431
-1040.2830535525084 -237.20265950530768
-1039.7947969788313 -238.55860401958228
-1039.556714271903 -239.57256140083075
-1038.5609144324064 -240.43368865817786
-1037.2231419438124 -241.46061267226935
-1036.3421031588316 -242.21370853751898
-1036.1254281157255 -243.1684287366271
-1035.0568346136808 -244.28511829942465
