-1095.24 -49.62
-1095.742244412899 -51.49260484695434
-1095.5287316197157 -53.287234420776365
-1095.5383734086156 -54.956917519569394
-1095.0542285123468 -56.19186388969421
-1094.4803911724687 -57.73367642879486
-1094.0651033499837 -59.40820979595184
-1094.0221555808187 -61.144521112442014
-1093.8147996494174 -62.65970491886139
-1093.6070820966363 -64.47824191570282
-1093.292223213017 -66.34910964488984
-1093.5786593833566 -68.2902321767807
-1093.3214242139459 -69.71818816184998
-1093.2747950831056 -71.31843745231629
-1093.2263039925695 -73.2258486700058
-1093.1759035268426 -74.35852062225342
-1092.9229268410802 -76.04834889888764
-1092.6589487472177 -77.54494261264801
-1093.1858203092218 -79.36936401844025
-1093.2879388162494 -80.64021908760071
-1093.783727092445 -82.51499139785767
-1093.4081643649936 -84.25283967971802
-1093.2903536984325 -85.74027788162232
-1093.0168086716533 -87.37359630584717
-1093.0421615669131 -88.73809873580933
-1092.9445606598258 -90.23815690994263
-1093.7917975315452 -91.43252491474152
-1093.6277017870545 -92.20640724420548
-1093.2545721510053 -93.86471348524094
-1092.9535527804494 -95.53324084997178
-1092.7674580791593 -96.53749030351639
-1092.725241420567 -97.46326952695847
-1092.97591209203 -99.03454786062241
-1093.0420772114396 -100.31838982820511
-1093.1752831020951 -102.09240418195725
-1093.0281853953004 -103.504368121624
-1093.0544363239408 -105.27968984365464
-1092.6016525009275 -107.05222588300705
-1092.1866600492597 -108.5781019282341
-1091.2173756340146 -110.16988247156144
-1089.6591742017865 -111.34154253721238
-1088.3077635744214 -112.21782201051712
-1086.6522653082013 -113.21321588277817
-1084.953695652783 -113.73116391420365
-1083.6150317171216 -114.16688328504563
-1082.0845009067655 -115.20789640665055
-1080.4026737192273 -116.44365852594376
-1078.981386540234 -117.40801196813584
-1078.4676789024472 -118.90048795461655
-1077.3417140224576 -120.54077642679215
-1076.7923712709546 -122.0536103796959
-1076.0959909537435 -123.5251417708397
-1075.836379108727 -125.36138563871384
-1075.4087995269895 -126.99551504373551
-1075.0824911275506 -128.90850823640824
-1074.7338876405358 -130.49965112924576
-1074.2497923651338 -132.07937806367875
-1074.2328152039647 -133.51092189073563
-1074.0615840384364 -134.86406057596207
-1074.249101010859 -135.8136977505684
-1074.5414450743795 -137.47816699266434
-1074.2547638991475 -138.80831890821457
-1073.9982478001714 -140.30128591775895
-1074.151544419825 -141.7220868420601
-1073.591906515658 -143.28054064035416
-1073.4607445129752 -143.98336940526963
-1073.365482775271 -145.42611580610276
-1073.017359701693 -146.16964274168015
-1073.0665409395099 -147.285476500988
-1073.157871721089 -147.9743016910553
-1072.8345962443948 -149.3583131980896
-1072.0210132279992 -150.5539748620987
-1071.260146228373 -151.68776368618012
-1069.7755523601174 -152.3189684700966
-1068.5910770574212 -153.47211259126664
-1067.4131481328607 -154.36636894464493
-1066.2637363353372 -155.0477475476265
-1064.9813449063897 -155.69934403419495
-1063.175226418078 -155.9946568262577
-1061.4650200286508 -155.90659020364285
-1059.8632660785318 -156.63862655580044
-1058.34831592232 -156.54720337212086
-1056.8715271630883 -156.7730077904463
-1055.7482254186273 -157.4634702605009
-1054.7511497417092 -158.06177685678006
-1053.3945865312219 -157.79348243296147
-1051.7758235612512 -158.39042855322361
-1049.9949232020974 -158.83763043105603
-1048.4395217576623 -158.77745383501053
-1046.9930056014657 -159.00961839675904
-1045.6023984828591 -158.4145607304573
-1044.4489955583215 -158.85282232880593
-1043.4494798460603 -159.10765820264817
-1041.905166772902 -158.93703709065915
-1040.0775302925706 -159.40791542351246
-1038.459981469214 -158.96734357893467
-1036.785654334128 -159.35812033236027
-1035.7026417532563 -158.78377545893193
-1034.492862252295 -159.0743239325285
-1033.6982955613732 -159.13667549461127
-1032.3705401101709 -159.62710063427687
-1031.6651224771142 -159.67052026361227
-1030.4178162494302 -159.13482471078635
-1028.697605816424 -159.25441207259894
-1027.4124536195397 -159.06628981500864
-1025.7401644864678 -159.2214332845807
-1024.5348442474008 -159.93461573392153
-1023.1350053229928 -160.45557654172183
-1021.8716953673959 -161.3588085797429
-1020.6271181979776 -162.15836215287447
-1019.5936757007241 -163.05348879367114
-1019.0043565908074 -163.97647828131915
-1017.8879022279382 -165.66886896163226
-1017.8314068594575 -167.35518390208483
-1017.0713946500421 -168.09466403990984
-1016.3412396588922 -169.5173243907094
-1015.6671444454789 -170.9703320887685
-1015.2531319537759 -172.78662795096636
-1015.1277466097474 -173.96926445037127
-1015.3006740191579 -175.01643771201373
-1015.0848909893632 -176.6050588515401
-1015.0675304213166 -177.74267012149096
-1015.0911426076293 -179.34869128733874
-1014.8638651797175 -180.8673421767354
-1014.9407788345218 -182.70947379142046
-1015.6062493750453 -184.10017532378436
-1015.1106458732486 -185.34931987792254
-1014.8920740613341 -186.89866215258837
-1015.1644892522693 -187.9495103982091
-1015.1906751410663 -189.396169128716
-1014.6677477376163 -191.18671888381243
-1014.3186170475185 -192.02249914675951
-1014.5478809790313 -193.4077202704549
-1014.4206249134243 -194.60614532500506
-1014.7363126294315 -195.58471089869738
-1014.724369661659 -196.96090489894152
-1014.5406379120052 -198.17382055789233
-1015.2114737050235 -199.42690044909716
-1015.4485727564991 -201.215624871552
-1015.1227503137291 -202.06780088216067
-1015.0164246277511 -203.50910818845034
-1015.0439622493088 -204.69550752907992
-1014.643446931392 -206.2769387987256
-1014.6356727720797 -207.6961327818036
-1014.5217347086966 -208.69196796685458
-1014.7192617894709 -210.45790004998446
-1014.5670761705935 -211.56744718819857
-1015.6229831816256 -212.91061902314425
-1016.046237641722 -213.9970247772336
-1017.0206795872748 -214.82298881083727
-1017.6969273032248 -215.7869924929738
-1018.9509288014472 -216.2646525529027
-1020.455996388346 -216.86293584376574
-1021.2831815423071 -216.84116304188967
-1022.4998933018744 -217.5496553209424
-1023.7471247853339 -218.32834953337908
-1024.8242788256705 -218.59421792894602
-1025.4904726685584 -218.65430166095496
-1027.098955744654 -219.2521028098464
-1027.8952960909903 -219.59643604129553
-1029.1121116818488 -219.72189978033305
-1030.397333496958 -220.23074022203684
-1031.2650238217414 -220.42985840409995
-1033.1505280674994 -220.76723654836417
-1034.0294116677344 -221.11342676252127
-1035.0407340468466 -221.04432203143836
-1036.8771042765677 -221.48328824609519
-1037.8048180879653 -222.24558951228857
-1039.3163089098036 -222.81126971811057
-1040.319632703215 -223.6713470992446
-1040.628369832188 -224.8051839646697
-1041.3036190511286 -226.54944761365653
-1042.0936476828158 -227.76411541074515
-1042.8226251246035 -229.21518202394248
-1043.0065273584426 -231.02765114873648
-1042.8900147618353 -232.07788773149252
-1043.1628014983237 -233.21378131479025
-1043.0370986701548 -234.67752214044333
-1043.0207823754847 -235.88427897065878
-1042.886998692304 -237.53601356118918
-1042.6947469206154 -238.29518504709006
-1042.7452889175713 -239.8634913739562
-1043.4197310896218 -240.90150685876608
-1043.1655479760468 -242.41774340242148
-1043.0801308692992 -243.8099666413665
-1042.8152012766898 -245.1891318139434
-1042.845515602976 -246.57296343415976
-1042.5945081056655 -247.98902483552695
