-1105.6 10.64
-1104.3492150068282 11.3630863571167
-1102.876000022888 11.983922793865204
-1101.0246451854705 12.236775949001313
-1099.1203371047973 12.241682305335999
-1097.6421142578124 12.550547345876694
-1095.6904886722564 12.374916001558304
-1094.7016355752944 12.84577535033226
-1093.4945910930633 13.144966795444489
-1092.6694518089294 13.20778584420681
-1091.704643344879 13.468769460320473
-1089.9296151161193 12.786123424172402
-1088.2135979890822 12.814210287630559
-1086.8857000827788 12.918366588056088
-1085.7091188192367 13.21479377835989
-1084.3744748592376 13.7392094501853
-1082.8457952499389 13.893983147442341
-1081.775342440605 14.502765558063984
-1080.3639501094817 14.084498427212239
-1078.6368230342864 14.17125198930502
-1076.7707253456115 13.722045398652554
-1075.4512675762176 13.238961584270001
-1073.565505361557 13.559068269431592
-1072.0611313343047 13.285434193313122
-1070.1835108757018 13.610892928540707
-1068.829511976242 13.436370722353459
-1067.507574892044 13.33970152527094
-1066.3854466438293 13.909352354109288
-1065.0601343870162 14.040033108890057
-1063.4565829992293 14.379891551434994
-1061.6450831651687 14.2061805793643
-1059.8534528970717 13.646462387740613
-1058.5626282453536 13.448688782155514
-1057.0006575345992 13.982837415635586
-1055.1707162618636 14.50158200353384
-1053.7783488988875 14.605809494256974
-1053.0652015566825 14.621295064091683
-1051.8731420397758 14.530285670757294
-1050.726706302166 14.625814332962037
-1049.7278236508369 14.651759907007218
-1048.3130900025367 14.10981117129326
-1046.445342695713 13.471589490175248
-1044.8773372530936 13.454004642888904
-1043.7319978833198 13.875699934884906
-1042.2437354683875 13.933564861640335
-1041.102708852291 13.635098298415542
-1039.806444442272 13.600149323567749
-1038.7549658179282 13.901098390445114
-1037.3364713549613 14.410414298400283
-1035.7992052197455 13.921631445512176
-1034.066687977314 13.967845079824329
-1032.2181357502936 13.676126179620624
-1030.441942489147 13.457561266943813
-1028.5282985329627 13.058103573843837
-1027.051312959194 12.834083226844669
-1025.258678472042 12.77754209689796
-1024.2288905739783 12.862379183396698
-1022.4718383908271 12.731841598972679
-1020.6163624882697 13.404853974804283
-1018.8759819626807 13.888127123340965
-1017.826886332035 13.895802804604173
-1016.7174734234809 14.137756013646722
-1014.9776314854621 14.429462516084314
-1013.1056808590888 14.230864339843393
-1011.7803713440894 14.416377001777292
-1010.0595202803611 13.822025590911508
-1008.8382169365882 14.06551306821406
-1007.4476670384406 14.015124311074615
-1005.9635310530662 14.240234737619758
-1004.571375286579 13.904307400211692
-1003.3207602858542 14.111894523128868
-1001.5916313290595 14.502659027799965
-999.7170529723167 14.784959619268776
-998.3795780301093 15.066665892824531
-996.8689788937568 15.084473003968597
-995.2168932318687 15.500374396666885
-993.8257996201514 15.466407795771957
-992.2398863196372 15.5853410115093
-990.548736488819 15.225285535082222
-989.6046618580817 15.363928665742279
-988.219555056095 15.571380918249488
-987.5050998687743 15.237843607887626
-985.8649405002593 14.931780343279243
-984.2043388843535 14.59400076173246
-982.6368922948836 14.7265344312042
-981.0840605258941 14.261037533506752
-979.2287194490432 14.338478108271957
-978.081149315834 13.922924240455032
-976.2106129884719 13.997735930010677
-975.0807982444762 14.2162620549649
-973.6560340881347 13.816965532824398
-972.6285922288894 14.296286714598537
-970.685597872734 14.335547265931964
-969.4572171926498 14.097915050908924
-968.6228428840636 13.94677397362888
-966.9240095376967 14.115419474765659
-965.4727964162826 14.407649127170444
-964.3089532613753 14.271671456620098
-963.3131373286246 14.334429954513908
-961.5573482871055 14.043828581795097
-960.0533411860465 14.009019934907556
-958.7138119101523 14.027080738320947
-956.8198259234427 14.045562410131097
-955.7745576262473 13.778085642829538
-954.4382129073142 13.635112041011453
-953.4428707122802 13.665703854858876
-951.946913576126 13.132976613342763
-950.3380769252776 13.102843988090754
-948.7697793006896 12.889253932386637
-947.0548511505126 12.295206505209208
-945.8331781387328 12.554818558841944
-944.0072235822677 12.621781158596278
-942.3497309446334 13.207593965679408
-941.3140871286391 13.714536416679621
-939.9508964776992 14.245364952236415
-938.6074089765548 14.68723894968629
-936.8904098033904 14.33399032369256
-935.5846289157867 14.215879219919444
-934.5041731357574 14.276161450296641
-933.0384611845016 14.332730117589236
-931.6342663526534 14.546877923756838
-930.2757831573485 14.412033963352442
-928.3841472625732 13.975002694278956
-927.2037909984588 13.705506342798472
-925.8022604942321 13.120459813028575
-924.2861732006072 13.0242450119555
-923.345818376541 12.848600167185069
-921.5135276079177 13.400870043188334
-920.745008444786 13.378449145108462
-919.7385123729705 13.275875273495913
-918.0047565460204 13.254158364012838
-916.166156387329 13.43262955673039
-915.0001150131225 13.257612289264799
-914.1882211923598 13.036946715191007
-912.291125512123 13.005474620833994
-911.1551664829253 12.561602884307504
-909.6424804687499 12.823087119832635
-908.6624300241469 13.15458246447146
-907.2962552070617 13.12813964612782
-905.9457273244857 13.659266383722425
-904.1683065652846 13.335586489513517
-903.204267835617 13.828226597383619
-901.7083682775497 13.648462907746435
-900.7618115901946 13.480438501909376
-899.9053376674651 13.883083285167814
-898.6321601629256 14.190677405670286
-896.985370850563 14.1656816316396
-895.8344325780868 13.47577080257237
-894.9985527753829 13.62923301883042
-893.4594039678573 13.337888346388937
-891.5795855283736 13.534024627283216
-890.0947888851165 13.705497444942594
-889.2010440587997 13.78644299633801
-887.9527981042861 13.857341648414732
-886.7569973230361 13.89022073276341
-885.5022140502929 14.231687934473157
-884.5364972114562 14.113019951954485
-882.6297071933745 13.614901223555208
-880.9272681236266 13.636471343562008
-879.8289748191833 14.144212377592922
-878.2117713451385 14.097240922376514
-876.4387802839278 14.215931323692203
-874.7896307468413 14.089779896065593
-873.4645671606063 13.427187604233623
-872.3857625484466 13.170729470774532
-870.863825058937 13.877366495653987
-869.2598538160323 14.333417755886913
-867.5183893203734 14.766207916066051
-866.6088579654693 14.766321194693447
-865.0678460359572 15.104981047436596
-864.3278895378112 14.776850086972118
-862.69055685997 14.927805451080204
-861.008171892166 14.439048079177738
-859.9691769838332 14.308898208066822
-858.1362008810042 14.546230149790645
-856.3184373140334 14.897480857893825
-854.5452259540557 14.611574215218425
-853.3130024433135 14.388959181830288
-852.4607280254363 14.512328011319042
-851.7468408107757 14.882432979866863
-850.3347984313964 14.357685667797924
-849.3306741476058 13.858045977875591
-847.9422704935073 13.223509890362621
-846.5345133304595 13.14276085548103
-845.2649947166442 13.428526413962246
-843.9927024602889 13.71396992854774
-843.2353614926337 13.649829645976425
-841.5263556599616 13.413226058110595
-840.1505759119987 13.04934599004686
-838.5466221928596 12.806401689872146
-836.7877537369727 13.50917287670076
