-1105.6 10.64
-1103.8432676553725 9.91331304550171
-1101.9882944583892 9.743215843439103
-1100.0335387945174 9.570174842476845
-1098.0719270467757 9.620141922831536
-1096.1674439668654 9.636510103344918
-1094.2144822835921 9.254628180861474
-1092.6351790189742 8.590254485011101
-1090.6685029029845 8.238882541060448
-1088.853947854042 8.179847914129496
-1086.8656462192534 8.418682548552752
-1084.9927484750747 8.869158718138934
-1083.506140565872 8.804640728384257
-1081.596329307556 8.303073603063822
-1079.7328428983687 8.333038802593947
-1077.7616288423537 8.476550485342742
-1075.7903771162032 8.741591717451811
-1073.8467038631438 8.613713498562575
-1071.8851638793944 9.044404263943434
-1070.0411163330077 9.110489200204611
-1068.2685947179793 8.58401627406478
-1066.3352123260497 9.02506617769599
-1064.518523311615 9.496403198093176
-1062.6601441860198 9.419496427625418
-1060.747040247917 9.287306513041258
-1058.7823776960372 8.710050071924925
-1056.8431498765945 9.015451724976302
-1054.9540252447127 8.635992284268141
-1053.184704518318 8.909761364907027
-1051.2250953674315 9.32174247071147
-1049.2650624275207 9.10993724629283
-1047.4823912143706 9.533589597195387
-1045.6861439704894 9.075208063572646
-1044.0253412485122 8.826149071902037
-1042.0555505514144 8.956892441362143
-1040.1023750066756 9.074275697916747
-1038.1567196607589 9.345129127949477
-1036.2169728040694 9.400038439184428
-1034.4183201551436 9.729504335075617
-1032.4955656290053 10.210351634174586
-1031.0619657993316 9.860769379287959
-1029.1571618080138 9.868778664022685
-1027.2717463731765 9.503295737653971
-1025.7147179603576 8.832029539495707
-1023.7576724052428 8.118882852941752
-1021.8976789474486 8.296303230673075
-1019.9553190231322 7.909760612398387
-1018.004539823532 8.1400415481627
-1016.2110451221465 8.163074541240931
-1014.2517668962478 8.157613526433707
-1012.4343974351882 8.663866828531027
-1010.9971058130263 8.982227753251792
-1009.1151401758193 9.112929354757071
-1007.1670725107192 9.47308070525527
-1005.2315331459045 9.475053335875273
-1003.3532427310943 9.352086629122496
-1001.6346148014068 8.775707329958678
-1000.773807799816 8.221687521189452
-998.8315019965171 8.736462737768889
-996.8605502009391 8.408876653164626
-995.2170219779014 8.167996849268675
-993.2745843291282 7.645653034895659
-991.2920036673545 7.912898744791747
-989.829165971279 8.41579952403903
-988.4499700427054 8.790851529091597
-987.0629972577094 8.69997720733285
-985.20368591547 8.890010091811419
-984.0346397519111 9.171101007014514
-982.2399114727973 9.326442751437426
-980.3250717282294 9.12422097042203
-978.6124718546866 8.274741116315127
-977.1998473763465 8.410456079393626
-975.4197011351584 8.698306697756053
-974.0445659518241 9.091198849827052
-972.1383734107017 9.268330443054438
-970.4017579913138 9.692327010780573
-968.8463480830192 9.464727941304446
-966.9231677412986 9.506751041263342
-965.0823345541953 9.523647236973048
-963.311284816265 9.56762352898717
-961.3834803462028 10.215917262583972
-959.6176698565482 10.52978810980916
-957.8378877997397 10.672542292028666
-956.0529436230659 10.155856388956309
-954.1522871613502 10.529425996690989
-952.7899796128272 10.094331252723933
-950.8512233853339 10.354517895132304
-949.0564240574836 10.652900028377772
-947.6080620646476 10.13471202865243
-945.9235908150672 10.547923851162196
-944.2748803257941 11.108078050762416
-942.4778542876243 10.395395565181971
-940.8709679007529 10.879968452602625
-938.9424254059791 10.407352912575007
-937.0528538584708 10.566888931542636
-935.5184694886207 10.428858819752932
-933.6902968049048 10.75925606802106
-932.1730133652686 10.432597431689501
-930.2865738034247 10.707165154963732
-928.4097949624061 10.470389220267535
-927.0853375554084 10.714177224189044
-925.2396587491035 10.541996437460185
-923.3949870228766 10.38245134368539
-921.5359462857245 10.0328678072989
-919.8929261326789 9.82833727017045
-918.3656642794608 10.246325153261424
-916.4782104849814 10.408527541309596
-914.5230862259864 10.536344739943743
-912.576604759693 11.02717718794942
-910.7546625494956 11.194871875792742
-908.9447670340537 11.0354325504601
-907.0008027911185 10.958298880010844
-905.788305556774 10.903698607683182
-904.134342944622 10.406972303390503
-902.9899258971213 10.331051244735718
-901.3778574824332 10.660922601222993
-899.7588672995566 10.987355514764786
-898.1727872252463 10.851515128612519
-896.5544656872748 10.92319551050663
-894.6841340422629 10.793456285595894
-893.4518431782722 10.502236574292183
-892.4703270554542 10.505120325703174
-890.8688441872596 10.72224490704015
-889.6174171328544 11.070149559397251
-887.8230197787284 11.522952932734043
-885.9451113104819 11.536914650220425
-884.2941136717795 11.601041722912342
-882.4611513972282 11.859573472160847
-880.918089544773 12.10205582143739
-879.1367043614387 11.985429894048721
-877.4985014557838 11.789095725733787
-875.6902886986732 11.54839956374839
-874.3982479929923 11.382266815621406
-872.682898557186 11.298450570423157
-871.8566885352134 11.075013827402145
-871.0734292030334 10.553782652933151
-869.2989156007766 10.380850802976639
-867.6585074424743 10.423450689632446
-865.7717226505279 10.689213197547943
-864.6285712480544 10.907533448059112
-863.3993787527083 11.034896623212845
-861.9214836120605 11.337074648458511
-859.9695383071899 11.015363734085113
-858.7452739238738 10.949884284157307
-857.809547638893 11.101467627901584
-856.406319952011 11.1415460816212
-854.6543701648711 10.81146932752803
-852.8396049499511 11.379817616064102
-851.4587658405303 11.323778923470528
-850.3890486717223 11.4481015762873
-848.7450352668761 11.305019285399467
-847.2848263740539 10.892824586350471
-846.1246573686599 10.91151142852381
-845.0662836790084 10.216837055850775
-843.5743521213531 10.050136066842825
-842.3839062213897 10.50359789269045
-840.979348874092 10.54220330329612
-839.8711166143416 10.758200894910843
-837.9476426601409 10.792780633885414
