-1105.6 10.64
-1103.7975018978118 11.1545503282547
-1101.8315108776092 11.712387397289277
-1099.8648818492888 11.916167869567872
-1098.4583545684814 11.813675827682019
-1096.6835572481154 11.725273191332818
-1094.7155676841735 11.81857551574707
-1092.7801071166991 11.731655306518078
-1091.3517327070235 12.001153595149518
-1089.4254636526107 11.772053129374981
-1087.4944840431212 11.600102267563344
-1085.5091746807097 11.619880191385747
-1083.5383306503295 11.357063583433629
-1081.5523289203643 10.944301418364049
-1079.574885702133 10.567548594772816
-1077.6872926712035 10.210994205772877
-1075.7678509712218 9.875706247389317
-1073.8683913707732 10.557171515524388
-1071.9285626173018 10.916631809771062
-1069.974014019966 11.392722896635533
-1068.0590936899184 11.494947946965695
-1066.0822469949721 11.558765082955361
-1064.1022827386855 11.968933969140053
-1062.2109340190887 12.421724438071251
-1060.3556574344634 12.648626759052277
-1058.7031489372253 12.204637064933777
-1056.8827687263488 12.471451058387757
-1055.267236328125 12.089031174182892
-1053.5180958271026 11.715670301914216
-1051.6002152919768 11.415465071201325
-1049.7908779144286 10.750534846782685
-1047.9497006893157 10.616789832115174
-1045.9683198690414 10.60118600293994
-1043.9967819213866 11.128327573984862
-1042.100795841217 11.351939048022032
-1040.6511888265609 11.762842352837325
-1038.6741707086562 11.113074834793807
-1036.8003734111785 11.607219274491072
-1034.8519797086715 12.008175130337477
-1032.9586354255675 12.149592261165381
-1031.0783601760863 12.32610468134284
-1029.1213119983672 11.7268140719831
-1027.1783762931823 11.069020073264838
-1025.3012146711349 11.091070178300143
-1023.4605856895446 10.981354604810477
-1021.7276878118514 11.224565963596106
-1019.7389580965041 10.75672916635871
-1018.1635372400283 10.781741193830968
-1016.6235049724578 11.134568027555943
-1014.6922214984893 11.384507290422917
-1012.8612271308898 10.918261996805668
-1010.8782537937163 10.537101856768132
-1009.4550821542739 10.96761100679636
-1007.489727115631 10.727686307728291
-1005.5275274276732 10.354708246290684
-1003.8636302709579 9.985613725483418
-1001.937764263153 10.670116267502308
-1000.023010110855 10.873773268759251
-998.0718071222304 10.656786120831967
-996.9187192678451 11.082403756082059
-995.2102126836776 11.487300074994565
-993.8240372896194 11.896963096559048
-991.8962524890899 12.054702989161015
-990.1375417470931 11.28619366079569
-988.2336938142776 11.385267644524575
-986.252030467987 11.008796184659005
-984.5111292362212 10.721326052546502
-983.119384741783 10.746246637180448
-981.3253459692 10.572116406038404
-979.6798720121383 11.033216269090772
-977.7090677976607 11.181148038581014
-976.9229423761367 11.09094275660813
-975.1323045253753 10.57485182709992
-973.4194073438643 10.144477860406042
-971.9335106372832 10.098596015349031
-969.9873316049575 10.147502833381296
-968.1836776494979 9.629872375503183
-966.679025030136 10.13012784101069
-965.2488012075423 10.015705460086465
-963.3634774446487 9.713262730613351
-961.6669914484023 9.488890403285623
-959.7078263521194 9.97130038715899
-957.8426632642745 10.318918728604913
-956.4555326461791 10.131885552182794
-954.9352966308593 10.722346389070154
-953.0866755008697 10.69938301421702
-951.9445873260497 10.228809052482248
-950.1231328010558 10.122971178367735
-948.3668437957763 10.454731704071165
-946.8002608776092 11.092788876369596
-944.9155350685119 11.58445406086743
-943.3056968212127 12.08073079712689
-941.4972558975219 11.620582581833006
-939.8298848628997 11.394569234326482
-937.9835229873656 11.479609878137708
-936.3255251407622 10.986488492563367
-934.6388295650481 11.14605452246964
-932.7246359348296 11.533926801159978
-931.4679789304732 11.333371059373022
-929.6556675195693 11.498260678127409
-928.2452022790908 11.610211373642088
-926.622382736206 11.668100790455938
-925.5962135553359 11.23041309542954
-923.9088612556457 10.986982764080167
-922.0710290431975 10.957708322778345
-920.0796040058135 10.43477489925921
-918.5764556884765 10.967299484983087
-916.7153577566146 10.990100049749017
-915.4865381479262 11.437067681327463
-913.5342528581618 11.266382419839502
-911.8342605590819 11.389209905043245
-909.9412544727325 11.818951615467668
-908.2623200178145 11.592977413311601
-906.6937997102737 11.082237967625261
-904.9785593509673 11.28530041255057
-903.1281258821487 11.394721509292722
-901.5559718370437 10.945888639762998
-899.7581819057464 10.67607945330441
-897.8405188083648 10.98023721702397
-896.1886301994323 11.359309048727155
-894.2879456043242 11.716923476532102
-892.449061012268 11.86789335437119
-891.1410158634185 11.92880781121552
-889.2151001453399 11.951271311715246
-887.4325996398925 11.976791964247823
-885.7123235225677 11.648254857733846
-884.3000060081481 11.022978172972799
-882.5450912475585 10.387951122000814
-881.0953365325927 10.91579507417977
-879.1587505102157 10.822162331417204
-877.744073486328 11.075746746137739
-876.3920532226562 11.595447213724256
-874.5522409439086 11.747956366613508
-872.7303770542144 12.013679833486677
-871.5677846431731 11.824684487059713
-870.799183166027 11.826501743271947
-869.0163338541984 11.83940403290093
-867.4390656113624 12.117569611743093
-865.8471632361411 12.080392451360822
-864.1989163517951 12.136402384713293
-862.6323348641395 12.412157492116094
-860.7466618180274 12.197750018313528
-859.0666728377341 11.809841976836324
-857.5118694663047 11.227388368323446
-856.0217919707297 10.925362483933569
-854.490988767147 10.284630851224065
-852.5915947318076 10.555363969281316
-850.9051922917365 10.198309884741903
-849.2138479113578 9.82873360939324
-848.1169528126716 9.379503921940923
-847.1878621339797 9.293882028535009
-845.6682235956191 9.961275832131506
-844.4848878145217 9.781915263608099
-842.7923177242278 9.5932589931041
-841.0819450378417 9.949933366253973
-839.8175554037093 9.415303663685918
-838.7065016984939 9.5539261264354
-837.5146108627318 9.944877581074834
