-1105.6 10.64
-1104.5478439092635 11.172305717468262
-1103.7540130972861 11.997577621936799
-1102.6185337662696 12.545501663684846
-1101.0828780293464 12.489598079919816
-1100.2471507549285 13.468833311796189
-1098.5370468854903 13.699473901987076
-1097.207126712799 14.426309987306595
-1096.2165962219237 14.790659561157227
-1095.4022223711013 14.60840825676918
-1093.603306031227 14.856482147574425
-1092.312083339691 14.405231415629387
-1091.082862830162 15.069063722491265
-1089.6154314041137 14.860251381397248
-1088.2159650087356 14.531834437847138
-1086.673371887207 14.773603125810624
-1085.2986376047133 14.379545851945878
-1083.6333824157714 14.888551160097123
-1082.3868535518645 14.555483504533768
-1080.5548363685607 14.319124414920807
-1079.8235050797462 14.650277211666108
-1078.4830818533896 14.897635772228242
-1077.196532166004 14.814645148217679
-1075.6429585576057 14.508263565003872
-1074.9260447978972 14.275586120188237
-1073.0682900905608 14.510583958923817
-1071.9683055639266 15.077877364456654
-1070.0662038087844 14.976257688701153
-1068.605957007408 14.727068848311902
-1067.3312554121017 14.86261666506529
-1066.5489485621451 15.310752935111523
-1065.6003983974456 14.957095808684826
-1064.8369264364242 14.597601957023144
-1063.828001832962 14.812036193311215
-1062.394408082962 14.461447037160397
-1061.23869535923 14.048005379140378
-1059.7574392318725 14.461274511516095
-1058.0469347000121 14.099444157779217
-1056.7063386201858 14.139369598925114
-1055.2235806941985 13.882379225790501
-1054.3665517926215 14.17181878477335
-1052.6699900984763 14.36373428195715
-1051.4206662535667 14.85393083781004
-1049.8821707129478 15.16338992804289
-1048.821459686756 15.809610433280469
-1047.4199411034583 15.646321661174298
-1045.5796901345252 16.165187067687512
-1043.6848640799521 15.968960292041302
-1042.2670535206794 15.419580049216748
-1040.9990157246589 15.370181496590376
-1040.034397637844 15.474934700280429
-1039.0197852015494 15.63252562597394
-1037.9353632092475 15.951609257012606
-1036.9195639252662 16.151302310973406
-1035.624491250515 15.657333764582873
-1034.5623088240623 15.195664498358965
-1033.4821508288383 15.329669895917178
-1032.3536715865134 15.659569892436267
-1030.9371292948722 15.277630630284548
-1029.28387311697 14.960604879409075
-1028.178865945339 15.247031304389239
-1026.4845544457435 15.296389754265547
-1025.047507917881 15.16561814710498
-1023.7807206273078 14.932849075049162
-1021.9316984772681 14.662029709070922
-1021.0116449952125 14.381128873080016
-1020.0204185605048 14.578858520239592
-1018.9313928246497 15.09312262699008
-1018.2202157139777 15.47788026496768
-1017.3146669030189 15.095568950623274
-1016.1092845559119 15.31359619960189
-1015.0791867136954 15.083948488682509
-1013.5579300284385 14.679617162197829
-1012.5042323231696 14.403521026819945
-1011.0318824410438 14.227817963212729
-1009.9459976315497 14.38815795943141
-1009.1474603772162 14.834500487297774
-1007.7853248476981 14.911090123802424
-1006.7094667315482 14.878988276571036
-1005.5368006587028 14.743559162467719
-1003.7225429177283 14.869731153696776
-1002.3388059496879 15.519567097872496
-1001.1757103562354 16.052977408617735
-999.6155274271964 15.777403499335051
-998.5860617518424 15.319273556917906
-996.8735309004783 15.952726866453887
-995.9050174117087 15.660204346626998
-994.903253352642 15.151801045387984
-994.0332147240638 14.777896221131087
-993.1827686190604 14.365155424326659
-991.7684468388557 14.619674886912108
-990.2893343329429 14.41885014936328
-988.5794620871543 14.760453607290984
-987.3138302922248 14.689108486622573
-986.178366100788 14.972549165934325
-985.339732325077 14.80121793910861
-983.72055259943 14.975026126354933
-982.8384391427039 14.954693462103606
-981.6392572283744 14.645142342299224
-979.9367971777915 15.107309188097716
-978.3199644446372 15.761239732950926
-977.6001854300498 15.886339526027442
-976.4274149298667 16.213659386485816
-974.8243983149528 16.381424452513457
-973.3399165034293 15.86194267436862
-972.4449464440345 16.067698146551848
-971.7859353184699 15.722940381020308
-970.9999792933463 15.537257264703513
-970.0128801226615 15.678537483662367
-968.7725444197654 15.526379506438971
-967.9338546156882 15.211506436914206
-966.4542602658271 15.67164329752326
-965.0433597922324 15.964226703494788
-963.4283891081809 16.116862218230963
-961.7278579831122 15.757347057908774
-960.2108840107917 14.913062404245139
-959.3849541902541 14.951378534883261
-957.9952287435531 14.522588353008032
-956.7432740688323 14.042951534837485
-955.9810586333274 13.603966723531485
-954.9063916563987 13.965691308826209
-953.946643269062 13.375245194286109
-952.6921693444251 13.196501965969802
-951.2208911538123 13.470112379044295
-949.397088086605 12.796352799385787
-948.1769682526588 12.764253883957863
-946.4745198845862 12.426962553858758
-944.8402446866035 12.702154397368432
-943.7383364796638 12.853168919086457
-942.2390210986136 12.533646866083146
-940.5818111062049 12.693898364305497
-939.3248181700706 13.067829653024674
-937.8011141180991 13.256942003369332
-936.8034117579459 13.277362904846669
-935.0534819722175 13.365106962025166
-933.6516166090964 13.837833873331547
-932.2639538407325 14.318880281746388
-931.5025240540504 14.064677826464177
-929.971385872364 13.263442448675633
-928.612788593769 13.128482959568501
-927.0462130665778 12.666338614523411
-925.772649681568 12.409074894487858
-924.9165858387946 11.92095567971468
-923.5792892336844 12.366495929062367
-922.0907553791999 12.478575802743435
-921.0621567130088 12.081690377891064
-920.3002480626105 12.317331276237965
-919.008198416233 12.22738087117672
-917.6349673628806 11.929481475949288
-916.0435520768165 12.061571418642998
-915.0265833497047 12.080950766205788
-913.8668750882148 11.98311380982399
-912.2719575524329 12.261795475482941
-910.3248907685279 11.949742391109467
-908.6291474461555 12.103684052228928
-907.1375950932502 12.092790968120099
-905.5745189547538 11.98996884316206
-904.2842272877692 12.514719314277173
-903.0433887600898 12.641541577279568
-901.2695907711982 12.835729799568654
-899.6670225024222 12.931153885424138
-898.134472644329 13.058666012585164
-897.418886399269 12.784420243799687
-896.4363028764724 12.307584367096425
-895.2957157850265 12.07172586709261
-894.2519672870635 12.049798104315997
-892.5209048748015 12.555917534381152
-890.9335131406783 12.971024009734393
-889.2732671260833 13.162189933806658
-888.3484965324401 13.569219115525485
-886.8967728376388 13.480988349169493
-885.8207649946212 13.671914662569762
-884.9058882951736 13.491943593472243
-883.6169501304626 12.930210347622634
-882.9271073698997 12.865323479622603
-881.8590221762656 12.355605836361647
-880.4719815611838 12.806026066988707
-878.8782927155494 12.384700353592635
-877.2632300019263 12.877145941704512
-876.133346235752 13.406636233776808
-874.683649098873 13.773035462349654
-873.2922910809516 13.446645374745131
-871.7509830355643 13.793576951473952
-870.587263739109 13.558720822781325
-869.5277238249778 13.60008437499404
-868.1530316233634 13.810413699001074
-867.3554325461387 13.609608124345542
-865.9881257176398 13.10106505021453
-864.3494667172431 13.103710952550173
-863.015954530239 13.106476406902075
-862.0793289303779 12.70588664278388
-860.858577287197 12.221390913575888
-859.8393169999122 12.233265395611525
-858.1235652327537 11.752992297858
-856.9325942158698 11.718962977975607
-856.2274120807647 11.703504327088595
-854.5895689487456 12.227064851075411
-853.2289653778075 12.361742261201144
-851.5486997127532 12.438707317560912
-850.0349967241286 11.905541803091765
-848.7175572872161 12.34479978248477
-847.366879081726 12.567940096706153
-846.5589707851409 12.399078424423934
-845.1814642906188 12.866130079478026
-843.267580127716 12.764247644096613
-841.7370124816894 13.119357186704875
-840.4269526958465 13.587325710207224
-839.5702944755553 13.93431063309312
-838.7752634048461 14.022661003619433
-836.9104529380797 13.685302379876376
-835.985447025299 13.506210032254458
