-1105.6 10.64
-1105.24944255352 12.14776743888855
-1105.1226656794547 13.297562255859376
-1103.24250177145 13.259361281394959
-1101.3303176522254 13.198714747428895
-1099.4319912552833 13.313975229263306
-1098.4208822607993 13.091330333948136
-1096.5244033694266 13.278935804367066
-1094.6174896121024 13.704821630716324
-1092.696521437168 13.781421347856522
-1090.8389647364615 13.801795556545258
-1088.953677690029 14.36444897890091
-1086.9993329405784 15.02445419073105
-1085.0732741713523 15.359249606132508
-1083.1468918681144 15.23146022796631
-1081.1904387831687 14.710703029632569
-1079.2624667048453 15.15327246427536
-1077.3210898995399 15.082010805010796
-1075.5572629332542 15.269900857806206
-1073.738666331768 15.394240393638611
-1072.1320838093757 15.015177294015885
-1070.157957112789 15.453643574714661
-1068.3797337174415 15.761916294097901
-1066.4846380114554 15.572551980018616
-1065.0773225188254 15.047653987407685
-1063.2223888993262 14.686454966068268
-1061.4279946446418 14.64106392800808
-1059.6036724209785 14.852537750601769
-1057.6436344742774 15.686769067645074
-1055.7116488575934 15.459599688053132
-1053.9431835770606 15.481570466756821
-1051.9984407782554 15.147177740335465
-1050.615565574169 14.719530894756318
-1048.7498450636863 14.939934625625611
-1047.052074944973 15.065738841295243
-1045.1275821089744 15.143107644617558
-1043.4439063429832 14.976997039616109
-1041.5890552163123 15.686621151268483
-1039.7585984826087 15.332755170166493
-1037.9108657002448 15.335635206997395
-1036.5361242651938 16.04544206649065
-1034.7870221495627 16.30896376758814
-1033.7426169276237 17.31375586181879
-1032.700450336933 17.981710187494755
-1032.4145758211612 18.628338626921177
-1031.54421133399 20.24723987966776
-1030.8085820138454 21.73233096987009
-1030.529334849119 23.2595685043931
-1030.0760382473468 24.341234973967076
-1029.9546776026486 25.57586877733469
-1029.847632920742 26.9219015160203
-1030.20841730237 27.895835749208928
-1030.133266916871 28.558149627745152
-1029.303375056386 29.499725512564183
-1028.534739485383 31.003658227026463
-1028.0271704107522 31.64418160110712
-1028.5046777039765 33.18908738285303
-1028.0251952320336 34.080334774553776
-1027.099792292714 34.94418346077204
-1026.7636691540479 36.42753719478846
-1025.515401622653 37.63562368541956
-1023.8497916668653 38.0082212010026
-1022.4418938368558 38.60767715364695
-1021.0787438362836 38.57173860758543
-1019.4768368214368 38.30761254519224
-1017.9998004645108 38.261740870177746
-1016.5769895523786 38.24181676596403
-1015.2512421816587 38.089896924197674
-1014.443436166644 38.26283980101347
-1012.6987091511487 38.758459932506085
-1011.341258189082 39.3377666541934
-1009.9365716189145 39.04870635956526
-1008.6724376887082 38.699069596230984
-1007.4133601397275 38.34920392125845
-1005.7893977373838 38.43144234210253
-1004.7638340204953 39.20709844619036
-1003.1020634382962 39.34367189496756
-1001.3084454745053 40.02021453469992
-999.6393585413693 40.974228061139584
-998.1238926857709 41.198166317641736
-997.500696620345 41.58862564653158
-995.7690789312123 41.99554637759924
-994.0368390887975 41.8912876316905
-992.2032557338475 41.76232334166765
-991.0430256932973 42.393192611038685
-989.6534760802983 42.36122057527304
-988.6499369949101 42.714255011975766
-987.1657698959111 42.853557817041875
-985.8847683280705 43.10606419235468
-984.4256931155919 43.41437765151262
-982.8693075984716 43.264585904181004
-981.3571610063314 43.00068508774042
-980.0613259881734 42.575609467327595
-978.7648540347814 42.20961990147829
-977.0590210765599 41.8139956215024
-975.7272407621144 42.04019806474447
-974.52759488523 42.55656901687384
-972.9692736476659 42.688619352281094
-971.5765908569097 43.071964091956616
-970.6189717262982 42.67116699308157
-968.8079704254865 42.72026856556535
-967.3628504484891 42.639342400580645
-965.554076334834 42.1466728182137
-963.8154400795697 42.79608378127217
-962.7464981287717 42.622066709548236
-960.87513115108 42.88712263420224
-960.1300485938787 43.30806634142995
-958.7877422183751 43.21125407829881
-957.2136836856603 43.487996536642314
-955.6461073964833 44.18884606972337
-953.845094642043 44.81947984114289
-952.6966824144124 44.74866415128112
-950.9391858190297 45.02410311564803
-948.9928978294133 45.34155366882682
-947.2480883210897 45.52403409346938
-945.8040512412786 44.7646783696115
-944.1799653381108 44.40615371927619
-943.2067800968885 44.24886808857322
-941.4780671805142 44.15606399938464
-939.8735388725995 44.69834288522601
-939.228360852599 44.700245864093304
-938.0610880464315 44.171481198966504
-936.4602620214223 44.27083723932505
-934.8093782275914 44.909730247557164
-933.3427432388066 45.25086181551218
-932.6588905066251 45.54729207545519
-931.653309008479 45.096090696156026
-930.6513700693845 45.251836560070515
-929.676715633273 45.52190580159426
-928.133972069621 45.42748272359371
-926.5225427359342 45.77704498112202
-925.3771833389997 45.45563837826252
-924.6765076130628 45.37790545761585
-923.9331533521413 44.62165495693684
-922.1366017669438 44.40376885175705
-920.2494018882512 44.473201691508294
-918.9520297855138 44.15822154223919
-917.6057504028081 44.21578194886446
-916.0870850890874 44.21724538445473
-914.8732628434896 44.11884834557772
-913.6013251155614 44.603170148432255
-911.7847514957189 44.43722089320421
-910.062180122733 44.278718970119954
-909.0761569947003 43.79803850442171
-907.7139935702085 43.530760011971
-906.5365462511777 43.69242984741926
-905.4523616045713 44.15400678604841
-903.9206142634152 44.07312127143145
-902.6554820746182 44.66689541131258
-900.7220008581876 44.17251115232706
-899.8127401083707 43.66763894945383
-898.7388533562421 44.17273395448923
-897.6044961422681 43.84788947492838
-896.3845074385404 43.34063576847315
-895.6594265311955 42.93395101219416
-894.279800376296 43.22723691850901
-892.9099709600209 43.68976237565279
-892.0784337133168 44.08429910928011
-891.2221906989812 44.665498040020466
-890.1411517471074 44.36036934643984
-888.4301920741796 44.38337415397167
-887.7918939203023 44.38640699476004
-886.1451793521642 44.031576163470746
-884.429121813178 43.93519549757242
-883.1006714910268 44.03574010670185
-882.3633927911519 44.3842990988493
-881.4691443055867 44.74263027250767
-880.3408654540776 44.43678235948086
-879.448782762885 44.919458060860634
-878.3346391528844 44.34393265783787
-876.954603037238 44.87298569023609
-875.1998824685811 44.69979232490063
-874.1610513538121 44.36661717236042
-873.2271261423825 44.96379622757435
-872.5148805588483 45.15767610013485
-870.9535936325788 45.63045164883137
-869.270008227229 45.954819768071175
-868.269118091464 46.212056129574776
-867.2393993347882 45.922944187521935
-865.7490484923123 45.47235622942448
-864.74384894073 44.834297686219216
-863.7826552599668 44.63731582403183
-862.5035020321607 44.71349342107773
-860.9142421692609 44.917142614126206
-859.0224814623593 45.304853632450104
-857.5564731568097 45.22990731835365
-856.1800658911466 45.28497873932123
-855.4667566627263 45.18093535244465
-853.6595614761113 44.89178034603596
-852.2629108041524 44.785640537142754
-851.0007292836904 44.291017889380456
-849.3890075296163 43.73300611913204
-848.0854711145162 43.41669771015644
-846.6256202071904 43.59152309536934
-845.3304196208715 43.6204078489542
-844.1149547904729 43.700411736369134
-842.3764260619878 43.13054108560085
-841.3727317661046 42.31401717603207
-840.1690525621175 40.83688604772091
-838.8024940103292 39.337263821959496
-837.7185546964406 38.30055344045162
-837.1170127004384 37.70781701743603
-835.8324076741933 36.73846489131451
-834.5325023740529 36.07979226052761
-833.1900555700063 35.35713684499264
-831.9871017545461 33.961773394942284
-831.7028287261724 32.7165715688467
-830.5812604039907 31.34533512532711
-829.8322757095098 30.202712654471398
-829.052222213149 28.817721485495568
-828.3050000280141 28.133350490927697
-828.2984926611184 26.83785736501217
-827.6854219347238 25.87978839814663
-826.9711671978234 24.30411779820919
