-1105.6 10.64
-1103.6475649833678 9.957212164402009
-1101.6852910280227 9.405398681163788
-1099.7016010046004 9.04848183631897
-1097.7207369565963 8.81684668302536
-1095.8736706733703 9.052741258740426
-1094.0058089256286 9.413340567946435
-1092.1406758785247 9.356441094875336
-1090.1913478136062 8.960767104625702
-1088.467555618286 8.8483939909935
-1086.568445777893 8.736640884876252
-1084.596640563011 8.57440780043602
-1082.6328067541122 8.20719383597374
-1080.6965186357497 9.059642060995102
-1078.7588648557662 9.22061446249485
-1076.8719596624373 9.32518702685833
-1074.9292707204818 9.198128610253335
-1073.1008140802383 9.18515190422535
-1071.1928080081939 9.088004230856896
-1069.3666447162627 8.675280749201775
-1067.414435482025 8.50889111995697
-1065.453472828865 8.550772427916527
-1063.4920027017592 8.168077319264412
-1061.5659732580184 7.998613833785058
-1059.655199742317 8.249369263052941
-1057.7114214658736 8.432318522930146
-1055.8197295427321 8.349836333990098
-1054.0485291242599 9.034605070352555
-1052.06602499485 8.869618892073632
-1050.1255750417708 8.76266904115677
-1048.1713540315627 8.388575687408448
-1046.5983369112014 8.661507889032364
-1044.685142493248 8.785777218043805
-1043.000629043579 9.02312841206789
-1041.161688184738 8.913518435657025
-1039.5411251544951 9.184399850070477
-1037.5727623462676 8.849230296313763
-1035.8605630159377 8.588004715144635
-1033.8949403524398 8.875999815165997
-1032.0500645399093 8.751513741314412
-1030.108487701416 8.326920560896397
-1028.427705144882 8.544123790562153
-1026.5313685894012 9.216308734714985
-1024.740393257141 8.870979330837727
-1022.798140144348 8.596992216408253
-1020.9186130523681 8.507232911288739
-1019.0289066791534 8.332701540887356
-1017.1688985586165 8.129299319684506
-1015.214385485649 8.705606854856015
-1013.4384118080138 8.793790630400181
-1011.9974020481109 9.147451631128789
-1010.1257055759429 9.771604351103306
-1008.2797041893004 9.951726547777653
-1006.459926700592 9.447704247534276
-1004.5377913475036 9.378302417099476
-1002.8559142112731 9.369192726314068
-1000.9136975765227 9.742110855281354
-998.9839082717895 9.78497234299779
-997.2775058507918 9.4651217789948
-995.5594686031341 9.563183921724558
-993.5737600088119 9.469789634793997
-992.2970759630202 9.874910365194083
-990.4676069974898 10.548499356359244
-988.4994308710097 10.226073186248541
-986.5425383806228 10.581897001117468
-984.5712015390395 10.875033329576254
-982.8170380353927 11.08566772505641
-981.3575520277022 11.034246354699135
-979.4889226913451 10.45111903488636
-977.6483665466308 10.521410017609597
-975.6572159290313 10.357770695686341
-973.7397449970244 10.281901545226575
-971.8097012996673 10.16558571100235
-969.8938661575316 10.253928698003293
-968.1728678703307 10.356725789010525
-966.6821385383605 10.270532830953599
-965.2447172164916 10.104900583028794
-963.3773314714431 9.718153312206269
-961.4960236310958 9.537494018077851
-959.5536632299422 9.866040184497834
-957.662166571617 9.585079743862153
-955.6915977954864 9.824803783893586
-954.4002932071685 10.032798900604249
-952.5234383106231 10.186252757310868
-950.5501490592956 9.946570887565613
-948.839634156227 9.946638106703759
-947.0837180376052 9.77815312087536
-945.1489783287047 9.475565641522408
-943.6032835006713 9.469423442482949
-941.7749358177184 9.537476240992547
-939.9808851242065 9.89400285422802
-938.4552230596541 9.616304784417153
-936.822597002983 9.158678978085518
-934.9171880245208 9.050530656576157
-933.0230878353118 9.298597707748414
-931.1342698097228 9.389524280428887
-930.4437060117721 9.657174020409585
-928.612346625328 9.150629072785378
-927.0301134347915 9.400457679629326
-925.2045784950255 9.476919337511063
-923.4244829177856 9.360718502998353
-922.0469631910323 9.170688226222993
-920.4030364513396 9.422657891511918
-919.3376134395598 10.06393496632576
-917.7406199932097 9.50671844124794
-916.4587596416472 9.089285179376603
-915.281433558464 8.932763203382493
-913.8556959390639 9.448942407369614
-912.1678303241729 9.41845884859562
-910.2394801139831 9.203828021287919
-908.3176656723022 9.193718596696854
-906.4611162900924 8.972081481814385
-904.5710456132888 9.479497849345208
-902.828009700775 9.262105062007905
-901.0543590545653 8.971988990306855
-899.3190227508544 9.385330393314362
-898.4622576594352 9.39595609843731
-896.6903863310813 9.400705918073655
-894.9559810519218 8.967200561761857
-893.4027785420417 9.107864945530892
-892.1624883770942 9.753334074616433
-890.2685271859168 10.443505375981331
-888.7462360024451 10.260322525501252
-887.6100788474082 10.235214892178774
-885.8047511935233 9.670769754201174
-884.3271407246589 9.961014482527972
-882.5360099434852 9.973616111427546
-881.66203687191 10.565943229347468
-880.1218397378921 10.530934254974127
-879.3059440612792 10.466398637145758
-877.6722217559814 10.853016625493765
-876.1226136445998 10.610232408493758
-875.2052338480948 10.590526718050242
-873.3899104952811 11.082851070314646
-872.1717257857322 11.268304038196803
-870.7868450045585 11.676151740700007
-869.160941517353 11.18282656684518
-867.4789108395576 11.32589398637414
-866.3975470423698 11.20864906474948
-865.166935956478 10.762041177004576
-863.5677615761756 10.243445243090392
-862.159321463108 10.897433246821166
-861.0438397288322 10.664752538651229
-859.721005475521 10.709477267563344
-857.884198462963 10.321150741875172
-857.074232494831 9.873712978661061
-855.5420145153998 9.484715662300587
-854.293294584751 10.105138144791127
-853.3006502747535 10.683879218399525
-851.7257504820823 10.28376262575388
-850.5652443528174 10.471024818122388
-849.6349093079566 10.35971245110035
-848.309127485752 10.475052780807019
-846.8377719283103 10.853898770511151
-845.7940221190452 10.749305582940579
-844.0899920821189 10.328593320548535
-842.5466087222098 10.367215219289065
-840.8124142050742 10.799010637551547
-839.3700076699256 10.584320965558291
-838.5084964394568 10.740691799074412
-836.9075936436652 10.18662174358964
