-1105.6 10.64
-1104.7963495016097 11.782648220062256
-1103.8417563199996 13.142692937850953
-1102.8289009094237 13.879110708236695
-1101.684285378456 14.5198588514328
-1100.7726200580596 15.199463798999787
-1099.8518837451934 16.702144458293915
-1097.966491317749 16.625059082508088
-1096.1358340740203 17.074796273708344
-1094.4460297584533 17.14731274485588
-1092.8261178493499 17.89568148493767
-1090.93061337471 17.94864667892456
-1089.0126846790313 18.24078462958336
-1087.3110543251037 18.353937610387803
-1085.65276119709 18.209185733795167
-1083.8840132713317 18.356197192668915
-1081.9211659193038 18.1734794819355
-1080.0068027734756 18.43710513353348
-1078.1705415010451 18.578894778490067
-1076.4068886995315 18.94420231819153
-1074.7178876161574 19.419807031154633
-1072.9563771247863 19.96931649684906
-1071.2367499828338 19.850924863815308
-1069.4061546087264 20.16925691008568
-1067.4704389333724 19.663573249578477
-1065.5631277322768 19.576310932040215
-1063.7449069976806 19.508388779461384
-1061.8758634090423 19.287463582456112
-1060.0155385494231 19.30752188652754
-1058.1419332981109 19.12648265749216
-1056.2161782741546 19.020538053810597
-1054.3600286006927 18.843105978667737
-1052.4423118591308 18.736298016607762
-1050.4883147239684 18.781647420823575
-1048.635561800003 19.079089678227902
-1047.1002719163894 18.897860593497754
-1045.5073575735091 18.895375899374486
-1043.6482864379882 18.655371166169644
-1041.7240632534026 18.719474203288556
-1039.7932792663573 19.39231122225523
-1037.9644392490386 19.773842669427395
-1036.019370651245 19.475588924586773
-1034.755281305313 19.46622014451772
-1032.8643568515777 19.25952238250524
-1030.929102039337 18.715325776822866
-1029.123930311203 18.42729607630521
-1027.1317916870116 17.88866743851453
-1025.1808911323546 17.697614465244115
-1023.2124401092528 17.421521161086858
-1021.5855065345763 17.909525011070073
-1019.6886092185973 18.33535239506513
-1017.7542365550994 18.961860034950078
-1015.9435797691344 18.826444421298802
-1014.0296711683272 19.222330306060613
-1012.2199976205825 18.93951219726354
-1010.363692498207 18.77528769183904
-1008.4064305782317 18.65511970628053
-1006.8406196594237 18.727091934867204
-1005.1236973762511 19.317788686938584
-1003.167743897438 19.459910359568894
-1001.6097049474715 18.92755219001323
-999.7464718580245 18.669636484570802
-998.045982813835 17.744985457845033
-996.1831097364425 18.026719745583833
-994.6060018301009 17.70817985791713
-992.6929442644118 17.48491026122123
-990.8389265298842 16.744305324144662
-988.9751537799834 16.35674552280456
-987.0451730251311 16.409668699242175
-985.0987137317657 16.13990773294121
-983.173494195938 16.095429752357305
-981.4546910285949 16.173388604409993
-979.5815237522124 16.635187093503774
-977.615712738037 16.045808557756246
-975.6800149440764 15.942743394859136
-973.7238898038863 16.2785521190241
-971.8012503147124 15.714952472932637
-969.9520467281341 16.149250928647817
-968.0628403186797 16.343706507571042
-966.2859437227248 16.417696629054845
-965.1235143899917 16.263862464912236
-963.4716727495193 16.791359339244664
-961.5396435022353 16.675130475647748
-960.185211277008 16.277185310013593
-958.7512441635131 15.624570001251996
-956.8664055824279 15.06068896163255
-954.9528373241424 14.995562803335488
-953.5472069740295 14.786335509605706
-951.7124362945556 14.268086117096246
-950.1253825187682 13.892964553423226
-948.3135896682738 14.333455931730569
-946.3985568046569 14.05779583413154
-944.6194205045699 14.304037209935487
-942.753535246849 14.305538799948991
-941.487181520462 13.907435860820115
-939.6829482078551 13.519341018386186
-937.9927462100982 13.664684202857316
-936.0896185398101 13.942022826857865
-934.7061046123504 13.775526788420976
-932.945543026924 13.393141474910081
-931.0173225164413 13.30286609787494
-929.7960310935973 13.296911832280458
-928.3527928352355 13.60638719458133
-926.8698162794112 13.245041188187898
-925.2759635210036 13.300731044597924
-923.8018291950225 13.293303456492723
-922.1559055805205 13.457898494191468
-920.4880126476287 14.033855256028474
-918.6733544826507 13.804182377047837
-917.2954772472381 13.631931361146272
-915.4057031631469 14.311999556012452
-913.9759818077086 14.273676973171533
-912.2798808574676 14.18202872980386
-910.5278643131255 14.83979960191995
-909.0789953231811 14.208301741965116
-907.2866531372069 14.422221053726972
-905.6468350648879 14.744105030186475
-904.3166607379912 14.341087896712125
-902.8122000455855 14.042312313206494
-901.6178911685943 14.182181481607259
-899.799338197708 13.919365052469075
-898.0586932659148 13.346815590150655
-896.1833414793014 13.442317266352475
-894.5478369951247 13.84249164570123
-893.5159748554229 14.014356989748777
-892.1382966995238 14.264448989517987
-891.2105465888976 13.813979763872922
-889.9533049821853 13.504473109133542
-888.5601892232894 13.825093705542386
-887.2100949048995 14.208978642113507
-885.5402593374251 14.43244599211961
-883.7217712163924 14.810001511462033
-881.7707644462585 14.295426089651883
-880.3552560567855 14.392966505475343
-878.7333566904067 14.24658307094127
-877.5629406929015 13.902200725264848
-875.6374788045882 13.954712484367192
-874.1404192209243 14.348877881057561
-872.396642422676 13.811595414169133
-870.7526986360549 14.50864968109876
-869.2192440986632 14.40759493071586
-867.5270410537719 14.145385068245233
-866.1918462276458 13.61022404987365
-864.7754603385924 13.196914296932519
-863.6237199068069 13.318296287544072
-861.6610618591308 13.211191688068212
-860.3348746061324 13.475577596910298
-859.1373381376266 13.26418978381902
-858.0583905935287 13.54591346193105
-856.7746985912322 14.100034360177816
-856.0589256048202 14.088539626784623
-855.3890856266021 13.659712877459825
-854.1187129974364 14.168462302871049
-852.7158877611159 14.850070502944291
-850.9381708860396 14.519482758231462
-849.2172331571578 14.450048309154809
-847.5825332164763 14.487529930062593
-846.1389595031737 15.037614997811616
-844.927957868576 15.330161150880159
-843.4306041955947 15.459380176253617
-841.5852719306945 15.914967265315354
-839.7942481994628 15.60008123178035
-838.1847752094268 15.90111085433513
-837.3899468541144 15.883516099639237
-835.8068696618079 16.151395287699998
-834.1256214737891 15.912414621897042
