-1105.6 10.64
-1103.6282568931579 10.493748753666878
-1101.692868566513 10.503657576031983
-1100.238390302658 10.637832831926644
-1098.6467219352721 10.266338926143945
-1096.6556247234344 10.640558313913644
-1094.7723134517669 10.507374119348825
-1092.7919758319854 10.844629835672677
-1090.9797477483748 11.280664932318032
-1089.2161564588546 11.692871939726174
-1087.250222659111 12.142969202585519
-1085.382811999321 11.95993964035064
-1083.442694878578 12.2117335017398
-1081.4868157863616 11.340215009041131
-1079.5310343265533 11.62323064763099
-1077.6984029769897 11.843511175699533
-1075.7541566848754 11.620136063881219
-1073.8185673713683 11.992195766754449
-1071.915425634384 11.895780664272607
-1069.9718180656432 11.898990255184472
-1068.0555399417876 11.949653309173883
-1066.1943028926848 11.927012544460595
-1064.439032292366 12.092751648612321
-1062.5597364664077 11.907017063684762
-1060.7642633676528 12.139979418702424
-1058.9407768011092 11.653929051347077
-1057.3649481296538 11.651479866690934
-1055.5275910854339 11.765425365753472
-1053.6897998809814 11.776749249882997
-1051.9823959827422 12.00329631228
-1050.135130739212 12.065521668978036
-1048.7500070095061 11.567099165506662
-1046.7719121932982 11.845932018347085
-1044.9358451128005 11.959364947266877
-1042.9958970308303 12.100672643966973
-1041.2596636772155 11.718982022590936
-1039.5318797588347 11.303924870081246
-1037.9091320991515 11.193046029992402
-1035.9942029476165 10.94298272985965
-1034.0122915267943 10.80741852182895
-1032.1818500518798 11.370388266034425
-1030.8432861328124 11.469636757262052
-1029.1743997097014 10.848412353880704
-1027.4017163276671 11.012420479543508
-1025.5806094169616 11.556370858438314
-1023.9412518501281 11.954803023822606
-1022.3825691699981 11.277506146915258
-1020.4544986248015 10.822764013297856
-1018.4841772079467 11.087047938592733
-1016.9486328124999 11.334496338255704
-1015.4402255773543 10.821708876974881
-1013.5851931333541 10.786798052825034
-1012.1232888460158 11.034634746946395
-1010.4284929990768 11.347631670869887
-1009.0178972244262 11.357300773598254
-1007.08078083992 11.41905805502087
-1005.4076210021972 11.903546214438975
-1003.4696258068084 11.846978754140437
-1002.3047135829925 11.591711014844478
-1000.3968583106994 11.296795517541469
-998.7524046659469 10.771055251695216
-996.8358318567275 11.040080130435527
-994.9658970594405 11.182046234942973
-993.2621719598769 10.980422377921641
-991.2774942874908 10.685293138362468
-989.3899082899093 10.598779969252647
-987.4734780550002 9.920076899565757
-985.5039050340652 10.512806289233268
-983.6234447717666 10.544506982304156
-982.7402016878127 10.15892584655434
-980.7689856052398 10.612780228592456
-978.9758295774459 11.162686363197864
-977.4581110239028 10.562137022949756
-975.6606426000594 10.447420470751823
-974.333566045761 10.689735658802093
-972.3427368164062 10.586880587376655
-970.9166171312331 10.099800728596747
-969.3005586624145 10.501810096539558
-967.5258720874785 10.827835880555213
-965.7487115621566 11.065930702127517
-964.2185044050216 11.416933037675918
-962.680378293991 11.331760675050319
-961.5293044805526 10.829672307111323
-959.7263765096664 10.22970953617245
-957.8777116298675 10.41447979245335
-956.4934183120727 10.378728598691524
-955.411715722084 10.787160426713527
-953.456689095497 10.960231647230685
-951.8007443904876 10.685963258482516
-949.8421715259551 11.049959794022143
-947.9590530157088 11.09922836009413
-946.0241017103194 11.381986059583724
-944.607285952568 11.796406843103469
-943.6961921215056 11.415625311769546
-942.0695416688918 11.585888274349273
-940.1221272706985 11.436571710146964
-938.3144422531127 11.771950744427741
-936.4377833366393 11.283528827466071
-934.8605226039886 11.56981577757746
-933.6233269929885 11.376845591105521
-931.7199324131011 11.500491626895965
-930.3866610288619 11.800915994085372
-928.8049309015273 12.180738605894149
-927.2696264743804 11.766944744028152
-925.5573324918746 11.830237098373473
-923.7564832925796 11.790947847403586
-921.778531050682 11.929651610888541
-920.1668219327926 12.101870425380767
-918.4000050783156 12.458403326906264
-916.6215443372726 12.512089826501906
-915.0359318017959 11.925577141679824
-913.2206959486007 11.276034035123885
-912.0197982549666 10.859062768854201
-910.3818623781203 10.450893618501723
-909.3629332542419 10.053203918375075
-907.6955983400344 9.95432851497084
-906.2610642671584 9.915589601136745
-904.6395143032073 10.235317170955241
-903.2268393993377 9.912494927980006
-902.0468307495116 9.966753647066653
-900.1096960067748 9.644394025541843
-898.4191754817962 9.822291687466205
-896.6540778636931 9.388142839409412
-895.4201942443847 9.254563033916057
-893.5383926391601 8.971234619952739
-891.9476861715316 8.972528666593135
-890.0838601350783 8.850850075818599
-888.1636500120162 8.791177571155131
-886.9651328086852 9.456533730365337
-886.270574069023 9.48772984776646
-884.4690344095229 9.894940257407725
-882.9637892007827 10.06594434414059
-881.4714630603789 10.802582592107356
-879.7881939172744 10.469891578294337
-878.0623223543166 11.061109274961055
-876.2872094869613 10.607095986939967
-874.6934150218963 10.831752658225597
-873.1246443748473 10.790696945376695
-871.7748775243758 10.787231553681195
-870.2548645496367 11.297724355347455
-868.3383238077163 11.602164704687894
-866.7374511718749 11.131639439947904
-865.1439743995666 11.525080401785672
-863.4197398185729 11.808801669962705
-862.1085567235946 11.81650650907308
-860.395026063919 11.613569725640119
-859.2777772903441 12.007760275490583
-858.0429537057876 12.30837898362428
-856.1410006046294 12.484285999424756
-854.2682884693145 11.70130597461015
-852.9356074094771 11.769140962846578
-852.1596804022788 11.361410145051778
-850.6070649981498 11.497177962549031
-848.671862399578 11.211685363538564
-847.0703394770621 11.306465130634606
-845.9717458844184 11.428042780943215
-844.0880259633063 11.064951997585595
-842.729132926464 11.40153722126037
-841.1052306056022 10.852384012527764
-839.9356289267539 10.900616389103234
-838.1965074896812 10.411786657162011
-836.337885415554 10.882084351368249
