-1105.6 10.64
-1104.2824376583098 10.666159804314375
-1102.5548135995864 10.765814486294985
-1101.355142211914 10.473381403237582
-1100.0927712678908 10.927820775061846
-1098.9576509952544 10.720465439707041
-1097.3261632680892 10.164291578680277
-1095.9211176395415 10.084178629666567
-1094.6332533121108 10.465648833066226
-1093.2247535943984 10.781569036990405
-1092.0817677736281 11.297683093100787
-1090.444743847847 11.711570206433535
-1088.6472022294997 11.52559066131711
-1087.0306610822677 11.628256756216288
-1085.4171449899673 11.722742098718882
-1084.2943037509917 11.11663063183427
-1083.1081813335418 11.115967574864626
-1081.7727862358092 11.677037182599307
-1080.8310091257094 11.99168432071805
-1079.9295271396636 12.033729228526354
-1078.4423055410384 11.603496822863818
-1077.4217211961745 11.28658834412694
-1076.0395048618316 11.435544434338809
-1074.2663951873778 10.75582325771451
-1073.5760346412658 10.66127742394805
-1072.248260116577 10.112951229661704
-1070.7091322898864 9.749963174909354
-1070.0088238477706 9.64445768609643
-1068.118359541893 9.095461356788874
-1066.889954662323 9.358753967434168
-1065.5988238811492 9.67871363773942
-1064.0260755777358 9.993714350610972
-1062.5653315544128 10.216725665479899
-1061.085494852066 10.054122436195613
-1060.0533990621566 9.525332260280848
-1059.1375432968139 10.145870435386897
-1058.0965069293975 10.588624048382044
-1056.564262485504 10.202088403850794
-1055.3959818840026 9.5857684494555
-1053.7393362283706 9.567409211173654
-1051.926572537422 9.530047216787935
-1050.3376409769057 9.87236300982535
-1049.0911067485808 10.149007120504976
-1047.3447234392165 10.664624610319734
-1045.990133857727 10.980532267466188
-1044.842472887039 10.881774374619127
-1043.2190259456634 10.991732516661287
-1041.9266147375106 11.074899711981416
-1040.9245232105254 10.77748219050467
-1039.4394215106963 10.501078524962068
-1037.8930520772933 10.330040627494455
-1036.6042769908904 10.158221387639642
-1035.435968852043 10.457433485761285
-1034.2009715795516 10.63686678685248
-1032.486637687683 10.446572267785669
-1031.5790133237838 10.291911536231638
-1029.707758283615 10.74084710456431
-1027.895056581497 10.740177491083742
-1027.1549213290214 10.184622326269746
-1025.858804142475 10.060958975329996
-1025.1843603610992 10.00773174442351
-1023.3130260467528 9.644177922382951
-1021.8307543754577 9.474357047453523
-1020.2150810718535 10.252979555502534
-1018.9271799087524 10.744140544310213
-1017.7610530614852 10.943647661581636
-1016.9979448676108 10.755766668692232
-1015.423789179325 10.440134295597673
-1014.78625998497 11.046191224232317
-1012.9345470428466 11.363270321264864
-1011.7327420473098 11.40967497356236
-1010.1475472211837 11.614344478920103
-1009.2172183752059 11.10532397158444
-1007.47400329113 11.36985471971333
-1006.1845561027526 11.014289261177183
-1004.9960399627685 10.894275174811483
-1004.1259313583373 11.343602524474264
-1003.2099538207053 11.55705614514649
-1002.4752424716949 11.419398800805212
-1000.7337603330611 11.601485402658582
-999.7867032051086 11.809091196730733
-998.5032943248748 11.591333301141859
-996.8239626646041 11.720487878993154
-995.3345142364501 11.373433129265905
-993.5982116222381 11.00811644025147
-992.3772986888885 11.22028686232865
-990.8272391319274 10.915943936780096
-988.9984289169311 11.250295744612814
-988.1372267961501 11.689174012616277
-987.0488273859023 11.891869769766927
-985.5676043987273 11.942751233801246
-984.0643692970275 11.740602662190796
-982.3852058410644 12.144676705226303
-981.3413235902785 11.511214156970382
-980.0369498491286 11.612217259928585
-978.932641005516 12.015065444037319
-977.9261495828628 12.269002092406154
-976.2565387248992 11.670828950926662
-974.7192076206206 11.934515727087856
-974.0264614582061 11.715188709422947
-972.6338615179061 11.64786048732698
-970.995306944847 11.10429449878633
-970.0664670825004 11.602221181020141
-968.2404971480369 11.343416233882309
-966.5151306748389 10.979570617303253
-965.0917915463447 11.154558678492904
-964.269632256031 10.824570347890258
-962.8616050839423 10.973020260557533
-961.6488039851188 10.595922832712532
-959.9797824978828 10.98714182280004
-958.7994603276252 11.178253834471107
-957.57622269392 11.566356485113502
-956.4107547163962 11.678731237873436
-954.8055539488792 12.15943345926702
-952.9157626986503 12.225544100031257
-951.2847432255744 11.95992026232183
-949.9494866490363 12.082075354978443
-948.7568732857703 11.595992741510273
-947.8469032406806 11.983839390203357
-946.2813939213752 12.3188001190871
-944.873301064968 12.309123379513622
-943.8059774994849 12.631640625521541
-942.9476281762122 12.86705957107246
-941.3434194684028 12.95359806470573
-939.8897661328315 13.00867350153625
-939.0194328188895 13.262373817488552
-937.5087185263633 13.251989302560688
-936.4279134631156 12.964436796829105
-934.920424735546 13.189750743433834
-934.2023189425468 13.466114920899273
-932.4078716397285 13.096892041489482
-930.9797021508216 13.32436030857265
-930.143978512287 12.818435964509845
-929.3266001105308 12.711245593950153
-927.5026536345481 13.095197824165226
-926.6725677013396 13.366064098998905
-925.7020609140395 13.321690571829677
-924.1374279022216 12.9505948548764
-922.8271431684493 12.801244271323085
-921.0357087612151 12.872909200713039
-920.0427604675292 12.866355506107212
-918.4413755893706 12.18039658419788
-917.3493972778319 12.560508457347751
-916.5295798540114 12.195193169042469
-914.9721250295638 11.689072427675129
-913.8771068811416 11.451154736205936
-913.1347920060157 11.741362152025104
-912.0472809433936 12.270398673936725
-911.0599171876906 12.4690594201535
-909.5992041587829 12.60462899260223
-908.3413259744643 12.23847748093307
-907.1683250427245 12.552741897627712
-906.1678895711898 11.888299537226558
-905.0333015680312 12.273368013426662
-903.5095540046691 11.911237013861538
-902.3727007865905 11.618015480563045
-901.1196610689162 12.123790634199977
-899.9610093593597 12.476280344054103
-898.7775984764098 12.347386670634151
-897.438192462921 11.820379984900356
-896.4200962543487 12.376944733187557
-895.3245347499847 12.731511009261013
-894.6155377388 12.337572318837047
-893.3744385004043 12.464759541079403
-891.8456994056701 12.432795917019249
-889.938437795639 11.827191864475608
-888.2939238309859 11.334487443193794
-887.1869361162185 11.602366541847587
-886.5114831686019 11.29256186388433
-885.4694843053817 11.765352015718818
-884.3405683994292 12.106454138979316
-882.8168447971343 11.419901435598732
-882.0197242259978 11.328939092680812
-880.669458246231 11.276116469278932
-879.745839691162 11.266928634941578
-878.6480823516845 11.889980933964253
-877.4537786006927 12.398129306137562
-876.6476339459418 12.257882691323758
-875.9831162452697 11.596036411225796
-874.5912737607955 11.392095185220242
-873.5508092403411 11.383568771518767
-872.2343050003051 10.984060354866088
-871.1052597522735 11.602993376888335
-869.7894009113311 12.164302893318236
-868.5775700569152 11.8160275894776
-867.142628288269 11.886965111233295
-866.326056575775 11.620100394226611
-865.2428393125533 11.275940820910037
-863.8137806415557 10.830329284407199
-862.06746468544 11.018823817707599
-860.8758561372756 10.652021661736072
-859.7416808366775 10.749278426505626
-858.5626120328902 10.254675865508617
-856.5944244623183 10.509272843934596
-855.5730279445647 10.247764617539943
-853.7952244043349 10.737157792188228
-852.1019382238387 11.390097350217403
-850.2139324903487 11.756578326560557
-848.5324511289596 11.837262019850314
-847.3568854093551 11.921414003111423
-845.830083823204 12.30647777054459
-844.8700974941253 11.694122895933688
-843.5225443601607 11.86570610139519
-842.1306015014648 11.880652059204877
-840.3205803394317 12.040355820544065
-839.4294450044631 11.72199650514871
-837.7819592714309 12.000499654896558
-836.8168522477149 11.523017842657865
