-1105.6 10.64
-1103.9404294252395 10.472606330513955
-1102.0238554239272 9.812845676541329
-1100.0828680753707 10.12639740049839
-1098.1205415487289 10.081483438014985
-1096.1360721349715 10.16649100124836
-1094.6022073984145 10.16483542636037
-1092.6359145402907 9.769610795527697
-1090.8655749320983 9.555291134268046
-1088.9500051498412 9.2107444883883
-1087.284885263443 8.99326622799039
-1085.3992660999297 8.830832797437907
-1083.4683083057403 9.116108256727458
-1081.5693975448607 9.150062787681819
-1079.6835807323455 9.526847976595164
-1077.7656104326247 9.504657286554576
-1075.7886030435561 9.79513313189149
-1073.8205563783645 9.852469961494208
-1071.9321516513824 9.458134631961585
-1069.9609747886657 9.56455242201686
-1068.0231333732604 9.393859784454108
-1066.0688084125518 9.58155515357852
-1064.1149599313735 9.58235871359706
-1062.128547644615 9.94561475083232
-1060.1949043035506 9.964206244200469
-1058.2124469041823 10.134805198162795
-1056.215805029869 9.858461107462645
-1054.3313556671142 9.401040966957808
-1052.413644170761 9.052193279713393
-1050.4794498443603 8.789451773613692
-1049.2382318735122 9.230498726814986
-1047.2947762966155 8.854868646115065
-1045.4527920246123 9.296972091645003
-1043.5595551490783 9.526606317013503
-1041.6441246032714 9.619279424995185
-1039.6928602218627 9.388391415923834
-1037.7776745319366 9.094628493636847
-1035.8550362348556 9.288622538894415
-1034.1573416948318 9.472670774310828
-1032.4019870519637 9.052224348634482
-1030.5176149368285 9.218734304755927
-1028.6349379777907 9.434381361454726
-1027.5026042222976 8.992409761399031
-1025.5973648786544 9.334165270775557
-1023.631489253044 9.225945706814528
-1021.8911760807036 8.820282812565566
-1020.1102741718291 9.413319583386183
-1018.2903836727141 9.924509282559157
-1016.7406588554381 9.508309896439314
-1015.386805152893 9.679915394037963
-1013.4836102485656 10.10698309108615
-1011.5924947023391 10.45779183074832
-1009.8819712162017 10.295159931629897
-1008.1614751577376 10.47758605644107
-1006.2701129674911 10.365397538393736
-1004.5055566787719 9.71297743484378
-1002.5414598941802 9.43577062651515
-1000.7939194202422 8.937842960804701
-999.3662587165832 8.806536878794432
-998.1469248294829 8.419380481690169
-996.2656734943389 8.528974364846945
-994.4948456048965 8.991068016141654
-992.5945174455642 8.552458565086127
-990.9536065816878 9.11649147734046
-989.4332052230834 8.801508228629828
-987.5710958003997 8.695041458457709
-986.2183074712752 8.287351410239935
-984.456101155281 8.840008418411017
-982.8116178274154 8.610187779515982
-981.3133519649505 8.472691591233016
-979.6440746545791 8.530936087816954
-977.7470013856887 9.398519362658263
-975.8044428586959 9.391423295587302
-973.9319796323775 8.89807910785079
-972.0451328516006 8.841825823634863
-970.4721259832381 9.154249976724387
-968.6612939596175 9.1893624471128
-966.9981187343597 9.564230959266425
-965.0881572723388 9.913758824914694
-963.7744916439055 10.14700792297721
-961.8947711944579 9.714005957692862
-960.0332787990569 9.206156681627036
-958.2452890634536 8.775995026677847
-956.3140802145003 9.23483214840293
-954.6659025907516 9.125533844679595
-953.061756825447 9.24275160893798
-951.329197025299 9.379021446555853
-949.4074399232863 10.094646851867438
-947.6518026351928 10.105842239558697
-945.7402599811553 10.548272616565228
-944.3791125774383 10.060039735734463
-942.6075628757476 9.9184608528018
-941.1595622062682 9.937447234392167
-939.8791895866393 9.801606743931771
-938.3075374126433 9.515704303383828
-936.9145661354064 9.488154470324517
-934.962937927246 9.995828925967217
-933.1877218246459 9.96250476628542
-931.6903244018554 9.520135722458363
-930.5487162828445 9.193024835884572
-928.7589238643645 8.728380463421345
-927.2037089824676 9.156884751617909
-925.8518775463103 9.327328018248082
-923.9830466270446 10.054708830416203
-922.1512542724608 9.84864910632372
-920.6485925674438 10.41928514033556
-918.9699486255645 10.262163973748684
-917.02924785614 10.629759229123593
-915.2769164800643 10.170547879636288
-913.4701208829879 10.636895514428616
-911.9585482835769 10.794579795897008
-910.0687948226928 10.425068966448308
-908.1794479846953 9.819504729807377
-907.3552897334098 9.491958759129048
-905.3953072190284 9.873241446316243
-903.9757793307303 9.886825441718102
-902.3008771300315 9.967019162476063
-900.4378517031669 10.23491265565157
-899.7887786984443 10.791315934956074
-897.9587031960486 11.13469069391489
-896.1873200297355 11.077623884528876
-894.847189939022 10.885255690068007
-893.1625752806663 10.56661963030696
-891.6285488963126 10.991373832672835
-889.7977596879005 10.983486178666354
-888.0911051392554 10.471671047955752
-886.4230834603309 10.780127379447222
-885.0094224572181 10.850104528814555
-884.2114981770515 11.157727944999934
-882.441618835926 11.270064737051726
-880.7162063479423 11.343193742781878
-879.3654120326041 11.28088797196746
-878.0047499299048 10.578742455095053
-876.8373982071876 10.676425802856684
-875.0774098992347 10.928046661764384
-873.450507557392 10.627486097961665
-872.4537797331809 11.236547637134791
-870.9020169138907 10.936568397432566
-869.8980812191962 11.275692570358515
-868.2170498728751 11.249917845577002
-866.3450143694877 11.401700090020896
-864.630034482479 11.169243495315314
-863.1576533675193 11.527137558311225
-861.8893487811088 11.849853913635016
-860.308425939083 11.945729385465384
-858.4586212992667 11.987881894558669
-857.4897323012351 11.253382201641799
-856.4807689547538 11.288217868059874
-855.0306609034537 10.830271329134703
-853.7488767266273 10.505531247109175
-852.1201515555381 11.047021027058364
-850.7482092738151 10.767833794802428
-848.9796201348304 10.352221395224333
-847.2623991131782 9.980289365500212
-846.1423238873481 10.142596821635962
-844.6049192309379 10.269304211586714
-842.9496597409247 10.54019590780139
-841.6049708485602 10.591776500791312
-840.6663782954215 9.808377753347159
-839.6254926085471 9.862485851496459
-837.6810394883155 9.744761499911547
