-1105.6 10.64
-1103.6741329193114 10.233415379524232
-1101.6776468515395 10.070586218833924
-1099.686975455284 9.564889445304871
-1097.7082161664962 9.411538197994233
-1095.7817497014998 9.088879301548005
-1094.447644805908 9.282561927437783
-1092.4639883995055 9.027385323643685
-1090.5735054969787 9.235127925276757
-1088.6012028217315 8.789161115288735
-1086.7728489398955 9.516863315701485
-1084.7897255182265 9.813002019524575
-1082.8730339765548 9.775339595377446
-1080.9354212045669 9.33834140688181
-1078.9505529165267 9.586517176926137
-1077.0021488428115 9.16636031061411
-1075.1849066972732 8.895172349512578
-1073.2146293878554 8.566446057856083
-1071.3136987447738 8.386033973991871
-1069.497483587265 8.619792155325413
-1067.555340862274 8.594186998307705
-1065.7057651042937 8.42476867824793
-1063.8824082374572 8.812230012714863
-1061.979553079605 8.87663403838873
-1060.0039641618728 9.701411760747433
-1058.1420739650725 9.641420706510544
-1056.1537993907928 9.81807511985302
-1054.1849123001098 9.826557903885842
-1052.2545491218566 9.443137168288231
-1050.4085224628448 9.033453106284142
-1048.5202122688293 8.811343311667443
-1046.6662293434142 9.065319358706475
-1044.729310965538 9.550204097628594
-1042.8307645082473 9.572275749742985
-1041.0770568609237 9.944075963795186
-1039.2807638406753 9.8630574041605
-1037.297835087776 9.402503758072854
-1035.4709325790404 9.645453318357468
-1033.5338676929473 9.978723748922349
-1031.8174237966537 9.616163119077683
-1029.930979824066 9.562805100679398
-1028.1239666700362 9.65569600403309
-1026.5035836458205 9.253078877329827
-1024.5549051523208 9.42230218589306
-1022.7057671308517 9.823913752436638
-1021.2955816745757 9.328756689429284
-1019.3710480690002 8.924212574362755
-1017.490738248825 8.74141757130623
-1015.5178664684295 8.97418743312359
-1013.5522137641906 8.638585626482964
-1011.8159314155578 8.820004373192788
-1010.0530881643294 8.539965599179268
-1008.339423751831 8.607072904109955
-1006.8302585840224 8.260515048503876
-1005.0343507289886 8.078119381666184
-1003.5509227275847 8.03594852924347
-1001.6831587314605 8.23197461605072
-999.7683866977691 8.383997544050217
-997.9967436552047 8.44155098438263
-996.196843600273 8.326686784029008
-994.2557010412215 8.105477406978608
-992.355804657936 7.979625597000123
-990.5917122125625 8.303404166698456
-988.7097375154494 7.953106864690781
-986.8046649456023 8.19889305472374
-984.9034313917159 7.93337614774704
-983.027072405815 7.919944926500321
-981.1629748106002 8.072022988796235
-979.4228594064712 8.555131628513337
-977.9182798624038 8.775678678750992
-976.5233757257461 8.515103116035462
-974.6820673704146 8.92505101799965
-973.1655728578567 8.934799074530602
-971.2493719816207 9.313845395445824
-969.9598446846007 9.625828563570977
-968.0398748874663 9.635317615568638
-966.4913683891295 9.333176425993443
-964.7578941345214 9.115188098847867
-962.8766777276992 9.642753220498562
-961.0941174983977 9.701119437217713
-959.2961171627044 9.21948872447014
-957.3967567443847 8.93813238978386
-955.8409126758575 9.326949223279954
-953.9642406463622 9.125432669520379
-952.0264438152312 8.93047204554081
-950.5554772377013 9.487320809960366
-949.3713595628737 9.218659549355507
-947.4786867856978 8.995410933494568
-945.7551989316939 8.81944534122944
-944.3036410570144 9.645776539444924
-942.7668286323546 9.181064634919167
-940.899073934555 9.232249922454358
-939.3531938552856 8.99386922210455
-937.8645459175109 9.076578452587128
-935.9448972702025 9.650227918624878
-934.4391358852386 9.605417690575123
-933.2410971879958 10.179761133491994
-931.4814197778701 10.173431548625231
-929.7336048841476 10.495584461241961
-928.3411222457885 10.828147235661746
-926.5566659927367 10.658693629652262
-924.7411247253417 9.689148205667735
-923.4308693170547 9.67489387407899
-921.7625084877013 10.11190559282899
-919.9378566503524 9.438345867544413
-918.1851386785506 8.878751892000437
-916.3062720060348 8.401023435741664
-915.1691870450973 8.42509682789445
-913.2141461133956 8.429360495749862
-911.804333782196 8.288184510413558
-909.9205015659331 8.030825393144042
-908.1532857179641 7.658954368773848
-906.5893320798873 7.820225851479918
-905.4623081445693 7.802953557912261
-904.5179573655128 7.602521316949279
-903.28360632658 7.714313709978015
-901.7315030455588 8.304555857423694
-900.0144629836082 8.121336126569659
-898.1759331583976 7.911081159356982
-897.0069988131522 8.20194559717551
-895.1593270659446 8.123988712076098
-893.8635172009467 8.047199005130679
-892.150290763378 8.245454097036273
-890.3430106997489 8.69754370475188
-888.6075886845588 8.840298870448024
-887.0612949490546 8.963241295758635
-885.3688621878623 8.7560935186781
-883.7962266564368 8.670306773725898
-881.9904737830161 8.242597045246512
-880.4370304703712 8.439836623016745
-879.4559674620627 8.586020531002433
-877.8477056384086 8.029749812427909
-876.0966248869895 7.5492240803875035
-874.1949515700339 7.327040137592704
-872.6895009636878 7.335728349033744
-871.1281520485877 7.01386171752587
-869.8950405478477 6.759700508657843
-868.5901084303855 7.607536287847907
-866.7322957873344 7.9127352553047245
-865.0243094325065 7.979762429241092
-864.3384505867957 8.316500300411136
-862.9089224696158 8.859017962459475
-861.247071301937 9.099034571889788
-859.5284152388572 9.202719041947276
-857.8598766684531 8.944980660323054
-856.6942013859748 8.551952550057322
-855.3007402777671 8.07684112513438
-853.8255372405051 7.7007497342862195
-852.6710271000861 8.289318838957698
-850.9338431715964 8.732887873295695
-850.1851900577544 8.215695628765971
-848.5979379177093 7.733640650156886
-847.2790789365768 7.9625662657059735
-845.43609688282 7.714980313424022
-844.0445750713347 7.245617637280375
-842.2952652931212 7.4668067487515515
-840.5573421478271 7.073055365923793
-839.6637468099593 6.984260583166034
-838.459182357788 6.739216962698848
