-1105.6 10.64
-1103.8187085151671 10.47476197719574
-1102.0761561155318 9.348594799041749
-1100.1691982507705 8.954846396446229
-1098.2127086877822 9.393122627735139
-1096.324294066429 9.277708105146885
-1094.4447699546813 9.458729765713215
-1092.6002334117888 9.812931380569935
-1091.084529852867 9.340481213629246
-1089.883245563507 9.226524583399296
-1088.1583361387252 8.646461121141911
-1086.33546731472 8.717125899493695
-1084.3629817724227 9.026950127780438
-1082.5964059591292 8.724656469523907
-1080.7180044412612 8.682349092662335
-1078.7794636249541 8.73516354650259
-1077.3602857351302 9.170876003205777
-1075.450875020027 8.901055789887906
-1073.4946222066878 8.611897922456265
-1071.5649695158004 8.518367058932782
-1069.688128209114 8.127662635743619
-1067.7352969408034 7.634923435151578
-1065.9718746900558 8.085437125861645
-1064.0003484249114 8.5989366838336
-1062.0561290740966 8.124931729733945
-1060.2042902469634 8.189007996916772
-1058.2163672208785 8.628268151879311
-1056.4514152765273 7.907953410744668
-1055.050050473213 8.203017383217812
-1053.1290791988372 8.515899717211724
-1051.2721227169036 8.537694751620293
-1049.7241807937621 8.56971606552601
-1048.0901478290557 8.39738987326622
-1046.302563047409 7.905517503023148
-1044.56622467041 8.204128130674363
-1042.802407479286 7.793059780597687
-1041.2653991937636 8.09907273888588
-1039.4029613494872 8.326163946986199
-1037.444267129898 7.951700746417046
-1035.657056903839 8.644591092467309
-1033.7200425624847 9.155747472643853
-1031.947608089447 9.277271530926228
-1030.0658527374267 9.145449078977109
-1028.209809398651 9.340585819780827
-1026.4656861782073 9.19387330800295
-1025.070088481903 8.666276476681233
-1023.1778254270553 9.049939773380757
-1021.364917731285 9.206358901560307
-1019.5174638986587 8.569085113108159
-1017.68822786808 8.384760103523732
-1016.2022077798842 8.47710414171219
-1014.2495226621627 8.644378497600556
-1012.3852853536605 8.441669895648957
-1010.4701034784316 8.392323925495148
-1008.9954681158065 8.52943099975586
-1007.0234466552733 8.395543112754822
-1005.5867372512816 8.891363098621369
-1003.7620289087295 8.686256572008134
-1002.1264333486556 8.61155874222517
-1001.1564914941787 8.919858224093915
-999.4788558244704 8.66603005617857
-997.5866471290587 8.805760137140751
-996.5884068965911 8.941098830997944
-994.9510143756866 8.976319126188756
-993.0066154956817 8.66726886421442
-991.8550226449966 9.051298014223576
-989.99584338665 9.449388287365437
-988.1049670934676 9.43907251149416
-986.6037081241607 8.601120672523976
-984.6401103496551 8.607266835272313
-983.2622160673141 8.117826185524464
-981.3752542495727 7.9355071255564695
-979.5592629671096 8.193039871156216
-977.909876680374 8.615722961127759
-976.1555911064147 9.147301919162274
-974.3087987661361 8.84719587057829
-972.798261141777 8.756486117243767
-971.0706522226333 8.945513009428979
-969.5905347824096 8.641543626189232
-968.069974040985 9.071675955653191
-967.0653877019881 9.23676730632782
-965.4742042779922 9.680868252515793
-963.5730635881423 9.45118667125702
-961.8077059745788 9.57059302866459
-959.9013262748717 9.791587054133416
-958.0011943340301 9.966441571116448
-956.1040841102599 9.906724862158299
-954.3926676273345 10.513065747320653
-953.2261793375014 11.119077138006688
-951.484664773941 10.88398947507143
-949.8860872745513 10.656416557133198
-947.9942158222198 10.591288983225823
-946.5320791959762 10.65984253525734
-944.7191147565841 10.788307502269745
-943.0945777654647 10.884855098426343
-941.1599105358123 10.699455834329129
-939.9999489545821 10.475506968200207
-938.263084745407 10.73405266493559
-936.7471180915832 11.277526027858258
-934.8501329183578 11.706437594592572
-932.9136917352675 11.456133968532086
-931.8486770153045 11.143940455615521
-930.4970991373061 11.204343102276326
-928.792166686058 11.406720868647099
-927.4394017219543 11.434630870223046
-925.6044599771499 11.33718323647976
-923.7662373542785 11.442734822034836
-922.0432277679442 11.886608406305314
-920.4394091129302 11.987480610013009
-918.5517884254455 12.245235263705254
-917.5755877852439 11.951153128743172
-915.7663190722465 11.368892281651497
-914.1976491570472 11.449489063918591
-912.4309066891669 11.40531121134758
-911.1749148726462 11.859953447580338
-909.358009970188 11.268530889749528
-908.4409933447837 11.225814438760281
-906.7397761702537 11.078120387494565
-905.6115782618522 10.75071565002203
-904.2742579340934 10.961672432124615
-903.0273930191993 10.677638060748578
-901.3001277804374 10.43162845760584
-899.9261455893516 10.262517593204976
-898.1071120858192 10.826333723366261
-896.7439529061317 10.702999315559865
-895.1389475226401 10.783840901553631
-894.0108347296714 11.305809147059918
-892.314071214199 11.249315801411868
-890.4679007887839 11.51574439123273
-889.3596842646598 11.949335250407458
-887.6308944582938 12.202910158187152
-886.69753626585 11.593807193785906
-884.9541111350059 11.12358752205968
-883.2373088955878 10.92159697726369
-881.9252307772636 10.808559554964305
-880.0707478880881 10.154604214578868
-878.4865351080894 10.455498057752848
-877.0251961112021 10.948490429073573
-875.2514309048652 11.205988127142192
-873.5376029372214 11.614049631506205
-871.7305295825004 11.210274595171214
-869.8694815993308 11.693858015686274
-868.1130931735038 11.693897071629763
-866.8163638472556 11.749548453241587
-865.1721082091331 12.070876795202494
-863.2144732832908 12.122957903295756
-862.2997869610786 11.590162414461375
-860.6222857594489 11.409046295434237
-859.1596775412559 11.503075528293849
-857.4440808653831 11.266850936561823
-855.9123945593833 11.705014991909266
-855.095569884777 11.037689376026393
-853.7400136351584 10.473143565803767
-852.8986877560615 10.539483215063811
-851.2724806427955 10.772516738027335
-849.5846712946891 11.263341824859381
-848.1763215422629 11.079425673335791
-846.9481135964393 10.622497837394477
-845.1961000323295 10.282533238977194
-843.6040970444678 10.658392827361823
-842.2319784522056 10.454326401799918
-840.4747550845145 10.923108528703452
-838.7353002190589 10.959039661437274
-836.9032324910163 10.546505424529315
