-1105.6 10.64
-1103.715831375122 10.976458265781403
-1101.8733705043792 11.55319888830185
-1100.6337533950805 11.36893688082695
-1098.7393358707427 11.779407128095627
-1096.8939722537993 12.30566088795662
-1095.1036749839782 12.484979718327523
-1093.1591739416122 12.390127449631692
-1091.853939628601 12.550549640655518
-1089.8991409301757 12.25143958568573
-1088.2497238874435 12.543952360153199
-1086.2670809984206 12.200638785362244
-1084.4473056554793 12.320476538836957
-1082.780713891983 12.082638449370862
-1080.9374054431914 12.719693250358105
-1079.2783516407012 12.834086804986
-1077.537824845314 12.629759877324105
-1075.605508184433 13.15894672214985
-1073.694482064247 13.334006651639939
-1072.0250532388686 12.935161992311478
-1070.20722720623 13.183129205703736
-1068.3086001634597 13.016492440700532
-1066.4162368535995 12.97703774958849
-1064.6580475330352 13.005667656064034
-1062.690994119644 13.136191367506981
-1060.7419699192046 13.121053702533246
-1058.7707687377929 12.942410386502743
-1056.7794152259826 13.243482596576214
-1054.837802028656 13.793524808585644
-1053.1909502506255 13.92035094588995
-1051.3747890949248 14.545435584485531
-1049.5660084247588 14.861157990396023
-1048.3938829660415 15.141646481454373
-1046.4518410921096 15.183553121387959
-1044.982219314575 15.374738193452359
-1043.1381066799163 15.398465610444546
-1041.4022253513335 15.473007015287877
-1039.846488571167 15.554507813751698
-1038.6450093746184 14.858532986938954
-1036.768463230133 14.926490611732007
-1035.0179159402846 14.874939076006413
-1033.1328766107558 15.083172670900822
-1031.20567176342 15.197842172682286
-1029.377428150177 15.478144339621068
-1027.972909784317 15.465895793735982
-1026.3224786281585 15.63514775723219
-1024.7765049695968 14.976127690970898
-1023.0401112794875 14.436244077384472
-1021.1265327692031 14.616920299232007
-1019.1629569292068 14.113288826644421
-1017.413692331314 14.355505920350552
-1015.7862491369247 14.285510636270047
-1013.8334781885146 14.05500785201788
-1011.9339776992797 13.977282307446004
-1010.2233415603637 14.22338574320078
-1008.30272898674 13.790264866650105
-1007.2360474824904 14.212523333132268
-1005.4915113210677 14.319035730659962
-1003.7749917268752 14.716461412012578
-1002.1256155729293 14.986885897219182
-1000.7869028806685 14.91265750616789
-998.8570831775664 14.986527509391308
-997.6629136562347 14.27215821236372
-995.9866599798202 13.905072248876095
-994.706639266014 14.009370244443417
-992.7582581996917 14.186679250895978
-991.4479624986648 14.549294359385968
-990.2971950531005 13.965689487159253
-988.3828590869903 13.995629488825799
-986.4009555339812 13.425497590899468
-984.6301119089126 14.032256543040276
-982.8206094264983 14.120508640408516
-980.9351213932036 14.123659908175469
-979.1326681137084 14.428081631064416
-977.3192759513854 14.049086510539055
-975.506248807907 13.784055292010308
-974.2511775255202 14.327518522143365
-972.547516798973 14.24168967396021
-970.911183810234 14.567534140646458
-969.3920843362807 14.04148637443781
-967.4891676664352 13.743389360010625
-965.5454427957534 13.956613472998143
-963.6021885633468 13.552571795284749
-961.8473354339599 13.948295406401158
-959.8633364200591 14.396361790001393
-957.994673347473 14.22057188242674
-956.0828431606292 14.610178000628949
-954.6716184377669 14.909790939986706
-953.4942759037017 14.735721639692784
-951.638429737091 14.591495863497258
-949.8825138568877 14.680819205343724
-948.1899225473403 14.671718827784062
-946.2645120382308 14.807959518730641
-944.381751513481 14.497265420258046
-942.5012109041213 14.615434310734273
-940.6416866540908 14.508530370295048
-938.6694239139556 14.732268265783787
-937.2576758623122 14.451769105494023
-935.3268913984298 13.807957462370396
-933.7152042150497 14.09116174966097
-932.2065587997436 14.064252770841122
-930.4402167558669 14.562149740159512
-929.052857851982 14.881968385875226
-927.3109723091125 14.456428147256375
-925.5194653034209 14.072864092290402
-923.9037869930266 14.108039982020856
-922.0274809360503 13.772347725331784
-920.3755048274993 13.521371639668942
-918.8119733095168 14.116674340665341
-917.820342695713 14.345777533352376
-915.9462381958961 14.680903694927693
-914.0719267487525 14.872286371290684
-912.7320497393607 14.7122641274333
-910.9903755545615 14.401537663638592
-909.2111103892325 14.471289142370225
-907.3026199698447 14.473146333694459
-905.6990256667136 14.312113254666329
-903.9534539341926 14.086465626358986
-902.8319384217261 14.334571867585183
-900.9204025626182 14.428951918482781
-899.2894122958182 14.94847392976284
-897.5278094172477 14.777196213006974
-895.6732936263084 14.793280779719353
-894.4356671929359 14.39201813876629
-893.2011446118354 14.079968451857567
-891.4896855711936 14.414228259921074
-890.3258792519568 14.65974219083786
-888.7143999695777 14.985566213130951
-886.8060995697974 14.636401935815812
-885.4292506337165 13.924689754247666
-884.1161431431769 13.576931222677231
-882.2343136429786 13.725333451628686
-880.7160513758658 13.65996098458767
-878.9736055493354 13.65811013929546
-877.5672152400016 13.83415938667953
-875.8444652915 13.773304050192237
-874.0819588065146 13.343888466581703
-873.0796449542045 13.85283089183271
-871.363990342617 14.164460962042213
-870.1371951460837 14.21990717701614
-868.7017615199088 14.434814271852375
-866.8066976428031 14.157830831930042
-865.1535848736762 14.224965279325843
-863.5190000891685 14.1182690461725
-862.1058211684226 13.836885382756591
-860.3753062844276 13.427299429997802
-858.614099061489 13.681758244857193
-856.8368163466453 13.546072249636055
-855.0810187220573 13.283232604488731
-854.2247633099555 13.665326570495964
-852.5069903492927 14.12296575807035
-850.9502786755561 13.542948012575508
-849.5983319640159 13.224062596783043
-848.6102569460868 12.721888100132347
-846.9237233757972 12.728608210906387
-845.3460345625876 13.063455839976669
-843.4500800728797 12.693261732682586
-841.675925529003 13.07874273262918
-840.6794957876205 12.747306426391006
-838.8132693529128 13.013703157529235
-837.3985283136367 13.52237581215799
-836.6239956378936 13.794474472627044
