-1105.6 10.64
-1103.8692073583602 9.789765729904175
-1102.085496520996 8.70013059616089
-1100.1280940532683 7.931622400283814
-1098.1558583736419 7.78108482003212
-1096.1930233001708 7.1445156776905065
-1094.2567592620849 6.676625802516938
-1092.3124500274657 6.5289854252338415
-1090.464058971405 6.942545070648194
-1088.5130874872207 7.208848967552186
-1086.5253884553908 6.640423669815064
-1084.6279635190963 6.3277669692039495
-1082.7647967100143 6.2534674996137625
-1080.786453938484 5.812395929694176
-1078.8286592721938 6.328414081931115
-1076.8669063806533 6.847883760333062
-1075.45114634037 6.420060604214669
-1073.4942817449569 6.669567077755929
-1071.6653170347213 6.559832788407803
-1069.7671510934829 6.113946832120419
-1067.854616856575 5.782297171056271
-1065.973198032379 5.692698932588101
-1064.216910457611 6.429346836507321
-1062.6149754285811 7.143271840512753
-1060.881176328659 7.178967661559582
-1058.9473196029662 6.96699241489172
-1057.1206954479217 6.67118222206831
-1055.359493947029 6.383080936372281
-1053.6050873756408 6.056384391486645
-1051.6901794433593 6.47774869889021
-1049.7974108219146 6.149765319526196
-1048.4517986536025 6.3516449698805815
-1046.5301048517226 6.338022238910199
-1044.5683005809783 6.646791196763516
-1042.6505435466765 6.987199223935605
-1040.8021256685256 7.387014097869397
-1038.874113535881 8.103104538619519
-1036.9106409311294 7.940497882068158
-1035.0470884799956 7.732895515263081
-1033.3965015172957 7.901533491313458
-1031.8255282402038 8.113930083215237
-1029.8868456840514 8.223473294973374
-1027.9166880607604 8.060712038874627
-1026.232832288742 7.4937135571241384
-1024.26342151165 7.620101823806763
-1022.3185018062591 7.499274685382844
-1020.4021636009215 6.473085119724274
-1018.5215078353881 5.716901733875275
-1017.2395456790923 5.570212497711182
-1015.5832458496093 4.977343215942383
-1013.6656051635741 4.670767112970353
-1011.7528185606002 4.317008152008057
-1009.9852983713149 4.172191470265389
-1008.877186512947 4.242943427860737
-1007.2842046976089 4.632955513298512
-1005.3616435289382 4.7088385441899305
-1003.8041478157043 4.539748839437962
-1002.4614848852157 4.855735532343388
-1000.505102610588 5.1155464568734175
-998.6105127096175 5.039925693869591
-996.6720895528792 4.930161266922951
-995.2744493246078 5.561421661973
-993.3895489931106 5.4883457714319235
-991.4788481950759 4.861632197499276
-989.8023676633834 4.501811563372613
-987.999608016014 5.137935757040978
-986.0490512609481 4.871591328978539
-984.0794219732284 4.858135908246041
-982.1675162076949 4.881092443466187
-980.6434606075286 4.755914911031724
-979.3532027959823 5.480382903814316
-978.0047466516494 5.923417165279389
-976.6462230443954 5.916173770427704
-975.0301592111587 6.607149257659913
-974.5041647911071 7.132185950279236
-973.5743289947509 8.167680397033692
-972.1371438264846 9.098782494068146
-970.748500919342 10.081691637039185
-969.2489542722701 10.639805331230164
-967.6676119327544 11.261968030929566
-966.1790368318557 11.824049129486085
-964.5119254350661 12.656892731189728
-963.2854259967803 13.240253880023957
-961.8328202724456 13.378980039954186
-960.1118811130523 13.606892808675767
-958.3893375158309 13.567761971950532
-956.749314880371 13.64010621547699
-955.0946138858794 13.488082095384598
-953.405290699005 13.430504798293114
-951.6059512853622 13.174108474850655
-949.8029670476913 13.226423382163048
-947.8730393409728 13.11650407254696
-945.9289128541946 13.169818311333657
-944.5520258903503 13.30008323431015
-942.7318529844283 13.728043957948685
-940.9413610458373 14.499142512083054
-939.2161096096038 14.912415161132813
-937.4770835399627 14.691953971385956
-936.0873884916305 14.55799321770668
-935.2554267406463 14.180632098913193
-933.6558754205703 14.462975248098374
-931.7207252740859 13.965191766023636
-929.8102161645888 13.879633068442345
-928.3579318284987 14.153139888644219
-926.3829440832137 14.489848374724389
-925.0031985998153 14.723559855818749
-923.11138818264 14.83334588944912
-921.4434693813323 14.474520176053048
-919.6118181705474 14.101956664919854
-917.6900576114654 13.596428810954095
-916.2798493862151 13.280699043869973
-914.3163568735122 14.071201115250588
-912.7561670303344 13.533341556191445
-911.3517644166946 13.236532478928567
-909.4229037523269 12.856478660702706
-907.9081600666045 12.687552809119225
-905.9627377748488 12.478643431663514
-904.3699431180953 12.224777861833573
-902.6285223722457 11.944356306791306
-901.1404900312423 11.733692928552628
-899.7967288255691 11.931332706809044
-897.9507958650588 12.056269481182099
-896.2553992033004 12.116824149489403
-894.4960081338882 12.454777538180352
-892.9360902070998 12.280645518898964
-891.3773518562316 12.26547965347767
-889.7512434482574 12.91720619738102
-888.4330025672912 13.34475746691227
-886.7700806617736 13.362892552614213
-885.2195790767669 13.00074161529541
-883.3161624431609 13.18101274907589
-881.632266139984 13.414178087711335
-880.7718389987945 13.907403781414033
-879.5125397205352 13.705327018499375
-877.6094405412673 13.366263999938965
-876.0876779317855 13.057365193367005
-874.8750319242477 13.158974997103215
-873.2448870897292 13.116992659270764
-871.5242907762527 13.806453890502453
-869.8273148298263 13.533603138625622
-868.1224077701568 13.662924579679967
-866.5713606834411 13.346301786005498
-865.0228787422179 13.69762193351984
-863.08915040493 13.32254242092371
-862.2300914287566 13.110292501151562
-860.8630269527434 13.321198082864285
-858.934935426712 12.91687581628561
-857.3057033777236 12.692262403070927
-856.3069008350371 12.367667428553105
-854.9781206607818 12.782074264585972
-853.8345461845397 13.525393299162388
-852.5350197315215 13.531990564763547
-851.3418533563613 13.278701878488064
-850.4938612937926 13.902713871896268
-848.7841785907744 14.226307488381863
-846.9536142110824 13.720001913011075
-846.3667989730834 13.52853319734335
-844.918976163864 13.346694208085538
-843.4126294612884 11.732236362397671
-843.3262583971023 9.945404983460904
-843.1213145017623 8.401494241654873
-842.7191319227218 7.702992118299008
-842.442474490404 6.404826081693173
-841.6487694442271 4.736193812787533
-840.8382749617099 4.109348691403866
-839.7645443737506 2.518916405141354
