-1105.6 10.64
-1103.6225069522857 11.067181780338288
-1101.8804471254348 10.886572256088257
-1100.0005824327468 11.23574019908905
-1098.0646769762038 11.449496626257897
-1096.1398111343383 11.72186374604702
-1094.3402856349944 10.984712182879449
-1092.4373725414275 11.545587419867516
-1090.491290783882 11.92462402522564
-1088.6760513544082 11.258217691779137
-1086.9894201517104 10.61369895875454
-1085.168861722946 10.639044582247735
-1083.3549684047698 10.83180591404438
-1081.5143369197845 11.149684279561043
-1079.9624020814895 11.220386191606522
-1078.4018387556075 10.475018903017045
-1076.7006556749343 10.49686032101512
-1074.9560121059417 10.834122057408095
-1072.9688974380492 10.926563199013472
-1071.1723383426665 10.768586690872908
-1069.2543123722076 10.933829541653395
-1067.5173715114593 11.451750691384078
-1065.5515956640243 11.794008191078902
-1063.6941334962844 11.700350421816111
-1061.9648874759673 11.15656747236848
-1060.3167983055114 10.60211314573884
-1058.382376050949 10.650286446660758
-1056.6795254707336 10.890268768519164
-1054.740984892845 10.554884310215712
-1052.7924287080764 10.767664308995009
-1050.911758995056 10.563415031284094
-1048.9764717578887 10.60636474505067
-1047.7377506256103 10.426317486315966
-1046.0147803783416 10.505644704550505
-1044.1781030654906 10.633734639137984
-1042.2562399864196 10.880406837314368
-1040.295638179779 11.295565407127143
-1038.4703396320342 11.769142310470343
-1036.709116911888 11.776879961937667
-1034.8166506052016 11.923396434038878
-1032.9914808034896 11.835365097373725
-1031.1394766330718 12.224985461086035
-1029.3109347581862 12.277438755482436
-1027.3658096551894 12.538695271462203
-1025.4852171897887 12.53784811064601
-1023.5858773946761 12.130913908928633
-1021.6376027822494 12.188352655023337
-1020.1211343765258 12.434383984059096
-1018.199451303482 12.586925830096007
-1016.5120841026305 12.627983893603087
-1014.9461408615111 12.67156365081668
-1013.1569672584533 12.677710320204497
-1011.5265091419219 12.335414435118437
-1009.7894631385802 12.247278015464545
-1007.8852385044097 12.478265638798476
-1006.3312213182448 12.86107956930995
-1004.4753784894942 12.377793426960707
-1002.6034021139144 12.722752387970687
-1000.9889335393905 12.2475410656631
-999.3352572679519 12.278434108346701
-997.417989706993 12.631907324641944
-995.6231891870498 12.185090641826392
-993.7553628444671 12.608526031821967
-992.0015073776244 12.918863426297904
-990.3743312120437 12.167151223272086
-988.5208635091781 12.045765157192946
-987.1808343887328 12.323262508362532
-985.3169483900069 12.24347655043006
-983.5089711904525 12.673304151147605
-981.9063967227935 11.944974135011435
-980.044192290306 12.226934383958579
-978.1128514766692 11.843491028398276
-976.4966842889785 11.792499902993441
-974.6234163999557 11.939390498548747
-972.7977590322494 11.181407946497202
-970.9228718042373 11.12026130348444
-969.5637786149978 10.874838016331196
-968.2196209192275 10.736546895802022
-966.2880470514297 11.087655685245991
-965.0052991867065 10.979152462780476
-963.5229593276977 10.840985305011273
-962.0609018564223 10.593074626624585
-960.5985100030898 10.894895500838757
-958.7269435882567 11.29073274821043
-957.7646672487258 10.971364862620831
-955.9298031091689 11.014039594084025
-954.2721988916396 10.902079510837794
-952.5756226539611 11.0759526373446
-950.9982341289519 10.96412463799119
-949.1364236831664 10.356231528669596
-947.6077469348907 9.996348279863597
-946.1960806608199 10.001719142645598
-945.1187780857085 9.821475158780814
-944.1969095230102 10.131658326238394
-943.3200633287429 10.483661185353995
-942.1706955194472 10.577545511871577
-940.3140209674834 10.619151513427497
-939.2949470043181 10.307521502822638
-937.4178862333297 10.709153215736151
-935.849366402626 10.441358815282584
-934.0589626789092 10.645982886999846
-933.0050139188766 10.978592361658812
-931.2734635829925 11.12824092373252
-929.3512485980987 10.733795623630286
-927.6428488254546 10.283137093633414
-925.8148914337157 10.053885679095984
-924.0487860202788 10.706402699798346
-922.2504955291747 11.270428101867438
-921.0889600276946 11.639463494867087
-919.1812042951583 11.681223835200072
-917.2748439073562 11.79293039008975
-915.6919758081435 11.649103607386351
-913.7632376909255 11.778037022203208
-911.9921293020248 11.881102751344443
-910.563398694992 11.738761688917876
-909.4209940195083 12.060395087450743
-907.7315519809722 12.152048866599799
-905.7868126392364 12.330567936748267
-903.8767858505248 12.269180606454611
-902.1412584543227 12.205997641533614
-900.7290967464446 11.958581711500884
-899.0766514301299 12.208106289952994
-897.1967519283294 12.29784576162696
-895.4824197053908 12.544187601059676
-894.0462009668349 12.338826517909766
-893.109620964527 12.055239568799735
-891.9793650269507 12.4114183293283
-890.5997399449348 12.764302621930838
-888.863823211193 12.04148651227355
-887.2875280737876 11.726755510419608
-885.3493507266044 11.211182664483786
-883.5514213204383 11.09439686998725
-882.115515744686 11.344749044030905
-880.6347313284873 11.518254111856223
-879.4584499955176 11.496716256588698
-878.3223997712134 11.378783735781909
-877.1373830199241 10.76561370804906
-875.8088363766669 10.800376839339734
-874.4806706070899 11.24362558811903
-873.5842030405997 11.464664987623692
-872.4279219269752 11.274796150028706
-870.6266957879066 10.961684814989567
-868.7735151410102 11.044194183647633
-867.5509752392768 11.032876319587231
-866.1967798829078 11.335256464183331
-864.2626077294349 10.732176489531994
-862.7328327059745 10.734117568805814
-861.0432169795035 10.286160380914808
-860.1870458483695 10.371838705018163
-858.3806057333945 10.492536911144853
-857.0033945202827 10.687351906076074
-855.2485820412635 10.471110591068864
-853.6610513091086 10.339699500575662
-852.1575203299521 10.2267132935673
-851.266670501232 10.00222573556006
-850.2617748141288 10.20262848712504
-849.0044157862662 10.714038723483682
-848.1020586848258 10.473858409896494
-846.5140859246253 10.645928436294199
-845.1685765147208 10.864085310474039
-843.2719290614127 10.966298901811243
-842.0222356677054 11.020654035136104
-840.4099988102912 11.483690333887935
-839.5142854213714 10.86718775086105
-837.8072024345397 10.863734544590116
