-1105.6 10.64
-1104.2526401042937 11.385829045772553
-1102.8827196121215 12.068886830806733
-1101.4470826148986 12.540706112384797
-1099.6406093597411 13.273742511272431
-1097.7060708761214 13.101965590715409
-1095.782075381279 12.980534180402756
-1094.129751062393 13.599457248449326
-1092.2373648643493 13.64281584262848
-1090.4255105018615 13.526834472417832
-1088.7100599765777 13.766132622361184
-1086.7803551912307 13.645847617983819
-1084.8396014928817 13.320476501584054
-1082.9902980089187 13.416864245533944
-1081.358557677269 13.128181903958321
-1079.4531543016433 13.610115438103676
-1077.5829798936843 13.670395284295083
-1075.6693805217742 13.500639527440072
-1073.781884765625 13.385485708117486
-1072.0233679771422 13.742029785513878
-1070.1281352996825 14.040278940796853
-1068.2211144924163 14.498913615345955
-1066.2838806867599 14.557719960212708
-1064.332686638832 14.731983363032342
-1062.3629115581512 14.346236109137536
-1060.3978949546813 14.352411001324654
-1058.4917732238769 14.11039844095707
-1056.5507398605346 14.253290265202523
-1054.6061160326003 14.137471019625664
-1052.674940085411 14.149246662259102
-1050.94484231472 14.190065711140633
-1049.030186152458 14.62100782930851
-1047.103934264183 14.531457572579384
-1045.1783952474593 14.913453786969185
-1043.2232174634933 15.430423586964608
-1041.2544994115829 15.564492314457894
-1039.2784929037093 15.51147681415081
-1037.3772055864333 15.640910788774491
-1035.5755700826644 15.397132068276406
-1033.6084353685378 15.48543675929308
-1031.7313432455062 15.654876119792462
-1029.8223842144012 15.55320314258337
-1027.9964478969573 15.065914011895657
-1026.041531062126 14.765119827687741
-1024.2312938928603 14.74175707191229
-1022.3502082586288 14.520068816244603
-1020.541399693489 14.452713660299779
-1018.6080603361129 14.698451153337956
-1016.6849412679671 14.322847656309605
-1014.8188066244124 14.709863356649876
-1012.9308836221694 14.712600267827511
-1011.2084648370742 14.43953470081091
-1009.5066113233565 14.151063657701016
-1007.5813717603683 14.518706477582455
-1005.7598607301711 14.38772235006094
-1003.8713589668273 14.450880489647389
-1002.269667482376 14.37755956441164
-1000.7277327537536 14.52357660919428
-998.8212002277373 14.301379046738148
-997.0269708395003 14.099020741283894
-995.1489383935927 14.083375356495381
-993.3672268152236 14.23389504045248
-991.6663422346114 14.639795757234097
-989.970216012001 14.266657031476498
-988.118653512001 14.70630202382803
-986.2163331270217 15.082535899579526
-984.3378870248794 14.883173561990262
-982.5116191864013 14.922302491366864
-980.6266106128692 15.001002109944821
-978.916893339157 14.818597815334797
-977.2206518411635 14.815617150962353
-975.2715430021285 15.111286468207837
-973.5737157821654 15.393527127206326
-971.7193673610686 15.571542597711087
-969.7936402320861 15.072015739381314
-968.2952228546142 14.875533811151982
-966.3412672042846 15.05111994534731
-964.410280561447 15.124270714223385
-962.476100540161 14.982044956982136
-961.0903826713561 14.801718390882016
-959.165915942192 14.335108465850354
-957.3464092969893 14.053129441440106
-955.4938051462173 14.164138070642949
-953.9675135374068 14.050807795822621
-952.3752299308776 14.559318206608296
-950.5534430503844 14.578603974878789
-948.9968420028686 14.197761318981648
-947.3389267683028 14.833734414875508
-945.4105845451354 15.21973361760378
-944.2358615159987 15.438355393111706
-942.2810592412948 15.487918462008238
-940.3174540758132 15.876670803278685
-939.3971898317336 15.26803615257144
-937.4741722106933 15.600520695894957
-935.9753049373626 15.21163168117404
-935.03037712574 14.74559729859233
-933.2355280876159 14.394896681755782
-931.2911883354186 14.8891566054523
-929.5430351257323 15.067845131605864
-927.90775475502 15.156923014074565
-926.0990575313567 15.284730988889933
-924.1116159915923 15.086802619844676
-922.6567361116408 14.822008597999812
-920.980213856697 14.449169922024012
-919.668956375122 14.411065820008517
-918.2600817441939 14.184772777706385
-916.5886364936828 13.767328667789698
-915.3172735929488 13.953063520938159
-913.6327653884887 14.322013262063265
-911.8050566673278 14.272521755993367
-909.8646696567534 13.991657904684544
-907.9519971370696 13.854927829802037
-906.0167840480804 13.652711383402348
-904.8581272125243 13.991327605545521
-903.4616018295287 14.255004397928715
-901.8704427242278 13.772762290537358
-901.0556474685668 13.91332853525877
-899.2702725887298 14.238604790866376
-897.6501953363418 14.176610834300519
-896.107095336914 14.091587237417698
-894.3807865142821 14.368894777595997
-892.6881438255309 14.419367171227933
-891.1795459747314 14.565184585154057
-889.4938615322112 14.542813727036119
-887.5969468116759 14.63761568196118
-886.3439032793044 14.147381515577436
-884.6417873859405 13.636243851259351
-883.1318529605865 13.20204472668469
-881.3705813646316 12.996129648163915
-879.6884093046187 13.430974797680975
-878.0435037374496 13.754919664338232
-876.3908149957656 13.755392038598657
-875.2416627168654 14.105171584859491
-873.5829319715499 14.38545113183558
-871.8509936094283 13.826152556911111
-870.3504262924193 13.331974500194193
-868.6410314798354 12.838414722457529
-867.2086738109588 12.685914167538286
-865.3533544301986 12.634160631671548
-863.9335554599761 12.666368582621217
-862.9155996799468 12.514984020367265
-862.080810701847 12.294149467125536
-860.8278349995612 12.66608042396605
-859.3547499537467 12.903858610764146
-858.6311108231544 12.866077983155847
-857.3070859074592 12.993587398305536
-855.658456480503 12.722611629739404
-853.8453964352607 12.741099023595453
-852.0428132176398 12.323069417253137
-850.348007595539 11.975453102365137
-848.8930117249488 12.071661093607545
-847.2579381823539 12.571501174345613
-846.0592651724814 13.032628634348512
-844.1904540419578 13.154044070616365
-842.3879982590674 13.07084173835814
-841.0562771916389 13.7341426102072
-839.4284729123115 13.531247684136034
-837.7041210293769 13.699125134721399
-835.9066337704658 13.951030248180032
