-1105.6 10.64
-1103.628166770935 10.767037763595582
-1101.6792906284331 10.343128844499589
-1099.7200779676436 9.857793434858323
-1098.0338057041167 9.63065661430359
-1096.1500783920287 9.207291855812073
-1094.5898777008056 9.697129412889481
-1092.8376486063003 9.40001662015915
-1090.9039903640746 10.020254805088044
-1088.9276078701018 10.327743157148362
-1087.2627172231673 10.384908101856709
-1085.3078906297683 9.7940542319417
-1083.3498824596404 9.630456722676755
-1081.4110575675963 9.19966829508543
-1079.478003001213 8.836557842195035
-1077.6852842330932 8.645533002316952
-1075.7455098390578 8.652142799794674
-1073.792524075508 8.700023553669453
-1071.9030115365981 8.822386465370656
-1070.0201003313064 9.45575758010149
-1068.0664052724837 9.474882326424122
-1066.1473030805587 9.224353543817998
-1064.1914350748061 9.413447148501874
-1062.2573969125747 9.60724020689726
-1060.3061289548873 9.307882315814496
-1058.3309604883193 9.666758931577206
-1056.4131619691848 9.385900683104992
-1054.444469308853 9.462054475545884
-1052.4641326427459 9.52218979537487
-1050.5041687250136 10.097614347338677
-1048.634788250923 9.540840684771538
-1046.6539644956588 9.656676083207131
-1044.9252707719802 9.346306293606759
-1042.9534032106399 9.836425631642342
-1041.0258843660354 9.557023047804833
-1039.0391244649886 10.06604397237301
-1037.0768381118774 10.233114510178567
-1035.1435652732848 9.825695007443429
-1033.5062138795852 9.88466771632433
-1031.5640378952025 9.948965049684048
-1029.587483024597 9.774270392358304
-1027.602901315689 9.747969865202904
-1026.179472541809 9.380099534392357
-1024.2700546741485 9.226813241243363
-1022.3426455020904 9.742397590875626
-1020.3669501304626 10.293306275606156
-1018.4264075517654 10.003121837377549
-1016.5123231172561 9.79529301762581
-1014.5486905336379 10.457453175783158
-1012.6752724409102 9.965634330511094
-1010.7455298662185 9.873610570430756
-1008.7933728456496 9.951822146177292
-1006.8204618453979 10.174918576478959
-1004.8406525611877 9.83849494099617
-1002.8780034542083 10.128655000925065
-1000.9779973983764 10.544090255498887
-999.1223840475081 10.579511381089688
-997.3363928556441 10.060347891747952
-995.8797808647155 10.11327457740903
-993.9384501934051 10.521202597171069
-991.9991110324859 10.101031306535006
-990.6531615018844 9.610757354050875
-988.7400065422057 9.421414527446032
-986.8186161279677 9.191432508975268
-984.937000131607 8.7358218164742
-983.0504197835921 8.800179156810046
-981.1032279491424 8.759340214878321
-979.2841983795165 8.687921273857356
-977.53830037117 9.353805053383113
-975.8382007837295 10.039353239685298
-974.2389439105987 10.195130172520876
-972.7047658920287 10.171072799116374
-971.2572161912917 9.967373210340739
-969.4449226617812 10.13177335575223
-967.8294844388961 9.707203748971224
-966.0880794286727 10.036081227809191
-964.3249709367751 10.361078354865313
-962.6558240413665 9.870966944247485
-960.9545584678649 9.974157068282366
-959.6562391281127 10.60464915946126
-957.997222995758 10.376338201910258
-956.0895967245101 10.047432440668345
-954.2884227991103 9.894462886601687
-952.9298604488372 9.45123461201787
-951.0931428432464 9.924712094813586
-949.3794013023376 9.476831409484149
-947.7622591018676 9.836617800742388
-945.9063485622405 9.424295279532672
-944.092888689041 9.619848463088275
-942.2784234046935 9.834803524762393
-940.5366480112075 10.314327481538058
-938.747942662239 10.201456087976695
-937.5907165765761 10.15903485506773
-935.7971187591552 10.477569557130337
-934.028976535797 10.167776382863522
-932.1969774723052 10.42022386878729
-930.5692931175231 9.980612135827542
-928.7304318904876 9.933073199689389
-927.3994958162307 9.610029316842557
-925.6277950763701 9.823103047311307
-924.2560966968535 10.326534188687802
-922.4271219730376 10.17450221568346
-920.847432231903 9.842910669147969
-919.2480519771575 10.139197401106358
-917.3862033843993 10.097444690167904
-915.513722038269 9.69086012929678
-913.756767129898 9.945966340005398
-911.9111598491668 10.594259894788266
-910.2061397790908 10.780772514045239
-908.2671271324157 10.190654403865338
-906.6475512742995 10.166632305234671
-904.8669481039046 10.39985349342227
-903.2144909858703 10.582962344735861
-901.3184104919433 10.575495958663524
-900.4817414641379 10.7569603029266
-899.0145515561103 10.071940571404994
-897.2652876734733 9.938039109446109
-895.5968331456183 9.917177319861949
-893.8078114151954 9.880306125022472
-892.0868273138999 9.785147615112365
-890.6924882292747 10.020498715676368
-889.214450752735 9.554933451451362
-887.9922602534293 10.154151939190925
-886.7292092204093 10.202025521881879
-884.9473632931708 9.855184544213117
-883.4797602057456 9.363600600846112
-882.5709293246268 9.094864447005094
-881.4540552258491 9.410785455591977
-880.3004534602164 9.619833845980466
-878.4003847002982 9.654855702407659
-877.0879572987556 9.731110360808671
-875.5932556748389 9.452048149295152
-873.7035041213035 9.798197772689164
-872.8011089920997 9.633454706855119
-871.1933906435966 9.862982180304826
-869.642259633541 9.847219135947526
-867.9608981966971 10.40564193982631
-866.4101958632468 9.922297146506608
-864.8048560976981 9.799152676351369
-863.600311911106 9.946471486575902
-862.0782570004462 10.109821860082448
-860.7495881676673 10.551462773568929
-859.0339376091956 11.063878838308156
-857.1949588418006 10.694986347444356
-855.9218445181846 10.508440051563085
-855.1657618641852 10.436640616841615
-853.579060947895 10.058630165047944
-852.323591864109 10.222114619202912
-850.6227419734 10.388300653882325
-849.0038410782813 11.003532942719758
-847.100742971897 10.639871385283769
-845.6110147595405 10.57304701615125
-844.6682498812675 10.74192105639726
-843.5322068095206 10.579207290299237
-841.6005796551703 11.143918384201825
-840.453901207447 11.003365863449872
-838.7650087237357 11.475214679129422
-837.1159812569617 11.792250860817731
