-1105.6 10.64
-1103.6433086156844 10.592124185860158
-1102.5406206607818 11.029361418783665
-1101.2058613061904 11.340243569910527
-1099.6769425630569 11.323308303356171
-1097.7430815458297 11.622106000185013
-1096.039227104187 11.637308403253556
-1094.1382697582244 11.115753039121628
-1092.688461279869 11.110849700272084
-1091.1871934890746 11.072933781296015
-1089.413817501068 11.260337400585414
-1087.9918052911758 10.819268989712
-1086.4453189134597 11.164867329746485
-1084.6416930913924 11.43759893193841
-1082.8200051546096 11.316641132682562
-1081.1609962940215 11.657877604812384
-1079.1846080780028 10.936066071838141
-1077.2675372123717 11.474071185439826
-1075.9198462724685 10.84705309137702
-1074.332569694519 10.903082273304463
-1073.3970603704452 10.666468299329281
-1071.8422266006469 10.928189701735974
-1069.8913210391997 11.13790631979704
-1067.9540796041488 11.35935372799635
-1066.0572165012359 10.993593073785306
-1064.0985365867614 11.480135954320431
-1062.3099475860595 12.003907836377621
-1060.4854477405547 11.906140773892403
-1058.6306191444396 11.461096166968346
-1056.6476791858672 11.611983000636101
-1054.6775104761123 11.964596151709557
-1052.7149455308913 12.003518670201302
-1051.236186480522 11.634870558381081
-1049.4616808652877 11.350344627499581
-1047.59221432209 10.806106775403023
-1045.7803369522094 10.84898012071848
-1044.274955010414 11.320786140263081
-1042.80843398571 11.83670081883669
-1041.138974881172 12.09167786628008
-1039.3809228897094 11.606347821056843
-1037.5667439460753 11.552893660366536
-1036.4428598642348 11.1631366828084
-1034.5555023908614 11.149043581783772
-1032.6461522340774 11.739209316074849
-1030.9592970371245 12.176444611847401
-1029.3713239192962 12.143800235688687
-1027.4907516002654 11.79804722160101
-1025.716828918457 11.707625537514687
-1024.3890926599502 12.011058031916619
-1023.1762240886687 11.69877421796322
-1021.7449509859084 11.205276011824608
-1020.2360380649566 11.775413870215417
-1018.3648086547851 11.392353385090829
-1016.6026602745055 11.52828045129776
-1015.5501206874847 10.99222589969635
-1014.1311101675033 11.01643300741911
-1012.3740842103957 11.276103801429272
-1011.1113984346389 11.47594148606062
-1009.1672764778136 11.835921801030636
-1007.219125843048 11.626647062003613
-1005.3098176479339 11.346294618546963
-1003.3603302001952 11.236280083060265
-1001.52926967144 11.18769327864051
-999.7993322372436 11.225808742791415
-998.3450864315032 11.014353785067797
-996.6000909566878 11.231355118900538
-995.2387373208999 11.22053918555379
-993.5734266996383 11.54994580462575
-992.0761780500411 11.245317551642657
-990.2115136146545 11.306135419160128
-988.8110718488692 11.516934099942446
-987.3009886503219 11.6640414775908
-985.9754299879073 12.053207832723857
-984.1075429677962 12.21343089953065
-982.1844936370849 12.556489783674479
-980.39368019104 12.565298038870097
-978.7574008464812 12.58579702988267
-976.9179743289947 12.811058062464
-975.0172999858855 12.689483451992274
-973.7755576133727 12.659397649914027
-972.1225099325179 12.20025454774499
-970.4149750232696 12.518020320087672
-968.6019268989562 12.475061598569155
-967.6841200351714 12.523786041289569
-965.9896467685699 12.386484462171794
-964.3386555671691 11.77478982821107
-963.224594092369 11.906116503626109
-961.906804537773 11.89447790697217
-960.0669907093047 11.655773553401232
-958.1178143978118 11.8983715505898
-956.1432163476943 11.720167312175036
-954.2824561357497 11.807209286242724
-952.7686774492263 11.932932588607073
-950.8825924158095 11.458612266331912
-949.5338778257369 11.387001845389605
-947.895759320259 11.135440233498812
-946.3760739326476 10.706940445452929
-944.7876720190047 10.942961964160205
-943.2046887636184 11.229544732123614
-941.742710328102 11.358228776007891
-940.0184514284133 11.452892068177462
-938.2531414985656 10.750982645303012
-936.5237983226775 11.351850930005313
-935.478654718399 11.01041823938489
-933.9606442213058 10.866216603070498
-932.1867646932601 10.780435505658389
-930.3415064573287 10.62240326717496
-928.6845021009444 11.080846342593432
-926.8584204673766 10.957310865968466
-925.015180325508 11.08425630196929
-923.1096844434737 10.665194223970175
-921.7144422292708 10.79245382115245
-920.2249117851256 10.367335285395384
-918.3938318252563 10.726566280573607
-916.4357017040252 10.416121120899916
-914.526134943962 10.603907953351737
-912.8504692077636 10.783920909613371
-911.2870276927947 11.227811332195998
-909.3966446876525 11.491059090346099
-907.798210120201 11.23884224459529
-906.2181885004043 10.717492099255324
-905.2090483665465 10.379472400397063
-903.3237725257873 10.311684723347426
-901.722453212738 10.984372015446425
-900.0419193267821 10.600860621184111
-898.3818934917449 10.2250541703403
-897.3449889183044 10.715710128992797
-896.0360777139663 10.790321546941996
-894.7537852287292 10.982844787985087
-893.2650705337524 11.236809212118388
-891.9819550275802 11.12300163820386
-890.3307785749435 10.524740103036166
-888.7953661441802 11.047272208482028
-886.9261094093322 11.16048683539033
-885.7376821994781 11.324221480041743
-884.6269796848296 11.010597425848246
-883.3678047418593 10.54549934282899
-881.5374345541 10.85419594064355
-879.9050760030746 10.353362727314234
-878.1589387416839 10.545759546905757
-876.7011587381362 10.822912055402995
-874.9651851415633 10.977979439646006
-873.1928207635879 10.876812371760607
-871.963968849182 11.164324763566256
-870.1452486276626 11.35588857844472
-868.9875936269759 11.904387208968402
-867.426453924179 11.783369529396296
-865.7954585313796 11.477357256561518
-864.3805875539779 11.42387026116252
-863.3461470365523 11.559371020048857
-861.448049044609 11.509876209646464
-860.210141634941 11.505463871508837
-858.9646647930144 11.485797900110484
-857.1229048728942 11.331064555197955
-856.1606089830398 11.193283352404833
-854.2920369863509 10.762559387236834
-852.3750003337859 10.756949373856187
-850.6374662876128 10.830224820747972
-848.9266874551772 11.325985380783678
-847.1630691051482 11.641274758949876
-845.322694158554 11.68745171405375
-843.4197902441024 11.393512302413583
-842.213982439041 11.64981424190104
-840.9969423770904 11.005323940292001
-839.3966468334197 11.510608428493143
-837.9809316158294 11.12786578513682
-836.1334746837615 11.257869580164552
