-1105.6 10.64
-1103.6270171165465 11.050688042640687
-1101.761453127861 11.46265704870224
-1099.9564730882644 10.944343104362488
-1098.1708782672881 10.856093100607396
-1096.2930327415465 11.33134945422411
-1094.536735868454 11.44088422447443
-1092.5789717197417 11.040974370539189
-1090.6540442466735 11.20270394474268
-1089.1114014148711 11.31088195681572
-1087.3645152807235 11.107659816145897
-1085.4115755319594 11.176371067166329
-1083.5119479656219 11.146479781121016
-1081.6336399078368 11.12855945840478
-1079.6542595386504 11.718758094459773
-1077.6845873355865 11.787971499711276
-1076.1303335189818 12.179109457284213
-1074.2174925565719 12.56304252460599
-1072.5190677404403 12.507035660892726
-1071.5146035909652 12.657658058553935
-1069.5741839170455 12.711021530777217
-1067.6488961935042 12.910031932741404
-1065.7531714200973 13.240650254637004
-1063.8300287485122 13.390664118677378
-1061.9152455091476 13.488698440939189
-1060.0249738454818 13.631747830063105
-1058.4008178472518 13.83001403823495
-1056.5473801851272 13.157287645488978
-1054.6333936214446 12.972194987684489
-1052.903941488266 12.822413522154093
-1051.0445012807845 12.982280004173518
-1049.6890299081801 12.926100570112467
-1048.0319036006927 12.536838311105967
-1046.1887010097503 12.407412398010493
-1044.2416161060332 12.135564375072718
-1042.3798293828963 12.256810161620379
-1040.7660254001617 12.006560567170382
-1039.129538154602 12.271998348981143
-1037.3597101926803 11.871684852391482
-1035.4124130964278 12.335448506623507
-1033.6498906373977 12.469753566533328
-1031.8814710140227 12.665540757924319
-1030.291349506378 12.586856025606394
-1028.3684552669524 12.81726868763566
-1026.7368238925933 12.738787356168032
-1024.8693667411803 12.983276161700488
-1023.0734234809875 12.746534961611033
-1021.6821303129195 12.72694237843156
-1019.8668569087981 12.668790805488825
-1018.1762095451354 12.960634189993144
-1016.4986080884933 12.90081444695592
-1014.7276439428329 12.75183275654912
-1012.978936767578 12.832655313760043
-1011.5775955677032 12.60298197284341
-1009.9999505043029 12.042141008526087
-1008.5870702028274 11.777725237756968
-1007.2118799448012 12.136922884136439
-1005.6572851896285 12.234115797430277
-1003.9500553369521 12.204399737864733
-1002.5421211481093 12.53757340028882
-1000.7319881677627 12.353162291795016
-998.8891752719878 12.637872460633517
-997.0186980724334 12.226813259869814
-995.1176010131835 12.470492440611125
-993.3322061061858 12.451455700546504
-991.7597745418548 11.604741561561823
-989.8653012275695 11.923007327467204
-988.0326487779616 12.407838511615992
-986.2433008909225 12.335425216108561
-985.166812634468 12.605245369821787
-983.6147026777267 11.746584254652262
-982.6242497324943 12.16298528328538
-980.8292324900626 11.857755440622569
-979.309150969982 12.102452162057162
-977.5563880562781 12.301465216428042
-975.6830381512641 12.045459005385638
-974.2272401213645 12.404740157872439
-972.3495328783988 12.151210519820452
-970.5352452158927 12.379235032349825
-969.328857576847 12.401023495346308
-967.4079395890235 12.786929118782282
-965.627610361576 12.312471765428782
-963.7279595494269 12.60601701155305
-961.8747953534125 12.793274837881327
-960.0640634655952 12.752760964781046
-958.4438499569892 12.26907499447465
-956.5649124741553 12.203146430999041
-954.9431329131125 12.579814645797015
-953.0228118062018 12.84386191084981
-951.1462533831595 12.7576354624331
-949.5324715733527 12.728397759944201
-947.7059547066688 12.217213902026415
-946.1050147175788 12.42116849437356
-945.1213626027106 11.951211083084345
-943.2059755682944 12.33489661231637
-941.4266833424567 11.72514491096139
-939.6464459061622 11.581715572029353
-937.7030040383338 11.465166132301093
-936.279005563259 11.439564797431231
-935.3490302920341 11.700520250350237
-933.8401623129844 11.852361935526133
-931.9023530840873 11.77245776668191
-930.078732407093 11.616868469268084
-928.2231823563575 11.098031196147204
-926.2793009638785 11.195109042674304
-924.9056786656379 11.05290994361043
-923.1413574576377 10.429693612605334
-921.4136729598044 11.044747683554888
-919.491840159893 10.883773598223925
-917.8860829234122 10.530911091119052
-915.9674499392509 10.234275254756213
-914.5722172617911 10.781616720706225
-912.7782180666923 10.573425042778254
-911.2886220574378 10.355911570936442
-909.4271608948707 10.126267376691104
-907.8398250699042 10.054115060120822
-906.0482268691062 10.639834287911654
-904.3349740862845 10.353090468198062
-902.9436751961707 10.014011177569628
-901.8677219510078 9.931616003960372
-900.4582940697669 10.497307057827712
-898.5167819619178 10.009402509182692
-897.3885271906852 9.934644195586444
-895.7551685929297 9.522480341941119
-893.9364486098289 9.756245243698359
-892.6641928315162 10.113259244114161
-890.8887850403785 10.427560854107142
-889.2240785717963 10.74524493828416
-887.3278788685798 10.855029191225768
-886.0300990700721 11.102275844067336
-884.3437134385108 11.35942899748683
-882.60836032629 11.651899303644896
-881.2996479630469 11.769126828163863
-879.4249841332435 11.883063967674971
-878.1571514964103 11.604873116463423
-876.6352342724799 11.254798586815596
-874.9422908186912 10.915903802365065
-873.047817146778 10.682371165007353
-871.7292213797568 10.43785891994834
-869.8309183478354 10.798735569566489
-867.9722433447837 11.377974043935538
-867.0855123162269 11.01169697508216
-865.7132591366767 11.107807937413455
-864.9547259569167 10.490525725632907
-863.6761747360229 10.981712940484286
-862.1608055591582 11.26105767801404
-860.9676520586013 11.47727278187871
-859.3472168207168 11.280399921685458
-857.5115018844604 11.387179161757231
-855.8760891914367 11.226471658200026
-855.0714155793189 11.01135722860694
-853.4448845744132 10.519922773689032
-852.0998541474341 10.444208021610976
-851.0305890202521 10.341795484870673
-849.792628443241 10.157088320106268
-848.517408645153 10.558478753417731
-847.3030267119407 10.28020397886634
-845.6675190091132 10.799353103488684
-844.2663481593131 10.607152442783118
-842.8381778359412 10.803343455642462
-840.9313661217689 11.02438766822219
-839.8807723879813 10.72192228898406
-837.9753322958945 10.936808313578368
-837.020350909233 10.801727081984282
