-1105.6 10.64
-1104.4701305389403 10.986949577331544
-1102.5969363212585 10.864987149238587
-1101.5125272035598 11.1638895714283
-1100.0873716831206 11.573432817459107
-1098.642596578598 10.83041407108307
-1096.8346770763396 11.276672765016556
-1094.9875539302825 11.613338037729264
-1094.1826350450515 11.103985353708268
-1093.0333637952804 11.030126138925553
-1091.0824514389037 10.711443915367127
-1090.3189440131187 11.121606364250184
-1088.6484620928763 11.314802601337433
-1086.8198774218558 11.25130440235138
-1085.7192469000815 11.56380252480507
-1084.0716876149177 11.363142787814141
-1082.791045820713 10.719109117388726
-1081.3164412140845 10.401821880936623
-1080.5480183720588 10.984966605305672
-1078.9315134644507 11.05564566642046
-1077.2661115288734 10.690750799477101
-1075.4536744713782 10.232604376375676
-1073.8449358105659 10.760782293379307
-1072.634572660923 11.178414336740971
-1071.604612147808 11.16709323912859
-1069.8222356200217 11.26667115777731
-1067.9710117936133 11.42058122843504
-1065.9898366093635 11.590297378003598
-1064.6261330008506 11.27940166682005
-1063.6030676722526 11.821005470454693
-1061.9649185299872 11.857487074434758
-1060.319133913517 11.468218199312687
-1058.825995004177 11.611201188862324
-1056.9914672732352 10.925475380718709
-1056.1022394657134 11.009880750775338
-1054.6249197483062 11.329622566103936
-1053.440136051178 11.748917877078057
-1052.4685593008994 12.077562510371209
-1050.6455279946326 12.085242688059807
-1049.8096841931342 12.42275527060032
-1048.1377112030982 12.171649217009545
-1046.5425153136252 12.28438457787037
-1045.8078727483748 11.793083100914956
-1044.204037284851 11.384084313511849
-1042.8506680488586 11.642914682030678
-1041.846719956398 10.919009774327279
-1040.065000629425 10.869216482490302
-1038.861134624481 10.29029963478446
-1038.0373058080672 9.69661078915
-1037.0136089086532 9.87848843201995
-1036.164665198326 10.243961881250144
-1034.622723197937 10.46157662138343
-1033.324904179573 10.043898801654578
-1031.7919935941695 10.040197509676219
-1031.042863881588 10.303951221853495
-1029.6559883713721 9.878924685865641
-1028.1672181248664 9.96939874008298
-1027.1115817189216 10.09681830123067
-1026.1373880267142 9.730193171054125
-1024.592344558239 9.693057540208102
-1023.7133829951285 8.996232631951571
-1022.0041373133658 8.015952292233706
-1020.1976485610007 7.347599330693484
-1018.4204625248908 6.990482035428286
-1017.0880829453467 7.16805307880044
-1015.9336254954337 6.599070000797511
-1014.9581672310828 6.6064035774767405
-1013.734891450405 6.600799131542445
-1012.2431495547294 6.902820634990931
-1010.5975138306617 6.287979650646449
-1009.2034687161445 5.896782118231059
-1007.3344341874122 5.376142698675395
-1006.3072612643241 5.948622483164073
-1004.7968271136283 5.867290596812964
-1003.012197291851 5.890889968127013
-1001.3104484438895 5.9297383794188505
-1000.3903177142142 5.932373601347209
-998.8142065167426 5.7577995987236505
-997.3416277527808 6.010660919696093
-995.7202687621116 5.223125788718463
-993.9733665347098 5.572550866156817
-992.6943484902381 5.703815820962191
-991.2618805527686 5.827070924788714
-989.886171734333 5.24084255412221
-987.9942446112632 5.197638365775347
-986.0564611315726 5.33296045973897
-984.2280502676963 4.7166828842461115
-982.717627441883 4.231527152806521
-981.5300455451011 4.694042983800173
-980.1011294484138 5.205425861626864
-978.8245859503745 6.0499227078259
-977.0508199095725 6.6096721918880945
-975.4098585009574 7.5297291310131556
-974.6449308753013 8.31335056141019
-973.0165146946906 8.887569430619479
-971.7632596850394 8.934054929167033
-970.0019080996512 8.831477213054896
-968.187052643299 8.9693273486197
-967.1669505000114 8.914894136935473
-965.722354209423 8.911657545119525
-963.8551807761191 8.81433224990964
-962.2243116259574 9.177548173218966
-960.4292204737662 9.47318554237485
-958.7126260161399 9.943025890141726
-956.8480018734931 9.446416261941195
-955.921431338787 10.013307514935732
-954.5767406582831 10.134736541062594
-953.4321489691733 9.968464437276126
-951.6929010510444 9.666114661246539
-950.0367629885673 9.525234896093608
-948.5629543423652 9.983814853578806
-946.8608041167258 10.424079317003489
-945.3319408059119 9.848901468664408
-943.3775085568427 10.124164837747813
-941.9081768155097 9.949847999364138
-940.5229627251624 9.914141978472472
-939.6326803326606 9.516804869621993
-937.6724447369575 10.253939803093672
-936.7721217036246 10.176911692470313
-935.9327078819274 9.735626499503852
-934.1563716888427 9.658508959561587
-933.2274487972259 10.187554720193148
-931.544063425064 10.38216826632619
-930.6189095735549 10.725692662745715
-929.5124507904052 10.74935858823359
-928.0830824136733 10.19023697949946
-926.5653588533401 9.970403590574861
-925.2562181711196 9.973022007718683
-923.4178287744521 10.070638814345003
-921.5802688360213 10.472044268026949
-920.646030640602 9.956515469923616
-918.9921366930007 10.46896556891501
-917.6400555133819 10.033627936020494
-916.3415657043456 10.580982276573778
-915.3137329578399 10.3796953497082
-913.6926020145415 10.246300929561258
-912.4647118806838 10.492289805188776
-911.6498303174972 10.059428089633585
-910.5146236181258 9.979573526754976
-908.811778640747 9.77527330197394
-908.0321722984313 9.630566099062563
-906.2471035480498 9.28036145247519
-905.2288187503814 9.354012855663896
-903.7333103179931 10.109516450539232
-902.5170302152633 10.5835078445822
-900.6718876123427 10.582282903008164
-899.0893522262572 10.629560953341425
-897.5555435180663 11.197219020090998
-896.3255388498305 11.647274351082743
-895.1464743375777 11.621559715233744
-893.716551041603 11.27585754390806
-892.1855975151061 11.642520225010813
-890.333272075653 11.630200019441546
-888.5918357133864 11.211015424095095
-887.0164439439773 11.286421923302115
-885.2885241270064 11.224479632787407
-884.2147425174712 10.857637929134071
-882.5518511295318 10.223960386924446
-880.8654044628142 10.534891950301827
-879.1168761014937 11.114508616141975
-877.4426939249038 11.658090995959938
-875.9038378953933 10.882630633525551
-874.3794793844222 10.943242328576744
-873.1772228240966 11.205099480561913
-872.5145385026931 11.441683011464775
-870.8049409151076 11.693486618213356
-868.9817486763 11.420956151895226
-867.4068236112594 11.04445041935891
-865.8936881780623 11.420504467897118
-864.2788357496261 11.392893286757172
-862.9770215511321 11.299484530799091
-861.5276034832 11.493620643727482
-860.4966425657271 11.743591318242252
-859.1179086923598 11.191381583325565
-857.892407631874 11.063214520327747
-856.23086104393 11.009638453237713
-855.040813422203 11.235447341911495
-853.5284887313842 11.132940696887673
-852.2074768304824 11.365446882657707
-850.4488107919692 10.95963327806443
-849.3844870090484 10.498513626269997
-848.0563336372375 11.101291822604836
-846.7236759424209 10.46694962900132
-845.5035848379134 10.582402291111649
-843.5636883735656 10.47878208976239
-842.2722648143767 10.954913946203888
-841.2766464710235 10.411388250403107
-839.4943969011306 10.00590366344899
-838.5283781051635 10.075919280163944
-837.2683844327926 10.522759208790958
