-1107.48 -547.7
-1107.8379360842705 -546.3842354536057
-1108.0266223061085 -545.1626561403275
-1109.1236367332936 -543.6556947946549
-1109.1988705950976 -542.3463141441346
-1109.5080622392893 -540.5594710826874
-1109.7369428235293 -538.7543839931488
-1110.3882875996828 -536.8918244361878
-1110.2604515063763 -535.024746131897
-1110.685380141735 -533.3400349140168
-1111.2580579924584 -531.4185535430909
-1111.5905104386807 -530.0140063285828
-1112.0293383705616 -528.0968479633332
-1111.7473300802708 -526.3630356311799
-1111.5419692504406 -524.69658203125
-1111.55079859823 -523.1307907819748
-1112.0782904657722 -521.5154131174088
-1111.4219120773673 -519.8311715841294
-1111.7535375985503 -517.8571041345597
-1111.7674272540212 -517.3661615371705
-1112.0651167812944 -515.5957669734955
-1112.195078778565 -513.9913438081742
-1112.215942132771 -512.0199607133866
-1112.646514404118 -510.3093838214875
-1112.0830492857099 -508.3967890262604
-1111.8559023174644 -507.59105576276784
-1111.9551673191786 -505.6895099997521
-1111.6337212580443 -504.3873518824578
-1110.7249652403593 -502.7551189780236
-1110.5008627134562 -500.9664597630501
-1111.0188050228357 -499.14572371244435
-1111.1604575175047 -497.23512924909596
-1111.8765880721808 -495.9257981896401
-1112.2461846131087 -494.62889171838765
-1111.6696110028029 -493.10256696939473
-1111.778222027719 -491.7405424237252
-1111.5212627384067 -490.66286278963094
-1111.7299205991626 -489.29742170572285
-1111.1875053974986 -487.608971130848
-1111.950180027187 -485.81877042055135
-1111.9042398291826 -483.8870449185372
-1111.9913844051957 -482.3600031256676
-1112.1318269851804 -481.2796470046044
-1112.459992993176 -479.4624091506005
-1111.7330330494046 -478.02813483476643
-1111.4225523653627 -476.4134771943093
-1111.4641089844704 -474.82166374921803
-1111.439815185517 -473.14184130430226
-1111.5840820293129 -471.71365059614186
-1111.8735577981174 -469.8386522650719
-1112.0866814474762 -468.4636727690697
-1111.442194185704 -466.78514398336415
-1111.3308742414415 -465.9029730677605
-1111.4018119718135 -464.31962610483174
-1110.8262270833552 -463.01612688303
-1110.098368897587 -461.74535228013997
-1109.8677595104277 -460.49873305559163
-1110.6037251199782 -458.76784206628804
-1111.3089026655257 -457.1861285090447
-1112.0486402954161 -455.58233274221425
-1112.0568771506846 -453.65402997732167
-1111.9563336665929 -452.0232968449593
-1111.6557570393384 -450.34419525861745
-1112.1446246500313 -448.64123548269276
-1111.9997534747422 -447.038552415371
-1112.5668833847344 -445.5702976107598
-1113.3202005024255 -443.7870861411095
-1112.8365670736134 -442.286376965046
-1113.1561882193387 -440.6533852934838
-1113.914138406068 -439.62350131273274
-1115.287149875909 -437.96084214448933
-1116.6146681006253 -437.54942382574086
-1117.4058838780225 -436.427055490017
-1119.2539690430463 -436.0281168341637
-1121.2199054653943 -435.1455334544182
-1122.5322477515042 -434.7325902998448
-1123.9405085738003 -434.10634837746625
-1124.841331332475 -433.2663207471371
-1126.1614572699368 -432.6832710921765
-1127.5592434103787 -432.997547698021
-1128.8378832037747 -431.96661884784703
-1130.7088961298764 -431.35837669372563
-1132.5602049525082 -430.08660573959355
-1134.1783020193875 -429.91320419013505
-1134.8051319415868 -429.6139962047339
-1136.067274480611 -428.1607466310263
-1136.2544067050517 -426.9436635345221
-1136.5124631370604 -425.5854192346335
-1136.1689621056616 -424.10750883519654
-1136.2813772703707 -423.1568753689528
-1137.229028775841 -421.30363535583024
-1137.4514058972895 -420.25267350375657
-1137.0761173512042 -418.504680749774
-1136.7752473200858 -416.8516222208739
-1137.4652566160262 -415.8438268870116
-1137.787409349829 -414.15386271178727
-1137.2505912031233 -412.3491497009993
-1137.9493664945662 -410.6168237894774
-1138.595250531584 -409.13077926337724
-1137.989907785803 -407.6493332356215
-1138.4985207761824 -405.84750532805924
-1138.2384059871733 -404.111285802722
-1138.022337808758 -402.8862010210753
-1138.3322970713675 -401.22338139712815
-1139.0850232090056 -399.67519581019883
-1138.863015010506 -398.4219353169203
-1138.6184087242186 -397.0849771469832
-1138.516118362099 -395.29878568351273
-1138.028232767731 -393.55213844478135
-1138.6589944507182 -391.9273830622435
-1139.1199928964675 -389.9935622185469
-1139.754914804846 -388.4656147927046
-1138.9984442438185 -386.8097498387099
-1138.423473879248 -385.07900738418107
-1137.7953920210898 -383.60568070113663
-1138.299007281214 -382.23597192466264
-1138.4392340774834 -380.3278024166823
-1138.1387659604848 -378.82477414309983
-1137.7758369739354 -376.9679056376219
-1137.1603542263806 -375.7569912642241
-1137.764626889974 -373.86274897754197
-1137.0675133760274 -372.218329307437
-1137.1888917084038 -370.50678646266465
-1137.9829531307519 -369.07583045661454
-1137.7509912247956 -367.80466866195206
-1138.1187765593827 -366.15691947638993
-1137.9339765305817 -364.48553240001206
-1138.0995866502822 -362.89322018325333
-1138.251631140262 -361.73892438113694
-1138.4094611103833 -360.22659074962144
-1138.9951488669217 -358.9269962280989
-1138.5374267692864 -357.6291354864836
-1138.022816836387 -356.44932567775254
-1138.7884396906197 -354.9939273566008
-1138.8093496184051 -353.1748126715422
-1139.569936774224 -351.66425239741807
-1139.88896506235 -350.3547151058913
-1140.3415583889187 -348.7897983759642
-1140.7813565056026 -346.9476115673781
-1141.3838234464824 -345.7249596089125
-1142.019251755923 -344.00128173530106
-1140.9345803777874 -343.20590990483765
-1141.4885386745632 -342.7981548875571
-1140.7734919707477 -342.16733967959885
-1140.1034346143902 -340.46626233756547
-1140.7355058710277 -338.6179029911757
-1140.1417975346744 -337.29561745822434
-1140.780260256976 -335.82499754130845
-1140.453677765578 -333.94258534610276
-1140.0821888665855 -332.10597717463975
-1140.6676555494964 -331.2613885968924
-1141.0613711099327 -329.59250992238526
-1140.7402816335857 -329.2466663092375
-1140.0495774070919 -328.12599765956406
-1140.7136720936 -326.93550991714005
-1141.157479159087 -325.08663177192216
-1141.636603973359 -324.4324039191008
-1141.2425449709594 -323.5309267610312
-1141.630375764817 -322.4057021707297
-1141.6787630613148 -321.8811457127333
-1142.099960654527 -321.1540877193213
-1142.2437846656144 -319.6227819293738
-1142.4548614616692 -318.6105998128653
-1142.3155952687562 -317.1019661992789
-1142.6231893892586 -316.5246850818396
-1142.249822884351 -315.35456520020966
-1142.158605441004 -314.1522762149573
-1141.9809519793093 -312.5359758704901
-1142.0984260360897 -311.01008659303193
-1142.4922246854007 -309.1872984737158
-1142.3219453464449 -307.92548459470277
-1142.9189125667513 -306.89849906861787
-1142.1994093428552 -306.17014127671723
-1143.0339908967912 -304.7468087047339
-1143.6130571733415 -303.4997085899115
-1143.604178480357 -302.07527094781403
-1144.1820396105945 -301.47102826535706
-1144.7560303132236 -299.6014317840338
-1144.425625256747 -297.89455634057526
-1143.4908952634037 -297.0776658624411
-1144.147814027518 -295.3822692006827
-1144.33112471506 -294.46636986434464
-1144.4473276208341 -293.5865944594145
-1144.398194245547 -292.7433883517981
-1144.5567256729305 -291.12836557328706
-1145.0772638241947 -289.9075991481543
-1144.7324574510753 -289.35377484261994
-1144.7190638701618 -287.7115827172995
-1144.3238646309078 -286.32332092225556
-1144.3521717111767 -284.5613384813071
-1145.1045693080127 -282.98509293496613
-1145.199841670245 -281.6714695066214
-1146.5311214248836 -280.0459290117026
-1146.741057909578 -279.33344381749635
-1147.418434060663 -277.82444244325166
-1146.959917164892 -277.1431924670935
-1147.949618614763 -276.6852012842894
-1147.9224499459565 -275.98561942279343
-1148.457294165641 -275.42140835225587
-1148.723853289634 -274.0598742336035
-1149.2429765458405 -273.00452571809296
-1148.9903340633214 -271.7793874114752
-1149.5124739702046 -270.7366320461035
