-1107.48 -547.7
-1106.710101943016 -547.2491868257523
-1106.617755125761 -545.4180410623551
-1106.0740603911877 -543.8178205013276
-1106.5337168681622 -541.840566110611
-1106.4053057837486 -540.0986155986786
-1105.871015470028 -538.3473951339722
-1105.6954159545899 -536.5813049793244
-1105.4007322001457 -534.8789841651917
-1105.4884909945727 -532.9455134391785
-1105.3893732386828 -531.8576266288758
-1105.6598877865076 -530.0383580446244
-1106.0647464352846 -528.9692810297013
-1106.3341490882635 -527.8451170444489
-1105.6430326360464 -526.131864976883
-1105.4439798104763 -524.7858498811722
-1105.473033155799 -523.1339445829392
-1105.1991064208746 -521.3126581430436
-1104.8152774232626 -520.4545167207718
-1104.650772895217 -518.7549606084824
-1105.2713575023413 -517.1812028408051
-1105.9178816336394 -515.2398457050324
-1105.3288983362913 -513.3514374017716
-1105.1333784121275 -511.82316644191746
-1105.93595882833 -510.0765711784363
-1106.0481569427252 -508.50098545551305
-1106.6475961464644 -506.62163550853734
-1106.1885184901953 -504.89573450088506
-1105.584521855712 -503.0737752437592
-1105.9815219897032 -502.0142094612122
-1106.5896410602331 -501.2095455050469
-1107.0086309868097 -499.46714628934865
-1107.259499962926 -498.6284494519234
-1106.7417896944285 -497.19520677328114
-1105.964253063798 -495.7902191996575
-1105.7804585802555 -493.8175753474236
-1105.477182995081 -491.9650131583214
-1106.4005906689167 -490.1945877194405
-1105.792000900507 -488.7934672951699
-1105.4704183447361 -486.9840208411217
-1105.5371837425232 -485.9762727141381
-1105.6713833916187 -484.13966811895375
-1106.1140804100037 -482.7019944310189
-1106.0388489472866 -480.7715311169625
-1106.3462457168102 -479.20484007596974
-1105.6433006036282 -477.57951153516774
-1105.9424118208885 -476.9829225659371
-1106.4987573432923 -475.20693351030354
-1106.0112822461128 -473.52790297269826
-1105.677188526392 -472.6447723627091
-1105.2489242064953 -470.6958866834641
-1105.1916848528385 -468.9298806905747
-1106.0774777042866 -467.45246179103856
-1105.9617017167807 -465.90593118667607
-1105.8820875692368 -464.188266825676
-1106.3216241407395 -462.62765104770665
-1107.0004881429672 -460.83752281665807
-1106.597148399353 -459.22013576030736
-1106.9873523521424 -457.64613707065587
-1106.5581910717488 -455.91745073795323
-1105.9331660974026 -454.04251463413243
-1105.8145806002617 -452.82289285659795
-1106.3681224989891 -451.82113714218144
-1106.0460786628723 -450.3058311462403
-1106.4052407252789 -449.4380489110947
-1106.7338362443447 -447.9045370340348
-1106.309005599022 -446.6819581508637
-1106.9860579180718 -446.4752586603165
-1107.317785422802 -445.11399276256566
-1107.3803058075905 -444.16827358007436
-1107.7561326134205 -443.84141014218335
-1108.7556949961186 -443.7536919534207
-1109.9574341881275 -443.5630518615246
-1110.371755670309 -442.0237509429455
-1111.304192494154 -440.1199371039868
-1111.221382241249 -439.854817968607
-1111.2537011909485 -439.4149012982846
-1111.7995741772652 -437.8116145551205
-1112.1980073559284 -437.2223937928677
-1113.1862669098377 -435.62478498816495
-1113.0168163883686 -433.93745402693753
-1114.0889922487736 -433.36913357377057
-1113.9794629323483 -431.80461559891705
-1114.0778918969631 -430.1292191565037
-1114.5314367818833 -429.37784848809247
-1115.8035555887222 -428.8573394834996
-1116.1854048478604 -427.36400209069257
-1115.6657066452503 -426.0269926607609
-1116.094077538252 -424.49405274987225
-1116.0942260730267 -422.5687030375004
-1115.912242050767 -420.669271093607
-1116.1821469920874 -419.659984689951
-1115.897423054576 -419.24336705803876
-1115.3737898129225 -418.15500746369366
-1116.1301732319594 -417.346047025919
-1115.88101544559 -415.8778072416783
-1116.8044164437056 -413.98078606724744
-1116.981002177596 -413.43414495587353
-1117.5913318055868 -411.6542448818684
-1117.7931905943155 -409.87583063244824
-1118.519161875844 -408.0001898825169
-1117.5681982594729 -406.1909392893315
-1116.7181707578898 -405.27133856415753
-1116.3874596315623 -403.4467667162419
-1115.7897835928202 -401.8742050945759
-1116.47176235497 -400.0350279629231
-1117.3713573771715 -398.2902611315251
-1117.5080848294497 -397.63153414130215
-1117.1543431836367 -395.7112158954144
-1116.8241152721644 -394.5522004783154
-1116.5742877680063 -393.30089680552487
-1116.4741042661667 -392.6835244715214
-1115.8926188755036 -391.0112868368626
-1116.1289429473877 -390.35990158915524
-1115.9428560841084 -389.9785626351834
-1115.4385087001324 -388.1792378842831
-1115.6221718150377 -386.74400524497037
-1115.0648660618067 -384.976002496481
-1114.7122863787413 -384.4307751476765
-1114.1513039129973 -383.19151936173444
-1113.874403502345 -381.59782944321637
-1113.4907340663672 -381.0257407844067
-1114.0093036550284 -379.21232740283017
-1114.6168214339018 -378.41639075875287
-1115.2835703748465 -377.24337170720105
-1114.9223211663962 -375.4932342588902
-1114.4515733975172 -374.28433619141583
-1114.6141235339642 -374.0448449671269
-1114.1867079246044 -372.902026039362
-1114.2531647491455 -372.0338141739369
-1114.0682249176502 -371.0225415050984
-1114.7257150518894 -370.0198192417622
-1115.7826761114598 -369.1992724359036
-1115.3100946354866 -368.64422438740735
-1114.999777983427 -367.1900734722615
-1115.2619245159626 -366.3757456362248
-1114.8801189768315 -364.9211668789387
-1115.5380735504627 -364.514621180296
-1115.1067464458943 -364.0563431203366
-1114.8093687701225 -362.77788464427
-1114.4527164506912 -361.23577443957333
-1114.4663069057465 -359.4301652133465
-1114.7806145954132 -357.99847845435147
-1115.6540581989289 -356.7430019795895
-1115.7258338588476 -355.9449295818806
-1115.8590237158537 -354.3998082697392
-1116.1166555541754 -353.32549176812176
-1116.3404183644057 -351.65481720566754
-1116.5831745225191 -351.12284569144254
-1117.4808282214403 -349.6216777980328
-1116.7436577039957 -349.3230690777302
-1117.392356927991 -348.2082671940327
-1117.171968843341 -347.7286082923413
-1117.0532270479202 -346.3258030831814
-1116.2772404360771 -344.7420609414578
-1115.9083679127693 -344.21979640126233
-1116.4013636517525 -342.53535268902783
-1116.3833172726631 -341.0577089607716
-1116.3781637358666 -339.7711518824101
-1115.959861587286 -338.0635692894459
-1116.6065915930271 -337.8293494403363
-1116.671154524684 -337.5899097144604
-1116.2734232205153 -336.07262687087064
-1116.5441287118197 -335.0560416400433
-1116.0640639024973 -334.53121642470364
-1115.435123320222 -332.95202354788785
-1115.8534173327685 -331.81325344443326
-1115.506553913951 -330.9341113388539
-1115.0273769754172 -329.821677428484
-1115.6593303340674 -328.2375733673573
-1115.2677911776304 -327.05747793316846
-1115.057722594142 -325.50897143483166
-1115.827047790885 -323.9860968410969
-1115.4074704903364 -322.89424512982373
-1116.0137213724852 -321.4865615189076
-1116.4282151716948 -320.68123469948773
-1116.953319157958 -319.4982094585896
-1117.587397660613 -318.43444703221326
-1118.459311093688 -316.53443859219556
-1118.086161609292 -315.0917848169804
-1118.8050476270914 -313.9395907938481
-1118.8734943825007 -313.8124076545239
-1119.9799900013209 -313.6740263521672
-1120.2260958510637 -312.3518885195256
-1120.8542309361696 -311.65593234896664
-1122.3041825848818 -310.82909474968915
-1123.7516761380434 -310.6173560291529
-1125.4585176068545 -310.338840302825
-1126.1160089331865 -310.385272961855
-1126.7110746461153 -310.937240344286
-1127.476754899621 -311.4356826066971
-1128.5738794761896 -311.02765281200413
-1129.084259327054 -310.95977721810345
-1130.0164951044321 -310.4084604799748
-1130.3860418754816 -310.18287981748585
-1130.8404706078768 -309.4119283676148
-1132.3499048310518 -308.4862995862961
-1132.6095250207186 -308.89133198261266
-1133.151978726983 -308.6269740581513
-1134.299060459733 -307.857301068306
-1134.6908583003283 -306.9434860467911
-1135.9503990966082 -307.57602555751805
-1136.3539047199488 -307.8532867252827
-1136.779649849534 -308.1785498976708
-1137.7511307555437 -307.695390534401
-1138.3161839205027 -307.0092018961907
-1139.5545490938425 -307.5341306447983
-1140.866565580964 -307.48773823380475
-1142.0137408930063 -306.82154701352124
-1142.4772925931215 -306.7479316711426
-1143.9704549866915 -306.5112961351872
-1144.1598045784235 -305.02061973214154
-1145.212425108552 -303.68517861962323
-1145.4552907305956 -302.53549955487256
-1145.3294050055742 -301.3329343616963
-1145.3235737341643 -300.04612420201306
-1145.485794838071 -299.81681833863263
-1145.38309484303 -299.550652307272
-1145.1391140180826 -299.1269298613072
-1145.55728163898 -298.7493796765805
-1146.0267131882906 -298.164798539877
-1145.537094141841 -297.0112119138241
-1145.350182350278 -295.8928974092007
-1146.210675533414 -295.1947696626187
-1146.3002585279942 -294.9489857375622
-1145.7129829633236 -293.75437359213834
-1145.7360710906983 -293.11610321402554
-1145.578803550005 -291.9839389741421
-1145.2738465476036 -290.3169684827328
-1146.1168834376335 -288.95953826308255
-1146.2856569695473 -288.692496162653
-1145.814911108017 -288.13421873450284
-1145.6200865912438 -286.6375879466534
-1145.4687461662293 -285.308469337225
-1145.0001140344143 -284.1912694394589
-1146.1846025693417 -282.73710123896603
-1145.8146074819565 -282.20641170144086
-1146.0707010436058 -281.48324851393704
-1145.4902382302284 -279.58274964690213
-1145.565733115673 -279.30584202408795
-1145.7647315520048 -277.9232433855534
-1145.5288548725844 -277.1765230715275
-1145.1328938263655 -275.9484584152699
-1145.5553750950098 -274.7125204622746
-1145.4022977608442 -274.0116320073605
-1145.6115827518702 -273.2787650048733
-1145.9775372105837 -271.8298886239529
-1146.5832853275538 -270.39684979319577
-1147.8016858059168 -270.0833043277264
-1147.8734164196253 -269.57451013922696
-1148.4041720587015 -269.0132092058659
