-1107.48 -547.7
-1108.3267129468918 -545.8423931121827
-1109.1279513645172 -544.9676022052765
-1108.917715113163 -543.8919083595276
-1109.3436945784092 -542.9579637169838
-1109.9882937180996 -542.0165622353554
-1110.4367813873291 -541.6925505518914
-1110.9334833729267 -540.0997437357903
-1111.2519447612763 -538.6846162199975
-1111.4142845380306 -537.007698071003
-1111.7245574104786 -535.4304505705834
-1112.1684235143662 -533.9410253882409
-1111.8647597837448 -532.649130833149
-1112.173697720766 -532.1373790621758
-1112.6063304948807 -530.7588245987893
-1112.990795533657 -530.2038214325905
-1112.5156878340244 -528.5503422141076
-1112.7188990819454 -526.7568284392357
-1113.0012919414044 -525.2333763957024
-1112.8455761480332 -523.7491973757744
-1112.7719857800007 -522.6164100289345
-1112.5941816675663 -521.8681626439095
-1111.8727621543408 -520.4689753174782
-1111.9594881045819 -519.6065654873848
-1112.3415007698536 -518.9189124822617
-1112.539276610613 -518.4411614060402
-1112.856520305872 -516.7000115036965
-1112.888918440342 -515.2372266173363
-1112.785963307619 -514.9161532640458
-1113.023150484562 -513.5856282234192
-1112.4061627793312 -512.9091913819314
-1112.790506284237 -511.8826024651528
-1112.8761318433285 -510.8181880831719
-1112.5918700504303 -510.0896805644036
-1112.6782075870037 -508.85802234411244
-1112.2635182845593 -507.39880980253224
-1112.6356817889214 -506.8036533713341
-1112.0623257565499 -504.927721631527
-1112.5225207316876 -504.6048982262612
-1111.8840034115315 -503.86876560449605
-1111.7100202548504 -503.1016280770302
-1112.084165226221 -501.97813833951955
-1112.0663559544087 -500.32143629789357
-1112.3390518832207 -499.1150252938271
-1112.3420889782906 -497.6457593560219
-1112.3966021943093 -496.0702322840691
-1112.3530913698673 -495.8819189190865
-1112.5844981777668 -495.3847383975983
-1112.7207664358616 -494.0860368728638
-1112.5588297355175 -493.1564298987389
-1112.7644643890858 -492.8796425580979
-1111.6483982908726 -492.55945647954945
-1111.1263931500912 -491.8805251240731
-1111.449835639 -491.1915481805802
-1111.81794978261 -490.24290699958806
-1112.1542760837078 -490.0739678859711
-1112.3484343993664 -489.06650955677037
-1112.387031327486 -487.39924736022954
-1112.703221063614 -486.30055160522465
-1112.714628379345 -485.16266937255864
-1112.4422505903244 -483.83305580616
-1112.5458392608166 -482.68870086669926
-1112.0082597243786 -481.735295188427
-1111.3897111523152 -481.01232732534413
-1111.7715917038918 -479.69536281824116
-1112.2555061388016 -478.525328886509
-1111.6015069890022 -477.8998898386956
-1111.0952600049973 -476.93652875423436
-1110.7335668313503 -476.56327058076863
-1111.2516438472271 -475.242308986187
-1110.8349394607544 -473.4251606583596
-1111.194921951294 -471.54049350023274
-1111.6831653523445 -470.28567684888844
-1111.4416592079401 -469.58759094476704
-1111.5272150593996 -467.9038815617562
-1111.2828763979674 -467.1474187493325
-1111.4451172310114 -466.366788995266
-1111.5300660091639 -464.7108446478844
-1111.7186625856161 -462.9254137396813
-1112.025139119029 -462.05637718439107
-1111.9130103546381 -460.3127544045449
-1111.4323553699255 -458.99295569658284
-1110.3061308521033 -458.204942893982
-1110.0553946453333 -457.8787779331208
-1109.5376281100512 -457.02272410392766
-1109.1866739350558 -455.61934907436375
-1109.165302913189 -454.25163478851323
-1108.2806529808045 -452.4652981281281
-1108.850173573494 -451.0435440063477
-1108.3635608065129 -449.84328527450566
-1108.796660284996 -448.37624223232274
-1108.346540312767 -447.63588036298756
-1109.0124903130531 -446.80258603096013
-1109.1590780872107 -445.5883539438248
-1108.5704708951712 -444.0955074548722
-1109.1957839387655 -442.6147500991822
-1109.8944129008055 -441.0303148746491
-1110.2586847800017 -440.2965407490731
-1109.698982025981 -439.62700916528706
-1110.2025875109434 -437.83716441392903
-1110.6065738159418 -436.76646174192433
-1110.7495239037275 -436.5153527975083
-1110.3850197452307 -435.3276950836182
-1109.4652752536535 -433.8920400857926
-1109.7642987030745 -433.14283342361455
-1110.2064863103628 -431.97687346935277
-1110.6693753260374 -430.54065139293675
-1110.2236002641916 -428.7258791446686
-1109.6614474016428 -428.25829781293874
-1109.3401519018412 -426.6115219712258
-1108.4990252810717 -425.9014625668526
-1108.3163743573427 -424.7340338349343
-1108.1417960184813 -423.5699873089791
-1108.6853888887167 -422.88899184465413
-1109.2993572610617 -422.2562253594399
-1109.4618998128176 -421.2048590302468
-1110.059481318593 -419.9408285737038
-1110.5473706680536 -419.589388024807
-1110.3580141323805 -418.0270248770714
-1109.9504753011465 -417.8489069461823
-1109.8190787392855 -416.10693664550786
-1108.9437100845576 -414.9595653533936
-1109.1229581195116 -413.7669214725495
-1108.8854673463106 -411.8369235515595
-1109.1754255849123 -411.0339519500733
-1109.1687252926827 -409.4208817005158
-1109.0896471846104 -409.0548928499222
-1109.0009926068783 -407.70715541839604
-1109.3458238053322 -405.73016829490666
-1109.5781758832932 -404.4420512437821
-1108.6614860701561 -404.06400049924855
-1108.07144449234 -402.1076654314995
-1107.1813825774193 -401.26150108575825
-1107.2688717353344 -400.7174602270127
-1106.8758009183407 -399.6328207969666
-1107.5133433449269 -398.979256105423
-1107.4013701114059 -397.56348402500157
-1107.2010350856185 -396.569439303875
-1107.4246116760373 -395.8446322202683
-1107.831920194924 -394.8941450834275
-1107.8086071829498 -394.014532160759
-1108.1113466839493 -393.79201121330266
-1108.2306721429527 -393.0417001962662
-1107.7562594334781 -392.62366826534276
-1108.0007584910095 -390.66748602390294
-1107.7011224548519 -389.31578774452214
-1107.356035373658 -387.34564812183385
-1108.1793128471077 -386.1457730054856
-1107.6347864489258 -384.56698877811436
-1107.0126695255935 -384.2098849534989
-1107.8985556583107 -383.91383923292165
-1107.1773836235702 -382.0947789072991
-1107.3157094042003 -381.00943149328236
-1107.842804722041 -379.42028630971913
-1107.936972565502 -377.76972783803944
-1107.3993036817014 -377.34347600936894
-1107.6150668631494 -376.0706002235413
-1108.491646386236 -374.2789458751679
-1108.226174748987 -373.55272276401524
-1108.721633888334 -372.37914116382603
-1108.7069089110196 -372.01642156839375
-1107.8612173493207 -371.45843340158467
-1108.5442580278218 -369.98432947397237
-1108.0944345887006 -368.88578940629964
-1107.8623292441666 -367.38102484941487
-1107.1110671158135 -366.83024824857716
-1107.3514568950236 -366.36917800903325
-1107.0336541379988 -364.6215940237046
-1107.7501730169356 -362.73622281551366
-1107.374598994404 -361.5267009258271
-1107.356461673528 -361.23982686996465
-1108.250507503301 -359.3803188323975
-1107.8054793770611 -359.05813301801686
-1107.9067548508942 -358.09830547571187
-1107.8579562488198 -357.7728892087937
-1108.6803918662667 -356.86719478368764
-1109.041064310372 -355.56643618345265
-1109.1566661331058 -354.44607723951344
-1109.8538576099277 -353.1604869484902
-1109.8476747009158 -352.2065495371819
-1109.4254084262252 -350.9966021895409
-1109.7126700612903 -349.16523207426076
-1109.2413740488887 -348.80480767488484
-1109.6099913451076 -348.0686318993569
-1109.7374185952544 -347.77177311182027
-1108.9659779700637 -346.8812438964844
-1109.6609468492866 -346.42101461887364
-1109.373222771585 -344.7452190637589
-1108.5471558007598 -344.0814289569855
-1108.3799070748687 -342.4950880527497
-1108.474812220335 -341.64049626588826
-1108.261708985567 -340.5413257002831
-1107.9965359377861 -339.4555844187737
-1107.2993576931954 -337.80106557607655
-1107.7654569852352 -337.4479284405709
-1107.3237911570072 -336.29221512079243
-1107.3332208278775 -335.7260772109032
-1106.6194798234105 -335.40318692922597
-1106.1793896737695 -334.31699861288075
-1105.8163873437047 -333.2378336310387
-1105.5681596282125 -333.0407321572304
-1106.201509166062 -331.9082597613335
-1107.0395584586263 -330.2782925486565
-1108.2210785630346 -329.08375860452657
-1108.562582719624 -327.53907443284993
-1109.1079869750142 -327.32310343980794
-1109.6081358674169 -326.649680864811
-1109.7637801203132 -325.8965579986573
-1109.5370835247636 -325.30048794746403
-1110.3922556820512 -323.9529357671738
-1110.5381143572927 -322.7708683729172
-1109.7283989074826 -322.2941227078438
-1109.8826518240571 -321.7790345668793
-1110.481010812819 -321.4150837182999
-1109.963817256987 -320.42427868843083
-1110.7560435715318 -319.6582822322846
-1110.722448963225 -318.20286221504216
-1111.5644007506967 -317.8311621665955
-1111.8709277394414 -317.7443325042725
-1112.5938447597623 -317.51005406379704
-1113.8684894922376 -317.2383451581002
-1114.9262076500058 -315.89617432355885
-1115.9538576486707 -314.8652395129204
-1116.5977892163396 -314.47137762308125
-1117.54604141742 -313.4117632031441
-1118.970177102387 -313.5410204648972
-1119.9165201666951 -312.4047935724259
-1121.0604349854589 -312.5407759070397
-1122.4255569460988 -311.87313271760945
-1124.1446291688085 -311.2130636096001
-1125.6992453816533 -310.8584490537644
-1126.9240468028188 -310.6744468033314
-1127.1966062667966 -310.5393376618624
-1128.2274466636777 -309.9184083014727
-1129.6381142023206 -308.97132828533654
-1131.201763022244 -308.2708283334971
-1132.6230614069104 -307.6868418127299
-1133.286074745953 -306.6886362701655
-1133.8174670818448 -307.37423875629906
-1134.7321679475904 -306.63158985674386
-1135.014398920834 -307.3859220415354
-1135.4496114733815 -306.4315080314875
-1137.3122323039174 -306.4860019654036
-1138.5063261273503 -306.91180392801766
-1138.6690002563596 -306.3261521726847
-1140.2952593448758 -305.3819509416819
-1141.2004014733434 -304.4204962521792
-1142.3454684498906 -304.1811079949141
-1142.7490513506532 -303.6831072837115
-1143.6967427316308 -302.6138757735491
-1144.5529230418801 -301.0767519742251
-1144.101786929667 -299.22268441021447
-1144.952914852202 -297.7798577815295
-1144.5326164248586 -297.2315402299166
-1144.5786095368862 -295.6444893151522
-1145.3067234265804 -294.71385910809045
-1145.65500898242 -293.25050070583825
-1145.764614302218 -291.37949040234093
-1144.9497847142816 -291.0400699049235
-1144.712927955687 -290.59122892916207
-1145.2666703048349 -289.8468973308802
-1146.029753047526 -289.34543105661874
-1146.1354705053568 -288.5665278702975
-1145.433775241971 -288.2265442281962
-1145.5795399951935 -287.60365304052834
-1145.8844038951397 -286.4935652881861
-1145.6096349167824 -286.03594609797005
-1146.022881667614 -284.25995990335946
-1146.8651564526558 -283.5209786564112
-1146.2190402555466 -283.0719832450152
-1147.0030883955956 -282.1422414451838
-1147.2328239190579 -281.6668356329203
-1148.1491976487637 -280.3288826614619
-1148.4410267281532 -279.9226401716471
-1148.9567519831658 -279.04174300730233
-1148.4767318177223 -278.3278116255999
-1148.899571608305 -277.0957813531161
-1149.3902518558502 -275.5528489619494
-1150.138451795578 -274.0388988524676
-1149.2678865003586 -272.4554610520602
-1149.4740904080868 -271.6915580898524
-1150.0501279342175 -270.34569450914864
