-1107.48 -547.7
-1107.6679181861878 -547.110487651825
-1107.8357865321636 -545.9325766086579
-1108.8052536952496 -545.2943620204926
-1108.5527410316467 -544.6355077743531
-1108.589300404787 -542.8765992641449
-1108.7900650012493 -541.9972840666771
-1109.1839571404457 -540.108547103405
-1109.3150449949503 -538.4294774651528
-1109.4062515977025 -537.2203126072884
-1109.5451468262077 -535.5023104071618
-1110.1081943544746 -534.1358941912652
-1110.3785448405147 -533.1069051146508
-1110.199550050795 -531.5243389725686
-1109.991022515595 -530.4164401412011
-1110.18824932307 -528.8205675005913
-1109.575669142902 -527.2344275832177
-1109.3865325781703 -526.1555609822274
-1109.314770463407 -524.5982447981835
-1110.1331685814262 -523.6163989424706
-1110.72297644943 -522.1243139624596
-1111.2094934615493 -520.3744903922081
-1111.0101407799125 -518.8301471590996
-1110.5942118498683 -516.9044317126275
-1110.7523677232862 -515.093022954464
-1111.4499972346425 -513.1806136488915
-1110.6045094016195 -511.4673224806786
-1111.272386777699 -510.1657184481621
-1110.7810000661016 -508.833389890194
-1110.7250053580105 -507.77063716650014
-1110.716629191786 -505.9269470095635
-1110.583183630854 -504.3056059002877
-1111.090034827143 -502.8740674376488
-1110.7394966627658 -502.29611648321156
-1110.6967083062232 -501.02936996221547
-1111.8165722931922 -499.81149543523793
-1111.871716260463 -498.68443037271504
-1112.722857951671 -497.2606381297112
-1112.8342673625052 -496.115142595768
-1112.8612492527068 -495.1539586901665
-1112.9927732045949 -493.2844814181328
-1113.520408898145 -491.8702809929848
-1113.1458380515874 -490.75272012948994
-1114.2514975364506 -489.3856417059899
-1114.5632109339535 -487.74855006933217
-1115.554316430837 -486.97118086814885
-1116.688958555013 -485.55548329353337
-1118.2685487563908 -484.5209859132767
-1119.5483830268681 -483.56657595634465
-1119.9361468847096 -482.74140311479573
-1120.6449368293584 -482.58850268721585
-1121.8772718007863 -482.0763164579869
-1122.330471187383 -481.7674362480641
-1122.9206170733273 -481.3143384277821
-1123.7296105320752 -481.5135136663914
-1125.1244588787854 -480.9122676670552
-1125.9885075385869 -480.41409070491795
-1126.677917032987 -479.6618927240372
-1127.4032388027013 -479.1317374825478
-1128.5442493255437 -479.16139052510266
-1129.122573107034 -478.4755928933621
-1129.4820310766995 -478.0543331921101
-1131.042179196626 -478.63545433878903
-1132.362624257356 -478.387346816063
-1133.7850824292004 -477.81104762554173
-1135.2719770367444 -477.27842278480534
-1137.0074253971875 -476.9107329368592
-1137.5364564354718 -476.67752711176877
-1138.1450542505086 -475.6501980245114
-1138.8242835099995 -474.21467987895016
-1138.9152216608823 -472.5002509772778
-1138.477343171388 -471.40341238379483
-1138.7124741669 -470.00325779318814
-1138.991853504926 -468.30060390830045
-1139.2387468959391 -467.8035223901272
-1139.349433362037 -466.46254686713223
-1140.0605128403008 -464.5603247106076
-1139.6370375151932 -462.8510058343411
-1139.7302811215818 -461.4033580243588
-1139.5885292063654 -460.4389980256558
-1140.4513469706476 -459.3886014640332
-1140.5003787200153 -458.1011220633984
-1140.147945753783 -456.5164133727551
-1140.1307502309978 -456.13391111493115
-1139.9351750384271 -454.7385728180409
-1140.0060171405971 -453.4803037464619
-1140.4389210562408 -451.8948420107365
-1139.936420879811 -450.4760452330113
-1140.1074873279035 -449.851919990778
-1140.0318864057958 -448.61375485062604
-1139.5699497531355 -447.5639302551747
-1140.5171076129377 -447.08073465228085
-1141.3437857697904 -445.69504169821744
-1140.942372686714 -444.5824325501919
-1140.8299052487314 -442.8194797456265
-1140.0664803753793 -441.87652353644376
-1140.9660756359995 -440.6061633050442
-1141.7776115308702 -438.87804774641995
-1141.8578272755444 -437.4717388570309
-1141.6660986687243 -436.2676819980145
-1141.3445839430392 -434.9607494294644
-1140.8827724899352 -433.9003086507321
-1141.5419779862464 -432.96494088768964
-1141.2905532862246 -431.15514574646954
-1141.0100489403308 -429.2841940939427
-1140.8738828445971 -427.78006480336194
-1141.5015311981738 -426.82469634413724
-1141.0655643488467 -426.07467357516293
-1141.1699251528084 -424.22922698855405
-1140.6186652179063 -422.5956851661206
-1140.8337512607873 -421.09319381117825
-1141.3302348847687 -420.1681840837002
-1141.3443697872758 -418.4225255668164
-1141.4286770257354 -416.9471422851086
-1141.233899537027 -416.1570830762387
-1141.6270659598708 -414.47579459548
-1141.83295111686 -413.6719787538052
-1141.2389793875814 -412.5086011111737
-1141.2816097396612 -410.8575071513653
-1141.0243100482226 -409.2218794047833
-1141.8130899626017 -407.5075053393841
-1141.982603366971 -406.18326691985135
-1141.5900075691939 -404.7158155858517
-1140.927381362319 -403.09622148871426
-1141.3686176794768 -402.3415323913098
-1141.6306195515394 -401.8010198295117
-1141.0303424853087 -400.12756518721585
-1141.9046310442686 -399.32791475653653
-1141.8244853276015 -397.5718068301678
-1142.5311883944273 -396.6115097224713
-1142.1794965523482 -395.3642327010632
-1142.3818226712942 -394.38692812323575
-1141.5723911184073 -393.09763411879544
-1141.5570752467215 -392.6416168034077
-1141.833037867695 -391.45072708725934
-1142.0214399541915 -389.51896629929547
-1142.3340689088404 -388.0743334114552
-1142.16355185166 -387.1142878353596
-1141.7482646252215 -386.4497335374356
-1142.1644681836665 -384.6574889838696
-1141.9447037126124 -383.5706910312176
-1142.264032408148 -382.3510480344296
-1143.0030249799788 -381.14107827544217
-1142.4747727955878 -379.381440204382
-1142.1455869223178 -378.08201913237576
-1142.3475737567246 -376.3306268870831
-1142.4649312640727 -374.60853592753415
-1141.9127037669718 -373.17099038958554
-1141.547384276539 -372.079390090704
-1141.7998588229716 -371.6624958336354
-1141.5521244849265 -370.5356118500233
-1141.8585577453673 -369.5065915405751
-1142.1984434868396 -368.8623485386372
-1142.943707420975 -368.02513979077344
-1142.1599478270114 -367.53758696913724
-1142.2548011387885 -366.09311990141873
-1142.275108038932 -365.2323273837567
-1141.6946660871804 -363.4285479009152
-1141.5745194028318 -362.51475892663007
-1141.4422932188213 -361.6635511338711
-1141.1919038514793 -360.23518685698514
-1141.3666408728063 -358.78285364508633
-1141.8196016918123 -357.8336292922497
-1142.3205931554735 -356.34387711882596
-1142.692117817253 -355.81395761370663
-1142.9480573306978 -354.01953069567685
-1143.316726244539 -352.9047029435635
-1142.6412966619432 -352.279222470522
-1142.1009174953401 -351.7611160099507
-1142.3065586607158 -350.98483703732495
-1141.972330711335 -349.27664456963544
-1141.2857778291404 -348.6270984232426
-1141.4999049822986 -346.8860839426518
-1142.2822950403392 -345.1553729593754
-1141.5171281020343 -343.3212247908116
-1141.8984534661472 -342.0857865631581
-1141.26817249462 -340.45319674611096
-1141.912387303561 -338.5135515749455
-1141.7761509339512 -336.86965737938885
-1141.320676765889 -336.4722540199757
-1140.6180416564644 -335.4301355898381
-1140.403489611596 -334.0389319479466
-1141.095426581353 -332.51602421402936
-1140.5066446880996 -331.26641808152203
-1141.4275602917373 -329.652505260706
-1141.029380581826 -328.080595356226
-1141.3354695658386 -327.0666669428349
-1141.1758583407104 -325.43757305741315
-1141.321107007116 -325.08583442568784
-1141.3400650690496 -324.5809042870999
-1142.4923268030584 -323.8758792698384
-1143.7342923353613 -322.75795863270764
-1143.9531910340488 -320.9340290844441
-1144.9807490031421 -320.4194379270077
-1144.6758935670555 -319.4674995362759
-1144.7232668320835 -318.14815191626553
-1145.8957594554126 -317.24646208882336
-1145.997261337489 -315.6211993515492
-1147.004493765086 -315.14706329703336
-1147.058240852803 -314.59833500981335
-1146.7613030295074 -313.16515646576886
-1147.138859293908 -311.3169877350331
-1147.6416195850074 -309.8670029461384
-1148.4630299429596 -309.18387423157697
-1148.1455193977058 -307.9750991880894
-1148.0757989953458 -306.51914785504346
-1147.7117559681833 -305.80959026217465
-1148.2012743125856 -304.5718574941159
-1148.390456072539 -303.5863117396832
-1148.205626643747 -302.30760185122494
-1147.7256173561514 -301.7816722810269
-1148.181822962612 -300.57573775649075
-1148.7695655296743 -299.05461840033536
-1148.8139281007648 -297.1611600339413
-1148.4337641331554 -296.5998647630215
-1148.2533081355691 -295.2755240619183
-1148.5977514269948 -294.10920791029935
-1148.578759058863 -292.3228862702847
-1149.1610596622527 -291.1837109744549
-1148.3598740543425 -289.4928104102612
-1148.3349376390875 -287.67240158915524
-1148.1504066954553 -286.2575034320355
-1147.5091457138956 -285.3699242293835
-1148.3364135991037 -284.4056824266911
-1148.2172800000012 -283.39682434201245
-1147.8823314602673 -282.531200093031
-1147.2098779971898 -280.7003456771374
-1147.8740411098302 -279.1263002574444
-1148.2977986331284 -277.4757718265057
-1148.6605595643819 -276.20303325057034
-1148.5866089905799 -275.2972686707974
-1148.0040345038474 -273.47442726492886
-1148.4133065487445 -272.3193051040173
-1148.9229745413363 -271.91770885586743
-1149.0814748550952 -271.16127590537076
-1148.639426663071 -269.7162812173367
