-1107.48 -547.7
-1108.3838177728653 -546.5091444969178
-1109.0683443951607 -544.8056289672852
-1109.3430201518536 -544.0957381248475
-1109.7758477437496 -543.4361207008362
-1110.1891472148895 -543.1588968753815
-1110.7881518411637 -541.9500033378602
-1110.2731203246117 -541.1509483575821
-1110.217614005804 -539.3981109380723
-1110.8054404962063 -537.5893901109696
-1110.38518283844 -536.7654520392418
-1110.8447489249706 -535.1802326560021
-1111.226648967266 -534.4775038480759
-1110.8308216440678 -533.3769688129426
-1111.112356107235 -531.7530964136124
-1111.1629936802387 -530.7133038759232
-1111.6161844837666 -529.4403827905655
-1112.0681470441818 -529.189771604538
-1112.4839966404438 -527.3749138832093
-1112.087006251812 -527.12829734087
-1112.1248026299477 -526.3015178561211
-1111.589229683876 -526.0043795228005
-1111.2340872395039 -524.8277785897255
-1111.0505500096083 -523.656136405468
-1110.8989175665379 -523.4386189103127
-1111.4115924346447 -522.0601079583168
-1111.5017194259167 -521.2225629210473
-1110.9144784915447 -520.526280772686
-1111.4065259206295 -520.1507402181626
-1111.8495409297943 -518.8193600893021
-1111.735599230528 -517.9743437886239
-1112.2273279833794 -516.3929314732552
-1112.5197319793701 -515.1787660241127
-1112.7955994415283 -513.5306556344033
-1113.0597958672047 -511.78937412500386
-1113.2440282213688 -511.601490688324
-1112.9293989050389 -510.1417135715485
-1113.296172748804 -508.7220384597779
-1112.961399923563 -508.0807184696198
-1113.2634959924221 -507.23639239072804
-1112.633908520937 -505.80736435651784
-1112.3980445969105 -505.63492466211324
-1112.4043622124195 -505.19140745401387
-1112.1320918905735 -504.8023733019829
-1112.0001659798622 -504.4853679656983
-1112.250687699318 -503.3350513696671
-1112.2600820469856 -502.6788848161698
-1111.3749684500694 -502.0318585157395
-1111.5587426233292 -501.86506731510167
-1111.5686003375054 -500.58990175724034
-1111.5471041607857 -499.7961579680443
-1110.1175067830086 -499.24797857999806
-1110.1741486001015 -498.11655343770985
-1110.235311191082 -497.07934952974324
-1109.7208879995346 -495.5872357010842
-1109.4921476650238 -494.54992462396626
-1109.0670880782604 -494.34169073104863
-1108.6562067973614 -493.58012552261357
-1107.9691925156117 -492.08098597526555
-1107.8594939815998 -491.54546697139745
-1107.6612419593334 -490.57988561391835
-1107.5254832613468 -489.92996598482137
-1107.608049403429 -489.3657618284226
-1107.804625581503 -488.3384409666062
-1107.6825757730007 -486.9415915727616
-1107.4575955677033 -486.35599226951604
-1107.613894622326 -485.6601031541825
-1107.5113802957535 -485.3172396540642
-1107.5422117519379 -484.0838496804238
-1106.685913424492 -483.49404556751256
-1106.139503519535 -483.4652131915093
-1105.9976274478436 -482.38854910135274
-1106.2543539214134 -480.99834038019185
-1106.5736406254769 -480.1217606186867
-1106.9843430924416 -478.80421341657643
-1107.2816715347767 -477.6053964018822
-1107.6639877068997 -477.48375279903416
-1107.3495397675038 -475.80395014286046
-1107.767589788437 -475.4504457235337
-1108.0357388663292 -474.80562580823903
-1107.77128998518 -474.06723572015767
-1107.8884189236164 -473.9053681015969
-1107.539565782547 -473.2442636609078
-1107.495117019415 -472.5945510387421
-1107.8419674742222 -470.83660931587224
-1107.6041979599 -470.315787267685
-1107.755507748127 -468.9716844081879
-1108.1639902698994 -468.27863539457326
-1108.4583481657505 -466.90745068788533
-1107.9977908837795 -466.76613254547124
-1108.0941058504582 -465.44020349979405
-1108.204744707346 -464.5670909404755
-1107.9155534017086 -463.8744501590729
-1107.7724777269364 -462.95184208154683
-1106.8694037604332 -462.2753301978112
-1106.0437428164482 -461.07048524618153
-1106.3972584712506 -460.3464387774468
-1106.0629317867756 -458.944123518467
-1106.3931388664246 -457.2446375012398
-1106.6743531632424 -455.5494072556496
-1105.626984755993 -454.93762923479085
-1105.9210390257836 -454.3758660078049
-1106.2866678643227 -453.8739315986634
-1106.406654100418 -452.2250668525696
-1106.95313195467 -450.7668505430222
-1107.331838439703 -449.8305173635483
-1107.4299571323395 -449.6030984640122
-1107.3037513005734 -449.3905435919762
-1107.1206289190054 -448.5194947838784
-1107.338227595687 -447.5490391969681
-1107.631306644082 -447.196690094471
-1107.3183113890886 -445.7757623314858
-1107.1796942311526 -445.35194278955464
-1107.4441828686 -445.01648492813115
-1107.1255485075712 -443.4112394571305
-1107.640571500659 -441.55934412479405
-1108.0345505136252 -441.0092842102051
-1108.2463497775793 -440.50443179607396
-1108.5291348952055 -439.5758454918862
-1108.6793807405234 -438.6473612904549
-1108.4738006550074 -437.29589296579366
-1108.0661862748861 -436.41110135316853
-1107.2884447830916 -435.4144837379456
-1107.0663229483366 -434.76713336706166
-1107.376643742919 -433.31366170644765
-1107.6559258955717 -432.5689636588097
-1107.4147430318594 -430.89928759336476
-1107.6203964608908 -430.0633728027344
-1107.9311207193136 -429.13514007329945
-1108.078595008254 -428.69184685945515
-1107.5150928753615 -428.10078467130666
-1107.7866406697035 -427.3840806603432
-1107.568115081191 -426.3597560048104
-1107.6648456710577 -425.19799734354024
-1107.0138063687086 -423.6546499848366
-1107.1701329308748 -423.4211494445801
-1107.2905238229037 -422.4606714367867
-1107.7378995972872 -421.77093042135243
-1107.8822209197283 -420.4443893551827
-1107.0718119698763 -419.82347656488423
-1107.5128203886748 -419.6553980827332
-1107.791466947198 -417.7490342378617
-1107.9775269287825 -416.64999337196355
-1107.0749389189482 -416.3433445811272
-1105.8385093468428 -414.8801492571831
-1106.2267971593142 -413.6864491820336
-1106.4518995839358 -412.3615752577782
-1106.1148100155592 -412.20179415941243
-1105.8589044171572 -411.6697356820107
-1105.9357271152735 -411.5232885599137
-1104.9971840935946 -410.6305837154389
-1104.5578923779726 -409.54572589397435
-1104.6669765669108 -408.13035042285924
-1104.9145505982638 -406.86925442218785
-1104.936605270505 -406.0890040516854
-1105.1749568539858 -405.05042232275014
-1105.328280981183 -404.37177742719655
-1104.8411845821142 -404.0352141976357
-1104.9571486967802 -403.19537986516957
-1103.5527737396956 -402.9459582090378
-1103.3537530857325 -401.36807496547704
-1103.8874324518442 -400.67422295808797
-1103.1174246627093 -399.4176662087441
-1103.3947921353579 -398.49861819744115
-1103.6365115898848 -397.94895232915883
-1103.660124476552 -397.0923039436341
-1104.2732809144259 -395.5475235700608
-1104.5680413800478 -393.9614262104035
-1103.698559101224 -392.42781527042393
-1103.2217121082545 -390.8485350131989
-1103.7163684922457 -389.50287373065953
-1104.2297096210718 -388.18982012271886
-1104.5856981235743 -386.49252946376805
-1104.8471919554472 -386.0675082921982
-1104.2494049924612 -384.10720140933995
-1104.6762129324675 -382.72747952938084
-1103.9110893267393 -381.790421974659
-1103.916146095395 -380.48837519884114
-1104.59961568892 -378.9819345593453
-1105.296208615899 -377.1006599783898
-1105.5413484531641 -375.87777580022816
-1105.5724225896597 -375.15905429124837
-1105.5759332436323 -374.43240405321126
-1105.946765627265 -373.0215182423592
-1106.4324280875921 -372.6636415243149
-1106.5207117158175 -371.5356206417084
-1106.3924559015036 -370.833574962616
-1106.395741160512 -369.8302953958512
-1106.4708584803343 -369.22452802658086
-1105.2970122355223 -368.67305071353917
-1105.9178046244383 -368.09647531509404
-1105.083547975421 -366.8988165378571
-1105.5083881276846 -366.5745188713074
-1105.9382048505545 -365.3039724349976
-1106.4197210031748 -364.77349139451985
-1106.1528246957064 -363.27448834180836
-1106.6437597233057 -362.36552227735524
-1106.0515431123972 -361.7652235746384
-1106.581914897561 -360.922474873066
-1106.7581820446253 -360.56708766222005
-1107.0908903735876 -358.82153214216237
-1107.2967186230421 -357.44533313512807
-1106.2280202168226 -356.9436531186104
-1105.7450239914656 -356.03265185356145
-1106.0690926867724 -354.3879172325135
-1106.5132949906588 -352.7738039016724
-1106.7004881459475 -351.7838217735291
-1106.849229927659 -351.01760364770894
-1105.77562009871 -350.2789142251015
-1105.8165745991469 -350.0632661104203
-1106.4414664763212 -349.22059888839726
-1106.8788237828016 -348.3875383853913
-1106.6292147892714 -347.2280940532685
-1107.3264505523443 -346.4091312408448
-1107.7870996552706 -344.79003436565404
-1108.3472047406435 -344.2623411536217
-1107.727017994523 -342.5968092799187
-1107.6026586401463 -341.1839298129082
-1107.0847431528568 -340.72241849899297
-1106.5757282483578 -339.7022788047791
-1106.9634112226963 -338.9156978845597
-1107.8775874483586 -337.4883831262589
-1108.708014677763 -337.2090283751488
-1109.4283467042446 -336.084096801281
-1110.0308089363575 -334.90134025812154
-1109.079788993597 -333.8775276064873
-1109.702375124693 -332.6207831025124
-1109.2237797486782 -331.7917524695397
-1109.3648497569561 -330.40872491598134
-1109.9083972084522 -329.7829426646233
-1109.8875796157122 -329.5111597299576
-1110.5192328053713 -328.2096998214722
-1110.9279299336672 -326.88783879280095
-1110.389889176488 -325.34114308357243
-1110.6395583409071 -324.2037767887116
-1111.0890345531702 -322.5702157735825
-1111.03180311203 -320.7827997922898
-1111.026896621585 -319.0478417396546
-1111.0992265152931 -318.4163550257683
-1111.6928424048424 -317.4995225191117
-1111.7041101861 -315.76039988994603
-1112.7785327839852 -314.9102763652802
-1114.1759732174874 -314.0174666166306
-1115.128193180561 -312.8497719287873
-1116.5198625731468 -311.67175145149236
-1118.142267625332 -311.3151717305184
-1119.6775657343865 -310.838544023037
-1120.5361156868935 -309.87610752582555
-1122.4571612286568 -310.5784200549126
-1123.555844347477 -310.0466295599938
-1124.634707968235 -309.9481615617872
-1126.3895926880837 -309.30997248440985
-1127.2445799517632 -308.98308881074195
-1128.749781768322 -308.5536078408361
-1130.4292236971855 -309.0589626029134
-1131.4736874508858 -308.78733422309165
-1131.667773168087 -308.6736127778888
-1132.204049448967 -307.85045916289096
-1133.8730708169937 -307.5562583252788
-1134.1007122802735 -306.96000773161654
-1135.640143494606 -306.3927466914058
-1136.6262314128876 -305.1084759280086
-1137.5645956206322 -304.8166673228145
-1138.6048977780342 -303.7956266447902
-1138.2599692451954 -302.17645276039843
-1138.4394607800245 -300.6236012026668
-1139.0729001420736 -298.8734676882625
-1138.848338868022 -297.28749561756854
-1138.9186011958122 -295.4906700894237
-1139.8294992256165 -294.0541181609035
-1140.3447577762604 -292.5975911661983
-1140.2028063344956 -291.72978461235766
-1140.1202731761337 -289.9399277016521
-1140.891341689527 -288.59096897095446
-1140.772440339923 -287.9916914746166
-1140.1796468752623 -287.3342496797443
-1140.167854681164 -286.86177522391085
-1139.4383987928927 -285.3469354555011
-1140.1164341713488 -283.610887233913
-1141.2019730354846 -282.2337232276798
-1141.1444823886454 -280.9991508170963
-1141.9306964422763 -279.7279947444797
-1142.685369565636 -278.8625055596233
-1142.8563816691935 -277.91192388981585
-1143.2539287950099 -276.5972144648433
-1143.5491874362529 -275.4866552397609
-1144.7988188411296 -275.43796533793216
-1146.1239569331706 -275.0541502282024
-1147.1399932052195 -273.7184990689159
-1147.4002895201743 -272.43323719948535
-1148.1974066342414 -272.13921428173785
-1149.0758794988692 -271.18914729803805
-1149.8782396163047 -270.76378566473727
