-1107.48 -547.7
-1107.7052142876387 -546.0823733329773
-1107.6245245593786 -544.8073454618454
-1109.1340255397558 -544.5975829482079
-1109.3893368202448 -544.2533332824707
-1110.280291672349 -542.7770246982575
-1109.5365220862627 -541.3637846231461
-1110.29058652699 -540.3173508167267
-1111.1681830841303 -538.4347009181977
-1110.4812337714434 -537.2138765573502
-1111.0696190553904 -535.497281742096
-1111.5917412596941 -533.7340982675553
-1111.1190134841204 -533.3284131407738
-1110.5938065606356 -533.0397201299668
-1110.737587403059 -531.5234885931015
-1111.5823764312267 -530.9249572873116
-1112.3183463919163 -529.715891134739
-1111.5622272598744 -527.914734017849
-1111.4480137485266 -526.3244267821312
-1111.7423302191496 -525.8573042273522
-1112.4509891527891 -524.7085266232491
-1113.0949713248015 -523.1337815642357
-1113.4400203484297 -522.7443903207779
-1112.7291785734892 -521.0201892375946
-1112.0346972602606 -519.6505873918534
-1111.77391656816 -518.6837525486947
-1111.935990061164 -517.1330088496209
-1111.7673982191086 -515.6544131159783
-1111.329222034216 -514.8890766620636
-1111.7203319776058 -512.9355165481568
-1111.051994394064 -511.4679390907288
-1111.175641875267 -509.6574632644654
-1110.8715139734745 -508.5432303667069
-1110.7704852107167 -506.7720667839051
-1109.8925602915883 -505.6037432670594
-1109.9119200143218 -504.66173131465916
-1109.7562661352754 -503.41277892589574
-1110.478375095427 -503.0581413030625
-1109.94653983742 -501.98202128410344
-1110.6752914968133 -500.12289829254155
-1109.9166996660829 -498.51287407875066
-1110.653750139773 -496.70309514999394
-1110.5827621850372 -495.2083265304566
-1110.5643150392175 -494.1635548591614
-1111.137458998263 -492.5380665779114
-1110.3040607753396 -492.20638735294347
-1109.8646460953355 -490.3094516515732
-1110.2834940734506 -488.79206938743596
-1110.6627409341932 -487.2330440998078
-1110.0282069328427 -485.36663646698
-1110.320712018311 -483.5604352474213
-1109.6727692964673 -482.34253008365636
-1110.1693158629537 -480.56983871459965
-1110.1363750728965 -478.6117586612702
-1110.3043178650737 -477.3899602413178
-1109.5241941544414 -476.1157003164292
-1109.3818708989024 -474.776419711113
-1110.102631303966 -473.91959543228154
-1109.4696339699626 -472.4284724712372
-1109.519597980678 -472.0455177545548
-1109.2131158742309 -471.16589457988744
-1109.5128147038818 -469.2621904134751
-1109.327699932754 -468.6870989322663
-1109.7216183874011 -467.2635923147202
-1109.8072901922465 -466.46607108116154
-1109.7368525895477 -464.84745175838475
-1109.33303773731 -463.79825181961064
-1109.0725481840968 -463.43599106073384
-1109.2908873292804 -463.0813362717629
-1109.181444812119 -461.14668322801595
-1108.5693711522222 -460.8714130043984
-1108.0986283007264 -459.7220821499825
-1107.865428287089 -457.78364850282674
-1108.6034764829278 -456.79100520610814
-1109.4121671500802 -455.3880164146424
-1109.0063011232019 -453.88338501453404
-1108.9678559187055 -453.042630147934
-1108.282876777947 -451.90318865776067
-1108.0003347876668 -450.66722018718724
-1108.5290841344 -449.5860394954682
-1108.7549097123742 -448.83318246603017
-1109.393824595511 -447.9138919234276
-1109.4960985961557 -447.107693207264
-1110.778854328692 -445.257586491108
-1110.3639187398553 -444.96194930076604
-1110.7967692497373 -443.3166199445725
-1111.0895249727369 -441.94917185306554
-1111.4586506965757 -440.441591334343
-1112.2262310269475 -439.8657738089562
-1112.5162103953958 -439.5476684689522
-1113.566619950831 -437.89451123476033
-1114.1667280974984 -436.9578096389771
-1113.9463928225637 -435.1727309942246
-1114.1925908657909 -434.0661441802979
-1114.6934776040912 -432.29707307815556
-1115.5356231066585 -430.78664035797124
-1115.8498081299663 -428.9658351659775
-1116.1115108761192 -427.5903450965882
-1116.701581183374 -425.9703666687012
-1116.9357467028499 -425.322688472271
-1116.25740406245 -423.3828097701073
-1116.6739283832908 -422.3548843979836
-1117.228471878469 -420.91223050355916
-1117.4853172931075 -419.3285627484322
-1116.6790666612983 -418.49342347383504
-1117.4325103792548 -418.1619938731194
-1117.7413109275699 -416.4401306033135
-1117.3778399261832 -414.80628062486653
-1117.2299425634742 -414.3192439794541
-1117.456220689714 -413.3156616210938
-1117.3174197110534 -412.6414489269257
-1117.6105334195495 -412.3541705131531
-1118.3137460383773 -411.16913123130803
-1118.8919053706527 -410.5794743418694
-1118.9510923358798 -408.8596700549126
-1118.7586344960332 -407.7673760771752
-1119.3583605769277 -406.23363472223286
-1119.8901228788495 -404.58428682088856
-1119.537595320046 -403.73331297636037
-1118.4077528002858 -402.26311529874806
-1118.843724656403 -401.3665453910828
-1118.1633816245198 -400.39533765316014
-1118.2385106864572 -399.15859169960027
-1118.2049838486314 -398.5541277647019
-1118.650878984034 -397.73650701045995
-1117.9988913717866 -395.93710739612584
-1117.207846302092 -395.1357009530068
-1116.7445535245538 -393.77789057493214
-1116.8255557972193 -392.2956565737725
-1116.9597075986862 -391.0496959805489
-1117.3835465419293 -389.7700636506081
-1118.0292877662182 -388.0568585515023
-1117.718040536642 -387.4020389437676
-1118.0762294638157 -385.9730624079705
-1117.4147127377987 -384.62670136690144
-1117.7999049532414 -384.20432586669926
-1117.6461677956581 -382.64568455219273
-1117.2820359277725 -381.7887065529824
-1116.9293504464626 -380.33580185174947
-1117.725396643877 -379.1778798222542
-1116.884318600893 -378.02540911436085
-1117.1810617852211 -376.775186431408
-1116.8975212681294 -375.5857342600823
-1116.8515693056584 -374.1049000144005
-1116.6050486522913 -373.43819631338124
-1117.2322937208414 -371.64034582376485
-1116.57937466681 -370.7590341687203
-1117.232212062478 -370.1799789190293
-1117.954863961339 -368.9080644369126
-1118.458612497449 -367.37809951305394
-1118.7099984246493 -366.8744126081467
-1117.9297512727976 -366.4172724604607
-1118.277425761819 -365.13496876955037
-1118.6159149366617 -363.6727612137795
-1117.7344675022364 -362.81679279804234
-1117.4255796331167 -361.7771673917771
-1117.5318945008516 -360.0621354103089
-1116.644973333478 -358.1543744325638
-1117.2636852818728 -356.98761005401616
-1117.9497472006083 -355.6107239246369
-1117.9738007593155 -353.891223025322
-1117.3418092536926 -352.97163547277455
-1117.2260557445884 -351.0839737772942
-1117.9001051220298 -349.23450101614003
-1117.6354087623954 -347.6436560273171
-1117.0657887491584 -347.04293609857564
-1116.3991810712218 -345.788526904583
-1116.4978448036313 -345.29709316492085
-1117.493554878533 -343.5685668110848
-1118.1578996661306 -342.4504391074181
-1117.8775712135434 -341.3307923197747
-1117.5442894878984 -340.3211051344872
-1118.3479209128022 -339.77547342777257
-1117.819634872973 -338.5295232057572
-1117.5472589316964 -336.6752908945084
-1116.8335888567567 -334.98189694881444
-1117.6248021903634 -333.03226168155675
-1117.7046559783817 -331.2582226514817
-1117.4906469020248 -329.31016905307774
-1118.3137514027953 -327.9978941202164
-1118.328968282342 -327.0863342404366
-1117.7641016203165 -325.75787795782094
-1117.5595642584562 -323.87795974016194
-1118.400298203826 -322.0055159449578
-1118.099603857398 -321.47829158306126
-1118.9672274845839 -320.43689150810246
-1119.8911130684614 -318.54788990020757
-1119.356201018691 -318.2824866890908
-1120.3662100690603 -316.7029057860375
-1121.8277251380682 -315.812356543541
-1123.6554119247198 -315.7234542191029
-1124.7252809661627 -314.63002322316174
-1125.3243341106177 -314.88120691180234
-1127.0208770889044 -314.1149106442929
-1127.4288264471293 -313.6004681408406
-1128.790054793954 -312.79769061207776
-1129.891002650857 -311.5565119802952
-1131.6381988483668 -310.7712657272816
-1132.078364070058 -309.91927544474606
-1133.1841832953692 -309.15197471976285
-1134.3510813075304 -307.77462581992154
-1134.7227449673414 -307.7344085991383
-1135.086178805232 -306.9591542899609
-1136.2698242920637 -305.63880340456967
-1137.5151889580488 -305.671821397543
-1138.1555632013083 -304.7010797679425
-1138.4732527393103 -304.0525553643704
-1138.490375186801 -302.4104435861111
-1139.3071543234587 -301.98178486227994
-1139.9868976730108 -300.7367299020291
-1140.9867025274038 -299.9835251986981
-1141.5779623049498 -298.4549810111523
-1141.2410338777304 -296.7638782680035
-1141.6334419506788 -295.072202962637
-1141.9281443613768 -294.13422928452496
-1141.1868784087897 -292.9230292856694
-1141.093407611847 -291.6508416950703
-1142.0314072179794 -290.26235209107404
-1141.380850892067 -289.23133574128155
-1141.3654115307331 -288.8972778141499
-1140.9201242434979 -287.1278538525105
-1140.9226949620247 -286.50602028965955
-1141.7359418082237 -285.02884600758557
-1142.9740158724785 -284.49540923237805
-1143.9748934912682 -283.1861302673817
-1144.3589210617542 -281.6299655258656
-1144.5605350244045 -279.8660697758198
-1144.7397458064556 -278.3327117979527
-1145.5580452787876 -277.76957647204404
-1146.8644312727452 -277.3138550937176
-1146.3182577598095 -276.1239833056927
-1147.3528012740612 -275.0010644614697
-1146.7477545845509 -273.40914742350583
-1146.3825229215622 -273.1096461832524
-1146.444182317257 -271.4102529108525
-1147.434725921154 -269.8296907961369
-1148.2327896761894 -268.23555122017865
