-1107.48 -547.7
-1107.531340341568 -546.3986629962922
-1107.535951319635 -544.6645369052887
-1108.0755936536193 -543.0019900321961
-1107.5789012643695 -541.4834289073945
-1107.600388807729 -540.2409588813782
-1107.6644010520727 -539.2738490819931
-1107.0631166673452 -537.621266913414
-1106.3694637990743 -536.0502815961838
-1106.6729896641523 -534.6472813606263
-1106.7800862021 -533.3109282970429
-1106.4001855082065 -531.8655199527741
-1106.1300271577388 -530.2032547712327
-1105.7303899950534 -528.3500478982926
-1105.476221067384 -526.7213879346848
-1106.1846721000225 -525.1619334936142
-1106.5229719109088 -523.3549419164658
-1107.0471538133174 -521.6639559984208
-1107.1420199475438 -519.7898650884629
-1107.4222411117703 -518.5884221315384
-1107.6834995350987 -516.6718012809754
-1108.2999239168316 -514.8140332221985
-1107.9522786638886 -512.9243331670762
-1107.5069618723542 -511.33089573383336
-1106.8096566102654 -510.47145254611974
-1107.2464419803769 -509.3733105182648
-1107.4116229019314 -507.72770090103154
-1107.2251847735793 -507.06802977323537
-1106.8952253810317 -505.30956627130513
-1107.0227620951086 -504.1755163788796
-1105.8795798174292 -502.52388502359395
-1106.1312583140284 -501.0083062767983
-1105.5178637555987 -499.58027685880666
-1105.368053799048 -497.6315492510796
-1105.7452112785727 -496.59966648817067
-1105.091131483689 -495.66312582492833
-1104.8797019622475 -494.696573150158
-1104.049003591314 -493.1851518273354
-1103.548995187059 -491.81748021841054
-1104.1621327302605 -490.23894680738454
-1104.6380926273018 -488.966455590725
-1104.1358721158654 -487.41795290708546
-1103.6742951772362 -485.8973660588265
-1103.753592690006 -484.2775211453438
-1103.713224960044 -483.6648494124413
-1103.3366162902862 -481.95945490598683
-1103.8770143515617 -480.4172815203667
-1103.830493060425 -478.9974702715874
-1103.1149269021303 -477.74378718137746
-1102.7138233161718 -475.97396148443227
-1103.1178284264356 -474.8345272660256
-1103.7902197218687 -473.0093305230141
-1103.3349882043153 -471.21204007864003
-1103.0415735221654 -469.6389843344689
-1102.4658496356756 -468.41000486612324
-1102.8265971518308 -466.6553852677346
-1103.2027713633329 -465.12725461721425
-1103.199885872677 -463.343999516964
-1102.8857219196111 -461.91406275033955
-1102.376269934252 -460.23331321477895
-1102.3265078938753 -459.1342564940453
-1102.159203586653 -457.76817167997365
-1103.238706169203 -456.71571899652486
-1104.1837157583982 -455.6707873463631
-1104.8771226979047 -453.9286180853844
-1104.837125217095 -453.19142032861714
-1104.7648278153688 -451.4934854626656
-1104.7628839279246 -450.5677511811257
-1104.1711489225459 -449.92110539674763
-1103.8824611271452 -448.4981958985329
-1104.5556136931013 -447.53566129207616
-1104.389538225038 -446.91806406974797
-1103.9431892002654 -445.1175212383271
-1103.6982184613776 -443.4047920227051
-1103.8668918723893 -442.44076592922215
-1103.7881770546269 -440.63236148357396
-1104.3682025487255 -440.09208585023885
-1103.582084756596 -438.57488323450093
-1104.0394612963032 -436.8592443585396
-1104.1589996332955 -435.1695487618447
-1104.1412041003537 -433.6874756932259
-1103.9684482927155 -432.45169473886494
-1104.4505355472397 -431.80811930894856
-1103.8857480401825 -430.1042831063271
-1103.6366219634842 -428.55159164667134
-1103.8121171111893 -426.9139343619347
-1103.7093329096865 -425.6927350878716
-1104.1023063922953 -423.96828616857533
-1103.4226146603655 -422.27611650228505
-1103.1514105464053 -420.39165760278706
-1103.6772693062853 -418.61212683916096
-1103.5310649837088 -416.94649602174763
-1102.8796665037703 -416.1332364201546
-1103.2969845498633 -415.105553162098
-1102.9062573278975 -413.3964774727822
-1103.1910567248892 -412.06893910169606
-1103.012496363623 -410.36373103857045
-1102.4297015185189 -408.7442489981652
-1102.5956560189557 -407.3204077601433
-1102.5439739639592 -406.0849752545357
-1102.9865083212685 -404.8692225337029
-1103.259314757092 -403.54961658716206
-1102.5906910712552 -402.40886629819875
-1102.82229685436 -400.56265069246297
-1102.8430313135218 -399.9925437688828
-1103.7730943823885 -398.5515404462815
-1103.3137288058829 -396.90612633228307
-1103.028320011003 -395.4171872854233
-1102.7279419566225 -393.5982017040253
-1103.3877820635867 -392.4489918470383
-1103.8345108891558 -391.83247239589696
-1104.0460923279356 -390.7418295860291
-1103.5712623859476 -389.10089046955113
-1104.4864187503886 -387.83798713684087
-1104.1846343244147 -386.0986477851868
-1104.5513899291586 -384.4889031171799
-1105.0373744035792 -383.42917020320897
-1104.9547176028323 -381.63256366252904
-1105.0561618323159 -380.7354274511338
-1105.1467191765737 -379.01988704204564
-1104.431336600585 -377.42100555896764
-1104.184948239727 -376.09146673679356
-1104.6900227407646 -375.12705881595616
-1104.340252731247 -374.3741802692414
-1104.1665464977455 -373.25211806297307
-1104.0694626833033 -372.1808901548386
-1103.4432750011515 -370.75535590648656
-1103.318794843061 -368.84422559738164
-1102.9291125203204 -367.55693788528447
-1103.1498656536173 -366.41295309066777
-1104.005478408439 -365.40796895027165
-1104.4319100941252 -364.83332313299184
-1104.6601330156159 -363.3207260489464
-1104.251713406546 -362.3179701685906
-1103.8242264802288 -361.3114681363106
-1104.0581207687687 -360.1013579487801
-1103.9913352171611 -358.77079797983174
-1104.094142634673 -357.09529615640645
-1103.8345304916334 -355.46017802953725
-1103.952964868648 -354.16760982275014
-1103.563625838859 -353.4192096114159
-1104.1858910585474 -351.838667523861
-1104.5401903356146 -350.96375669240956
-1103.9737175072264 -349.91949678659444
-1103.6181452239584 -348.60589696168904
-1104.1476358736586 -347.0287762999535
-1104.1215942467284 -345.9548893094063
-1104.851380463941 -345.49531788825993
-1106.1609876121115 -344.9741804122925
-1106.576093461616 -343.6206594228745
-1107.6603276992869 -342.3490939855576
-1107.9609443808627 -341.7268781781197
-1108.7807721758913 -340.39395786523824
-1109.0306702072453 -339.55262334346776
-1109.6826049501728 -338.11617619991307
-1110.3217822725605 -336.554003071785
-1110.6718077475857 -335.51438469886784
-1111.5482711608242 -333.8313631534577
-1110.8791365439724 -332.4917964458466
-1110.1753666813206 -331.621069264412
-1110.0599393362832 -330.7210447907448
-1110.7889567727875 -329.43644369840626
-1111.0850482399296 -328.23256481885915
-1110.508988898499 -327.494989168644
-1111.0535529668164 -326.83946777582173
-1110.8381957973074 -325.3615948081017
-1110.7853751594853 -323.62961257696156
-1110.7466260830593 -321.91082943677907
-1111.0750202278327 -320.48421193361287
-1112.0424468855094 -319.6073497653008
-1111.8095615247917 -318.8547768712044
-1112.326261196537 -317.16933013200764
-1113.688747082157 -316.35976488590245
-1113.7159692386817 -315.3115087270737
-1114.693608436985 -314.6550549387932
-1115.555841956539 -314.69694989621644
-1116.0359626750183 -314.1625555723906
-1116.856314633293 -313.81678437888627
-1117.615600202484 -313.33128863275056
-1118.5172199944686 -312.5888433426619
-1120.0720730761718 -312.1899207800627
-1121.4295757750701 -311.8169971078635
-1122.1712686161231 -312.0221001774073
-1123.5192424396705 -311.0117528110743
-1124.2863043884468 -310.72654044330125
-1125.808925185604 -310.7792733430863
-1126.3747558335494 -310.82156924605374
-1128.093013260765 -309.9671538293362
-1129.5166640023422 -309.2357733070851
-1129.9820293525886 -308.2903781354428
-1130.6769824365806 -307.7791622102261
-1132.527112756176 -307.3661537587643
-1133.4161615709495 -306.9927454411984
-1134.7508486847114 -306.80661759972577
-1136.3649252990913 -305.42579243779187
-1137.0367298464012 -304.57435582280164
-1136.9012677709293 -304.3413785517216
-1137.0979679117631 -303.3369406282902
-1137.0892439673376 -301.6737502634526
-1138.0635784457158 -300.77464686036114
-1138.8387605140638 -299.185158354044
-1139.6763028691244 -297.4240715324879
-1139.5137943367195 -296.1982395470143
-1139.17467871706 -294.2562342703343
-1138.7862006763648 -292.9620581686497
-1138.24871793787 -291.3053473055363
-1139.1300970057678 -290.4381304800511
-1139.554244730873 -289.4263441383839
-1139.6579566265177 -288.4723550498486
-1140.0772982503008 -286.64794532656674
-1140.2485949809384 -286.1936127364636
-1140.4084809983801 -285.11328999400143
-1140.9381604159903 -284.09664158225064
-1140.5025164152216 -282.86516861319546
-1140.8066801990103 -281.7803181827069
-1141.1414930785727 -280.9975248396397
-1141.514984455211 -280.0102135956288
-1141.7912146712374 -279.341087025404
-1143.3786593342852 -278.6854132831097
-1143.178850140674 -277.23028556704526
-1144.4323042298388 -276.5662877976895
-1145.0998153949809 -275.06016973853116
-1146.1162408853602 -274.3607789099217
-1147.0990479851794 -273.4044186890126
-1146.7540514136385 -271.74527011513715
-1146.691418256862 -269.8776999533177
-1146.751098748548 -267.9692090570927
-1146.7776869947743 -267.3604598462582
-1146.4194929416012 -266.05360524058347
-1147.329172175629 -264.5182104527951
