-1107.48 -547.7
-1107.5910420823097 -546.1881435632706
-1108.949702899456 -544.504935336113
-1109.2766101765633 -543.2044338703156
-1109.2852373975516 -541.9053931951523
-1109.7031103628874 -540.4159651517868
-1109.6789414319396 -538.8310807466507
-1110.0472483071685 -537.4032492160798
-1110.9337184461951 -536.1014585018158
-1111.5368297728896 -534.9435820102692
-1110.939577165544 -533.0115558624268
-1110.6789840492606 -531.1597737789155
-1111.115354243219 -530.3760895252228
-1111.5239621135593 -528.8274527311326
-1111.9532445403934 -527.1459166526795
-1111.8631620439887 -526.0321915864945
-1112.2076574596763 -524.3239696741105
-1112.1177399489284 -523.0940427303315
-1112.6488393875957 -521.3135967969895
-1112.3191481861472 -519.6746832847596
-1112.7898493143916 -519.0055928945542
-1113.2144204708934 -517.6451686143876
-1112.6937267515063 -516.0539340496064
-1112.7047813269496 -514.1893214702607
-1112.0564157101512 -512.4458119392395
-1111.744458887279 -510.86901922225957
-1111.4176032277942 -509.952475142479
-1112.0809011790157 -508.1430813789368
-1111.9050315651298 -507.6254072308541
-1112.333505037725 -506.37694526910786
-1113.0253525409103 -504.5907056450844
-1113.3051952752471 -502.8323037743569
-1113.4332594010234 -501.0188682198525
-1114.714660319984 -499.9358818650246
-1115.4257054659724 -498.2047962069512
-1116.7157700392604 -497.034585249424
-1118.0077140662074 -495.7161873698235
-1118.9912213417888 -494.9593730092049
-1119.958506974876 -494.9555610686541
-1121.3406876656413 -494.0634951859713
-1122.644882592857 -493.96725099980836
-1124.214085969627 -493.70410877168183
-1125.3102774950862 -493.05018734633927
-1126.61029127568 -493.1000866040588
-1127.9710370633006 -493.12930626869206
-1128.4091604682803 -492.675422680378
-1129.4434485170245 -493.3413423418999
-1131.343334171474 -493.3908224821091
-1132.2560053798557 -492.5444630503655
-1133.1272855135799 -491.7620421171189
-1133.9762664172054 -491.35955948829655
-1135.613635096252 -491.0751660585404
-1137.3569814297557 -490.8220608353615
-1138.8130232426524 -490.491858971119
-1140.0515178772807 -490.5535243161023
-1141.217113289535 -491.1623070843518
-1142.680512342155 -491.3595185734332
-1143.5503183934093 -490.4242241837085
-1144.7904767128825 -490.1890294261277
-1146.6245221230388 -489.63051411584024
-1147.4364033076167 -489.04979434683924
-1149.2667553755641 -488.76115891411905
-1150.6450095507503 -488.5572516776622
-1152.4336868855357 -488.3066027320922
-1154.0195455881953 -488.1692406095565
-1154.7117684814334 -487.6210085906089
-1156.488932106197 -487.2543107427657
-1157.7465328904987 -487.3860749460757
-1158.0163134667278 -486.8014063097537
-1159.2081830832362 -487.24222599044447
-1159.7692670556903 -486.6668833352626
-1160.9401298496127 -486.9967628873885
-1161.4115649196506 -486.6869394637645
-1162.3607426020503 -486.3123249866069
-1164.2804895970226 -486.5792663253844
-1166.0924970242381 -486.94274847283964
-1167.60209623307 -487.4402151264251
-1168.9797671172023 -487.7286707915366
-1169.8879077765346 -486.8755793727935
-1170.508512172401 -487.4063655890525
-1172.1965023609996 -486.7699569024146
-1173.7743394705653 -486.2287882126868
-1174.5044694277644 -486.0729314990342
-1175.9506395193935 -485.4621901221574
-1177.3495623204112 -485.2096170492471
-1178.3238644334674 -486.1474147744477
-1179.392311308086 -486.1665664993227
-1180.4716922971606 -485.9702387236059
-1181.054524216354 -485.6601182304323
-1181.4352990719676 -485.4340373806656
-1182.6440128418803 -485.08907767459755
-1183.3041922184825 -485.359542452544
-1184.791050824821 -484.8940808407963
-1185.8336747023463 -484.41616033837204
-1186.5739442440868 -484.02798184081917
-1188.0874752137065 -484.2763399712742
-1189.7079490754008 -484.55990778729324
-1190.3915707203746 -484.84665098115806
-1192.050417098701 -484.60817133709793
-1193.6490344139934 -484.54034362062816
-1194.439036283195 -484.36788135096435
-1196.2444461914897 -483.3842870526016
-1197.183082434833 -482.07814329192047
-1197.6262567970157 -480.5905575089157
-1198.1923742625117 -478.97933381125335
-1199.132604393661 -477.3498796753586
-1199.9503860208392 -475.5301980309189
-1200.6481235954166 -474.31625371500854
-1200.7694875481725 -473.2335883907974
-1200.946431774199 -472.601711922139
-1201.59747161299 -471.76662796065216
-1202.0139334085584 -469.93210857436065
-1202.2094261232019 -468.1331786446274
-1202.529054093659 -466.27648132368927
-1202.3724285694957 -464.76615243479614
-1202.9226959082484 -463.2084841065109
-1202.3357170554996 -462.72025948092346
-1202.2137643504143 -461.4388183884323
-1202.240083746165 -459.7355257801712
-1203.0052683870495 -458.5963233046234
-1202.7077995757759 -457.51134162470703
-1202.8905773679912 -456.01314037367706
-1203.0466178576648 -454.67067616507416
-1202.6696839253605 -453.07661002203827
-1202.6475299219787 -452.4683362178505
-1202.9539131443203 -450.6166914634407
-1202.4067582409084 -448.74359380528335
-1202.6949980776012 -448.2869439058006
-1202.9296299289167 -446.40810131356125
-1203.287769086212 -445.0017810992897
-1203.0202204059065 -443.85212909504776
-1203.1858159075678 -442.32641112133865
-1203.1382044772804 -441.35140799805527
-1203.4566351394355 -439.9404336147011
-1202.803576193303 -439.0868832401932
-1202.4715895275772 -437.4393692545593
-1202.9561043600738 -436.41314118430023
-1202.7614268134535 -435.3846763901413
-1202.9965482722223 -433.9400369457901
-1203.205280534476 -432.86741345450287
-1202.678766183108 -431.67779617831116
-1202.953708730191 -430.18770652338867
-1203.386559061259 -429.077427559346
-1203.836513183564 -427.53794591948395
-1203.9270102600753 -426.7699223093689
-1203.8665946643055 -424.84593158289795
-1203.6816205005348 -423.2603085570038
-1204.0615066210926 -421.9101590447128
-1203.1869321982563 -420.69567876383667
-1203.2925082664192 -420.3746293716133
-1203.3615799467266 -419.35671090409164
-1203.2615473489464 -418.47916554734115
-1203.2125795404613 -417.17208933159714
-1202.412937335223 -416.15716325566177
-1202.8084444920719 -415.09037374779587
-1203.4356447975338 -413.63435005471115
-1203.6990947048366 -412.8093563251198
-1203.5124905626476 -412.13626390025024
-1203.793582610339 -410.3170391850174
-1203.7735560159385 -409.8045166663826
-1203.3723852555454 -408.2563670806587
-1202.8703890363872 -407.53428714796905
-1202.956029034704 -406.2123723559082
-1203.1525949309766 -404.8362978033722
-1202.4006312559545 -403.04599218890075
-1202.7850245307386 -401.6464090876282
-1203.3733182023466 -400.2149383358658
-1202.354262597412 -398.3803991608322
-1202.8184802602232 -397.3316201500595
-1203.3263204167783 -395.43864124342804
-1203.191043369025 -394.15327482745056
-1202.6621068041027 -392.55282383486633
-1202.2848521988094 -390.9456475310028
-1202.542083374709 -390.2052175931633
-1202.255107305497 -389.0162130527199
-1201.5127822379768 -387.28444420620804
-1201.4955181400478 -385.5719169311226
-1201.778487674445 -383.7788497142494
-1201.9394664685428 -382.01121174618606
-1201.543666086644 -381.5282314948738
-1201.6459517474473 -379.99710284993057
-1201.6034816871584 -378.8005134992302
-1202.000293917507 -377.66699206158523
-1201.4663394759596 -377.20631813332443
-1200.780833787769 -376.0103896789253
-1201.062839217037 -374.18493615910415
-1200.657910592407 -373.05972623154526
-1200.9841424892843 -371.1468882493675
-1201.1395088653267 -369.9963555268944
-1200.7439744989574 -368.3890509538353
-1200.9509193371237 -367.5009227328003
-1201.325564659685 -366.5511080555618
-1201.9609240661562 -364.8272815279663
-1201.9888920257986 -364.2864751748741
-1202.3228299091757 -363.28159879967575
-1202.6538720797002 -362.0865582160652
-1202.1149252127111 -360.31689774319534
-1202.7157630990446 -358.5798333816231
-1203.07189959988 -358.0403107337654
-1202.6827969621122 -356.8812563352287
-1202.3008251260221 -355.51218413636093
-1202.8905816148222 -354.7951369814575
-1202.9769001077116 -353.27139120623474
-1203.208302564472 -351.4269720844925
-1203.3585787187517 -350.4574976496399
-1203.7832476864755 -349.09974675700073
-1203.8674064348638 -347.4007325701416
-1203.7771822582185 -345.85256009623413
-1203.483029819578 -344.26389556452636
-1203.0002546678484 -342.5780526928604
-1202.887689165324 -341.5580549769104
-1202.1015453259647 -340.1945865683258
-1201.8421514849365 -338.8098873429001
-1202.345621369332 -337.33123188540344
-1202.7903739134968 -336.5435818366707
-1203.0874362508953 -335.99097984358673
-1203.159767858237 -334.5380958847702
-1203.2586834202707 -333.02953904196625
-1203.7129874001444 -332.4759301476181
-1203.781730465144 -331.88230829760437
-1203.6866265679896 -330.997322254628
-1202.9757166649401 -329.4531130127609
-1203.0655548717082 -327.7101067833603
-1203.6991586829722 -326.5732849173248
-1203.6902819867432 -325.28860085532074
-1203.0242937798798 -323.9902810387314
-1203.3133073444665 -322.3825108341873
-1202.8225810523331 -321.03752701804046
-1203.1198469991982 -319.5810980133713
-1203.7285937066376 -318.51767783686523
-1203.512200742513 -317.63467555567627
-1204.050821095258 -315.72484236285095
-1204.411978482753 -314.49989646002655
-1204.8571175034344 -314.01018100306396
-1204.382648795396 -312.18390064761047
-1203.8901960547269 -310.87023966833954
-1204.3289940054715 -309.6492645077408
-1204.2280567283929 -308.11168640181427
-1203.4421473141015 -307.70656787678604
-1202.9839153881371 -307.14783691689377
-1202.1118518705666 -305.91411363407974
-1202.2940806742013 -305.45570259615783
-1201.6348820324242 -304.2716048292816
-1201.2023686762154 -302.5599661402405
-1201.122658535391 -300.85893850848083
-1200.6704810406268 -299.6095436148346
-1201.4587670113146 -298.41623848006134
-1201.931928500086 -296.98548906371
-1201.639962091595 -295.89544897601013
-1201.651707412228 -295.0737224750221
-1201.6711242641509 -294.58248030468826
-1201.8007817710936 -293.23373126313095
-1202.1812802101672 -292.1795223884285
-1201.7522407020629 -291.08765315338974
-1201.1292010392249 -290.32959734722976
-1201.1015356625617 -288.85828196331863
-1201.425597294718 -287.0656899146736
-1201.8968099202216 -286.0427648954094
-1202.3905264879763 -284.5622811250389
-1202.0661908830702 -283.5095709495247
-1202.1970466519892 -282.14844047352676
-1201.9873289610446 -280.5885888271034
-1202.6892597223818 -278.7637759380043
-1202.7905072639883 -277.11301624104385
-1203.4729024837911 -275.7580566339195
-1203.1153382132948 -274.358567827195
-1203.1506107705832 -272.63824140354996
-1202.8520789402723 -270.9442413978279
-1202.150763835311 -269.9551196031273
-1202.6047735470534 -269.1737197570503
-1202.2238163608313 -268.38160007521515
