-1107.48 -547.7
-1108.656076412201 -546.1571878910065
-1108.7873049038649 -545.2165199041367
-1108.4018236654997 -543.8156893968583
-1108.4808351802826 -542.0664215803147
-1107.9678743886948 -540.8065698862076
-1107.6338964509964 -539.618964624405
-1107.1753763067723 -538.4492564916611
-1107.4624137687683 -537.2590549707413
-1107.3673531520367 -535.5459849357605
-1107.5512340325117 -533.6929825067521
-1107.5468538659811 -531.9920292615891
-1108.4555351394415 -530.3578267812729
-1108.6100786286593 -529.9858027219773
-1108.9319286602736 -528.336842250824
-1108.5397727745772 -527.0215643167496
-1108.5559751051665 -526.4793285846711
-1108.6680050748587 -524.6740239381791
-1108.974397327304 -522.7542348623276
-1108.3653936642409 -521.9297261357308
-1108.8479975122214 -520.2483596920968
-1109.14382779181 -519.6229948520661
-1109.3518105256558 -518.6909218549729
-1109.1057761716843 -517.1442633390427
-1109.345796238184 -515.5744603395462
-1109.3258015024662 -513.8527668237687
-1109.2946353065968 -512.6629179239274
-1109.602651308775 -511.0388162851334
-1109.5084396708012 -509.48483355045323
-1109.06206859231 -507.78469867706303
-1108.580061416626 -506.58052940368657
-1109.340817015171 -505.92524476051335
-1109.997161846161 -504.22835893630986
-1109.9206829625368 -502.9661665678025
-1109.229205365777 -501.65617461204533
-1109.3728923755884 -499.8149756908417
-1110.000790591836 -499.0069114685059
-1109.6574784177542 -497.2471684932709
-1109.660809572339 -495.6982559680939
-1109.1637240308523 -493.88820476531987
-1109.6855785506964 -492.6290592670441
-1109.0036539691687 -491.3007224321366
-1109.9115395206213 -489.6324407577515
-1109.16142901361 -488.8351657509804
-1108.8593892115355 -487.1874735474587
-1109.020075585246 -485.81802333593373
-1109.1459797877073 -484.0764284253121
-1108.8045372325182 -483.4757889628411
-1108.46924292624 -482.0771607279778
-1108.5206152009964 -480.29921735525136
-1108.635721604824 -478.84255827665334
-1109.3191755223274 -477.02059019804005
-1108.896189789772 -476.2016309022904
-1108.5962809431553 -475.70257241725926
-1108.4123921650648 -474.62323577404027
-1108.3449291396141 -472.96763975620274
-1108.1495082038641 -471.291871380806
-1108.8175801891089 -470.01696760654454
-1109.014269347787 -469.409371984005
-1108.7418492394686 -467.550809276104
-1108.4420691090822 -465.9134767174721
-1109.0691685038805 -465.1924010634423
-1108.6066811043024 -463.3206439137459
-1108.3028257447481 -462.1360154271126
-1108.4230580288172 -460.7130270123482
-1107.9829369741678 -459.4572819590569
-1108.6462889271975 -458.43099523782735
-1108.423834617734 -456.699196946621
-1109.2262416440249 -455.23063088655476
-1109.1797793316841 -453.82499350309376
-1109.0289641427994 -452.0425350785256
-1109.7159265685082 -450.42538441419606
-1109.784203569889 -449.50047625303273
-1109.8616754221916 -448.0105582594872
-1110.1613454926014 -446.2437044501305
-1110.294493611455 -445.2217898488045
-1110.558079894185 -443.407071363926
-1110.9580852645636 -442.0741090893746
-1110.3522460716963 -440.24484468698506
-1109.6210767287016 -438.6671528935433
-1110.3018098133803 -437.75514782667165
-1110.9993015784025 -436.71111143827443
-1110.5197943109274 -435.09888066053395
-1111.0194370406866 -434.0135140538216
-1110.3927580970526 -432.2402155518532
-1111.349100317359 -431.2751217603684
-1111.4448461267352 -430.0471137285233
-1110.9093901249767 -428.1813886880875
-1111.2723269197345 -427.5675744533539
-1111.2952830023319 -425.79041738510136
-1111.412421984151 -425.03897781372075
-1111.614862082079 -423.8568975448609
-1112.3290919042379 -422.42993588447575
-1111.5630187965185 -421.60023982524876
-1111.8737398362905 -420.22048373222356
-1111.6137680984289 -419.6005094766617
-1111.346665797308 -418.1733401536942
-1111.792969820574 -417.1407395124436
-1111.9033459252864 -415.50965900421147
-1111.2695607370883 -414.06199903488164
-1110.859240097478 -413.225682926178
-1111.383285028413 -412.0460357189179
-1111.89381210275 -410.87901766300206
-1112.6446444816143 -409.928406906128
-1112.8476626998931 -408.58337624073033
-1111.9797645337135 -407.4980984449387
-1112.2655122406036 -405.7235418081284
-1111.762283814624 -404.129686665535
-1111.442842496112 -402.5892508745194
-1112.0222695595771 -400.6911963939667
-1112.7888740427047 -399.5646268844605
-1113.0044356710464 -398.03032453060155
-1113.3569847173244 -397.3462838053704
-1113.3942520744354 -396.0625478148461
-1112.6386641389877 -394.12315119504933
-1112.3496422893554 -392.5764910101891
-1112.3763266629726 -390.6843258261681
-1111.9769565887004 -388.7778214335442
-1111.7972248918563 -388.1506634473801
-1112.3434136039764 -387.12424333095555
-1111.9912285930664 -385.5251160383225
-1111.2645331151039 -383.67397625446324
-1111.5125521100313 -381.9709888219834
-1111.1028534746915 -380.4250436544419
-1111.7596015311033 -379.3776767969132
-1112.0402967012674 -377.6392666816712
-1111.8212277568132 -376.10831816196446
-1110.9832445061952 -374.25057036876683
-1111.3913046396524 -372.8470943689347
-1111.277620387748 -371.0545506000519
-1111.6612978703529 -370.186979842186
-1111.9586414522678 -369.274474811554
-1111.7935473597795 -368.5478774428368
-1111.6756015322358 -366.7729925036431
-1111.7136840312928 -366.4091069221497
-1111.4871209352464 -364.5587934970856
-1110.7447229712457 -363.3834621429444
-1111.4997746437043 -361.60030741691594
-1111.8986790268868 -360.3455962657929
-1112.466098913476 -358.93381257057194
-1112.361125194952 -357.66499633789067
-1111.9246838330478 -356.192457151413
-1112.7211506604403 -355.16985316276555
-1112.8442862867564 -354.53833193778996
-1112.8123968481273 -353.52664191722874
-1112.4402294992656 -352.361437869072
-1113.2118317126483 -351.8322222948075
-1113.9646254419536 -350.4752140760422
-1113.8218444674462 -348.91960461139684
-1114.6069671600312 -347.83248634338383
-1115.4928932278603 -347.31638784408574
-1115.389505745396 -345.4775678634644
-1115.3795728250593 -344.1237954616547
-1115.2395523055643 -342.6333913326264
-1114.8746578856558 -341.24205489158635
-1115.0971027179808 -340.5090685606003
-1115.6976159974188 -338.81775326728825
-1115.6371346279234 -337.43358213901524
-1115.631171868667 -335.6080358743668
-1116.1288490756601 -333.75829823017125
-1116.0100436224789 -332.45213789939885
-1116.5544524206966 -331.0641489744187
-1116.191377998814 -329.62182695865636
-1115.9001395120472 -328.91231329441075
-1116.6728764190525 -328.231705737114
-1116.365190507397 -327.36778796911244
-1116.3888897164911 -326.28831793069844
-1116.38160154365 -324.61131943464284
-1116.4072739421576 -324.1439379572869
-1116.8358038007468 -322.622865331173
-1117.3663511811942 -321.5226456046105
-1117.6654406725615 -320.27909172773366
-1117.9694486498088 -319.40186412334447
-1117.621002131626 -317.8699186563492
-1118.3338928758353 -317.3508910655976
-1118.917515867874 -315.8817177534104
-1119.440040224716 -314.8327241659165
-1120.6904941736907 -315.1676215052605
-1121.1072509228438 -314.6623742103577
-1121.5857681571692 -313.895193707943
-1122.8611386357993 -313.49387715458874
-1123.9766176282615 -312.1960661232472
-1125.7558497726172 -311.9927097678185
-1127.1043121158332 -311.85238526463513
-1128.016242974922 -311.2263450443745
-1128.9970123707503 -311.2025140345097
-1129.6489297687262 -310.3468482315541
-1131.5211079656333 -310.39173717498784
-1132.4891018211097 -309.3792736053467
-1133.0612636148185 -309.0160779178143
-1133.7996155559272 -308.61395851969723
-1134.8278315602988 -308.1643628895283
-1136.0443826257438 -308.1603852927685
-1136.9815755426139 -307.0725471198559
-1136.9452819465846 -306.4582066357136
-1137.8273437260837 -305.89604721665387
-1137.7277105092257 -304.3495915949345
-1138.2520702718944 -303.84106336236005
-1138.1091965078563 -302.5879492580891
-1138.7613541721553 -301.47709618210797
-1139.137500339672 -300.18715773224835
-1139.940943652317 -298.7693379938603
-1140.2096414207667 -297.7580478012562
-1140.6237257360667 -296.86612663865094
-1140.8778635203093 -296.4895396649838
-1140.9477741061896 -295.36491803526883
-1141.2480007051677 -293.9064464986325
-1141.6446596025676 -293.0050386011601
-1140.8873410462588 -292.00464425683026
-1140.967680701539 -290.9202954590321
-1141.196767532751 -289.442846518755
-1141.5866921781749 -287.76583359837537
-1141.4479526668042 -286.5352072536946
-1141.5228160112351 -284.9115671932698
-1141.1540556638688 -284.45715252757077
-1141.7346552103013 -283.0125948607922
-1141.3885411708802 -282.0724396526814
-1142.4741296260804 -281.6048158228398
-1142.9131620316953 -280.38284574151044
-1143.2906831293553 -279.28511856198315
-1143.3411061554402 -278.04756651520734
-1144.2441532402486 -277.402576071024
-1145.0009747534245 -276.87149999737744
-1145.0242318897695 -276.4667329013348
-1146.3697101860494 -275.8228420436383
-1146.0453960686177 -274.6560309350491
-1147.0517029552907 -274.1641931355
-1147.097717621848 -273.2393286645413
-1147.600210049674 -272.30769799351697
-1148.2935837893933 -271.28472600579266
-1147.5512406616658 -270.2320141613484
-1147.9425592213124 -268.56413958668713
