-1107.48 -547.7
-1107.4606290864945 -545.8305668354035
-1107.79455925107 -544.0308937549592
-1107.3841989147663 -542.0870860338212
-1107.9870551335812 -540.1806014299393
-1108.1620608526468 -538.2269869565964
-1107.731753166318 -536.6083794355393
-1107.9687599051 -534.6700506925583
-1107.699057828188 -532.819215130806
-1108.0296741235256 -530.8862930059433
-1107.538462947607 -528.9857412099839
-1108.066612790823 -527.1589639902115
-1108.9036559569836 -525.3111725568772
-1108.2772232401371 -523.3359535455704
-1107.8124195444584 -521.7962274074555
-1107.9551728475094 -519.8557874679566
-1109.058506320715 -517.9965151071549
-1109.8461273419857 -516.0198920488358
-1109.4887358653546 -514.0765064477921
-1109.4018815118075 -512.1145687818528
-1109.9857794600725 -510.1301900863648
-1110.8920223671198 -508.13972778320317
-1110.6733439522982 -506.1696815013886
-1109.8549557882548 -504.4369415760041
-1109.778828870058 -502.4528831958771
-1109.2136140573025 -500.7912108421326
-1109.4670266914368 -499.032260131836
-1109.6743795084953 -497.54485411643986
-1110.202523868084 -495.7026133060456
-1110.2839152026177 -493.76594169139867
-1109.6724269795418 -491.7937803983689
-1110.0981134581566 -490.175282907486
-1110.4940093564987 -488.38211865425114
-1110.2651589769125 -486.4551637887955
-1111.0102237123251 -484.86170561313634
-1110.4141282695532 -482.8747860908509
-1109.8024416822195 -481.77361757755284
-1110.2574083465338 -479.9102808952332
-1109.867793764472 -477.9634456157685
-1110.5146751660109 -476.0129913806916
-1109.819906141162 -474.5365839719773
-1109.9950786489248 -472.9459403276444
-1110.2607778269053 -471.21252174377446
-1109.8578437525034 -469.93956370353703
-1110.1716189342737 -468.3367707252503
-1110.2341998699308 -466.4236870527268
-1110.160326037109 -464.57760794162755
-1110.7943297955394 -462.6701707363129
-1110.6479703816772 -460.7037370920182
-1110.8198075029254 -459.24439580440526
-1110.022404524982 -457.40482695102696
-1110.641417119205 -455.4900496721268
-1110.8182363244891 -453.7507680177689
-1111.4112249347568 -452.05034978389745
-1110.4571581217647 -450.6414900541306
-1109.9251327845454 -448.7934916734696
-1109.4422949883342 -447.2400943756104
-1109.5067775282264 -445.67788453102116
-1110.3897037538886 -444.62934954166417
-1111.5862093004584 -443.30801494121556
-1112.2670722040534 -441.49780137538914
-1112.6499195429683 -439.57345397472386
-1112.83656350106 -438.95306093692784
-1112.216218623817 -437.25072200298314
-1111.966376233399 -435.60734279155736
-1112.0831410098076 -434.3542105674744
-1111.58845297575 -432.375717830658
-1111.2507161307335 -430.8227678060532
-1110.83677459836 -429.34169502258305
-1111.4360452997685 -428.5985406160355
-1111.8213448929787 -427.3709332466126
-1112.2669227826595 -425.78612442016606
-1112.4521188992262 -425.47041304111485
-1112.7633864837885 -424.04182989597325
-1112.085663433671 -422.24467308521275
-1112.2767198193073 -420.932110619545
-1111.7483931291104 -419.08059103488927
-1111.3715746808052 -417.66130001544957
-1112.1043469715119 -416.0586217164994
-1111.9298317539692 -414.1704455137253
-1111.646106492281 -413.05025513172154
-1112.6658789026737 -412.7433204174042
-1112.8079567211867 -411.71060640811925
-1112.571572612524 -409.8894081830979
-1112.1427104580403 -409.14990229606633
-1112.5478614676 -407.7406031608582
-1112.8824833142758 -406.8659554243088
-1112.9317126753926 -405.3072195768357
-1112.1785490992665 -403.858330321312
-1113.0521926763654 -402.57161719799046
-1112.4235206726194 -401.0883063793183
-1112.2334539923072 -400.46725840568547
-1112.437489259541 -400.15122152566914
-1112.4619658845663 -399.0393771052361
-1113.3088565725088 -398.23048229217534
-1113.4795025098324 -397.05174727439885
-1112.7744394648075 -395.9538506984711
-1112.8527995753288 -394.6696130752564
-1113.2223530817032 -393.98312963247304
-1112.81657386899 -392.86402763128285
-1112.7407462257147 -391.6612193703652
-1112.8569022896886 -389.8811907887459
-1112.660020801723 -388.1528303742409
-1112.182786140144 -387.3212270855904
-1111.5150935980678 -385.5637457489968
-1111.331048566401 -385.0375152945519
-1111.076768476069 -383.3423305869103
-1111.5830635610223 -382.40573240518574
-1110.9947903934121 -382.136029791832
-1111.243169579208 -380.270567727089
-1110.922044697702 -379.8230672001839
-1111.8833481702209 -378.81519819498067
-1111.5206031236053 -377.66248513460164
-1110.9970392617583 -375.90137768983845
-1110.9715091618896 -375.0885759711266
-1111.8583791288734 -373.937509906292
-1112.5648291143775 -372.3435410380364
-1112.8929518792033 -371.09838665723805
-1113.3809877368808 -369.59243370294575
-1113.3080792534352 -369.1692006707192
-1112.5796473133564 -368.01366544961934
-1112.7462697583437 -366.9530654072762
-1113.4772102195025 -365.1898577332497
-1113.0575453299284 -363.63075007200246
-1112.3368814247847 -362.3843773722649
-1111.9127856451273 -361.4912024855614
-1112.457845326066 -361.2102261900902
-1113.1448510843516 -359.457143676281
-1113.9295189338923 -357.7132688879967
-1113.9969660747051 -356.87066758871083
-1114.1228614258766 -355.472514641285
-1113.259650092125 -353.8702502369881
-1113.3305671545863 -353.2791283845902
-1112.8595867785812 -352.33750815391545
-1112.3651027414203 -350.81664664745335
-1112.3584855231643 -349.0388732671738
-1112.0320147010684 -347.42555744647984
-1112.8300184342265 -346.5586659431458
-1113.52881041497 -346.31079514026646
-1113.3598576518893 -344.72625977993016
-1113.3588649961353 -343.28873355388646
-1114.7144161197543 -342.62300915718083
-1115.3858749601245 -342.1264594614506
-1115.6818071040511 -341.5007589280606
-1116.7127875718475 -340.6761326014996
-1116.8288928675652 -340.3007478535176
-1116.049120168686 -339.3459312140942
-1116.1849013525248 -337.8397866904736
-1116.5382429915667 -337.3172333657742
-1117.2765508252382 -336.39385114312176
-1116.5581341940165 -335.39643697142606
-1116.9919851976633 -333.6932180345059
-1116.889910954535 -332.06723741889004
-1117.841736394465 -331.6081318080426
-1118.5378897371888 -330.0361419141293
-1119.0914401593805 -329.5760740458966
-1119.6085058036447 -328.14922074675565
-1119.6824565413594 -327.4145676314831
-1119.767898056209 -326.9049617469311
-1118.9218891593814 -324.995231550932
-1118.6463855835796 -324.2578440725804
-1118.4107511374355 -323.3306877434254
-1117.615596625507 -321.8725877821446
-1118.0756949815154 -321.4111871540547
-1117.4954838189483 -320.05550799965863
-1118.1047223243118 -319.04045341610913
-1117.4533082279563 -317.21770952343945
-1118.1921597155929 -316.82925621867184
-1117.9761500689388 -316.47978101372723
-1118.64199349612 -315.43488619923596
-1119.2355823847652 -314.25864873528485
-1119.7075113090873 -313.02826212048535
-1121.1326655182243 -312.50028459429745
-1122.2049908670783 -311.52147422432904
-1124.1096793445945 -311.38144279718404
-1125.25575840801 -311.57976342439656
-1125.9009062084556 -310.93233962059026
-1127.0382944378257 -310.2176945328713
-1128.7818659576774 -309.4710784077645
-1130.6977964672446 -309.81488133668904
-1132.020221594274 -309.8915829479695
-1133.8398777279258 -308.90600262284283
-1134.3507392439246 -309.18222714662556
-1135.8035297426582 -309.56777961254124
-1137.5089961323142 -309.20670057535176
-1138.3183541330695 -308.4948117256165
-1139.4208304914832 -309.3272510886193
-1140.7434639963508 -308.3517319083214
-1142.4411405357719 -308.0475435972214
-1144.2042998108268 -306.92791779041295
-1144.6543715032935 -305.6184814691544
-1146.056776765287 -304.1634433984757
-1147.1178612741828 -302.86351830959325
-1147.4366007480025 -302.18469740152364
-1147.5432173195481 -301.6033867120743
-1147.9584587398172 -300.6020200967789
-1147.8127028080821 -298.6988605976105
-1147.7177499192953 -297.23308534622197
-1148.1726688402891 -296.14440913200383
-1148.0102020162344 -294.86354203224187
-1148.6490484136343 -294.05658216476445
-1148.3870492833853 -293.73945416212086
-1149.1334509509802 -292.52666057348256
-1148.948416377902 -292.1143936634064
-1149.5107525843382 -290.9142188549042
-1150.0222339886427 -290.19955296516423
-1149.0987480539084 -288.313942027092
-1149.47745644629 -287.74338091611867
-1149.6729162591696 -285.97649790048604
-1150.2192282932997 -285.6887740015984
-1149.3232337492705 -284.1634587168694
-1148.823961134553 -283.1119425415993
-1149.4395888406038 -282.33972407579427
-1148.51792591393 -280.76992620229726
-1148.896233882308 -280.3280899047852
-1148.1970691937208 -279.73343731164937
-1148.670013334155 -279.02120162248616
-1147.9423724073172 -277.63746834993367
-1148.542022075057 -275.84644819498067
-1149.231480564475 -274.0052569031716
-1148.6630381006003 -273.6166868925095
-1149.1714301365614 -272.3572145223618
-1148.843039329648 -271.89505649805074
-1148.2371317702532 -270.80282927751546
-1148.9926128941775 -269.00408674478535
