-1107.48 -547.7
-1107.268574486971 -546.7820081830025
-1107.0125501859188 -544.9440856099129
-1107.2447303938866 -543.9041092514992
-1108.04856071949 -542.2452237725258
-1108.6839219141007 -540.3905338168145
-1108.1298216986656 -539.208726656437
-1108.5922669875622 -537.2439475178719
-1109.0237250733376 -536.1494215846062
-1109.334329943657 -534.2917631983757
-1109.2214748370648 -532.4981837391854
-1109.4809773671627 -530.6250571131707
-1109.5360601651669 -528.6898046851159
-1109.8743257927895 -527.0496049046517
-1109.9786162930727 -525.6367755055428
-1110.3520600157976 -523.9390497326851
-1110.309785168171 -522.3639327406884
-1110.3645476210118 -520.4431361079216
-1110.2732410985232 -519.4563391923905
-1110.5477704662085 -518.4762305736542
-1111.0524383443594 -516.6268140792847
-1111.120356168151 -514.6975579977036
-1110.9578488725424 -512.8926993131638
-1110.149183716178 -511.6462020397187
-1110.3631329494715 -510.65684862136845
-1110.3023680108786 -508.9883018255234
-1110.6152693587542 -508.01094491481786
-1110.2145728129149 -506.57512183189397
-1109.8686855691672 -504.718082857132
-1110.2064697402716 -503.4850825786591
-1109.5745712178946 -501.77432603836064
-1109.9761510449648 -499.92687387466435
-1109.6820702809096 -497.9942700386048
-1108.9624346154928 -496.306909275055
-1108.3266806262732 -495.0180720806122
-1108.4732788461447 -493.3993439197541
-1107.9696979779005 -491.5783934116364
-1107.8017052072287 -490.0283123970032
-1107.799536142517 -488.5147811889649
-1107.572616461683 -486.8901984214783
-1108.2050827779062 -484.93557877540593
-1108.499907109905 -483.3230392456055
-1108.9773658849485 -482.0158730268479
-1109.3703939058073 -480.14075453281407
-1109.3301730342396 -478.4332503795624
-1109.5135266818293 -476.5910975456238
-1110.0539835728891 -474.6457211494446
-1109.978189412523 -473.10260279178624
-1109.7812324948795 -471.56128151416783
-1110.1711684055813 -470.1449354410172
-1109.8660886176117 -468.32146961689
-1110.0701481141336 -466.4837933301926
-1110.0431813039072 -465.1527686834336
-1109.8510122783669 -463.49248476028447
-1110.1187986619957 -461.7756224393845
-1110.5142883546837 -460.0288798332215
-1110.239902336169 -458.82057125568394
-1109.814909804631 -456.8961663961411
-1109.6856006272324 -455.43720288276677
-1109.2970157750137 -453.57148714065556
-1108.5476460941322 -451.69642562866215
-1109.1481990702637 -449.71660156250005
-1108.3549039252289 -448.2393104553223
-1108.924034465123 -446.9665542364121
-1108.5763797350414 -445.49807877540593
-1108.6246803105064 -443.9422151565552
-1108.3148354590126 -442.41723270416264
-1108.3778990805336 -441.4760266065598
-1109.477295786161 -439.97329158782964
-1110.644939690847 -439.0978574275971
-1111.5464077890106 -438.9950247526169
-1113.2958379686065 -437.81832845211034
-1114.980803340692 -437.3351365447045
-1116.4561283290573 -437.19678657948975
-1117.6932826936431 -436.1853973239661
-1119.1663920581527 -435.531586226821
-1120.6550160348602 -435.351286020875
-1122.1298805177398 -435.10707612037663
-1123.823949307222 -434.57731283903126
-1125.0435108840652 -434.8483672559262
-1126.592084497232 -434.2747629106045
-1127.4020127356239 -433.86432926058774
-1128.2109945118614 -433.7077331364155
-1130.0325917303749 -433.4371323406697
-1130.977669626493 -432.77329651713376
-1132.1979347765632 -432.8389357745648
-1132.5548813641258 -431.9621761858464
-1134.3200950920768 -431.14428721070294
-1135.3638421595283 -429.89941428303723
-1135.8633168041893 -428.35919473767285
-1136.3382372558303 -426.6467132389546
-1136.2579448521324 -424.89115999341016
-1136.19497668745 -423.6060488045216
-1136.7909530997463 -422.30049155354504
-1136.7842097878643 -420.4445693314076
-1137.2408530712314 -418.5286936581135
-1138.0260026455112 -416.88832984566693
-1138.3758160770126 -415.60783956646924
-1139.1456114947982 -414.68226770758633
-1139.7128306329437 -412.934992235899
-1139.8635386824794 -411.80481807589535
-1139.8540986105986 -410.31144778132443
-1139.3699589893408 -408.82080463767056
-1138.6962287351676 -407.7020637214184
-1139.510119669158 -406.162828963995
-1140.0422184989043 -404.5549794852734
-1139.5497851297446 -403.69428465962415
-1139.0912948772498 -402.60774574875836
-1139.6916228458472 -400.78398023247723
-1139.9591501280852 -399.32588766217236
-1139.7813545838185 -397.59325490593915
-1139.2530060187169 -396.19492827057843
-1139.4267222359963 -394.8872099936009
-1139.6063094362803 -393.259594064951
-1139.7678329870291 -392.1709059298039
-1139.7502882108279 -390.9664014399052
-1139.4863696024008 -389.5798433840275
-1139.6516314223595 -388.4280088961125
-1138.9508480504342 -386.78986321091656
-1139.7475405410119 -384.9992588579655
-1140.1798375025578 -383.4142149508
-1139.527290023882 -382.88284615874295
-1140.0762999430485 -381.1801965653897
-1140.238904945571 -379.894978684187
-1140.7692810222693 -377.92521731257443
-1140.4875974282809 -376.5343407809735
-1140.91802548619 -375.23989860415463
-1141.2290386781283 -373.5206343352795
-1140.5836234316416 -371.7740441977978
-1141.183036588151 -370.2032459199429
-1141.6105855629035 -368.70866445899014
-1141.2021421119757 -367.85280529856686
-1141.6615586504527 -366.7772673785687
-1141.944663815219 -366.0662771880627
-1142.1048338636942 -364.55695275664334
-1141.3134827837534 -363.85941104292874
-1141.2697691396065 -362.8046318709851
-1141.0933812484332 -360.97651306986813
-1140.8085825368948 -359.38145105242734
-1140.9778342321702 -357.98925928473477
-1141.5107082203217 -356.31367806792264
-1141.274494849164 -355.1186429679394
-1141.0523207560368 -353.6986893832684
-1140.6098221913167 -352.38930432200436
-1140.1362244859524 -350.46187607645993
-1139.6296514049359 -349.0396167457104
-1139.2516063824482 -347.4154552638531
-1139.9185218587704 -345.7083088576794
-1139.9410421271064 -345.24674068093304
-1140.2110465187766 -343.57153568863873
-1140.6722777802684 -342.24642680287366
-1139.9814215619303 -341.30051658749585
-1139.6743912715651 -340.7622700750828
-1140.2507182378508 -339.5126088678837
-1140.4502393324115 -337.77041659951215
-1141.0492625553347 -336.27042232155804
-1141.1136515755393 -334.36523995995526
-1141.4639758486487 -333.37315629124646
-1141.9586570877768 -331.6435553848744
-1141.312002362702 -329.9376525700093
-1141.1598115731217 -328.13598166108136
-1140.3943809438683 -326.17345510125165
-1140.007888929937 -325.1536358416081
-1140.4835333395936 -323.30104718804364
-1140.4749742765166 -321.55806670784955
-1140.400502087567 -320.81968937516217
-1141.120288910363 -319.99789790511136
-1140.5826242584922 -318.45357159972195
-1141.15366536567 -316.65604428648953
-1141.4496081192233 -314.93273631930356
-1140.4992833454348 -314.59724436402325
-1140.6487153787352 -313.4508207857609
-1140.140801074002 -312.3965263187886
-1140.182353129629 -310.78336380124097
-1139.764687946085 -310.4472592890263
-1140.3641200568713 -308.8427605450154
-1139.7983679678478 -307.9846476733685
-1139.6339569296874 -307.51439724564557
-1139.9972727503814 -305.721526247263
-1139.9364033285715 -303.9486650049687
-1140.1956232730486 -302.66558895707135
-1139.7525291685201 -301.2482929050923
-1139.784024475161 -299.49573991894727
-1139.0709731560387 -298.0407118618489
-1138.4345849733986 -296.6767802059651
-1138.240867046658 -296.27694038748746
-1137.773169128243 -294.99262492060666
-1137.3638238590397 -293.90410355925565
-1137.9543994348683 -292.2039226710797
-1137.435980049912 -290.74796752333646
-1137.3399596046843 -289.7868553221226
-1138.1527169179358 -288.3856757700444
-1138.4214591216482 -287.5199411332608
-1138.391810668651 -286.0587908446789
-1138.2524479907192 -284.3538464725018
-1138.812947420422 -282.63677613139157
-1140.10847368652 -282.36959080100064
-1141.004300145451 -281.8044876277447
-1141.5530067365803 -281.3552745997906
-1142.098998872582 -280.1454574286938
-1142.6920693796314 -279.22599802613263
-1143.19570907766 -278.0457210361958
-1143.7971927803196 -277.4982096970082
-1144.2918232362904 -277.208684784174
-1144.3852095883526 -276.45044289231305
-1144.6613317113556 -275.03082213997845
-1145.010233668629 -273.569480162859
-1145.3376657348313 -272.54077361226086
-1146.5016080718674 -271.11147890686993
-1147.2815442066826 -269.45342956185345
-1147.341312943045 -268.3456936895848
-1147.8992875795998 -267.3227830946446
