-1107.48 -547.7
-1108.2446661400795 -545.807500910759
-1109.4647458004952 -543.8877411603928
-1109.2340354132652 -541.9723473310471
-1109.9899692940712 -540.0039261102677
-1110.703590195179 -538.0111809492112
-1111.5112889814377 -536.0894327878952
-1111.31072604239 -534.2262526273728
-1111.8895348864794 -532.2848625898362
-1112.4986227113009 -530.325902414322
-1113.0593644338846 -528.3473872661591
-1113.5752184349299 -526.4717896699906
-1114.073971207738 -524.5578034639359
-1114.4765524822474 -523.0776967525483
-1113.9492326933146 -521.1779033660889
-1114.4010046678782 -519.2540449619294
-1113.714557285905 -517.3542396545411
-1113.8370791333914 -515.7872385501862
-1113.1005785125494 -513.907774758339
-1113.0166356521845 -511.97776229381566
-1113.170693691373 -510.0505192995072
-1113.1614549714327 -508.0867568969727
-1113.395679231286 -506.28565449714665
-1113.6715435940027 -504.3489362716675
-1114.0574814635515 -502.61263532638554
-1114.2497482556105 -500.6859714508057
-1114.1608083802462 -498.755880188942
-1113.520160253644 -496.9053445577622
-1113.565525766015 -494.9562490701676
-1113.6924590426684 -493.02259869575505
-1113.9040229278803 -491.92477936744694
-1113.7441426473856 -490.02018828392033
-1113.7638364094496 -488.2247931480408
-1113.9545515435934 -486.40553541183476
-1113.67932256639 -484.4757287025452
-1113.6272651809454 -482.6735352993012
-1114.087496187091 -480.73846240043645
-1113.6235629576445 -478.804397058487
-1113.3489676374197 -476.8915185451508
-1113.6992145437002 -475.0036258220673
-1114.0693587619066 -473.6643812179566
-1114.1881594616175 -471.7571821928025
-1113.502563830018 -469.9615333795548
-1113.6260894197226 -468.74889070987706
-1114.0983215230704 -466.8404119729996
-1113.618758763671 -464.92468578815465
-1113.0069045680762 -463.2215269327164
-1113.4245552378893 -461.2752462148667
-1113.7829326349497 -459.3492768526078
-1113.0704082208872 -457.4656382322312
-1112.6979070264101 -455.6479326009751
-1112.4516965854168 -454.156190943718
-1112.8476103055477 -452.2489369630814
-1113.3090303945542 -450.3520375013352
-1113.6134853172302 -448.452689242363
-1114.0400893199444 -446.5771830797196
-1113.099397252798 -444.6525389671326
-1113.6427250611782 -442.7273520946503
-1112.8428434240818 -440.98337073326115
-1112.4834113228321 -439.1307409524918
-1113.003005694151 -437.30203945636754
-1113.3506892430783 -435.4114387750626
-1114.1670115697384 -433.48517568111424
-1114.1702522593737 -431.5303521871567
-1114.4750910359621 -429.61854131221776
-1115.1409718948603 -427.93670327663426
-1115.1644479739666 -426.6463640451432
-1115.6394871878624 -424.80260534286504
-1116.1979468274117 -422.90753335952763
-1116.6231702375412 -421.1669526815415
-1116.262451570034 -419.2514022111893
-1116.7715068268776 -418.2903712511063
-1116.9628477799893 -416.43521459102635
-1116.5542629766464 -414.5113425970078
-1116.325264300704 -412.6111527204514
-1116.8419965165854 -410.6612381458283
-1116.4688085275889 -409.2639765262604
-1116.5698102372885 -407.44456930160527
-1116.48330029428 -405.50269002914433
-1115.7569961208105 -404.3924070119858
-1115.6223866599798 -402.4449797391892
-1116.199823166728 -400.6879031181336
-1116.7508285301924 -398.86089868545537
-1117.792136337161 -397.0938174247742
-1118.7712942022085 -395.3504939794541
-1119.0109490710497 -393.92671055793767
-1119.8537624436617 -392.04435439109807
-1119.8642185232789 -390.1039644002915
-1119.44615854837 -388.3782035827637
-1119.7808926901967 -387.52478010654454
-1120.5157447061688 -385.8632405519486
-1120.7257294706255 -383.9773761749268
-1121.2627137950808 -382.09842605590825
-1120.8111946634203 -380.13492162227635
-1121.2666459134966 -378.19666047096257
-1121.8047145656496 -376.5094017505646
-1122.1899057678133 -374.62466640472417
-1122.2165204636008 -372.77940495014195
-1121.503219222203 -371.57428462505345
-1121.782553350106 -369.81684501171117
-1121.9453899613768 -368.2615237951279
-1121.5302169076353 -367.0445299863816
-1120.768870567456 -366.53819878101353
-1120.8545707515627 -365.75510854721074
-1120.8618071130663 -364.06978626251225
-1120.4162653139979 -362.57000322341923
-1120.069739466086 -360.78707034587865
-1120.4465069822222 -359.217802476883
-1119.694743996039 -357.3141612529755
-1120.2753168991953 -355.421349477768
-1120.248422389403 -353.9935650348664
-1120.4310254804045 -352.5229120969773
-1119.8911961666495 -350.605183672905
-1119.681741123572 -348.9951639890671
-1120.102308338061 -347.07023472785954
-1119.9663001797348 -345.7813941955567
-1119.800263126865 -345.1474357962609
-1119.4798203013092 -343.263419520855
-1119.2158246538788 -342.09332455396657
-1119.0475438735634 -340.21201814413075
-1118.4927009842545 -339.3034727096558
-1118.6870436719805 -337.6458079338074
-1118.3188337735087 -336.0039090633393
-1118.4031315422803 -334.5247511386872
-1118.5986021286994 -333.06080896854405
-1118.0768487579376 -332.1228962659836
-1118.4900344140083 -331.03757913112645
-1117.885988426879 -329.2516306161881
-1118.6307721263915 -327.61516315937047
-1118.0781547553092 -326.76757998466496
-1118.6621390707046 -325.014260005951
-1119.1030830270797 -323.31280333995824
-1119.7629640824348 -321.90341253280644
-1120.4131094939262 -320.05426831245427
-1121.1792257554084 -318.377004814148
-1122.4655822045356 -318.46160266995435
-1122.8481197483093 -318.0630838692189
-1123.8631886369735 -317.3302139461041
-1124.6029288894683 -316.6773291051388
-1125.766408694461 -315.5514920175076
-1127.1326794750244 -314.541717094183
-1128.8277669078857 -314.12264828085904
-1129.160316241458 -314.1011033177376
-1130.800982368663 -313.36815584898
-1131.258711648658 -312.27770222425465
-1132.3400859362632 -311.41394735574727
-1133.7285516984016 -310.99930227994923
-1135.4977976805717 -311.0734579086304
-1136.4747652537376 -309.8863427162171
-1136.6660423404724 -308.87943882942204
-1136.5809960193187 -308.50565142631535
-1137.2075592107326 -307.5376038074494
-1137.3013513810188 -306.98051054477696
-1138.3747576005012 -306.3173580884934
-1138.7500451333076 -304.75316805839543
-1139.2689356333763 -303.8707975864411
-1139.1371337301284 -303.45794386863713
-1139.480995369628 -301.9161939144135
-1139.4068410149962 -300.6090476036072
-1139.9537831894309 -299.1587842226029
-1139.6971073202044 -297.75013334751134
-1139.9259771756083 -296.5724983930588
-1139.7950898758322 -295.1276330471039
-1140.4761750451476 -293.5625515699387
-1140.4135217196495 -292.8024082899094
-1140.2788472152502 -292.16162956953053
-1140.4468095875532 -291.83336652517323
-1140.1851353324205 -290.0901435732842
-1139.9086045301706 -289.6472674131394
-1140.4569403804094 -288.7387387275696
-1141.1250111139566 -287.8104638576508
-1141.216075239256 -286.314593744278
-1141.3246106184274 -285.37671680450444
-1140.8051180518419 -283.74536342620854
-1141.6117170131952 -282.0408091068268
-1141.6058858907968 -281.0468993902207
-1142.5577734387666 -280.3882431507111
-1143.691599694565 -279.4468795180321
-1144.5202763355524 -278.1216775298119
-1145.3301264918596 -277.4479576468468
-1146.4758400595933 -275.8440772414208
-1146.5642909831554 -274.8771513819695
-1147.4069081372768 -273.26786698102956
-1147.9287559814006 -272.50782669782643
-1148.1615416831523 -271.2613679289818
-1148.3302262104303 -270.0447663187981
-1148.6735137975961 -269.44671250581746
