-1107.48 -547.7
-1108.6793198394776 -546.0139045238495
-1109.0964667904377 -544.6309242963791
-1109.1930250185728 -542.9262786626816
-1109.539930369258 -541.0661708831788
-1110.5033403295279 -539.279958319664
-1111.259584273696 -537.4313981056214
-1111.92042865932 -535.5981304168702
-1112.465017284751 -533.9780988216401
-1112.8665806609392 -532.1086322784424
-1112.1207819539309 -530.7119051933289
-1111.4204066354037 -528.8092307567597
-1111.9600277501345 -527.0464765548707
-1112.5028379517794 -525.2984635353089
-1113.0439078766108 -523.3977829933167
-1113.2843604642153 -522.5923144340516
-1113.570126529336 -520.6639766216279
-1113.6839941698313 -518.9831640243531
-1112.9017834621668 -517.0587098121644
-1113.3506512004137 -515.5830952644349
-1113.4949913281202 -513.8799256801606
-1113.8636378604174 -512.3067893505097
-1114.3421222823858 -510.69066531658177
-1114.0325634139776 -508.93474705219273
-1114.3397567230463 -507.085257601738
-1114.134807627201 -505.49113864898686
-1114.0929635870457 -503.8616147756577
-1114.505426208973 -502.03748805522923
-1114.844951223135 -500.8005748510361
-1114.6827684003115 -498.9200695276261
-1114.9517674404383 -497.0182512521744
-1115.007202680707 -495.2922631025315
-1114.991830791831 -493.76453430652623
-1115.024863447547 -492.0842325210572
-1115.0159523147345 -490.3714569330216
-1114.9972803550959 -488.51243836879735
-1114.958185042739 -486.9475649118424
-1115.3854289013148 -485.2561838150025
-1114.864081915021 -483.753065776825
-1114.8394151884318 -482.93798650503163
-1115.2329227882624 -481.0689203858376
-1115.5538070756197 -479.2595770478249
-1115.675316389203 -477.401731979847
-1115.6937464731932 -476.12209678888325
-1115.6199532407522 -474.7993581414223
-1114.9378232616186 -473.4583727240563
-1114.7413452523947 -471.73341239690785
-1114.2780577498675 -469.9575201392174
-1113.8039496797323 -468.1594096541405
-1113.5117400246859 -466.6311169981957
-1113.4537873375416 -464.9066342234612
-1113.1345562148094 -463.3744980216027
-1113.3912594425678 -461.53378285169606
-1113.667267780304 -460.49980081319814
-1113.770341168642 -458.6390333294869
-1113.8754641520977 -456.7157935023308
-1113.6449530231953 -455.06370366811757
-1113.6222586739063 -453.428178203106
-1114.0353642809391 -452.1543179869652
-1114.399952094555 -450.6639300704003
-1114.3407500493527 -448.8910888552666
-1114.0029922235012 -447.06137551069264
-1114.382863740921 -445.38340510129933
-1114.044780920744 -443.65081990957265
-1114.1567547801137 -442.0153871893883
-1114.9433266404271 -440.31784619092946
-1115.5096855047345 -438.5224434256554
-1116.0595899108052 -436.6243491292
-1116.017014298141 -435.1628929495812
-1115.8214330855012 -433.2673221945763
-1115.7907333108783 -431.4067393660546
-1116.226045820415 -429.78765953779225
-1116.728143069446 -428.28180242776875
-1116.2106702062488 -426.36522675752644
-1116.156914550364 -424.42240346670155
-1115.7483913484216 -423.90729976892476
-1115.4724365058541 -422.2651717782021
-1114.8071939530969 -421.0950946927071
-1115.218275833428 -419.3073488593102
-1115.1829751315713 -417.6343296885491
-1115.0770963984728 -416.62829936742787
-1115.517327721715 -414.7674235224724
-1115.9057087856531 -413.0712782263756
-1115.7397611099482 -411.76068307161336
-1115.6520808893442 -410.0808752894402
-1115.8761097449064 -408.8324749588967
-1116.3202370661497 -407.3480920910836
-1116.142116125226 -405.49546338319783
-1115.3572286325693 -404.763437640667
-1114.6596639114618 -404.05392206907277
-1115.0908897179365 -402.9286136746407
-1115.3681655782461 -401.08230854272847
-1115.6891447263956 -399.40379287004475
-1115.7331734704971 -398.96346755027776
-1116.0996273565293 -397.6473803043366
-1115.8240355658531 -396.1151139259339
-1116.211782078743 -394.1921731948853
-1115.8303128886223 -392.5938150405884
-1115.3430206882954 -391.0555227518082
-1115.9094134676457 -389.52312810420995
-1115.6150112259388 -388.59542168378835
-1115.1803581821919 -386.64252699613576
-1115.769262920618 -385.88570488691335
-1115.276740502119 -384.6239328503609
-1115.6856168615818 -382.7204883217812
-1116.1464884984493 -381.7053753256798
-1115.4322405564785 -380.4510790228844
-1115.936085294485 -378.6836813807488
-1115.8577224719525 -376.78010011911397
-1116.3301739501953 -375.15030432939534
-1116.4455404090882 -373.9012514472008
-1116.2633358347416 -372.5650178313256
-1116.3913947153092 -370.7398122668267
-1116.4568792688847 -368.96441830396657
-1116.780362110138 -367.08656061887746
-1116.7724688458443 -365.651678454876
-1116.9492695140839 -364.07124246358876
-1115.8224503803253 -362.21845711469655
-1114.9769233870506 -360.4913028597832
-1115.4117002892494 -359.2724014639855
-1115.2439563381672 -357.77501572370534
-1115.837298284769 -356.4091585993767
-1115.6316040712595 -354.68198646306996
-1114.7577185589075 -353.003996026516
-1114.650737169683 -351.1289402365685
-1115.0726872715354 -349.4762050032616
-1114.5259458455444 -348.34080816507344
-1114.9344870778918 -346.4350848317147
-1114.0801815721393 -344.55299831628804
-1114.6097190710902 -343.5066496253014
-1114.3787729474902 -342.67446161508565
-1114.1828097733855 -340.9290063500405
-1113.9734238865972 -339.9073240876198
-1114.0568101736903 -339.40831108093266
-1113.9170888844133 -337.54434866905217
-1113.904512322992 -335.77288026809697
-1114.7376039992273 -334.01534290313725
-1115.3304233323038 -332.96043736934666
-1114.706943012327 -332.1999172687531
-1114.6053444515169 -330.70709128379826
-1114.5439404840768 -329.22798938751225
-1115.095479130298 -327.92675085067754
-1114.8106188471615 -326.2859208106995
-1114.33032652691 -325.32514948844914
-1114.7402446563542 -324.11340076923375
-1115.1827356214822 -322.2436962842942
-1116.139459311515 -321.225415301323
-1116.8026130194962 -319.85093839168553
-1117.3839896912873 -318.89135165214543
-1118.3671731348336 -318.3079046130181
-1119.4072050447762 -318.27659679651265
-1119.693660556823 -317.0818984627724
-1120.8876894111932 -316.2437732338906
-1121.9393636579812 -315.59826393127446
-1122.683593928367 -314.2549890995026
-1123.7575765247643 -313.34892059564595
-1125.014465868026 -311.7094338059426
-1126.3808047170937 -312.0911447525025
-1127.4015255565942 -310.97998912334447
-1128.920096694976 -311.2379068553448
-1130.0946009750664 -310.0275739848614
-1131.0048189158738 -309.05858055949216
-1132.464510678798 -308.01586977839474
-1133.6098880763352 -307.6620871841908
-1134.6521127219498 -306.74914298653607
-1135.620336472541 -305.799677592516
-1136.8204717035592 -305.8095435917378
-1138.413546025306 -304.7180808603764
-1138.807380914241 -303.125081640482
-1139.9559280867875 -301.92385230660443
-1140.014296695143 -300.1857868254185
-1140.0532997395098 -298.9434706985951
-1140.490440144688 -298.2279342234135
-1141.3993445779383 -296.6326045811177
-1140.9014642979205 -294.9340870201588
-1141.2111235107482 -294.1446263611317
-1141.2407535906136 -292.71104930043225
-1141.9024471636117 -291.89316700100903
-1142.6971551175416 -290.90735111832623
-1143.0537227089703 -290.0721392452717
-1142.9318832303584 -288.3908755600453
-1142.3263230468333 -286.49810622334485
-1142.4403911750019 -285.9688991725445
-1143.0594264785946 -284.519922298193
-1142.9389055739343 -282.9166329324246
-1144.0085688601434 -281.85286263823514
-1144.0853748987615 -280.31170777678494
-1144.8712000320852 -278.82331709265713
-1145.611037440151 -277.48796228766446
-1145.6011380325258 -276.8178813874722
-1145.7119951616228 -276.43352703452115
-1145.5439440380037 -275.82547460198407
-1145.8565110634268 -275.2545401871205
-1146.830641157478 -274.54756681323056
-1147.273006118387 -273.9008564770222
-1147.9591719280183 -273.4301978170872
-1148.6776991854608 -272.1001950323582
-1148.433238721937 -271.0700975477696
-1148.6953556905687 -269.7424480736256
