-1107.48 -547.7
-1107.5970600056648 -545.7078850984574
-1107.2305614459515 -543.7289731025696
-1107.1761649917066 -541.8833611726761
-1107.8042256306112 -540.0417323827744
-1107.517220980972 -538.1171444177628
-1107.5492961253226 -536.1717152118683
-1107.1156248892844 -534.4295963764191
-1107.8467422570288 -532.4394101619721
-1108.6057692612708 -530.485741686821
-1108.8188067521155 -529.0576474189759
-1109.041136174947 -527.1591844081879
-1109.7181895072758 -525.1770550727845
-1109.0664060409367 -523.2466403961182
-1109.3458035881818 -521.3357846260071
-1108.6517469580472 -519.3555013656617
-1107.8349701459706 -517.445866060257
-1108.4385344679654 -515.6432263374329
-1107.5961746270955 -513.7984997749329
-1107.378094791919 -511.87918658256535
-1107.0327881272137 -509.8917536258698
-1106.8686978067458 -508.01424093246465
-1106.482562943846 -506.3029615402222
-1105.8122911299765 -505.00578243732457
-1105.3546635951102 -503.3278147697449
-1105.706665172726 -501.64664704799657
-1105.2705840016902 -499.8853148937226
-1106.0301072742045 -497.9573509216309
-1106.3929310585559 -496.07972295284276
-1106.7290292526782 -494.1385648965836
-1106.5397150065005 -492.36746199131017
-1105.9475153829158 -490.5443223237992
-1105.4497571732104 -488.6134216308594
-1105.2927144165337 -487.03507633209233
-1105.787463068515 -485.1435834884644
-1105.5084916348756 -483.6140460491181
-1105.8451432581246 -482.02612943649297
-1105.6443966324628 -480.12616701126103
-1106.3338200743497 -478.61233873367314
-1106.2525562937558 -476.7930798053742
-1106.6422363813222 -474.97808964252476
-1106.4103797222674 -474.5647039532662
-1106.8121335054934 -472.623242866993
-1107.265313103348 -470.8362567543984
-1107.3968469496072 -468.933110010624
-1106.6712087984383 -467.3043609976769
-1106.1846930976212 -465.5262743353844
-1106.6484388704598 -463.93365443944936
-1106.1585834021867 -462.9402295470238
-1106.6512631769479 -461.61250473260884
-1106.7047274927795 -459.69416857957845
-1107.1320286910236 -457.79528857469563
-1107.3570347051323 -456.32820273637776
-1107.9681756715477 -455.4883972525597
-1107.6306246738136 -455.14692522287373
-1108.337439558953 -453.74315072298054
-1109.0834526638687 -453.09478033781056
-1108.7457249979675 -452.04618502855305
-1108.9517569760978 -450.53726841211324
-1108.4488573293388 -448.9856869101525
-1108.9975586156547 -447.7976105332375
-1109.4573841910064 -446.0778517842293
-1108.5580933909118 -444.5572823405266
-1107.9427465419471 -442.8410929560662
-1108.3365902523697 -442.48458994627003
-1108.4302520747483 -440.5193175196648
-1108.7970111961663 -438.5967525362969
-1108.4292744393647 -436.72653747797017
-1108.1219450230897 -435.7216540694237
-1108.2940350915492 -434.1797478318215
-1109.1297946120799 -432.8866249442101
-1108.7959031309188 -430.9252549529076
-1109.5855259741843 -429.92284740209584
-1109.000161692053 -428.4572194933892
-1110.0750892604888 -427.3103392243386
-1109.298232242018 -426.4408666014672
-1109.7156903590262 -424.9436991333962
-1109.844568773657 -424.10887510776524
-1109.3984730686248 -422.3597503423691
-1109.3745779688657 -420.4936711311341
-1109.4963786523044 -418.6255857467652
-1110.1519649545849 -417.2332095623017
-1109.5108462493122 -416.4324415445328
-1109.8395780842006 -414.6926993846894
-1109.1949931304157 -413.9261728048325
-1108.9772151331604 -412.18180806636815
-1109.796966753453 -410.9973157167435
-1110.1792400698364 -409.2675421953202
-1110.8270591120422 -407.64073426723485
-1110.373538992852 -405.9267810106278
-1111.2470054845512 -404.27006609439854
-1110.8694495777786 -403.952044081688
-1109.9862509588897 -402.65336449146275
-1110.5240536551178 -401.76060385704045
-1110.8551600794494 -400.982797574997
-1110.8513860260323 -399.2657289028168
-1110.340001062043 -398.1070504903794
-1110.572673544772 -397.74350256919865
-1110.678644717224 -395.91472525596623
-1110.5900126178935 -395.38517601490025
-1110.0770701249317 -393.58358044624333
-1109.7925028880313 -393.0114193081856
-1110.566996701546 -391.2837197899819
-1111.0243100603298 -389.5782179951668
-1111.834793814011 -387.7307148098946
-1112.2645987649635 -387.37465043067937
-1112.83948425252 -386.7178248882294
-1112.7400786434487 -385.2014081001282
-1112.580707178004 -384.9740887999535
-1112.377565071471 -383.0951415419579
-1112.7853023563698 -381.6616114497185
-1113.0142034446076 -380.073443543911
-1113.5071892594174 -378.3606799960137
-1113.646993235238 -378.162660253048
-1113.8025941704586 -377.78215570449834
-1112.6268998240307 -376.19957776069646
-1112.3046372388676 -375.1030845165253
-1112.2876782720164 -373.19010181427007
-1112.07672567714 -372.10999865531926
-1111.7682247911766 -371.68867940902715
-1110.8683000360802 -371.3912665367127
-1111.479283884652 -370.8203962564469
-1111.181055799611 -369.1917820692063
-1110.6944941138104 -367.6762712717057
-1110.25942088712 -366.71838272809987
-1110.3086624075845 -366.070745420456
-1110.6265093614534 -365.2854222774506
-1110.233481936641 -364.5631994724274
-1109.815128438659 -362.849030327797
-1110.3818412949518 -361.5535557985306
-1110.2133525540307 -359.8438734531403
-1109.7258669366315 -358.2855091810227
-1109.4268991579488 -356.6033049345017
-1109.113200389333 -355.0529901504517
-1109.452897511907 -353.48571724891667
-1110.0429834951833 -352.04491348266606
-1110.1259200130776 -350.61905927658086
-1109.7656384860352 -349.7105659961701
-1109.1223080312088 -348.8247064471245
-1109.9086571489647 -347.8251184344292
-1110.0203541745618 -347.2214878916741
-1110.4225853313878 -345.97227002382283
-1110.99532797236 -344.8468005776406
-1110.7080360581353 -343.42767549753194
-1111.346068017669 -342.2843390822411
-1111.4945867886022 -341.84220964908604
-1111.487378649898 -340.16296584606175
-1111.1679095258191 -338.55873496532445
-1110.7833787431196 -337.6371945858002
-1110.1489388575033 -336.9074992656708
-1110.5143091608957 -336.2424240827561
-1110.1408936013654 -334.8132339239121
-1109.7491731872037 -334.10753567218785
-1109.8942023446039 -333.3817243099213
-1109.6130133499578 -332.2319579839707
-1110.4590709437803 -330.87624557018285
-1110.068503879495 -330.0366915583611
-1109.495460711904 -329.03004909753804
-1110.140229546018 -328.78716619014745
-1109.7070673634485 -327.8003920435906
-1109.265011482425 -326.8124802231789
-1109.1886462499574 -326.16868944168095
-1110.0127829839662 -325.4774296998978
-1109.6765270163492 -324.00327856540684
-1109.128456347175 -323.0369557857514
-1110.2397793461755 -322.4738612890244
-1111.3810862233117 -321.315925192833
-1110.8303335239366 -321.0124077916146
-1111.8771721651033 -319.8505832076073
-1112.3598869969323 -318.4344743609429
-1112.2709503700212 -317.82182176113133
-1113.1293210317567 -317.3593329608441
-1114.448707752414 -316.04979280829434
-1116.2002045442537 -316.1676131308079
-1117.6154982377961 -316.40572188496594
-1119.129012756534 -315.9983737587929
-1120.816242747493 -314.95891155004506
-1122.363681369014 -314.4320787310601
-1122.8845502068475 -313.8326666474343
-1123.1619679858163 -314.23328099846844
-1124.0962943365053 -313.93094570636754
-1125.7945832540468 -313.20987118482594
-1126.2043296625093 -313.63761384487157
-1127.380853109546 -313.13535357713704
-1128.233572058864 -312.87600119113927
-1130.0818510581926 -313.46195716857915
-1130.3335308958963 -312.90553207397465
-1132.0917059113458 -311.8998364925385
-1132.5871372153238 -311.9560063898564
-1132.7464897562936 -311.05793569684033
-1134.4911848236993 -311.01792449951176
-1135.5653175045923 -310.19887752532964
-1136.9316037823633 -309.2719566941262
-1136.9937971164659 -308.4469427585602
-1137.8062830497697 -308.10358614921574
-1137.7421418656781 -306.99426252841954
-1138.6502969493345 -305.4198902368546
-1139.3298547496274 -303.9543734312058
-1138.5301871528104 -303.3069558858872
-1137.7920463313535 -301.6688061475754
-1138.7875489224866 -300.81163455247884
-1138.1548012723401 -299.41455997228627
-1138.982510351129 -297.7155941843987
-1138.713356547542 -296.1067110419274
-1139.0200500716642 -294.1303309321404
-1139.8321427335218 -292.6866165518761
-1140.2305598785356 -292.06773717403416
-1140.4432250638679 -291.2753191709519
-1140.2887236853317 -290.4642335891724
-1140.3875545417145 -289.54939026832585
-1139.5573403989151 -287.776206445694
-1139.6592078809813 -287.22680087089543
-1139.8053005342558 -285.570102763176
-1140.458979070671 -284.8455665826798
-1141.195314050205 -283.40097112655644
-1141.0667950217799 -282.7648913979531
-1141.11194801379 -280.98350836038594
-1141.5059636836127 -280.781727385521
-1141.8000518088415 -279.2003521442414
-1143.2018592362479 -278.7186139643193
-1143.7887719874457 -277.193080765009
-1143.9772753124312 -275.7549050867558
-1145.363431156166 -274.9224507629872
-1145.6410965924338 -273.82856426835065
-1146.4632543330267 -273.04791424870496
-1146.9893510346487 -272.4648262083531
-1147.068211526163 -272.2345726907254
-1147.3818246429041 -271.9051906883717
-1147.2938827281073 -270.4346676886082
-1147.555556893833 -270.0082084357739
-1147.335244060047 -269.40925542712216
-1147.9645558004454 -267.8249077022076
