-1107.48 -547.7
-1108.4150908994675 -546.8863184571267
-1108.3543568062782 -545.7871919989586
-1109.4207804608345 -545.0385790586472
-1110.0494527029991 -543.957234454155
-1109.4849409270287 -543.0492796421051
-1110.04950122118 -542.3932241916657
-1110.3344410765171 -541.9067773342133
-1109.9714536774159 -540.4958475351334
-1109.7056610691548 -539.036505651474
-1110.1075313794613 -538.1330829381943
-1110.9432045328617 -536.697458100319
-1111.2477446007729 -535.8430904269219
-1110.618342499733 -535.0385860323906
-1110.6996663171053 -533.2828047394753
-1110.867012809515 -532.117280972004
-1111.1772034275532 -530.2637388825417
-1111.0773644405604 -528.6103465676308
-1110.4745691972971 -526.6713473916054
-1111.0246959882975 -524.9484685778618
-1111.1945316153765 -524.4651380300522
-1111.2531283903122 -522.8297976970673
-1110.7125619459152 -521.1460697174073
-1110.3409380722046 -520.4373265028
-1111.2435934948921 -518.8084743738175
-1111.5060417759419 -517.2555914640427
-1111.8054662156105 -515.6661630392075
-1111.5115473377705 -514.0164228200913
-1111.989253501892 -512.8630040407181
-1111.5283661592007 -512.4963010668755
-1111.6219052109122 -511.58949882984166
-1111.4224660131335 -510.9689126133919
-1110.63192835778 -509.51261795759206
-1110.8863990935683 -508.9417277693749
-1110.2566774520278 -507.39729822874074
-1110.7799348267913 -506.5355860114098
-1110.286463740766 -505.26674665212636
-1110.945143583715 -503.7381647944451
-1111.0648070830107 -503.07202066183095
-1111.836641575694 -502.3582342386246
-1111.7265652674437 -501.92325915098195
-1111.0918364781141 -500.66922987699513
-1111.527970160842 -499.57639480829243
-1112.3171706455946 -497.8628051400185
-1111.7532639163733 -496.49238504171376
-1112.2107940274477 -495.76016480922704
-1112.1021408769489 -494.57811648845677
-1112.4967976543307 -494.08281518220906
-1111.8644269439578 -493.19812155961995
-1111.717532787025 -492.4698537111283
-1111.8048806744814 -490.85425705909734
-1111.142960126996 -488.9868350744248
-1110.5540223675966 -487.7084077119828
-1110.3515870976448 -486.3557176113129
-1110.1136266249418 -484.6401198625565
-1110.9535846966505 -483.4102671861649
-1111.2112145084143 -482.7820444822312
-1110.7294138330221 -482.31847531795506
-1110.8329084846378 -481.95039392709737
-1110.2232500645518 -480.9680691480637
-1109.5607594582439 -480.2599108934403
-1110.390796456039 -479.312274825573
-1110.4356795358658 -478.4355474829674
-1110.7058677482605 -477.9548236846924
-1111.4000208187103 -477.05291582345967
-1111.764267961979 -476.38809622526173
-1111.8631584528089 -475.2805367827416
-1111.8478378155455 -474.42981899976735
-1111.6636112728343 -473.7624579787255
-1112.196312228702 -473.0128333687783
-1111.8195903399214 -472.62898821830754
-1111.364157477878 -470.82439775466923
-1111.3314515860006 -470.0612363338471
-1110.909088245146 -469.3055527925492
-1110.5421869368479 -468.29434795379643
-1109.9118966669962 -467.77823163270955
-1110.3739212067053 -466.12525488138203
-1110.475224046521 -465.7101987719536
-1111.3267788575217 -464.5776490092278
-1110.7153110192344 -463.7193914175034
-1110.396506397538 -462.0118613958359
-1111.31981316071 -460.1463125467301
-1110.5839812443778 -458.50934345722203
-1110.1538365171477 -456.89956552982335
-1110.4556002305076 -455.86095685958867
-1110.7801085994765 -454.1592337608338
-1110.8612015010044 -452.65635008811955
-1110.6771390796825 -451.3240091323853
-1110.188176012151 -449.80007119178777
-1110.1353372098133 -448.2120136737824
-1109.7925174595043 -447.6571010470391
-1110.1709465445206 -446.1702238440514
-1110.6295870007202 -444.52690387964253
-1110.5231132419035 -443.66733891963963
-1110.7135142893717 -442.05345065593724
-1111.6955569596216 -440.4713607549668
-1112.0581702203676 -439.61708576679234
-1111.5374191017077 -438.67826522588734
-1111.5920028821752 -436.89190281629567
-1112.2430514232442 -435.6238646626473
-1112.6163170174882 -435.11486495733266
-1113.2091942862794 -434.83566511869435
-1113.3861696557328 -433.4079356312752
-1113.1194020346925 -432.5292575478554
-1113.6200871304795 -431.00472356081013
-1114.1610485152528 -429.41128159761433
-1113.4828346804902 -427.83230210542683
-1113.878894819431 -426.45632327795033
-1113.339130772762 -424.83366729021077
-1113.1811574087665 -424.499656033516
-1113.8115743384883 -423.4126114368439
-1113.9509894834086 -422.47611720561986
-1113.411898730807 -421.30860812664037
-1112.698737977557 -419.7543020963669
-1112.5002269880101 -418.29231722354893
-1112.3667474226281 -417.61137599945073
-1112.6968958513066 -416.9194731831551
-1112.4414606527612 -415.3160741448403
-1112.9693756536767 -413.8285285353661
-1112.3311410383508 -412.7827077031136
-1112.4130088375136 -411.6468969702721
-1111.794852106385 -410.5650652766228
-1111.2176454947517 -409.88652492761616
-1110.7435862408206 -408.11889435052876
-1111.5208339081332 -406.72527958154683
-1111.498990653567 -406.0830164074898
-1112.0469615445659 -404.5901928067208
-1111.9535484076664 -403.505082499981
-1112.4971830607578 -403.0417658209801
-1112.7208626927063 -402.1946165680886
-1112.7552352608368 -400.62978173494344
-1112.3469417155907 -399.96664149761204
-1112.1301838667318 -398.67054016590123
-1112.260159498565 -397.0185820579529
-1111.8415188254044 -395.8076029539109
-1111.9208454475925 -394.3919654607773
-1111.8324581668899 -394.12029368877415
-1111.9919492886588 -393.5817546367646
-1111.6216785595939 -391.8708347797394
-1112.3276132033393 -391.08682687282567
-1111.6974923894927 -389.8117850542069
-1111.565820096545 -388.9942196130753
-1111.5116569982097 -387.63744313716893
-1111.9297338114307 -386.4807950973511
-1111.646263180785 -386.1081137776375
-1111.7411633269116 -385.7030861496926
-1111.3826450840756 -383.85979272127156
-1111.1561114774272 -383.45604349374776
-1111.9724632487819 -382.6717665314675
-1111.8216153965518 -381.13170720338826
-1112.355679272227 -380.59642876386647
-1112.2436256692931 -379.03636564016347
-1112.619939445071 -377.8065592169762
-1113.2019259915874 -376.79633094072346
-1113.367576165609 -375.3471104025841
-1113.7968527809903 -374.0645097613335
-1113.9854368404672 -372.14965034723286
-1114.324981255941 -371.54757131338124
-1113.6882995800302 -370.676942062378
-1114.121512724571 -369.3110796928406
-1113.3424988524243 -367.84903485775
-1112.875960870199 -367.09151120185857
-1113.3135148422048 -366.50034118890767
-1113.382875023894 -364.8474629044533
-1112.7196671948955 -364.1514681696892
-1112.4800794408843 -362.7103591084481
-1112.2302973554656 -360.9719805836678
-1112.4074528203532 -360.14375568628316
-1112.6057889894769 -358.48150504827504
-1112.2323972121999 -357.84889502525334
-1112.6455617980287 -356.48545522689824
-1112.850800795965 -356.1721161127091
-1112.5611611143872 -355.05784733295445
-1112.736316605024 -353.6407907724381
-1113.0101786689088 -352.1782218933106
-1112.5964100794122 -350.6634913206101
-1112.6200903267786 -349.44545347690587
-1112.4798238338158 -348.13281924724583
-1111.9099583686516 -346.57307178974156
-1111.969490869455 -345.5102231025696
-1112.313921047859 -343.96251828670506
-1112.5701297060773 -343.15825344324116
-1112.9172853664681 -342.24525440931325
-1113.4090786115453 -341.16752315759663
-1113.1491758958623 -340.1508947730065
-1113.2411207542941 -339.2889415144921
-1113.4024975584075 -337.5575139641762
-1112.64984431725 -337.1657628536225
-1112.196892826371 -336.80980868339543
-1112.694569943957 -335.40037090778355
-1112.3376277373359 -333.66886265277867
-1112.3414463238046 -333.2770103335381
-1112.8827470378205 -332.42767513990407
-1112.975286646299 -331.51311076879506
-1113.7143437103555 -329.8220600008965
-1114.0970595316217 -328.94669903516774
-1114.023016041629 -327.5751012682915
-1114.3056826056168 -326.88196731805806
-1114.7092666090653 -325.77793408632283
-1114.4108899892494 -324.18678022623067
-1114.447253680341 -323.1442334771157
-1114.076716160886 -321.8158272624016
-1113.7429370642826 -321.29745419025426
-1114.6717033744976 -320.26963813304906
-1114.4098587394878 -319.4273588776589
-1114.2086588205025 -318.7989929437638
-1114.072152084224 -317.6575597047806
-1114.7926087440178 -317.01032043695454
-1115.8663988174126 -315.882848751545
-1117.1967415870354 -316.0595859706402
-1118.2914418042824 -315.92065639495854
-1119.3251258195564 -316.10603454411034
-1119.9161763847992 -315.3383748799563
-1121.3294900120422 -314.90358754694466
-1122.1478790701553 -314.5787695318461
-1122.8171151937172 -314.16547760069375
-1123.8072517574951 -313.8136481016875
-1124.8455913723633 -314.3911169737578
-1125.7973895729706 -314.28516410738234
-1126.371199494712 -314.4286218479276
-1127.1964501203224 -314.5335037082434
-1129.1238855184242 -314.434204530716
-1130.572020536773 -314.237348151207
-1131.9912664951012 -313.53729982376103
-1133.0675584138557 -313.30330584645276
-1133.7082678140328 -312.8650729775429
-1134.5902025760338 -313.2728920400143
-1135.9401353658363 -313.144328814745
-1137.6277819932625 -312.73183507919316
-1139.0222256244347 -312.79355243295436
-1139.8749871910736 -313.1004707857967
-1140.317828363292 -312.25453091114764
-1141.5652521313355 -312.55465296357875
-1142.2273956001923 -312.33845979422335
-1143.6534476936981 -312.14187126308684
-1145.2950609387085 -311.07332449108367
-1145.6894474984333 -309.6224980846048
-1145.362872457616 -308.28535835891967
-1145.5167717696354 -307.2892517343164
-1145.8851525248215 -305.65817706733947
-1146.0911814333126 -304.7792845860124
-1146.5724206627533 -303.37393413931136
-1147.215883618705 -302.4253182306886
-1147.128246656172 -301.34109710603957
-1146.946342012398 -301.07620875984435
-1147.8753854842112 -299.9291180863977
-1148.1383388252184 -298.78915648609404
-1148.348455122225 -297.5660501018167
-1148.117134413235 -297.0641422167421
-1148.4780825586245 -295.2618477240205
-1148.2130448729918 -294.1882051125169
-1148.2821332649514 -293.42592315822844
-1148.319218086563 -291.93072157055144
-1148.292271955423 -290.1411014094949
-1148.3219409962371 -288.98062210232024
-1147.8160141487792 -287.720236350596
-1148.044877432771 -286.95163779407744
-1148.167759344466 -285.2724962726236
-1148.4438825105503 -284.36777107864623
-1148.050978318341 -283.94589560180907
-1147.988701090701 -283.00537579208617
-1148.0908709247783 -281.4833158746362
-1148.0240834285692 -279.982079435885
-1148.3015733589605 -278.17080967575316
-1147.9137993683294 -276.4101810947061
-1147.3524285783246 -275.34192841202025
-1147.0909466375783 -273.94506209045653
-1146.8503921707347 -272.5512855544687
-1147.2696671863273 -272.0376891985536
-1147.5815430064872 -270.83947526365523
-1147.6571333487705 -268.9260907068849
-1148.2207862218097 -267.23111437708144
