-1107.48 -547.7
-1108.1821706104279 -548.5005398511887
-1108.8462077784538 -550.4394527196885
-1108.4041432249546 -552.2204545259476
-1109.1577003109455 -553.3117380857468
-1109.3692434835434 -555.1659124612809
-1109.7684238362312 -555.905299794674
-1110.3265984463692 -557.1766964316369
-1110.378766040802 -558.7808486342431
-1109.3264016914368 -560.5639754652977
-1109.8489707517624 -561.8124932169915
-1110.3683119821549 -563.4898234724999
-1109.8464273023606 -565.250426542759
-1109.4440451669693 -566.684113752842
-1109.0058451104164 -567.9776797413826
-1109.1017122524977 -569.5974362015725
-1109.2738060611487 -571.3966738104821
-1109.2379329907894 -572.5288972973824
-1108.8964409935475 -574.4140944600106
-1108.3044196474552 -576.3888651251793
-1109.0996226775646 -578.3527566313744
-1109.9406361091137 -580.0979060053826
-1110.4108601915837 -581.7848397612572
-1111.7188841211796 -583.4632235884667
-1113.5392931807041 -584.3730768680573
-1114.2694627153874 -585.0185254335404
-1115.5577063667774 -585.7037365555764
-1117.139309655428 -586.5538084030152
-1118.8513920414448 -587.0012996017933
-1120.1944378721714 -587.5266098201275
-1122.0279131042957 -587.2435346961022
-1122.976181935072 -587.9088621258736
-1124.7941095340252 -587.956493896246
-1125.5846727001667 -588.4518056333065
-1126.9937731134892 -588.1269485473633
-1128.4282543766499 -588.1009408056736
-1130.3778841602802 -588.1181951731444
-1132.1905686962605 -588.4586755007506
-1132.8626186358929 -588.8316965073348
-1134.697409580946 -589.2663514584303
-1136.2983068931103 -589.5723853975535
-1137.5174432504177 -588.9751539498568
-1139.3988352525234 -589.5907670527697
-1140.9216284263134 -588.749593821168
-1142.427957009077 -589.2439634472132
-1143.951980780363 -589.2962315648795
-1145.3764080512524 -589.5957310169936
-1147.2199123609066 -589.7803482979537
-1149.0872154939175 -589.9552514225245
-1150.7903793561459 -590.2022706836462
-1152.3246770608425 -589.9587620466948
-1153.5794143188 -588.8709799021483
-1155.0616914737225 -588.5814288824797
-1156.3562123286724 -587.7870736688376
-1156.9050175654888 -587.4929907888175
-1157.0161758843064 -586.5854186981917
-1157.4361824575067 -585.5771740645171
-1156.9659418049455 -584.5801362961531
-1157.462696928084 -584.2922189205885
-1157.2597329053283 -582.3568096131087
-1158.220951023996 -580.3958857029677
-1158.2485306072235 -579.0725040405989
-1158.6645458447933 -578.6200592488051
-1159.0048359441757 -577.777956840396
-1159.5711110639572 -575.8888553351164
-1160.0090158689022 -574.8392741650343
-1159.5512575614453 -574.581177470088
-1159.9800946223736 -572.7946141928435
-1159.2782767522335 -571.3419609040022
-1158.7731480705738 -570.7852511972189
-1159.3499282705784 -569.1717053025961
-1159.1105277496576 -567.3009032577277
-1158.5036144214869 -566.2777691453696
-1159.6269855457545 -565.9388015240431
-1160.1225759643316 -565.1424425810576
-1160.9926219838858 -564.6420197457076
-1160.2178619164229 -562.9761164158583
-1160.8932212251425 -562.4493541091681
-1161.0308290678263 -561.4620013803244
-1161.536425407529 -560.3800110191107
-1160.9386096554995 -559.5475480526686
-1160.6471604663134 -558.1809163063765
-1160.4659539717436 -557.8940330117941
-1160.7745573478937 -556.9489842027426
-1161.213222141862 -556.1953079074622
-1161.0206859517098 -555.3916505545378
-1160.6227407562733 -554.1224662035704
-1161.487143586874 -553.0352581709624
-1162.0556891667843 -551.7660104006529
-1162.491432737112 -550.8341548413039
-1162.15228525877 -549.2637891739607
-1162.1431321907044 -548.4069322913886
-1162.6778201270104 -547.0159757703543
-1162.122609000206 -545.6270064681769
-1161.9402783173323 -545.2893301218749
-1161.9245000514388 -544.6010342806578
-1162.6480101975799 -542.9186261862517
-1163.0676422449947 -541.9652855962515
-1162.2290088269115 -541.1230804294348
-1162.8979737493396 -539.2609526485205
-1161.8435435029864 -537.6375283569098
-1162.2843690249324 -537.2478235930205
-1162.6220791074634 -537.0103713840247
-1162.9591374728084 -536.321389374137
-1163.0050318869949 -535.8148030608893
-1163.126137289703 -534.9790592163802
-1162.5774358841777 -534.3187998503447
-1162.1732152733207 -532.4290318459273
-1161.5646768841148 -530.6547288864851
-1162.170643928945 -530.2106795877219
-1162.0424577626586 -528.5743401616812
-1162.0427319589257 -527.4886540740729
-1162.5548237147927 -527.0872234672308
-1163.1916727009416 -526.1104196876288
-1162.5933761778474 -524.98470133245
-1162.8931801500917 -523.0671946376563
-1163.4453976932168 -522.6298943132163
-1163.1238185349107 -521.0371883481741
-1163.6895836177468 -520.4590088695288
-1164.1804742696881 -519.5286170810461
-1163.2830940368772 -518.0529219478369
-1163.3556986930967 -517.1595848172904
-1162.9223314407468 -515.6872357696295
-1163.1639638873935 -514.394671496749
-1162.2781557771564 -512.4916446775198
-1161.5724551412463 -511.12649112641816
-1162.2100791665912 -509.4195519059897
-1162.3228585454822 -507.72967463433747
-1162.8341292473674 -506.6773528426886
-1163.210266533792 -505.0526429980994
-1163.508217099607 -503.3287324279547
-1163.921267721355 -501.90516298711304
-1164.0619051489234 -500.2757344812155
-1164.36798507303 -499.046842750907
-1165.5493865641952 -497.389683303237
-1165.262375060022 -496.67563193738465
-1166.6124433907867 -495.56458240449433
-1168.1116210851073 -493.8419399827719
-1169.7862851056457 -492.5947775214911
-1171.6037208470702 -491.63158040940766
-1173.4647979173064 -492.0488589972258
-1175.2032055291534 -491.19449197947984
-1175.823615077436 -491.3970322132111
-1176.9258267912269 -490.45816833972935
-1178.84258520931 -489.6042115211487
-1179.8665070566535 -489.3014386117459
-1181.0621287855506 -488.57179049849515
-1182.9171273741126 -488.260345441103
-1183.6876033577323 -487.7908849537373
-1184.236461404264 -488.2048523843289
-1185.8765320810676 -487.9678592652083
-1187.1116942200065 -488.01138032674794
-1188.1040894421935 -487.68332732915883
-1189.9168862733245 -487.31505371332173
-1190.470868292749 -486.5324820995331
-1192.3540961179137 -485.79095823764806
-1192.7077282997966 -485.5451780080796
-1193.5086555215717 -484.27508325576787
-1194.5035316082835 -482.9400214672089
-1194.9522649976611 -481.8308735609055
-1195.2119151088596 -480.103167128563
-1195.9389628502727 -478.62688000202184
-1197.0687212082744 -477.15033669471745
-1198.3318281504512 -475.5695110082627
-1199.106511387527 -473.9701977491379
-1199.549406323135 -472.36873991489415
-1200.0339717301727 -470.84369976520543
-1201.206510129869 -469.5877904415131
-1201.1115188482404 -468.43444783687596
-1202.1161128166318 -467.0999463319779
-1202.3457764866948 -466.48311312198643
-1202.375657464862 -464.5779337406159
-1202.765753712058 -462.6265577793122
-1203.2694234508276 -461.2374314785004
-1202.9447163003683 -460.34792430400853
-1202.9875611323118 -459.6631413817406
-1202.6959940451384 -458.55627943277364
-1202.0554451602698 -457.6741697907448
-1202.518202688098 -456.0048277497292
-1203.144259299636 -454.880665075779
-1202.7217337745428 -453.67784894704823
-1203.408853854537 -451.9803966403008
-1203.7057513552904 -450.11233223676686
-1204.4624139624834 -448.80279840230946
-1204.3212034958601 -446.847897541523
-1204.4900838243962 -444.92523742914204
-1204.3409222769737 -442.97436786890034
-1204.957295935154 -441.43306685686116
-1204.546984295845 -439.60865641832356
-1204.643152486086 -437.82404555082326
-1204.0507657635212 -437.11069376468663
-1204.5098508703709 -435.22159631252293
-1204.9872014331818 -433.3323453187943
-1205.2976519274712 -431.6009569883347
-1205.28783867836 -429.8505405902863
-1205.31785161376 -428.9610383033753
-1205.2056892621517 -427.3102893352509
-1205.0973219680786 -425.4336626052857
-1204.2754296469689 -423.56100316047673
-1203.4853034424782 -421.6081375598908
-1203.2828989434242 -419.83576626777653
-1203.6568060326576 -418.64118821620946
-1203.7337683919072 -417.2865607261658
-1203.6072469684482 -415.85604913234715
-1203.9827653202415 -414.10031206607823
-1204.6598829063773 -412.5461802005768
-1205.178604784906 -411.46091837883
-1205.233265582025 -410.0011014461518
-1205.6166159245372 -408.26268918514256
-1205.802880409658 -406.34620935916905
-1205.9467487367988 -404.60165221691136
-1204.8200478586555 -402.8564228534699
-1204.9569044741988 -400.91758532524113
-1204.791202146113 -398.9563700675965
-1204.3268050733209 -397.09641690254216
-1204.0913010570407 -395.16355342864995
-1203.3179834219814 -393.50203056335454
-1202.642521056831 -391.72668416500096
-1203.484199616611 -390.4965046167374
-1203.4143347847462 -389.0023103475571
-1203.638159762621 -387.08246774673466
-1202.9415279138088 -385.80200262069707
-1202.841751422286 -384.14415640831
-1203.0706286239624 -382.22610683441167
-1202.3577676820755 -380.54218704700475
-1202.0709159183502 -379.15623707771306
-1202.5506467330456 -377.2385050773621
-1202.9566610562802 -375.3196360588074
-1203.3437819588185 -374.18692715168004
-1202.5741567718983 -372.36100490093236
-1202.8402727353573 -370.42847425937657
-1202.5471494305134 -368.52771980762486
-1202.1411360609532 -366.6253758192063
-1203.0184562313557 -365.0209451436997
-1203.4496418941021 -363.1680477380753
-1204.064663003683 -361.2249346494675
-1203.102239857912 -359.41895873546605
-1203.282887365222 -357.63935716152196
-1203.4370887088776 -355.70380444526677
-1203.8550092685223 -353.75120563507085
-1203.7538139405847 -351.90837497711186
-1203.2113631549478 -350.186585021019
-1203.8407238903642 -348.1992464780808
-1203.8332262891531 -346.23229844570164
-1204.2361508566141 -344.24740071296696
-1203.9778985339403 -342.27128441333775
-1203.9240397247672 -340.653069806099
-1204.3275789651275 -338.6672082662583
-1204.4330791416764 -336.7584536790848
-1204.721399385035 -334.83477718830113
-1203.7418896737695 -332.8851947307587
-1202.9372224393487 -330.89167566299443
-1202.2882191720605 -328.931172323227
-1203.1527929487825 -327.0939068317414
-1203.7729647937417 -325.2157518386841
-1204.1981155756116 -323.24440164566045
-1204.71774356395 -321.35368628501897
-1205.0251248064637 -319.393243265152
-1204.6905183973909 -317.44235510826115
-1205.0912448647618 -315.4784759998322
-1205.0151609513164 -313.5422505855561
-1204.5378161403537 -311.60788578987126
-1205.095674905479 -309.64602298736577
-1204.6286686393619 -307.68187780380254
-1203.9244718286395 -305.72040064334874
-1202.999856505096 -303.8149691343308
-1203.1067980709672 -301.82406897544865
-1203.5001430097223 -299.8492855548859
-1203.3907590839267 -297.8567870378495
-1203.7399930092693 -295.87223441600804
-1203.2965144845843 -293.9067497968674
-1204.0847807261348 -292.0013499975205
-1204.5272215041518 -290.02324647903447
-1205.0128026041389 -288.0575456142426
-1204.904211151898 -286.0979210853577
-1204.9460720303655 -284.1287024736405
-1205.5015733125806 -282.15689785480504
-1205.9814282241464 -280.200336766243
-1206.481204945147 -278.25819451808934
-1206.6618238273263 -276.33207876682286
-1207.007665860951 -274.41091449260716
-1207.359871852696 -272.50116331577306
-1207.5119408252835 -270.668838095665
-1207.092068809569 -268.9127385139466
-1207.0361672225595 -267.2313179492951
-1206.2873647990823 -265.69838125705724
-1205.9999736729264 -264.3199263334275
-1205.7852319660783 -263.2111156702042
-1205.244927007258 -262.38721222877507
-1204.7608193340898 -261.8166256666184
-1203.489974397719 -261.44796301126485
