-1107.48 -547.7
-1107.434614520073 -546.1517213106156
-1107.3897753167153 -544.6533125162125
-1107.5424740719795 -543.2002168416977
-1107.3055396187306 -541.6820405244828
-1107.9678242313862 -539.9941263914109
-1108.3095689821243 -539.2788153409958
-1108.8492606687546 -537.499679517746
-1109.6205774354935 -535.6218355417252
-1110.396843533516 -533.7373730659485
-1110.1231826353073 -532.7012658834458
-1110.3128841626644 -531.9659981250763
-1109.8317261445522 -530.1067150354386
-1109.4072901117802 -528.4196638584137
-1108.9833853054047 -527.6057033061982
-1108.9217097121477 -525.7984324216843
-1108.9729461926222 -523.9797290086747
-1108.876009594202 -522.5107043504715
-1108.5359584200382 -521.2002974271775
-1108.8250657129288 -519.2773864984513
-1109.1430252301693 -517.5483287096024
-1109.0411941069365 -515.6470556974411
-1108.4678890961409 -513.864257645607
-1108.2011575955153 -512.3456147432328
-1107.8886640030146 -511.06096990108495
-1107.5755462902785 -509.9015625238419
-1108.3685086625815 -508.761438202858
-1108.8411538857222 -507.45490534305577
-1108.842654864788 -506.21598656177525
-1108.5737011539936 -504.64120180606847
-1109.1556052672863 -503.7274534821511
-1109.0433803009987 -502.8213126778603
-1109.8035531449318 -501.3536851525307
-1109.1511964011193 -499.443929207325
-1108.8946248102188 -497.67064429521565
-1109.6318452167511 -496.77970696687703
-1110.2938284087181 -495.72231198549275
-1110.1882080096007 -493.9853435873986
-1110.0567122805119 -492.4752158045769
-1110.3212099778652 -491.0895788788796
-1110.5726771461964 -489.2037408471108
-1110.8070494788885 -488.53622890710835
-1110.203606750369 -487.6074514508248
-1109.9246621984244 -485.6827232956887
-1109.644184436202 -484.5533990979195
-1109.2887989240885 -482.91895128488545
-1109.8644307214022 -480.96642411947255
-1110.205361660123 -479.24735106229787
-1110.0121155637503 -477.93268729448323
-1109.9134410354495 -476.1639506936074
-1109.7134622368217 -474.51287676095967
-1110.4470005068183 -474.273280453682
-1110.268128785789 -473.1992052316666
-1109.8655147883296 -471.87742514610295
-1109.3314599129558 -470.11358995437627
-1109.2140191230178 -469.1318757653237
-1109.0848374697566 -468.0641085028649
-1109.565742764175 -467.157946240902
-1109.717754099071 -465.5087455630303
-1109.8195010456443 -463.9783371806145
-1109.2448641094566 -462.8029053330422
-1109.7664710316062 -461.69930351972585
-1110.32562458843 -460.0691038489342
-1110.5560655924678 -458.64276005029683
-1110.3546513351798 -457.34526897668843
-1110.593291271031 -455.4271476387978
-1110.100307751 -454.00938965082173
-1109.3324732068181 -453.5492171764374
-1109.091065365374 -451.97874338626866
-1109.4296595039964 -450.2354784727097
-1109.082410890162 -448.94706804752354
-1108.7889993968606 -447.38791842460637
-1109.4042993965745 -446.19425828456883
-1110.6490680161119 -445.49746007919316
-1110.3859175029397 -444.3790126562119
-1111.1960002365709 -442.76593275070195
-1112.1455980721116 -441.4774078845978
-1112.2334356489778 -440.1542239904404
-1112.8051571431756 -438.6418171644211
-1114.091486889422 -437.3962875127793
-1114.1379842343927 -435.51973540782933
-1114.2245027008653 -433.87352783679967
-1115.169668096602 -432.41747446060185
-1115.2673082458973 -431.1177547693253
-1115.8005197751522 -429.227400135994
-1115.798756327033 -427.8289238929749
-1115.9542405116558 -426.3528472900391
-1115.657812665701 -424.8880424022675
-1116.0397791075707 -423.2053250789643
-1116.244422133565 -422.15834910869603
-1116.036764498353 -420.66795260906224
-1116.1140852081776 -418.96415789127354
-1116.7809546101093 -417.7834716558457
-1116.8899109321833 -416.00358898639684
-1116.231569107175 -414.9246962785721
-1115.719213243127 -413.1009214639664
-1115.2495478647947 -411.45431668758397
-1115.597680773139 -410.2615869760514
-1115.9694312471152 -409.2071606636048
-1116.0636601778865 -407.8360415220261
-1116.310297999084 -406.3300747394562
-1117.0234697791934 -404.77818651199345
-1116.8663315060735 -403.2885162353516
-1117.0775694134832 -402.4345389723778
-1116.6729021552205 -400.651430618763
-1116.7871660101414 -399.6857825636864
-1116.2977397847176 -398.14528669118886
-1117.0659201550484 -396.34961868524556
-1117.6973556089401 -394.9033408284188
-1117.7129154908657 -393.9107493281365
-1118.1974573242665 -393.3355088949204
-1118.1376235219836 -392.683486533165
-1118.7925886842609 -391.4318394184113
-1117.9328741762042 -389.6770741462708
-1117.6955538722873 -388.26837177276616
-1118.194920513332 -386.38642425537114
-1118.0141092422605 -385.0799529075623
-1118.0530281993747 -384.56662214994435
-1117.292849931419 -382.7625503659249
-1117.7639880511165 -381.9901574969292
-1117.2282510134578 -380.503592145443
-1117.1155481222272 -379.3056309342385
-1117.1187215666473 -378.40324856042866
-1117.1103194388747 -377.4841951847077
-1116.9753624084592 -376.6936530590058
-1116.9734904184193 -375.1734256267548
-1117.3207452311367 -373.94933922290807
-1116.991518349871 -372.09850795269017
-1116.4655489041656 -370.26233799457555
-1115.9298446490616 -369.6576218128205
-1115.9376662164182 -367.7442287921906
-1116.0083162277192 -365.9497692108155
-1115.3756043999642 -364.92401499748235
-1115.5775072663278 -363.4073888778687
-1115.4926651953906 -361.54632587432866
-1116.317897701189 -360.55534322261815
-1116.4818557291478 -359.31334073543553
-1116.6384080737084 -357.88775641918187
-1117.0144643574208 -357.04441387653355
-1116.171040335223 -355.5846726417542
-1115.7781420140714 -354.1834158420563
-1115.4926699786633 -352.71264286041264
-1115.7364883958548 -352.25040878057484
-1116.1425887285918 -351.4597028613091
-1116.0087401806563 -350.811329138279
-1115.666576737091 -349.89682991504674
-1116.005426371023 -349.2077123641968
-1115.7708371072263 -348.05036802291875
-1116.3290656595677 -347.0814270496369
-1116.35232625857 -345.8078522205353
-1115.6407096232474 -344.22638101577763
-1115.4090102161467 -343.29700435400014
-1115.3147336687148 -342.1047420620919
-1116.1011414970458 -341.61167676448827
-1116.0909253577888 -341.1186091423035
-1116.5307421903312 -340.2593559145928
-1116.9078847686947 -338.73057175874715
-1117.3284260253608 -337.4916362881661
-1117.1209481577575 -336.50032867193227
-1117.6176766078174 -334.7517017245293
-1117.5429048906267 -333.7443764328957
-1117.7228013645113 -332.1314034581185
-1117.687043055445 -331.2963223576546
-1117.6284576538205 -329.9028605341912
-1118.379610646069 -329.07091392278676
-1118.813562321961 -327.59639228582387
-1119.1226035538316 -326.5983387947083
-1118.1072827759385 -325.92624570131306
-1118.0635898444057 -324.1963535666466
-1118.6597608658672 -322.4256814837456
-1119.1103131505847 -320.85799587965016
-1119.3239231142402 -319.34412230253224
-1120.485674622953 -318.4259603738785
-1121.7852017912269 -317.54073323011403
-1123.2772039207816 -317.86685003042226
-1124.9328979286552 -316.8479945778847
-1125.8738305005431 -316.3762376427651
-1126.773581686914 -315.9089152336121
-1128.0670699509978 -315.9534409165383
-1129.420242730081 -315.543457877636
-1130.4340037736297 -315.658371847868
-1131.9145606192947 -315.230297189951
-1132.913348082006 -314.3513269245625
-1133.956592682302 -314.7883973836899
-1134.9145137104392 -314.4949681282044
-1135.1997419032455 -314.741947349906
-1136.813883009851 -314.31575333774094
-1137.2083891662955 -313.45619278848176
-1138.3606941732764 -313.3373979598284
-1139.1848282250762 -312.7265840440989
-1140.2361016902328 -312.1473477751017
-1141.838868561685 -311.3280840784312
-1142.0843244227767 -311.17859729826455
-1143.6797354850173 -309.78271993696694
-1143.7105565103889 -308.41148027479653
-1144.100152167976 -307.02992579042916
-1145.0301508638263 -305.9803524881602
-1145.507303479612 -305.5408799618483
-1146.5666186842323 -304.16561031043534
-1147.4546339544654 -303.2259377211333
-1147.6146923783422 -301.44057094752793
-1147.6556808385253 -300.0721051663161
-1147.8375692400336 -298.5819846361876
-1147.6059782388807 -297.2097319334746
-1147.3919840934873 -296.5037567585707
-1148.1575890663266 -295.23239159286027
-1147.4226282122731 -294.1264818876982
-1147.1637758496404 -293.4028186768294
-1147.2171304407716 -291.7508351773024
-1147.6174259963632 -290.79204249084
-1147.147066551745 -289.798239466548
-1147.7053871932626 -288.4818792313338
-1148.362163323462 -287.7261986702681
-1148.1216590586305 -286.7072025507689
-1148.9354535523057 -284.9394158095122
-1148.4636463406682 -284.3733417361975
-1148.9401875320077 -283.6475223869086
-1148.16836466223 -283.0617554754019
-1148.7052921238542 -282.16270899474625
-1148.2072684052587 -281.48950278460984
-1148.8188947919011 -280.0859670609236
-1148.2660637381673 -278.76212215125565
-1147.6067953589559 -277.15242898166184
-1147.616592619121 -275.52105509936814
-1147.7034630584717 -273.90894770324235
-1148.015696387291 -272.94122421443467
-1147.5725245583058 -271.83625650107865
-1148.153321455717 -270.83611392676835
-1147.9032340157032 -268.9381253689528
-1147.1680458295345 -268.615112182498
-1147.287588018477 -268.019008871913
-1146.8980661216378 -266.8174561232329
-1146.9019843521714 -265.3706489771605
