-1107.48 -547.7
-1108.1995830345154 -546.0568880558014
-1108.919520061016 -544.2343427658082
-1108.9518494713307 -542.9869989871979
-1109.8258814322949 -541.2791240930558
-1110.476536821127 -539.3942204236985
-1110.384607474804 -538.2987524986268
-1111.0726637649536 -536.3821866035462
-1110.4651838350296 -535.2149379968644
-1110.7110177534819 -533.9421678304673
-1111.1363795357943 -532.0227828741074
-1111.0808301973343 -530.2930554866791
-1111.3978847372532 -528.4215626239777
-1111.0178345549107 -526.5107032775879
-1111.1850212174654 -525.0741652965546
-1111.3026173967123 -523.8822212934494
-1111.8128488320112 -522.6810069799424
-1112.1394016999006 -521.1097962379456
-1111.653551544547 -519.7508304834366
-1111.34342869699 -518.0858522176743
-1111.3976692962647 -516.2157922506333
-1111.9461638140679 -514.827634882927
-1111.4768262910843 -513.3835459470749
-1111.8867160487175 -512.35613925457
-1111.4836943256855 -510.6726030826569
-1111.3851365107298 -509.7682137012482
-1111.2037615287304 -508.009369802475
-1111.6016576099396 -507.4130163908005
-1111.53349868536 -505.484782409668
-1111.1958013880253 -504.6645235538483
-1111.5487691271305 -503.1175803661347
-1111.539842824936 -501.1959998130799
-1112.4662867593765 -499.31151266098027
-1113.3681858587265 -497.33299167156224
-1114.2213417696953 -496.2695621967316
-1114.7354271817208 -494.6133498668671
-1115.086838196516 -492.9088525295258
-1115.1537045645714 -492.0285096287728
-1115.1020203489065 -490.7364077687264
-1115.0051236706972 -489.49719036817555
-1114.9706614236534 -487.61860932111745
-1115.8650900940597 -486.2252469182015
-1116.387242577523 -484.3759259104729
-1116.1600249628723 -483.42717458009724
-1116.9300903300941 -482.0598896861077
-1118.640767953843 -481.14852441549306
-1119.0535471658409 -480.20421601533894
-1120.5336053590477 -479.65240813493733
-1121.4269676427543 -479.42631068527703
-1122.519821665734 -480.21136673986916
-1123.8132479409874 -479.7614981204272
-1124.5600803117454 -479.30329176485543
-1125.4635256151855 -478.968695011735
-1126.3635885934532 -478.86170072555547
-1127.2043217639625 -478.0998363614083
-1127.7685355763138 -477.7220868289471
-1129.1592156510055 -478.4614831030369
-1130.8012458901107 -478.09034491777425
-1131.6388442735374 -478.1300914853812
-1132.3356029610336 -477.2304298847914
-1133.390132985562 -477.0074036240578
-1135.0147550921142 -475.8756816506386
-1135.8958081822097 -475.49849374294286
-1137.035415134877 -474.1205530881882
-1137.4824591200054 -472.2541073083878
-1138.095359198302 -470.94535191059117
-1137.636060706824 -469.2123491287232
-1137.6496767918766 -468.6626686573029
-1137.6594706992805 -467.08916373252873
-1137.7778624366224 -466.09440822601323
-1137.8957511107624 -464.28973515033726
-1138.3129747729004 -462.69044072628026
-1138.149555556029 -460.7634586811066
-1138.0874411682785 -459.6390373229981
-1138.3078410546482 -458.05847711563115
-1137.87070026204 -456.7758587121964
-1138.8743766765297 -455.29702539443974
-1139.2941978792846 -453.950908613205
-1139.3107115994394 -452.4969188690186
-1139.809444821924 -451.56230242252354
-1139.6430956195295 -449.6187109470368
-1139.5424234341085 -447.6827826023102
-1139.0590623091161 -446.3693077087403
-1139.434610105604 -444.8425994634629
-1139.8251209031046 -443.47207195758824
-1139.882215152979 -441.7813013315201
-1139.9233049708605 -440.5042832612992
-1139.4824066716433 -438.7795983076096
-1139.9153826791048 -437.3086798906327
-1139.3221046882868 -435.3515458822251
-1138.695182736516 -433.76364071369176
-1138.2180934208632 -432.8116061210633
-1138.1963771241903 -431.0573439121247
-1137.9824791508913 -430.33511586189275
-1138.9382682400942 -428.4414190769196
-1139.1746118623018 -427.3086623668671
-1138.7789626675844 -426.02683026790623
-1138.6285581547022 -424.12628657817845
-1138.5856477725506 -423.6312199354172
-1138.2205099570751 -422.92213816642766
-1138.2015558886528 -422.18605430126195
-1138.795060555935 -420.4650108337403
-1139.0043849754334 -419.2205519199372
-1138.4888624954224 -417.28910691738133
-1138.4442065912485 -415.78806836605077
-1139.1674501258135 -414.4128260135651
-1138.648258741498 -413.62977374792104
-1138.2501125890017 -412.3102177500725
-1138.383521567583 -411.3877860426903
-1138.1382085490227 -409.5414553999901
-1138.035442661047 -408.16038252115254
-1138.4368820893765 -406.82019354105
-1139.4143523681164 -404.96207524538045
-1139.7043820130825 -403.6713384509087
-1140.3909788239002 -402.44652653932576
-1140.5937269735336 -401.5853948116303
-1140.4159734654427 -401.29145808219914
-1140.1812862861157 -400.78436977863316
-1140.1185823637247 -399.3760542392731
-1139.8754244107008 -398.5491418957711
-1139.2791323918104 -396.58543909788136
-1139.4051634329558 -395.37907887697224
-1139.408442671895 -393.6435282349587
-1139.8182085114718 -392.51565278768544
-1140.5706274467707 -391.6707769155503
-1140.256190713048 -389.859701704979
-1140.0882009226084 -388.5954949378968
-1139.5975069361925 -387.7404486060143
-1140.2247505742312 -385.8726474165917
-1139.771607990861 -384.28142048120503
-1139.5205269414187 -382.8230192780495
-1140.1420215922594 -381.7443614125252
-1140.0796782295406 -380.0570306897164
-1140.494316599816 -378.83356131315236
-1140.6486971001327 -378.0927636146546
-1141.0005704979599 -377.0115185499192
-1141.5387208680809 -376.14809854030614
-1141.5201759333909 -374.56504948139195
-1141.7650673384965 -372.9110372781754
-1141.6003518249095 -372.3538879871369
-1141.7897277916968 -371.4033709287644
-1141.2105716313422 -370.87644459009175
-1141.4222098137438 -369.4250712513924
-1141.9891067887843 -368.286618244648
-1141.6666525150836 -366.60176135301595
-1142.043539210707 -364.9657002806664
-1142.3600136186183 -363.3808542609215
-1141.7047205115855 -361.4987141013146
-1142.0009240056575 -360.303938639164
-1142.0659773047269 -358.6089947342873
-1141.8172037597 -357.3449511647225
-1141.2958148117364 -355.5293225169182
-1141.3522158260644 -354.3152251362801
-1140.9169109161198 -352.78778148889546
-1140.2071584756673 -352.19011415243153
-1140.3649205113948 -351.5520428538323
-1141.0691869403422 -349.72831643819814
-1140.6086411620677 -348.24353302717213
-1140.4496405865252 -346.8972097754479
-1140.727029159218 -345.39961184263234
-1140.9062367226184 -344.6818556904793
-1141.3304160381854 -343.79043824672704
-1141.4631845797599 -341.97026832103734
-1141.7680447246134 -341.2236251354218
-1140.9406058336795 -340.1373420476914
-1140.732127621323 -339.4242733240128
-1141.0132029499114 -338.1305700063706
-1141.743865891844 -337.096212220192
-1141.4102331842482 -335.6867852926255
-1142.0201591099799 -334.69281704425816
-1142.612203463465 -334.3371506452561
-1142.454659536034 -333.5525203466416
-1141.6495556379855 -332.5588407039643
-1142.1243084813655 -331.3750353574753
-1142.7376029635966 -330.4820584774018
-1142.6585593666136 -330.0304502367974
-1142.5512334178388 -328.6619080424309
-1141.666656858772 -328.0930785655976
-1141.7500240053237 -326.4212592363358
-1142.2524590934813 -324.55997641086583
-1142.6363338376582 -323.18744845390324
-1142.9406221653521 -322.24871112108235
-1143.1338709141314 -321.02320839166646
-1143.932392373234 -319.5739472031594
-1143.8313961024583 -317.8278577446938
-1143.6715006823838 -316.56067622900014
-1143.8444824065268 -315.5901447653771
-1144.9130225028098 -314.9628456950188
-1144.4412229503691 -313.757312309742
-1144.9884150470793 -313.46838845014577
-1144.6779090608657 -311.87926591634755
-1144.5230996455252 -310.33011723756795
-1145.271388336569 -309.8896573901177
-1145.0711171324551 -308.4637414336205
-1144.927209019214 -307.0160161376
-1144.8769271965325 -305.64812983274464
-1144.610823213607 -304.20395566225056
-1144.7555882628262 -302.454497230053
-1145.0403856928647 -300.8679139733315
-1144.4858435685933 -299.40592981576924
-1144.1199397142232 -298.65507997274403
-1144.8996916110814 -297.23552287817006
-1145.0401685531438 -295.9409071326256
-1145.1847718055546 -294.460082423687
-1145.2382476139069 -293.7945838093758
-1145.2994356560707 -292.8918477416039
-1145.1842371183634 -291.1447774291039
-1145.5404086965323 -290.4240351438523
-1146.0488438266516 -289.18467278480534
-1146.2589076119662 -287.6604269266129
-1146.3579801875353 -286.67507435083394
-1146.6949536162615 -285.29655684232716
-1146.2630678969622 -284.980849814415
-1145.7448509293795 -283.2067324638367
-1146.030576016307 -282.70627070665364
-1146.392351116538 -280.8139062047005
-1146.237990732789 -280.27448297739033
-1146.466859023571 -278.87734605073933
-1147.061426203251 -278.44310630559926
-1147.0526931989193 -277.6667921662331
-1147.0475312280655 -276.5429958224297
-1146.7954789209366 -274.8636046767235
-1146.6488599139452 -273.0956369757653
-1146.9257941800356 -271.4921310067177
-1147.7564362245798 -270.5409757614136
-1148.1993136364222 -269.6046179056168
-1148.6333020883799 -268.8062542200089
