-1107.48 -547.7
-1108.1230426836014 -545.9277312278748
-1109.3355445671082 -544.2906928777695
-1109.7293999004364 -542.3587154865265
-1109.361956577301 -540.6588463306427
-1109.847603123188 -539.1328249692917
-1110.707432191372 -537.3988987922669
-1110.926092352271 -536.1575620889664
-1110.2375113028288 -535.0118876218796
-1110.2973383884132 -533.0561227321625
-1109.866633437127 -532.1028102159501
-1110.7106192331016 -530.1562443494797
-1111.2350138048828 -528.2102871656418
-1110.7409793655575 -526.3824682950974
-1111.3286503474415 -524.9800699472428
-1111.1111911456287 -523.2115114450455
-1110.7512966613472 -522.1942419528962
-1111.5297803501785 -520.5845627307892
-1110.900803885907 -518.7359387397767
-1110.0166743020714 -517.8627587080002
-1109.5694307903946 -515.9136574983597
-1109.9395124535263 -514.1731951951981
-1109.9145631487668 -512.5622006177903
-1110.766522794515 -510.69417614936833
-1111.1770783658326 -510.1524176716805
-1110.727557092458 -508.20230163335805
-1110.234484463483 -506.26603044271474
-1110.6389267738164 -504.32794500589375
-1110.3573436136544 -502.36741365194325
-1109.726135968715 -501.58873606920247
-1110.5775080914796 -499.89604068994527
-1110.5499074789882 -498.94032425880437
-1109.8730663391948 -497.664571595192
-1110.7640315625072 -496.0641284704209
-1110.6676222416759 -494.4325502634049
-1111.207706067264 -492.53632862567906
-1112.1651696893573 -490.66301627159123
-1112.9814310404658 -488.7834612846375
-1112.902200895846 -487.98710764646535
-1113.0166166085005 -486.79516876935963
-1113.7032110351324 -484.9720786929131
-1114.2846839088202 -483.0601416945458
-1113.9868561285734 -481.60159600973134
-1113.8009706097841 -479.7133395791054
-1113.2804155308008 -478.5716153502465
-1113.2603398221731 -476.66700710058217
-1113.9870469230414 -474.7904267430306
-1114.4054762977362 -473.23262776136403
-1114.5939495819807 -471.68778766393666
-1114.2200070875883 -469.92342783212666
-1114.1446436452866 -468.3280713677407
-1114.3839115309715 -466.45363975763325
-1113.2867358136177 -464.72588731050496
-1112.5843806672096 -463.5902483582497
-1112.8433252382279 -461.98311115503316
-1112.3303077626229 -460.39133514165883
-1111.8117612409592 -459.32114912271504
-1112.2099484312535 -457.36635626554494
-1112.9710339415074 -456.3134468913079
-1112.3735311734677 -455.1169211983681
-1111.5811474430561 -453.2317907929421
-1112.1143107521534 -452.2511006712914
-1112.711460660696 -450.51772226095204
-1112.28674675107 -448.5517401814461
-1112.1116276937723 -446.6599938988686
-1112.6689099627733 -445.25223351717
-1112.9050228852034 -444.27714486122136
-1112.72719658494 -442.3822514533997
-1112.2960107135773 -440.61280841827397
-1112.9761792826653 -438.9201421260834
-1113.7691671061516 -438.98873372077946
-1115.2191976714134 -438.59845162630086
-1114.7642712700367 -437.0116319775582
-1115.7995259869099 -435.4650807499886
-1116.1193258869648 -433.54786683321004
-1116.6113367187977 -431.8825807690621
-1116.0011652219296 -430.01924730539326
-1115.7978697824478 -429.0547692894936
-1116.8484302568436 -427.1824922680855
-1116.8890917557478 -425.91975880861287
-1117.0976913231611 -425.6494004249573
-1116.46704020679 -424.0227932453156
-1117.1756344097853 -422.3152986288071
-1116.5838421839476 -420.8556288003922
-1116.377011950612 -418.8981197595597
-1116.4347220543027 -417.1357069730759
-1117.0163409593702 -415.21537525653844
-1117.8769763591886 -413.38863523006444
-1117.4963439288736 -411.5696682453156
-1117.7199099841714 -410.6680401682854
-1118.5564581337571 -409.4505589127541
-1118.167353618443 -407.9637401223183
-1117.8245554152131 -406.2012503266335
-1118.0234536412358 -404.49479449987416
-1118.359042841494 -402.7009881854058
-1118.1863755318523 -401.08147348165517
-1118.1985559682548 -399.85916293859486
-1117.591624699086 -398.4334222197533
-1118.5082367877662 -397.00756419897084
-1119.2792214374244 -395.0655799031258
-1118.51452674672 -394.47512574195866
-1118.426622144431 -392.8568539142609
-1119.1868793289364 -391.9791961431504
-1118.6409211079776 -390.11178405284886
-1119.0149590294063 -388.54597921371465
-1119.7621994535625 -387.5758195638657
-1119.317040167302 -386.1680217504502
-1119.5819094400108 -384.28864486217503
-1118.6748007158935 -383.373445224762
-1118.010521672219 -381.79739398956303
-1118.388888977021 -380.48440213203435
-1118.9943694095314 -379.7878077745438
-1119.4987609009445 -379.25177509784703
-1119.2731431047619 -377.98719961643224
-1118.8325420539081 -377.40295435190205
-1118.260282329768 -376.97022069692616
-1118.9545933525264 -375.1050062298775
-1119.2880528490246 -374.1462122917176
-1119.6089276890457 -372.4984728813172
-1119.670171185881 -371.34505612850194
-1119.8691778625548 -370.4515466809273
-1119.6549938763678 -369.05875040292744
-1120.311496898085 -368.2581489205361
-1120.449392452389 -366.7446444153786
-1119.409776582867 -366.0283489942551
-1119.5781558896601 -364.37162072658543
-1120.3549228455126 -362.4470455169678
-1120.153431608826 -361.9827091813088
-1120.0737141366303 -360.6770792126656
-1119.691947131902 -358.90861619710927
-1120.1812010104954 -357.3304439902306
-1119.1426149900258 -355.9516497969628
-1119.8273964221776 -355.52852184772496
-1120.0280382181704 -354.03352005481725
-1120.0552649642527 -353.6254779815674
-1120.0687681879103 -352.6329156875611
-1120.1375897969306 -351.8288110017777
-1118.973794683367 -350.5335113525391
-1119.1274835015834 -349.6484171867371
-1118.7318419958651 -349.03854931592946
-1118.7570156525076 -348.4811192274094
-1118.0823829840124 -347.64054830074315
-1118.3578959177435 -346.9838975191117
-1118.3474474097789 -346.19393844604497
-1118.6692541982234 -344.7616326332093
-1118.0914899255336 -342.8455335617066
-1118.8996580983699 -341.9695629000664
-1118.018902077824 -340.52361465692525
-1117.5389622296393 -339.08044816255574
-1118.1962147201598 -337.44950748682027
-1118.451502903849 -335.51674772500996
-1117.566645130068 -333.5902675509453
-1118.1706664408744 -332.1555916190148
-1118.8744563306868 -330.51322497129445
-1118.8538701976836 -329.2859810709954
-1118.9806437040866 -327.3543222069741
-1119.202480300814 -325.5655094504357
-1119.7118260706961 -323.91240633726125
-1120.2515544737876 -322.4141018509865
-1120.2361952210963 -321.70754696130757
-1120.5847829426825 -320.8340222358704
-1120.8758359695971 -319.2882093906403
-1121.2531418646872 -317.4349264621735
-1120.321295722872 -316.97532207965855
-1120.4115534867346 -316.3376844644547
-1120.8816230739653 -315.5474390506745
-1121.3838822092116 -314.8730436086655
-1122.358902260214 -313.67195351123814
-1124.0869031395018 -313.24926744103436
-1124.4547011698783 -313.1588339924813
-1124.5980682219565 -312.0771318793297
-1125.5345063056052 -311.3952392458916
-1127.144968136698 -311.6443238675595
-1128.2882566298545 -311.28745747804646
-1128.440093382746 -311.4304430007935
-1128.8936791862548 -311.7216479301453
-1129.2431112374366 -310.7374455451966
-1130.3123257006705 -309.7750908851624
-1130.5619218792021 -309.53427466452126
-1130.804585262686 -309.5152225464583
-1132.5665829624236 -308.6480896443129
-1133.8321338142455 -308.7748724788428
-1135.110883757025 -307.95339512526994
-1135.8893643464148 -307.7683552473784
-1136.72346363917 -306.68859600722794
-1136.9172670091689 -306.0886304944754
-1138.504470511824 -305.7426004081965
-1139.5592977251113 -305.57811292707925
-1139.4036398376525 -304.65144470036034
-1139.4326882506907 -303.66200866997247
-1140.0462412382662 -302.2065512210131
-1139.6886987234652 -300.45117631256585
-1140.993145659119 -299.7804721862078
-1141.4858846510947 -299.0263678103686
-1140.9449152196944 -297.44814184010033
-1141.644363566786 -296.7615425854922
-1142.5190566624701 -295.2819965153933
-1142.8798302258551 -293.48643186390404
-1142.5896269525588 -292.8632667332888
-1143.2780976738036 -291.8296690255404
-1144.0352591718733 -290.9614868432284
-1144.2196266497672 -290.2740971118212
-1144.6384486998618 -289.9265469580889
-1143.9618897284568 -288.73561826050286
-1144.406329974085 -287.71442499458794
-1144.983743890673 -286.8742092519999
-1145.3933092202246 -285.8975011378527
-1144.9474362875521 -284.6761889725924
-1144.757755189687 -283.2147561579943
-1144.5875242944062 -281.72106554806237
-1145.067831247598 -280.25455882847314
-1145.9332102830708 -279.735207644105
-1146.1952004428208 -278.642013040185
-1146.083089172393 -277.10361429750924
-1146.1436353321374 -275.4790343910456
-1145.9138765628636 -274.4074498087168
-1145.8401417131722 -273.4531173974276
-1146.9021312589944 -273.2481059700251
-1147.5557858343423 -271.81924411356454
-1148.132027565986 -269.9299018055201
-1147.628210901767 -268.8450163275004
-1147.1911753411591 -267.83579870760445
-1146.7649328108132 -267.0418269306422
-1146.3886985774338 -266.356460300088
-1147.165463566333 -265.5129946738482
