-1107.48 -547.7
-1107.7028298336268 -545.9364492416382
-1108.2223131614924 -544.1038169384003
-1109.0477787214518 -542.2320386886597
-1109.934417899251 -540.4864179611207
-1109.5342889386416 -538.6993478059769
-1109.772319521308 -536.9460552453995
-1110.7181657212973 -535.3362277269364
-1111.2826709407568 -534.4889397144318
-1111.3834997522831 -532.8440161466599
-1111.1788680362702 -531.9256801128388
-1110.6559493350983 -529.9997324466706
-1110.4248605924845 -528.3495964527131
-1110.1047691065073 -526.9253786325455
-1110.7479149061442 -525.1198906421662
-1110.7065143953264 -523.4429299354554
-1110.4751771311462 -522.3960016489029
-1110.2768314103782 -520.5982250690461
-1110.802876971215 -518.6195578098298
-1110.7664586487413 -517.7041489005089
-1111.0975972893834 -516.4868120074273
-1111.59610532552 -514.8655747294426
-1111.4472050848603 -513.1849975705147
-1111.9935335102678 -511.2519149899483
-1112.68145932585 -509.3667627692223
-1112.8672860446572 -507.99075855016713
-1113.149592179358 -506.22048343420033
-1112.949603098929 -504.63068271875386
-1112.1356373015046 -502.87428022623067
-1112.3796593132615 -501.3044057011605
-1112.740560490191 -499.77168108224873
-1111.914796012938 -497.9546350359917
-1112.2041755500436 -496.2916232466698
-1112.1911540809274 -494.503370654583
-1112.0376766058803 -493.24152029752736
-1111.5265550348163 -491.8985456347466
-1112.3112291428447 -490.89768697023396
-1112.3993130657077 -490.02697087526326
-1111.9366469118 -489.18253226280217
-1112.4123210045695 -487.73254616260533
-1112.139899674356 -486.52899987697606
-1112.2814974072576 -484.7619252920151
-1112.8939326289296 -483.54979772567754
-1112.5531707587838 -482.77113599777226
-1112.3407026562095 -481.6786961078644
-1112.0543831321597 -479.823276591301
-1112.230292904675 -478.51075680255894
-1112.3756035003066 -476.86058051586156
-1112.852844479978 -476.0020342588425
-1112.7152761551738 -474.83812410831456
-1112.2797298762202 -473.4510750293732
-1112.7090698513389 -471.58279318809514
-1111.8674365314841 -470.7167300701142
-1111.4536258909106 -468.94925947189336
-1111.5936322245002 -467.4428178787232
-1111.7898207190633 -465.7431506633759
-1111.3796505513787 -463.8583361625672
-1111.7995454850793 -462.6991915225983
-1111.2555868211389 -460.9654757499695
-1111.2258800915629 -459.6759489297867
-1111.971842770949 -457.82687313556676
-1112.4878182462603 -456.06383903026585
-1111.6540051750094 -455.024266076088
-1112.0320327929408 -453.50102860927586
-1112.1566239795834 -451.859084558487
-1111.460759838596 -450.246168088913
-1110.7040872178227 -448.8870523691178
-1111.0084874234349 -447.19771618843083
-1111.6909516058117 -445.74451811313634
-1112.2165250382573 -445.2186804533005
-1112.3047011918575 -443.7091887712479
-1113.1522964067012 -442.207220864296
-1113.4620246119052 -440.4501568794251
-1113.6907125688344 -438.71047182083134
-1114.5582009530813 -438.01076836586003
-1115.0977908945829 -437.34737033844
-1116.1445232010633 -437.34540028572087
-1116.8716638661176 -436.7913802981377
-1118.3029231406003 -436.0051058650017
-1119.7565328455717 -435.97323386073117
-1121.1031362391263 -435.6745818674565
-1121.9752492881566 -435.20665664672856
-1123.0192253566534 -434.7960840582848
-1123.8241631961614 -434.61121363639836
-1124.680693981722 -434.27264992594723
-1125.8066276288778 -433.9414126694203
-1127.1559338546544 -433.64656875729565
-1128.6097513414175 -433.58684485852723
-1130.553577778414 -432.79211151301865
-1132.1197431064397 -432.84204714074735
-1132.480953393057 -432.64443554058676
-1133.146902082041 -432.9075875140727
-1134.1134996391088 -432.4700741626323
-1135.4534845329076 -430.98129366412763
-1135.6602427638322 -429.46101723685865
-1136.0005537546426 -428.0294445611537
-1135.95514318116 -427.494367287308
-1135.7532498217374 -426.66678159013395
-1136.4335006452352 -425.4352578379214
-1136.7404272235185 -424.7076341964305
-1137.2174880481512 -423.1312236644328
-1138.2143342471868 -421.26740370765333
-1138.0926876790077 -419.8691226102412
-1138.6393291480094 -418.7074825622142
-1138.4878471172601 -417.2514357425273
-1138.1285151220113 -416.36264239326124
-1137.5901100612432 -414.94198356643324
-1138.1524245715887 -413.6265574552119
-1138.7293529487401 -411.9732782699168
-1139.4551771260053 -410.6103383161128
-1139.1852159179002 -409.26527915969496
-1139.3331168866903 -408.2994968749583
-1139.1539970166236 -406.52583192363386
-1139.8654250628501 -404.90394543185835
-1139.4406691617519 -404.3393709518016
-1139.0137343830615 -402.80716894641523
-1138.8374327398092 -401.9547844983638
-1139.3343755877763 -400.2009661056102
-1139.8680962003023 -399.2239297486842
-1139.181434539631 -398.00794719234113
-1139.1394913322479 -396.4523292638362
-1139.0659572086483 -395.79388032928114
-1139.8085106215626 -395.2698895193637
-1140.3886640868336 -393.79885821118955
-1139.543599029556 -392.8312705017627
-1139.5684573254734 -391.4133582569659
-1139.838732977882 -390.0836075998843
-1140.16286649324 -388.80237667337065
-1139.8616327843815 -388.2240704752505
-1139.4110777578503 -387.41397731080656
-1139.5776709667593 -385.60453264489774
-1139.9577694586665 -384.67180512920027
-1139.307099705115 -382.86230586543684
-1138.8791958145052 -380.9884744741023
-1139.159287666455 -379.3677011586726
-1139.17175141491 -378.2256597138942
-1138.3523957482726 -377.40725825801496
-1138.5843450329453 -375.93103002086286
-1139.188646664396 -374.2937106944621
-1139.3247961304337 -372.7006704665721
-1140.0076663992554 -371.6163903333247
-1140.5892434022576 -370.8448075510562
-1140.4436696521193 -370.05387400165205
-1140.1930274120718 -369.0776679374278
-1140.84933308281 -368.0920355178416
-1141.132269238606 -366.3104936935008
-1140.992498671189 -365.6517066814006
-1140.5899504176527 -363.89165531173353
-1141.1077676764876 -362.5943347074092
-1141.098274057284 -360.9123219110072
-1141.0588509193808 -359.767108783871
-1140.840133478418 -358.493054971844
-1140.043761183992 -357.3110707856715
-1139.2895610234887 -356.8312917210162
-1139.5062147877366 -355.8667549349368
-1139.9896332821995 -355.5613764382899
-1140.4848776064068 -354.832538471371
-1139.925980468765 -353.77895568385725
-1139.6171567938477 -353.0757845498622
-1139.7112128413469 -351.33360777869825
-1139.8243903718144 -350.28136764541273
-1139.6842112443596 -349.60360907092695
-1139.0015931031853 -348.76025281921034
-1139.646508326307 -346.8401794292033
-1139.8435636661202 -345.03955505862837
-1139.213130166307 -343.2504396297038
-1139.1471530772 -342.016026005894
-1138.4845365858823 -341.3347312666476
-1138.0286218500883 -339.97865657582884
-1138.98568802841 -339.0546989895404
-1138.8749944544584 -337.96369676366453
-1138.4043973661214 -336.10726241841917
-1138.9698560810834 -335.7548595525325
-1138.8436256624013 -334.4926440574229
-1138.2169471359998 -333.4990371920169
-1138.4616608447582 -332.93252758756284
-1138.4667810476572 -332.42500995174055
-1139.2909539020807 -332.0392047025264
-1139.1645379341394 -331.00792203918104
-1138.949303028658 -329.9309646941722
-1138.4950389838964 -328.1322575666011
-1139.2571476078779 -327.2765880681575
-1139.538995621279 -325.86726723685865
-1140.2646483755857 -325.22468470111494
-1139.9945086217672 -324.22128044143324
-1140.336118844822 -322.80761002078657
-1139.8439045823366 -321.59564386382704
-1139.786326335296 -320.5213856555522
-1140.1262189015001 -319.77881930843
-1139.8890635385364 -318.37396274581556
-1140.6987670078129 -317.3382950879634
-1141.5818240656704 -316.47198890224104
-1142.3304722919315 -316.23137568011884
-1143.048545838818 -315.08303402438764
-1143.22440937303 -314.03761135116224
-1142.6358958198875 -313.322769150883
-1142.1835687174648 -312.0208394385875
-1142.2278255201131 -311.1158728457988
-1142.5003814376146 -310.3206643916667
-1142.2400579131395 -308.8035584546626
-1142.8103336966783 -307.4672640420497
-1143.2554692900926 -306.1118273593486
-1142.8484002328664 -305.47515194192533
-1142.851377773583 -304.1630672670901
-1143.5419126036763 -303.0429960943759
-1144.041064876616 -301.95206217542295
-1144.4353565755487 -300.41451148763304
-1144.9754119697213 -298.67831878438597
-1144.380921560824 -297.9261028029025
-1143.7278778734803 -297.0611354567111
-1143.8807223173976 -295.4257914282382
-1143.820059928596 -293.9055196501315
-1143.182306739986 -293.4987481094897
-1143.769352528751 -292.6757465459407
-1143.4052902790904 -291.4586013413966
-1143.6988141271472 -290.84464363828306
-1144.143942269981 -288.8978200413287
-1144.262451339066 -287.97366677299146
-1144.6851763609052 -286.60323022380476
-1144.974610734284 -285.64416287913923
-1145.1403221967817 -285.18541227355604
-1145.1271212133765 -284.0912430144847
-1145.4012316200137 -282.66519545093183
-1145.838991585672 -281.49471984878187
-1146.4207912120223 -280.36654292121534
-1145.6552435788512 -278.64683328643446
-1145.787803235948 -277.5750624991954
-1145.7466030153632 -276.49513982310896
-1146.1817245218158 -275.0911176063121
-1146.7507428261638 -274.56610141769056
-1147.680342707336 -273.45790408626203
-1148.0758222076297 -273.00240080133085
-1147.6632554861903 -271.73594872727995
-1148.6968869301677 -270.35559909120207
-1148.5047906818986 -269.3724872924388
