-1107.48 -547.7
-1108.5853265333176 -545.9711598873139
-1108.5783896255493 -544.0923354148865
-1108.116399358511 -542.7825408697129
-1109.157754253149 -540.8624339818955
-1109.2025813642144 -539.1204815626145
-1109.3060093405843 -537.1444056749344
-1109.7502187374234 -535.246107172966
-1109.695513162315 -533.668056678772
-1110.1246921154857 -531.8994783878327
-1110.3946117791534 -530.2426483154297
-1110.809044573009 -528.5365800380707
-1111.530000242889 -526.7840221643448
-1111.274690541923 -524.9421488761902
-1111.5291366907954 -523.061108660698
-1110.863389286697 -522.1162467718125
-1111.0931535694003 -520.3149154901505
-1111.8400583598018 -518.3487578153611
-1112.2460823985934 -516.4875019311905
-1112.9601464602351 -514.693155002594
-1113.5287056300044 -513.1164751768113
-1112.866061064899 -511.8316256523133
-1112.0588744613528 -510.0849567174912
-1112.4177435967326 -508.12890465259557
-1111.9750537011028 -506.69925935268407
-1112.3685454460979 -505.2616697072983
-1112.304578396976 -503.3441326141358
-1112.016005370319 -501.5185365200043
-1112.6210857364536 -499.78221244812016
-1112.482450056374 -497.83618707656865
-1112.84609903723 -496.56675167083745
-1112.6005696240068 -495.25237030982976
-1112.7658893200755 -493.3022152900696
-1112.8722550231219 -491.3345622539521
-1113.8199298936129 -489.57519955635075
-1114.439917858243 -488.1109543561936
-1114.3822347442806 -486.2395821332932
-1114.8862227718532 -484.58839685916905
-1116.1424195091427 -483.6195221662522
-1117.1014406602085 -482.5589932918549
-1118.8248029868305 -481.8864542961121
-1119.5145637910068 -480.7576748847962
-1120.2046713750065 -480.1380921721459
-1121.0767625491321 -479.364760529995
-1122.5191169898212 -478.76949943304066
-1123.4955623070896 -478.4887549102307
-1125.1132402341068 -479.3119016706944
-1125.9169431845844 -478.6545969665051
-1126.7674275557697 -478.3489699184895
-1127.3592333118618 -477.8447140872479
-1128.874037913531 -477.13050858378415
-1129.5055151502788 -476.6468884170056
-1131.4705478470028 -475.9542590796948
-1131.668233267516 -475.4774166762829
-1132.999688140601 -475.60350827574734
-1134.4370332877338 -475.10686729550366
-1135.4865987221897 -474.1839623868466
-1136.838500968665 -472.9220989167691
-1137.7815164248645 -471.32672445178036
-1137.9859092007578 -469.4136368453503
-1137.9934815834463 -468.09952799677853
-1138.5730803082884 -466.30510322451596
-1139.4298133920133 -464.56903306841855
-1139.1216249535978 -462.80039839148526
-1139.5952595840395 -461.1578152596951
-1140.5621871124208 -460.8605074703694
-1140.1022143135965 -459.2648702681065
-1139.4318427215517 -457.66159234642987
-1138.911805666536 -456.25760040879254
-1139.7059163223207 -454.7786241590977
-1139.259856082052 -453.73033533692364
-1139.8756585489214 -451.77518509030347
-1140.530725813955 -450.23350213170056
-1140.148215777725 -448.3445298492909
-1140.7525512646139 -446.3794944107533
-1141.5098933647573 -445.7620384514332
-1142.2831853102148 -444.06340001225476
-1141.5575075219572 -442.96179900765424
-1140.8147504995763 -442.4991723120213
-1141.1130033503473 -441.54856042265897
-1141.5740222106874 -440.7456475913525
-1141.3782576094568 -438.90492383837704
-1141.7314383159578 -437.3065321862698
-1141.268020964712 -435.586757940054
-1141.2116108345986 -433.8247173249722
-1141.375181581378 -432.70821039080624
-1141.3420324842632 -430.94543175101285
-1141.965969197005 -429.6567453563214
-1141.8854277203977 -427.9716122567654
-1141.7364153783024 -426.92654411196713
-1141.5923882196844 -425.0536507785321
-1141.2940516541898 -423.3422346532345
-1141.775834120363 -421.69089249968533
-1142.288713492006 -419.76192931532864
-1142.8342694412172 -418.0162944018841
-1142.550067640394 -416.4108773887158
-1143.1031329403818 -414.99199525713925
-1143.4116225610674 -414.0638213574887
-1143.7559875915945 -413.315828961134
-1143.9235783587396 -412.2334155261517
-1143.9237407515943 -410.3037301719189
-1143.8006071816385 -408.6239518344403
-1143.7152905087173 -406.73761693835263
-1143.620867870301 -405.36470119357114
-1142.510032556504 -404.37785844206815
-1142.256710163802 -402.49820618033414
-1142.3773283283413 -401.5584373891354
-1142.7685317318142 -400.00364570021634
-1142.3845142047107 -398.98469607234006
-1141.6703513781727 -397.56614570021634
-1142.2607089202106 -396.64386139512067
-1142.9028815548122 -395.77084527611737
-1143.0623146663606 -394.08225594162946
-1143.6657988201082 -392.33920131325726
-1143.1482040058077 -390.5829785883427
-1142.33968035087 -389.129183870554
-1142.6147222290933 -387.2493971407414
-1143.194635964483 -386.7065678060055
-1142.8526623617113 -386.1127360284329
-1142.8372945706546 -384.8641905009747
-1142.4124876181781 -383.9917679250241
-1142.482926569432 -383.32225243449216
-1142.9723053197563 -381.8019074618817
-1142.9845210830867 -379.93345634341244
-1142.090446523875 -378.14565328955655
-1141.0720682661236 -376.83357767462735
-1141.7664117734134 -374.90067057013516
-1140.8120394270122 -374.1233615100384
-1141.2095030467212 -373.7892464816571
-1141.370107985586 -372.4596585452557
-1141.8374722670019 -371.05879966616635
-1142.0645201127231 -370.5031822741032
-1142.7130674640835 -369.30107198357587
-1141.7254519979656 -368.18777726292615
-1140.9882687847316 -366.56459115147595
-1140.4427740494907 -365.25457034707074
-1140.1557362298668 -364.16296158432965
-1140.1477401326597 -362.21484265923505
-1139.3778382609785 -360.94450233578686
-1139.4545682291687 -360.1727883636952
-1139.763906351775 -358.4684243023396
-1139.1019923608005 -356.60322688221936
-1138.6439657728374 -354.797950488329
-1138.7821417222917 -353.96528581976895
-1139.4687897334993 -352.34339920878415
-1139.6931332717836 -350.5940326869488
-1138.9540459285677 -349.20508710742
-1139.1125620375574 -347.2868822038174
-1139.3955846498907 -346.45121846795087
-1139.6336211930216 -345.6088328182698
-1140.5329655776918 -343.82722936272626
-1140.5863599847257 -342.8850503981114
-1140.9512297283113 -341.0753986656666
-1140.7334808181226 -339.3865105926991
-1140.841619155854 -338.4967180907727
-1141.4339110474289 -336.79134814143185
-1141.0078286449611 -335.1187844693661
-1141.2112966994941 -333.44382314085965
-1140.6876992206276 -332.91421530842786
-1141.0285000424087 -331.18291137814526
-1140.2497248272598 -329.83545396924023
-1141.054147682637 -328.71474550366406
-1140.5764621417225 -327.2037825405598
-1140.7363855312765 -326.0163144886494
-1140.3662315379083 -324.36856887936597
-1140.4273628476262 -323.08903513550763
-1140.226928460896 -321.79474602341656
-1140.6636401894689 -320.290995579958
-1140.6701471689344 -319.15747879147534
-1140.68195389539 -317.8575548946858
-1141.965259898007 -316.50853024125104
-1142.599376130402 -314.8161617338658
-1142.7232770207524 -313.29297433495526
-1143.5038863900304 -311.9927297651768
-1143.973341512978 -310.1705075323582
-1144.7454936984182 -308.22480795979504
-1145.0932544651628 -307.5186040222645
-1144.522003966868 -306.28958390355115
-1144.5839849072695 -305.23842750191693
-1144.8477606135607 -304.3179748475552
-1144.8787612053752 -302.4706607282162
-1145.7478133174777 -301.5174774348736
-1145.7368857157603 -300.21923188567166
-1144.9342657816783 -299.4045076787472
-1144.6874377024546 -297.57572857737546
-1144.1039307010547 -296.2451379716397
-1144.2444074941054 -295.5712499439717
-1145.1704418850318 -294.518924933672
-1145.0232494068518 -294.1069230258465
-1145.5525509310141 -292.3990604102612
-1146.3697450948134 -291.0161188066006
-1147.0368708563224 -289.8580462157727
-1147.7020183992759 -288.38766042590146
-1148.0185888004676 -286.6898144900799
-1148.4983979654685 -285.2212219655514
-1147.5760419559851 -284.19843320250516
-1146.8423115206137 -282.2923675000668
-1147.4422040176764 -281.3211387813092
-1147.7223533881083 -279.8549973189831
-1147.7681717691198 -278.871207100153
-1147.337472957112 -277.2218226015568
-1147.796551447846 -276.28496293425565
-1147.6113759395853 -274.56817750334744
-1147.908379506804 -272.8102879941464
-1148.573688041903 -271.28827480673795
-1148.3885186431185 -269.7349260270596
-1148.0702101406828 -269.10248939394955
-1147.6040759501234 -268.47508416771893
-1147.5381242823973 -267.8524702608586
