-1107.48 -547.7
-1107.215285103321 -546.9061005830765
-1107.5240211892128 -545.1269615411759
-1107.2324023652077 -543.4227312326432
-1107.1997171710432 -541.6977990388871
-1106.9733945946396 -540.0506407737732
-1107.071489110142 -539.3105209589005
-1107.2744185175002 -539.0034374713898
-1106.6081550563872 -537.4962845563889
-1107.110782250315 -536.3762182712555
-1107.021587408632 -534.8131136417389
-1107.01185011819 -534.3313446760178
-1106.5997101958096 -533.818532717228
-1106.6835546712578 -532.9924948334694
-1106.024907670468 -531.6588848948479
-1106.314024887532 -530.4278205752373
-1107.0768707613647 -529.5559722900391
-1106.675523571223 -528.6906741380692
-1106.87195721969 -527.3729724407196
-1106.6270993123949 -526.1351179599762
-1106.350915349573 -525.4123052477837
-1107.2042423854768 -524.023225915432
-1106.787778980583 -523.3608874797821
-1105.9770367215574 -522.8901419162751
-1106.0538610215485 -521.2008428096772
-1105.8344359989464 -520.245720756054
-1105.549719631225 -519.5109397292138
-1105.4432734395564 -517.8662015318871
-1105.3508274103701 -516.13289321661
-1105.5847861017287 -515.6689275622368
-1105.60718263641 -514.1017876982689
-1105.4199565048516 -513.5921785354615
-1105.2441343958676 -511.7894484519959
-1105.7981284554303 -510.1343779087067
-1105.6749803717435 -509.545083296299
-1105.908843934089 -507.9434170842171
-1105.543919890672 -506.2933564305306
-1105.5690181846917 -505.5972883820534
-1105.8613342042268 -504.09663082361226
-1105.3541927333176 -503.23612470626836
-1104.6854284401238 -501.47726840972905
-1104.4302986855805 -500.15407509803777
-1103.8110853429139 -498.77196569442754
-1103.5528429444134 -497.8219890117646
-1103.074576586038 -497.0274678587914
-1102.315889030248 -496.026833665371
-1101.236854582578 -495.12998957633977
-1099.8133383090794 -495.5744993805886
-1099.1919385488331 -495.19206092953686
-1098.3006265456975 -494.2503735840321
-1097.035630851537 -494.3154080331326
-1096.5298639829457 -494.1437520503998
-1095.2016595895589 -493.8056860685349
-1093.7385148103535 -492.4674169540406
-1092.752247362882 -491.13794691562657
-1091.675294547826 -490.107655954361
-1091.754396378547 -489.3506630778313
-1091.2775647039712 -488.39210737943654
-1091.5503233964741 -486.8523177027703
-1090.4252424533665 -485.2234680771828
-1089.747098594457 -483.7053495764733
-1089.8152380283177 -482.3089163422585
-1088.4915828998387 -481.1082644581795
-1087.95564785555 -480.4601704001427
-1087.1593606765568 -480.21544624567036
-1086.8797838385403 -478.4908900380135
-1085.9011049564183 -477.6506063461304
-1086.4242027695477 -475.7945516824723
-1086.1410818989575 -475.16814644336705
-1084.9843282397092 -473.2807188749314
-1084.244601815492 -472.33461625576024
-1084.8438328798115 -471.72352547645573
-1084.0026576812566 -470.73844720125203
-1083.7089543040097 -470.2048581361771
-1083.4865068639815 -469.2367140769959
-1083.0644059623778 -468.43122954368596
-1082.9643581654132 -467.93959821462636
-1082.4480251814425 -467.15696121454243
-1082.901317819506 -466.320858848095
-1082.4880717243254 -465.00694335699086
-1082.5451318319142 -463.64461804628377
-1083.0385113950074 -462.53387416601186
-1082.817499652058 -461.56439627408986
-1082.954063206464 -460.8429457068444
-1082.7536385948956 -459.3181275248528
-1082.2614843542874 -458.6730316996575
-1082.528543471843 -457.54983247518544
-1082.7572215493024 -456.2039119124413
-1082.411069035083 -455.2280638933182
-1082.0688897366822 -453.88161070346837
-1082.9004509444535 -452.3304284334183
-1082.506938725263 -451.63037545681004
-1082.3802043046057 -450.29760606288914
-1082.2232976551354 -449.6320656061173
-1081.7671001251042 -448.21555073261266
-1081.746317076981 -447.3804250478745
-1081.3040239992738 -445.70783991813664
-1080.981166678965 -444.55996913909917
-1081.2538645747304 -443.99742091894154
-1080.7193221333623 -442.12966955900197
-1080.3671455267072 -441.5246803283692
-1080.2601625952125 -439.855130147934
-1079.6972699198127 -439.0092535734177
-1079.8683364275098 -438.14880646467213
-1079.8233753401041 -436.92816926240926
-1080.3223548787832 -435.57578183412556
-1080.5181596386433 -433.86277951002126
-1080.0023027169705 -432.63097239732747
-1080.4754104423523 -432.02456272840504
-1080.4672632026673 -430.3846978068352
-1080.678615655303 -428.676811349392
-1080.8176924544573 -428.08500988483434
-1080.9575322973728 -426.7520082712174
-1081.267219941616 -425.94045163393025
-1081.4992722678185 -425.10761333704
-1082.734732310772 -424.794107747078
-1083.7000482487679 -423.71319396495824
-1084.8755381512642 -423.18423618078236
-1085.7320416975022 -423.5977360129357
-1086.3307397174835 -422.8693972945214
-1087.0491213607788 -422.6296723157168
-1088.1489534187317 -422.97779032289986
-1088.5336393523216 -423.1804845601321
-1089.4429437923432 -423.0174501806498
-1090.281213502884 -422.7950035899878
-1091.6501432466507 -422.86947121918206
-1093.2779609966278 -421.92223408520226
-1094.1890340852738 -422.1926125854254
-1095.2417404460907 -421.0862122148276
-1096.274319152832 -420.09530806243424
-1097.5137269306183 -419.9479790896178
-1099.0530013847351 -420.59764021337037
-1100.5870486307144 -420.60692432224755
-1101.918928604126 -421.18475606739526
-1102.285084824562 -420.6441465288401
-1103.991191725731 -420.34494438469414
-1105.3765693712235 -419.82961490452294
-1106.975255112648 -419.01577815115456
-1107.3715495276451 -419.53184762299065
-1108.6723325657845 -419.87148663103585
-1109.8859868454933 -419.9275160700083
-1111.4583716797829 -419.14803275167947
-1112.2015039134026 -418.62172946035867
-1113.7516802954674 -418.1902407675982
-1115.0638723778725 -417.15416767895226
-1114.9876740980148 -415.44457295238976
-1114.9313068795204 -414.578376737237
-1115.7532922434807 -413.2267551094294
-1116.0413536834717 -411.7253005176783
-1117.0130961942673 -410.2400092750788
-1116.6785627114773 -409.0859625011683
-1116.1550976741314 -407.6987688213587
-1116.3060975331068 -406.39817329943185
-1116.0874302345514 -405.52696785032754
-1117.0509406882525 -404.01728316843514
-1117.002491492331 -402.4062941938639
-1117.2118899556995 -400.97887989580636
-1117.487708631456 -399.7641168504954
-1117.0009599658847 -398.51753517687325
-1117.2940775188804 -397.1036680608988
-1117.2534288424254 -396.3817240864039
-1116.7311237114668 -395.5303293138743
-1116.7815062771738 -394.0598853498698
-1117.3607266317308 -392.8975443512202
-1117.1386425118149 -391.4592021375895
-1116.605598590821 -390.1207413345576
-1116.2064272384346 -389.03867384493356
-1116.3800998102129 -387.55909177362923
-1116.0761802564562 -385.79297920763497
-1116.8076650868356 -385.36979242861275
-1116.8023775662482 -384.44474187195306
-1116.2033816422522 -383.40236177742486
-1116.8255976881087 -382.34628465473656
-1116.5540349926055 -381.8116239577532
-1117.1918699587882 -380.29504599869256
-1117.6543904091418 -378.8421429663897
-1117.3699093307555 -378.1120754152537
-1117.3316647331417 -377.333787766099
-1117.4682155768573 -376.4123229056597
-1117.6688878010214 -375.64825346767907
-1118.0960381101072 -375.03420474827294
-1117.5538888047636 -374.0614693433047
-1117.114658690542 -373.4159313708544
-1117.3323269109428 -372.1571014195681
-1117.152930072993 -370.4194668799639
-1117.8445784370601 -368.96842005550866
-1117.7793585430086 -367.87973537743096
-1117.2049946556986 -366.9085666805506
-1116.9772638748586 -365.39772268831734
-1116.7610373865068 -364.2050642639399
-1117.1128003965318 -362.44913693964486
-1117.2657189141214 -361.03345128595834
-1117.1069223801792 -359.935775962472
-1116.4757092516124 -358.81632896959786
-1117.1450501005352 -357.1793758541346
-1117.2945983330906 -355.9937899976969
-1117.249007254392 -355.29904636442666
-1117.8745795185864 -354.2675437599421
-1117.6418067510426 -352.96654507219796
-1117.5784075032175 -352.68636318743233
-1117.3368635992706 -351.1531008154154
-1117.290989830643 -349.64648613035683
-1116.842098876387 -348.3663240343333
-1116.6868909294903 -347.78491803705697
-1116.4750899668038 -347.1853270798922
-1116.6959836478532 -346.41878816187386
-1116.2993658776581 -345.19634410440926
-1116.0388419921696 -344.13971838057046
-1115.6448265011609 -342.75788470804696
-1115.310842871219 -341.52257892191415
-1114.912886440307 -339.736534562707
-1114.7602399285138 -338.1263837486506
-1114.269120901376 -337.7906719118357
-1114.0045018191636 -336.79148664772515
-1113.9260919387639 -335.9844555526972
-1113.7661672230065 -334.99945118725304
-1114.0590102668107 -333.1781480580569
-1113.7978757615388 -332.07019701302056
-1114.0984847541154 -330.63709154427056
-1113.9654541011155 -329.8890680342913
-1114.9532424803078 -329.11429074108605
-1115.8812320823968 -327.3136115342379
-1115.8773612822592 -326.2990567952395
-1115.98742245093 -325.0909951001406
-1116.0712909470499 -323.4026658803225
-1116.454731054157 -322.8309601217509
-1116.00734201774 -322.21783527433877
-1116.5251001487673 -320.65042742788796
-1116.556269801706 -320.1149477630854
-1117.1729736696184 -318.7616660267115
-1116.798756904453 -317.6544470459223
-1117.0034323702753 -316.4942897230387
-1118.0836838255823 -315.6562845975161
-1118.3125005732477 -314.98549642860894
-1118.5766411195696 -314.7851569324732
-1118.8216388593614 -314.20032527744775
-1120.4535148511827 -313.5784116059542
-1121.214099444002 -313.62587478458886
-1122.8929342399538 -312.7604598075152
-1123.6086330781877 -312.17329701483254
-1124.283878363222 -311.96004685461526
-1124.8523035417497 -311.35006627142434
-1125.1917639742792 -311.61953428089623
-1126.7491050730646 -310.8103927046061
-1127.5445147524774 -311.04715248644357
-1128.8715989361704 -310.9672125026584
-1129.3898574481905 -310.3179620549083
-1130.3305365811289 -309.79836070984607
-1131.1351161371172 -309.67815855592494
-1132.6639883886278 -309.2970075652004
-1133.143068767637 -308.4665844485164
-1133.414308167547 -307.9583878561855
-1134.8210416804254 -308.1067602679134
-1135.3908180962503 -307.3780576035381
-1136.6625925074518 -306.36449242085223
-1136.623494721502 -305.85232603996997
-1138.0351609955728 -304.71975791901355
-1138.7686795960367 -303.7016979500652
-1139.0676048468054 -302.83831668347125
-1139.7158646653593 -302.30294210165744
-1139.6968963812292 -301.38305110186343
-1139.7442414085567 -300.6333286210895
-1139.9684825758636 -300.21983653754
-1139.928813032359 -299.0225871250034
-1140.10828662619 -297.6698734208942
-1139.6972193191946 -295.8259968206287
-1140.2367160390318 -294.3352411434055
-1139.569121248573 -293.3463852450252
-1140.116834409088 -292.62825894802813
-1140.8940622876585 -291.06015241593127
-1141.3817621539533 -289.34854305237536
-1141.803769953102 -288.6557568356395
-1141.4888400505483 -287.4058734223247
-1140.765551097244 -286.5108718320728
-1140.8080780129135 -285.11383241862063
-1140.3084630291164 -284.0770438358188
-1140.6878956775367 -283.26308811157946
-1141.2289900998771 -282.0232536837459
-1141.335034571141 -281.0276308700443
-1142.7137124161422 -279.70823842734103
-1143.3067851881683 -279.52382427901034
-1144.0753408293426 -279.0767555877567
-1144.5996777038276 -278.15431082695727
-1144.6153429369629 -277.04526246041064
-1144.861785493344 -276.01860666722064
-1145.208316348046 -274.8645727679134
-1145.7753401617706 -274.7829443857074
-1146.2741550724209 -274.2375004932285
-1146.4689721088112 -273.06976467818026
-1146.6581202666462 -272.07443500012164
-1147.357892266959 -271.3202165409923
-1147.9182969848812 -270.4553244158626
-1148.0647237221897 -268.9181640192867
