-1107.48 -547.7
-1106.8568639564514 -546.2850138664246
-1106.607752095461 -545.1149326086045
-1106.9109633374214 -544.6048610329628
-1106.646076540947 -543.0430650830269
-1107.5729139852524 -541.3565189957619
-1107.1957406806946 -539.6472869038582
-1107.5110244560242 -537.8406841874123
-1107.3813684540987 -535.9433697581292
-1106.8016803222895 -534.0341948390007
-1107.0449389475584 -532.4049691081048
-1107.087415996492 -531.348126423359
-1106.677215102613 -530.3436995863915
-1106.7045901823044 -528.7007880330086
-1106.936026405096 -528.0822509646416
-1107.6493563759327 -526.8055659651757
-1107.1852114605904 -524.9448834776879
-1106.9098460185528 -523.1781445860863
-1106.9803973394633 -521.2787550807
-1107.828083510995 -519.6292033314705
-1107.9947032886744 -518.0080536723137
-1108.1624737340212 -516.9201119065285
-1108.4052722710371 -515.0615315556527
-1107.7734941500426 -513.7207030177117
-1108.2689664918184 -512.3503741145134
-1108.5862894016504 -510.8938611865044
-1108.2647188264132 -509.43325413465504
-1108.2130065146089 -507.97283090353017
-1107.6910675945878 -506.21694101095204
-1106.8160246792436 -504.43112529516225
-1106.2435635510087 -502.8255704760552
-1105.614486950934 -502.21074737310414
-1105.4224516931176 -500.45785630941396
-1104.6297188583017 -498.66851533651356
-1104.996223974526 -496.7989030003548
-1104.2762142303586 -495.7468382239342
-1104.5978193762899 -494.140070450306
-1103.9833329203725 -492.4235974669457
-1103.2993872645498 -490.69751096963887
-1103.3242294374108 -489.5228953480721
-1102.07078810364 -488.1287486672402
-1101.117325026095 -487.2420683026314
-1101.4622734370828 -485.552535545826
-1101.4632084402442 -484.7757439732552
-1101.782427701652 -484.1211447834969
-1101.3008632692695 -482.41532672643666
-1101.440257820785 -480.7658606886864
-1101.907160434425 -478.973873269558
-1102.3996945354343 -477.1267484545708
-1102.6491124662757 -475.5074985146523
-1103.0322218868137 -474.1006653428078
-1102.1839342448116 -473.583507847786
-1101.636127922237 -472.14033372402196
-1101.4934730413556 -470.8664768457413
-1101.7904599490762 -469.51725943088536
-1101.3936883988977 -468.2748592615128
-1101.714427191317 -466.9498946189881
-1101.9648797097802 -465.1346256256104
-1101.4731299462915 -463.83706564903264
-1101.5110924760997 -462.3802355051041
-1101.4547119359672 -460.6100290536881
-1101.229473106116 -458.87581999301915
-1100.8149756114185 -458.016370010376
-1100.6604635040462 -457.3206104755402
-1101.4816311518848 -455.6602203369141
-1100.8281871001423 -454.5519612550736
-1101.552391282767 -452.7092667341233
-1102.1307663838566 -451.7175361633301
-1101.817990861386 -451.00854463577275
-1101.5413700263202 -449.35143692493443
-1101.8270873050392 -448.2424536466599
-1102.3583072046936 -447.4306724786759
-1101.8167143683136 -446.2408161878586
-1102.3123401324451 -445.901907992363
-1103.1481329123676 -445.0897523283959
-1103.7417052905262 -443.1852978587151
-1103.7729164133966 -441.4614930272103
-1103.8279197397828 -440.4831680774689
-1103.9686728152633 -439.1311528205872
-1104.1238651308418 -437.5688070774079
-1103.4149255785346 -436.69604529142384
-1103.2161562028527 -436.2067937970162
-1102.9688552203775 -434.74400163888936
-1103.3143358710408 -433.7274919867516
-1103.278440642655 -432.07352865934376
-1104.2445896151662 -431.39670468568806
-1104.3737814608216 -429.5541056513787
-1104.7806655946374 -428.9497603297234
-1105.5199274006486 -427.8642916798592
-1106.3331632199884 -425.9128835320473
-1105.833285588324 -424.04189540147786
-1105.2612887206674 -422.43293918371205
-1106.0414690557122 -420.6336566329003
-1105.562970686257 -419.4716464400292
-1105.4115622523427 -418.2020726323128
-1105.2674490991235 -416.29266346693043
-1105.5330559793115 -414.4929404377938
-1104.9255713406205 -412.64507676362996
-1104.9257400590182 -411.65938998460774
-1105.171673323512 -410.9229591608048
-1104.7930364567042 -409.4877796888352
-1105.3127531963587 -408.6747049212456
-1104.914391245246 -407.5552061915398
-1105.2060894924402 -406.7238228440285
-1104.839625145793 -405.1356519579888
-1104.8213288965821 -403.2631687045098
-1104.819315108955 -402.1465535283089
-1104.7799988645315 -400.3436312794686
-1105.1257249075175 -399.2591209530831
-1105.9382935720682 -398.04287780523305
-1106.4386782604456 -396.3715324521065
-1106.2982129263878 -394.7011259913445
-1106.2878184723854 -392.9907931208611
-1105.796384345293 -391.55458403825764
-1106.2894101250172 -390.69116128683095
-1105.8263201224804 -389.6443084597588
-1105.3684246051312 -387.8693332791329
-1104.760685812235 -386.14834285974507
-1105.5357550489903 -384.6095161557198
-1105.7965438175202 -383.278187763691
-1106.173229675293 -381.6804684519768
-1106.2531095850468 -379.8081220507622
-1106.0803521978855 -378.8880081892014
-1106.3308191406727 -377.1931701421738
-1105.5599642503262 -376.03379137516026
-1105.5031016352773 -374.97984797954564
-1104.9422115567327 -374.24014170169835
-1104.6962015512586 -373.1955023527146
-1104.4433177891374 -371.83491368293767
-1103.7590802493692 -370.19580395221715
-1104.5739817801118 -369.22678519487386
-1105.1151645365358 -368.07327569723134
-1105.6574350181222 -366.70857073068623
-1105.5721917706728 -365.8344786882401
-1105.2269163686037 -364.82425625324254
-1104.740515704751 -364.03988702297215
-1104.443634684682 -362.34684259891515
-1104.1714580613375 -360.74908359050755
-1104.4193286556006 -359.18033857345586
-1104.7979543167353 -357.88841373920445
-1105.4832108575106 -357.00844372510915
-1104.8338586646319 -356.3639207005501
-1105.626829918027 -354.71296073198323
-1105.7088448512554 -353.4087094187737
-1105.3269797968865 -351.83721674680714
-1105.244160938561 -350.0429139256478
-1104.9811464431882 -348.8164757609368
-1105.5579525116086 -347.3749235987664
-1105.7480044844747 -346.5641573786736
-1105.8489301535487 -345.6565146565438
-1106.728216561973 -344.6175103306771
-1107.155063841045 -343.3142396330834
-1107.8057819339633 -342.78240729570393
-1107.7213137555123 -342.0878693580628
-1108.383466284275 -340.6967570304871
-1107.7520295786858 -339.23376531600957
-1107.305613617897 -337.73228676319127
-1106.8655671584606 -336.2774956941605
-1106.5981357204914 -335.835454595089
-1106.7837332296372 -335.1121091961861
-1107.1578970956803 -334.6281945228577
-1106.6896661031246 -333.84491981267934
-1106.4899910497666 -332.79279090166096
-1106.0564346122742 -330.9581514716149
-1106.3430010783673 -330.32463659048085
-1106.7015318977833 -329.77167553901677
-1107.3939272272587 -329.38941199779515
-1107.2056857454777 -328.65962762832646
-1107.3336470234394 -327.3354452371598
-1107.0090049016476 -326.3304398775101
-1107.2785065877438 -325.25329787731175
-1108.233086000681 -323.4212944030762
-1108.638923715353 -322.04388244152074
-1108.2457903432846 -320.6154926538468
-1107.678711156845 -319.3245911121369
-1108.6288753557205 -317.57120676040654
-1109.2439759778977 -316.0119816780091
-1109.017762850523 -314.60579009056096
-1110.1801802623272 -313.9200717926026
-1111.384361218214 -313.12564958333974
-1112.0977465617657 -312.7576059818268
-1113.0060637104511 -311.856408905983
-1114.4971363651753 -311.8510299444199
-1116.0248582470417 -311.22740925550465
-1116.609383891821 -311.4132003307343
-1118.4055391061306 -311.4434395253659
-1120.0552540528774 -311.38447950482373
-1120.8996223914623 -311.69178323149686
-1121.4584698784352 -310.6807449281216
-1122.8710268843174 -311.07342962622647
-1124.0707817184925 -310.39507327675824
-1124.9330518352986 -310.4618382200599
-1125.7484538662434 -310.30722691565757
-1126.6625240552426 -309.6358406737447
-1127.2796424138546 -309.8855804249645
-1128.6446588742733 -310.17234656661753
-1130.0629240977764 -309.3168222650886
-1130.3405900108814 -309.5269882574678
-1131.0196374762058 -308.8892101541162
-1132.1411606180668 -309.626941908896
-1132.9447414386273 -309.5097015693784
-1133.5544399130345 -309.6064833596349
-1134.6504843342304 -309.2544583871961
-1135.7382472860813 -309.1714906662703
-1137.491283069849 -308.7283380001784
-1138.2298507797718 -308.819633987546
-1139.3933478701115 -308.50677543580537
-1140.6291481363774 -307.826358255744
-1141.0586811709404 -307.116911110282
-1141.6147311139107 -306.6555363506079
-1143.027296345234 -305.28006022870545
-1143.9962405967713 -303.8132879108191
-1144.3101658034325 -302.6486071914435
-1144.7946673738957 -301.20148342549805
-1144.8195845070481 -299.54798751771455
-1144.6163611146808 -298.0944443315268
-1144.6451298999787 -297.4017159312964
-1144.394153277874 -296.17469876706605
-1145.0644374895096 -294.56843572556977
-1145.7606032896042 -293.79003804624085
-1145.3203954803944 -292.26967054307465
-1145.8046147334576 -290.641912278533
-1146.048554610014 -289.95354407727723
-1145.8915966260433 -288.9534335702658
-1145.6493115532398 -287.22021037042146
-1145.5147788780928 -286.08026772439484
-1145.839411969781 -285.52602952420716
-1146.2001178818941 -284.10293382108216
-1145.5569556313753 -282.56190222203736
-1146.455303426385 -281.77688640058045
-1147.2071434217692 -280.2339184850455
-1146.881042893529 -279.3708015650511
-1147.4176293569803 -278.0651615828276
-1147.8032374936342 -277.5428383916617
-1147.2313708621264 -276.60514080226426
-1147.1191858756542 -275.6325096458197
-1147.516299020052 -274.2236472934485
-1147.219396482706 -272.78959077298646
-1148.2090525138378 -272.214584645629
-1147.721634786129 -270.71536510884766
-1148.5495097446442 -269.75677901208405
