-1096.19 43.59
-1095.4624425792695 44.03567179679871
-1095.009467484951 45.594123687744144
-1094.598685863018 45.929895308017734
-1094.6667092466355 47.83780541658402
-1095.9108477258683 49.733940269947055
-1096.9831880950928 51.70095541715622
-1097.73131346941 53.697372224330906
-1096.9302606606484 54.583762314319614
-1097.8215516829491 55.017304029464725
-1098.6101509952546 56.9906884098053
-1098.815342592597 57.385711994171146
-1099.486496078372 57.77980818986893
-1100.0722015970946 59.728248264789585
-1099.796894120574 60.95860197782517
-1100.2707877629996 62.931113030910495
-1099.1634095185996 64.89074793100357
-1098.3253454440833 65.28312334060669
-1097.4550246471167 65.71767624855042
-1098.2874117964507 67.71719249725342
-1098.6851872676611 69.05914041042328
-1098.2142982059718 70.81207701206208
-1099.227593021989 72.78965898990631
-1098.688233690858 73.16267433404923
-1098.4746105247737 73.57255127668381
-1099.8506853157282 73.92010548353196
-1101.0987969213725 75.71865728139878
-1101.0477417880297 77.41861930131913
-1101.2710378342867 78.83110966920853
-1103.1681087189913 78.5791900420189
-1103.4810711914301 79.86763587236405
-1105.462619739175 80.87691011667252
-1107.440198379159 80.28500398635865
-1109.3927862221003 79.76456233501435
-1110.4649259620905 79.31190353274346
-1111.8796972805262 80.45500951647759
-1112.5639493042231 81.37084108233452
-1114.2936524921656 82.08176445603371
-1116.2890128666163 81.67787226676941
-1116.7517615133524 82.50268742084504
-1118.751639919877 81.92321118354798
-1120.7319370085002 82.62242260217667
-1122.5416236692668 83.30586781740189
-1124.3032730394602 82.41254964113236
-1125.8917693668604 82.8177756035328
-1126.7674055868388 82.99281634032727
-1128.763557510972 83.25386117041111
-1129.7948545986415 82.71984247505665
-1131.7129172855616 83.49374113619328
-1132.4247536236048 82.7467806750536
-1134.4244126850367 81.96520249187947
-1136.422726469636 81.30434171497822
-1138.4143137508631 82.22833202421666
-1139.9869823032618 82.36184526622296
-1140.9452479058505 83.1794208997488
-1142.9424123936892 83.88327462613583
-1144.7510004216433 82.77005453050137
-1146.6875585490466 81.83430631101132
-1147.1154793673754 82.2172786706686
-1148.9358632737399 81.23211188256741
-1150.224386470914 81.41896123826504
-1151.798481362462 81.32835043609143
-1153.0709326440096 81.01843292653561
-1154.1178319627047 80.52464832007885
-1154.5835975879431 78.61630154788494
-1153.801034438014 78.21635533511639
-1154.7239153259993 77.79297621190548
-1155.2906391495467 77.1957538241148
-1156.0201746696234 75.20024801433087
-1156.2450850480795 73.21503544986248
-1156.8583221906424 72.82869298398495
-1157.1424797350169 72.45276309192181
-1157.6586314612628 71.04114259421826
-1158.1053604358435 69.09433115661145
-1158.4751124852896 68.75604016721249
-1157.5680257552863 67.79817868411541
-1157.4029572927952 67.39271254479885
-1157.888851555586 67.03055084884167
-1157.877911003828 66.36030079066754
-1158.2269222164155 64.98695946872235
-1157.0486149215699 64.4810788744688
-1157.1690438115597 62.51863003909588
-1157.6840722882748 60.62894738852978
-1156.5470705354214 59.50681604087353
-1156.9655620777608 58.91074819505215
-1157.3642928624154 58.52736927211285
-1156.3056155467034 57.262586962580684
-1156.907632651329 55.28475702941418
-1157.4458851242066 53.3211394661665
-1156.3646219396592 51.463878046870235
-1156.9693055772782 51.07151676356793
-1156.814049782753 49.106713544726375
-1155.7585696601868 47.13441253840924
-1154.8775661611558 45.953878652453426
-1155.6482576155663 44.045558702349666
-1154.7327027344704 42.05523325145245
-1154.9475295716525 40.23154760539532
-1155.8536714488268 38.24202800929547
-1156.7838766747714 36.24970484912396
-1157.7492953115702 35.795034956336025
-1158.2037465745211 33.79523618161679
-1157.35292257607 32.52986152112484
-1157.3883117982746 32.13055725038052
-1158.0961784669757 30.71443302571774
-1157.6315928646923 29.675525974631313
-1158.3850187012554 29.11140657603741
-1159.097348267734 27.169271718859676
-1159.7282748171688 25.19034362971783
-1159.6300330111385 23.22216154277325
-1158.5999875018001 22.555165182948116
-1158.1447921344638 22.15971709430218
-1158.8904493996502 20.170409571528438
-1159.65996473521 18.170635711550716
-1160.469723636806 16.51785541713238
-1159.7139627882839 14.518961917757991
-1161.1120352694393 12.714081537127498
-1161.4205425330997 11.867211114764217
-1161.8078423687816 12.29445762574673
-1163.7208143422008 12.56835107147694
-1164.0682694861293 11.45594815552235
-1164.4564028331638 10.418624799847606
-1164.8557288596035 9.53671775400639
-1165.5673754164577 8.73433200657368
-1166.254414434135 8.02700231611729
-1168.2113529393077 7.397810977101329
-1168.6337401220203 8.424165766835216
-1170.5602309057117 8.91353658974171
-1172.5545760938526 8.215377312302593
-1174.54491155833 7.569462459683422
-1175.402413839996 6.994048457741741
-1177.36814116925 7.291241508126262
-1177.7444667169452 7.098827254176143
-1179.7109686681629 7.9559428209066425
-1181.6845151731372 7.490252923369411
-1182.5113562890888 8.497461985945705
-1184.5000445196033 8.76774631083012
-1186.2914951393009 8.149824958443645
-1188.2814620086551 9.053404431939128
-1190.2154875347019 9.673139434456829
-1192.0210291692615 9.996794741749767
-1193.9451734372974 8.921379368901256
-1195.029201323688 7.778911035656932
-1195.660509581268 8.348155360817913
-1197.5470347353817 8.638859193921093
-1197.6639782735706 7.074844163060192
-1199.443801099956 5.585858386158947
-1200.7365323850513 3.6974566394090687
-1201.818286473453 1.7946384364366565
-1201.3779461333156 1.172341089844707
-1202.3430752107502 -0.6275148576497998
-1201.5899110981823 -1.0388556903600659
-1201.740891853869 -3.0306537336111035
-1202.5074367919565 -5.025202292799946
-1203.332061330378 -6.658996242880818
-1202.547036150992 -8.655361074805256
-1203.3682078519464 -9.065818447470662
-1204.0658863583208 -9.522542435526844
-1204.7053340473772 -11.493720013499257
-1203.6774490872026 -12.056999105811116
-1204.3646901646257 -14.050062555670735
-1203.5926606455446 -16.027301210761067
-1203.3630638220907 -16.68989529073238
-1202.52086771518 -17.150917369723317
-1203.2469465830923 -17.614379782080647
-1203.9259707430006 -18.019575554728505
-1204.5124465325475 -18.433918256163594
-1205.1014216044546 -20.402579564452168
-1204.0343377688528 -22.36973406732082
-1204.6443678238988 -23.142602223753926
-1205.2057620981336 -23.617915768027302
-1205.1311606565118 -24.30712886512279
-1205.6489059129358 -26.274882513880726
-1205.9451592960954 -27.966991621851918
-1206.355642388165 -29.887132007479664
-1206.7298294106126 -31.79544802367687
-1207.0711584487558 -33.27659400165081
-1207.4009838202596 -33.583166081309315
-1206.9972918429971 -34.8419609850645
-1205.732024947703 -36.27817972362041
-1205.397202680409 -37.99172814548015
-1205.8719049194456 -39.56273110568523
-1206.3079848983884 -40.141008931994435
-1206.6981138387323 -42.011261541247364
-1205.4812727370859 -42.70554311931133
-1205.9556169608236 -43.060845691561696
-1206.4003582397104 -43.573323685526844
-1205.302125016749 -45.449159819483754
-1204.6452227035165 -45.96067186057567
-1205.2064870396257 -47.93192299067974
-1205.7031357684732 -49.71313555896282
-1206.0895796814561 -51.03901966273784
-1204.9216912785173 -51.38154442965984
-1204.0071089068056 -53.353774387240406
-1204.5662388005853 -53.75853021800518
-1203.87572358042 -55.73712475955486
-1202.941935876906 -57.30966349303722
-1203.709868530333 -59.30485697448253
-1204.3927974501253 -60.31356259047985
-1203.3984702625871 -62.20401747882366
-1202.5974492827058 -63.16485043227672
-1202.3453257778287 -65.0617686098814
-1203.1723621585966 -65.63741757333278
-1202.4276842573286 -67.20263673722744
-1203.1480464437604 -67.73509760558605
-1203.8677889803052 -69.20373674094677
-1203.0038264492155 -69.6413909381628
-1203.6890443065763 -71.57032908856868
-1203.125857899487 -73.56452717244625
-1203.8770620325208 -74.83046616971492
-1204.52538223058 -76.49940218389034
-1205.0022170343996 -78.47698177754879
-1203.9480728903413 -79.41837187469005
-1204.0352794626356 -79.81320764482021
-1203.3012691238523 -81.30258132874965
-1204.033198724091 -83.14402200639248
-1204.64533747226 -83.54807933032512
-1203.617511997521 -85.40969927966594
-1204.3075658777357 -87.40263183772564
-1204.9199002483488 -89.13444884479046
-1205.4708325365186 -91.10412390887737
-1204.4900181391836 -91.90046038091182
-1204.1696167090536 -92.41819472968578
-1203.3918868401647 -94.33147700488567
-1204.111790547669 -96.2729330843687
-1203.4554476836324 -98.14594872653484
-1204.1706007817388 -100.10756333529949
-1204.767822394669 -101.18585773169994
-1205.1946192482114 -103.10253973662853
-1204.9299267330766 -103.814774710536
-1203.3920218744875 -105.2065872734785
-1201.7406536141038 -105.29462959229946
-1201.7784595885873 -106.96668030679226
-1201.5930495658517 -108.45310356080532
-1201.2333977618814 -109.59390069901943
-1200.8387220898271 -110.50059517085552
-1200.4387223520876 -111.29724271953106
-1198.4716367521883 -111.14087130486965
-1197.721232394278 -110.30235793054104
-1197.3198219934106 -109.53300615012645
-1196.3228204646707 -110.14685638606548
-1195.209424058497 -109.4951050466299
-1193.7936302819849 -110.13543214261531
-1192.8116391697527 -109.74092765510082
-1190.876430849135 -110.50795002639293
-1190.443901578486 -111.1540315335989
-1188.4468276897073 -111.783513802886
-1186.7325690189004 -111.04352070748806
-1186.3300483623148 -110.32572569310665
-1184.4304601350427 -110.31077799558639
-1182.4758736291528 -111.23041776180267
-1181.2494873204828 -111.02849361658096
-1180.2714307704568 -111.18464210987091
-1180.3645364442468 -111.74488845825195
-1178.8118335404993 -112.24217620849609
-1179.0786553421617 -112.51860413312912
-1177.6983364620805 -112.7738973236084
-1178.1756918230653 -114.73613658905029
-1177.0565290251375 -115.09182986974716
-1176.0683063665033 -117.06401881933212
-1176.6973001757265 -117.75404444694519
-1175.7808709540964 -119.62290779113769
-1175.6997144842148 -120.02552554368972
-1176.4957947158814 -122.02242085695266
-1175.6462074542046 -123.21314391851425
-1175.7510107332469 -124.56970283746719
-1176.5326419645548 -126.55556938409805
-1177.2346116477252 -128.54603609800338
-1176.2918077880145 -129.89147493600845
-1176.9766610437632 -131.8893103337288
-1176.021351414323 -133.8238188958168
-1176.7651370936633 -134.60317442178726
-1177.4392935210467 -135.62715515851974
-1176.4671580964327 -137.17835459470749
-1177.1409868770838 -138.6355225777626
-1177.7687199884654 -139.43210092544555
-1178.3294460350276 -140.62626591682434
-1178.8227237039805 -142.53624526023864
-1178.675203653574 -142.88331404685974
-1177.6360637867451 -143.49255618810653
-1177.6674325788022 -143.90132293462753
-1178.2271915996075 -145.87397131681442
-1178.434286954403 -147.53315601110458
-1177.3190127635003 -148.25983175992965
-1177.7693818235398 -148.9686399435997
-1178.3171750926972 -150.93734476327896
-1177.2162299776078 -152.54410383462906
-1177.838028612137 -153.11881468057632
-1178.3924616599083 -154.06007477998733
-1178.894445898533 -155.81100866556167
-1177.9228409552575 -157.73585769891739
-1178.4446620965005 -158.11495569705963
-1177.3425173783303 -159.87237337589264
-1176.3731454634667 -160.25599167108535
-1175.4985530996323 -162.09519431352615
-1176.232723596096 -162.49491790294647
-1176.9666759991646 -164.28552845478058
-1177.6213979744912 -166.21908000469207
-1178.2032364034653 -166.59909031152725
-1177.1157060289383 -168.51005635023117
