-1096.19 43.59
-1096.576698871851 44.69533225536347
-1097.3427372300625 45.972732152938846
-1098.0445083105565 47.683041300773624
-1098.3961795294285 48.60073825359345
-1098.6910995566845 49.49158879756928
-1098.4007103765011 51.19877406597138
-1099.0623467290402 52.86787840366364
-1099.1744989180565 54.24821266174317
-1099.6758633875847 55.30874904632569
-1100.1606225395203 55.976070966720584
-1100.354084404707 57.20520266532898
-1100.2304407531024 58.34575125217438
-1100.724267142415 59.69906064510346
-1100.9088673764468 60.819671835899356
-1101.0056672269106 61.335541036129
-1101.2496845000983 62.62497856855393
-1101.4109746688605 63.94624068975449
-1100.9229519838095 65.19377091169358
-1101.1976605528594 65.66642811536789
-1101.1219144636393 66.37462237119675
-1101.4085089737177 67.78591122865677
-1101.7721215063334 68.88344302415848
-1101.7812161022425 69.58974209070206
-1101.017320829034 70.68310775995255
-1100.8059354746342 72.49045422315598
-1100.9745905125142 74.03565838575364
-1102.218728157282 74.79887702703476
-1102.8561358177662 75.51141073942185
-1104.336981984377 76.49080982446671
-1105.897637578249 76.71485551834107
-1107.5232548439503 77.61773207426072
-1109.1197983944417 78.20736971139908
-1110.9512786591054 78.58031549692154
-1112.777092190981 78.9768402838707
-1113.666405888796 79.44325917601586
-1115.4641601765156 79.47215073943138
-1116.7889024937153 79.52542578816414
-1118.627646895647 80.48799824357033
-1120.2509960854054 80.4986486697197
-1122.1280078613759 80.58726980924607
-1123.8159477436543 80.7204652094841
-1125.7061505043507 80.8531156295538
-1127.6259047710896 80.79441201329232
-1129.528786751032 81.51008635401726
-1131.101666661501 81.86588203549385
-1132.1554865562916 81.68286822378636
-1134.0675251209736 82.38460062086583
-1135.9272038662434 82.0092675203085
-1137.8027877533436 81.73080883562565
-1139.2428506338597 82.06113873064518
-1141.1028915369511 81.67934716880322
-1142.9405549490452 81.56099889069796
-1144.907503219843 81.70268579214812
-1146.298474880457 81.26159663885832
-1147.743410679102 81.36354212850333
-1149.1287404024602 80.97332691043616
-1150.119575175047 80.58689050763846
-1151.4847044074536 79.62260805457831
-1151.8307621204854 79.27564047664404
-1152.9083630764485 77.96999477237463
-1153.2170368158818 76.25430177539587
-1153.9591852152348 75.55345862001181
-1154.4698942029477 74.40369682401419
-1154.939537885189 73.24415485948325
-1155.3690970861912 72.0900707730651
-1155.4554093280435 70.51464300245047
-1155.6293660500646 69.24992733091116
-1156.2706166008115 67.7661439666152
-1156.7277121046186 66.82786642402411
-1156.9661656567455 66.16924088090659
-1157.1095869490505 64.30100553125143
-1156.6308261701465 63.60666971296072
-1156.7605223158002 62.570870805680755
-1156.9648953476549 61.795085121095184
-1157.3577288487554 60.58225398153067
-1156.8444571593404 59.45634572595358
-1156.0174536207319 58.198139835298065
-1156.312350640595 57.09007935613394
-1156.3573847213388 55.86883227914572
-1156.2023813971878 54.90817188113928
-1156.732313657701 54.136447776257995
-1157.181022489965 53.132650125920776
-1157.3748811134697 52.07990931361914
-1157.6043094345928 50.4477977642417
-1157.7018180438877 49.9806671628356
-1157.7814974138141 48.24259667485953
-1157.484676296413 47.460817683637146
-1157.6541883894802 46.610903609693054
-1157.7663692483306 45.00785790771246
-1157.451305116117 43.833257068097595
-1157.0970941135288 42.87421070426703
-1156.8710707822443 41.42569946140051
-1157.2199582257867 40.290121186673645
-1157.166616896689 39.01145886272192
-1157.5013611713052 37.836966622769836
-1157.723068753779 36.41869376987219
-1157.9838050106168 35.37536250442267
-1158.7180639007688 34.21874903529883
-1158.6942578056455 32.71516548484564
-1158.5547252097726 31.77840339034796
-1159.1553496518732 31.178775955140594
-1159.5893006125093 30.369334627091888
-1159.7403883585334 29.19089608281851
-1160.1095107743145 28.159883190095428
-1159.933587858975 26.924089718759063
-1160.2607051232458 25.678123522698883
-1160.397140751183 23.9370298871398
-1160.7675851085783 23.06848685830832
-1160.648985336125 22.32686965554953
-1160.8757729926706 21.0425682553649
-1160.3174086609483 19.94204824060202
-1160.0162456730009 19.149781871736053
-1159.4397328594328 17.869555045068267
-1160.0624054768682 16.141752053201202
-1160.269212255776 14.612789202630523
-1161.5409684279562 13.422074724137786
-1162.9035623171926 13.23468934386969
-1164.4001876214147 12.181651938855651
-1165.7188347676397 11.747475970685485
-1167.632206569016 11.15524255126715
-1169.372873673737 10.5714652428031
-1171.212700496018 10.977508325278762
-1173.0284065106512 10.553058404624466
-1174.1205344298482 10.182817001044754
-1175.5615253546835 10.864626843631271
-1177.409356007874 10.278255064189437
-1179.2057401040197 9.646674234569076
-1181.1697212556005 9.044596213996414
-1182.5197872021795 8.496198434531692
-1183.1401931741834 8.603531997799877
-1184.110875914395 9.378442328572277
-1185.4288799265028 9.483045626580719
-1187.2668635347486 10.10361503452063
-1188.4117756584287 10.181619394719604
-1190.3222573497892 9.96217574566603
-1192.1328051784635 9.525952775180343
-1193.8617120483518 9.295089978873733
-1195.191968510449 8.645417828261856
-1196.9062846401334 8.37095626085997
-1197.960303733647 7.412978369891647
-1199.2334291437269 6.1498572418093715
-1199.913016269505 5.397127408683303
-1199.9835819998384 4.646099466979507
-1200.9957811632753 3.4238385149836574
-1202.0284858742357 1.8156091162562404
-1201.9822322154046 1.0431081244349514
-1202.5371487760544 0.16701664417982443
-1203.015159996748 -1.5317168048024143
-1203.547638925314 -2.5490287354588474
-1202.9019786441327 -4.262954335510727
-1202.7967841798068 -5.502518635094162
-1202.923036622405 -7.416787128746506
-1202.6991070979834 -8.836027961075303
-1202.6476053209603 -10.333341222107407
-1203.213615140468 -11.909618001282212
-1202.9641560675204 -12.924063425362107
-1203.2937038899959 -13.938881259262558
-1203.5854574801028 -15.00432370215654
-1203.4117459268869 -16.70622823745012
-1203.4469597996772 -18.52379439383745
-1203.9740366400779 -19.20582119733095
-1204.1377897025645 -19.998150747120377
-1204.2808040739596 -20.805741112530228
-1204.6059178473056 -22.217768829166886
-1205.026286339909 -23.624066512882706
-1205.2891000570357 -25.09733514100313
-1205.5083102048934 -25.590826552212235
-1204.9717632593215 -26.58256975919008
-1204.473914808184 -27.26016173869371
-1204.8474836410583 -28.165854077637192
-1205.3287975849212 -29.750697832405564
-1204.4942500652373 -30.886033754646775
-1204.4720938266814 -32.328755836784836
-1204.514919242412 -33.894650440514084
-1204.8044811697305 -35.13574872523546
-1204.5485306294263 -36.36059890300035
-1205.0235829265416 -37.45439777880907
-1205.1605541320146 -39.111402135193345
-1205.4846843095124 -40.2549482396245
-1205.4910377772153 -41.18388305217027
-1205.8417940349877 -42.37856147795915
-1205.6391330124438 -43.988997679054734
-1205.4719846905768 -44.99388716727495
-1205.2102645100654 -46.211802463829514
-1205.2887977720798 -47.39218924552202
-1205.260020440966 -49.15581772834062
-1204.8838633657992 -50.18702314406633
-1205.112253806144 -51.270680170357224
-1205.4896043153108 -51.87957547217607
-1204.959802827388 -53.10397611171007
-1205.1516553373635 -54.130160908997055
-1205.288798263818 -55.12992690116167
-1204.678967049867 -55.67670647412538
-1205.1286873729528 -56.40986732751131
-1204.2478841455281 -58.08602408677339
-1203.6097746403516 -59.77114145070314
-1204.2495282800496 -60.520745199024674
-1204.0910006375611 -61.16955177098512
-1204.6840854497254 -61.97899786740541
-1204.5106077702344 -63.52337292939424
-1203.676359346658 -64.96256713181734
-1203.0085378201306 -66.16219882279634
-1202.5442442806066 -67.27946345120668
-1201.9389532120526 -67.97459576636552
-1201.4607812674344 -68.86078367739916
-1200.974337449819 -69.98081741839647
-1201.8046476753057 -71.19540308028459
-1202.3595563085378 -72.33817658931017
-1202.550057298094 -74.19604478389024
-1202.4868339510263 -74.96341643840074
-1202.3269176246226 -76.66772685557603
-1202.6938285590709 -78.2431746533513
-1202.658906428665 -80.01171527415514
-1202.6907154084743 -81.69816051036119
-1203.2191892029346 -83.19838307410478
-1203.7340077520907 -83.72847966462373
-1203.551379597336 -84.8222037962079
-1203.3715122105182 -85.62158016473055
-1202.9338582517207 -87.51137499123811
-1203.3694279254973 -88.90968124181032
-1203.5289297761024 -90.27873245984316
-1203.863644606024 -90.7204000762105
-1203.076396829039 -91.68268499881029
-1203.629986113459 -92.93407032996416
-1203.6819242449105 -94.08015702277422
-1203.970486959964 -95.01708422213792
-1203.1461945982278 -95.53250412255525
-1203.4947378249467 -97.03118876725435
-1203.5506706149877 -98.63719395905733
-1203.6776414425672 -100.14472655564546
-1203.2874609144033 -100.75681225568056
-1203.1087249429524 -101.27690933257341
-1202.997533916086 -102.35019622355699
-1202.7566317604483 -102.95302418977022
-1203.1128417538107 -103.90582607299089
-1203.2953409837187 -105.4275806954503
-1203.0076515959204 -106.34632055073976
-1201.5989318178595 -107.45024375230074
-1199.9859601543844 -108.47268013268709
-1198.8988035009802 -107.95276693612337
-1197.8126683519781 -108.2537731936574
-1196.1885842369497 -107.95001230746507
-1195.248910574764 -108.39126769810915
-1193.3920711563528 -108.1743292620778
-1192.6771165417135 -108.9518334081769
-1191.4323936985434 -109.0646823605895
-1190.6365084932745 -109.88876354306936
-1188.734797744602 -109.3675045928359
-1187.5059404657782 -109.91875385850668
-1186.1568630026281 -110.7777299246192
-1184.3847332285345 -110.78797985225916
-1183.607664911598 -110.9312261006236
-1182.4887042926252 -111.13189309448003
-1181.93664702639 -111.10336154311895
-1180.5748144076765 -111.43797778695821
-1180.4449797557295 -112.87919604390859
-1179.8281557248533 -113.11661660283804
-1178.8225834058226 -114.15075432866811
-1178.960612742752 -115.18352675050497
-1178.8061965988577 -116.3699791392684
-1177.7871843861044 -116.74042498677969
-1178.3143981383741 -117.48094117254018
-1177.9472523616255 -118.22976982206106
-1177.8087086068094 -119.33250474542379
-1177.2296354161203 -120.54435407727956
-1176.7473869906366 -120.9913455209136
-1176.9039698974789 -122.14599442094564
-1177.3371771113575 -123.6031414231658
-1176.72780085966 -124.97408091634512
-1176.5007546679676 -125.55815332740545
-1176.5512127564848 -126.69091444820165
-1177.0886888192595 -127.3750597795844
-1177.4428259418905 -128.72403531879186
-1176.607162384838 -129.88754027694463
-1175.9411683367193 -131.70329635947942
-1175.9369641827047 -132.66366850942373
-1176.5255753682554 -134.27318048089742
-1177.1434583948553 -135.84627735227346
-1176.419054775089 -136.93885278314352
-1176.8200441883505 -137.6130785307288
-1176.6438068585098 -138.75412624686956
-1176.3891735212505 -140.4194924196601
-1175.7128148810566 -141.3554430565238
-1176.4833983318508 -142.2322079500556
-1176.0452293889225 -143.4658104738593
-1175.8626248823107 -144.98067158073187
-1176.1022644923628 -146.52295916885137
-1176.0267996253074 -147.69241147845983
-1175.5660900832713 -148.83109265178442
-1174.9948721887172 -149.7839667162299
-1174.641130244881 -150.9438790640235
-1174.2579921843112 -152.70673673957586
-1175.001189506203 -153.84430545181036
-1175.4820531369746 -154.89166217654943
-1176.2789091826976 -155.74892371505499
-1175.621377504021 -157.10084610790014
-1175.5669783936441 -157.7353309354186
-1175.543132750839 -159.1358619889617
-1175.2639841125906 -160.68545698732137
-1175.4274766133726 -161.48472505420446
