-1096.19 43.59
-1096.5033731484414 44.85395463943482
-1097.4824144268036 45.79370781421662
-1098.2181200408936 46.83708366394043
-1098.8753424310685 48.7118810081482
-1099.435332479477 49.94879993438721
-1099.3351328098775 51.07646116256714
-1099.81023550272 51.84539517402649
-1100.3106386089325 53.55448636054993
-1100.6820870661736 55.126151170730594
-1101.1153497421742 55.89247974395752
-1101.2336291098595 56.65205821037293
-1101.440705510378 57.23845889806748
-1101.555649521351 57.974297072887424
-1101.8550609970093 59.02655556440354
-1101.6910367631913 60.373217370510105
-1100.893131198883 61.53739788770676
-1100.751318024993 63.0254197382927
-1101.1122403615714 64.47589233160019
-1101.3712704056502 66.17263367414475
-1101.7823578888178 67.63395908117295
-1101.9904314750434 69.05241861581803
-1102.4494536393881 70.47325184583664
-1102.7313604527712 71.25446346044541
-1102.4447278851271 71.87768926858902
-1102.867944853902 73.00767078638077
-1103.7505643540621 73.97877719640732
-1104.5378941470385 75.54084863901139
-1105.339648025632 76.34338798761368
-1107.0857334309817 77.7559317612648
-1108.7274880582095 78.0658030474186
-1110.550362842679 79.31517850995064
-1112.2218222790957 80.2829199397564
-1113.6671261960269 81.00954538226128
-1115.4907326871157 81.14840077996254
-1117.268038647771 81.8067349755764
-1118.8666639500857 81.24870597958565
-1120.510346429944 81.80156451106072
-1122.4843490296603 82.15605386734009
-1124.2636156255007 82.37442223370076
-1126.106212514043 82.86994896471501
-1127.833801406026 83.15709571182728
-1129.7872835570574 83.09604757666588
-1131.5379822427035 82.47775131106377
-1133.1953044110537 82.19191145539284
-1134.952766674161 82.5575949215889
-1136.5688426667452 82.46498705089093
-1138.1967284852267 82.80726693212986
-1139.552679079175 83.4597272092104
-1141.4434725219012 83.80687163412571
-1142.7386158877612 83.11496691048146
-1144.344239371419 82.49767891705037
-1145.959011810422 82.11105249464512
-1147.7227362567187 82.49782572329045
-1149.0437848740817 81.49170051157475
-1150.2729562693835 81.16699702680111
-1151.488013046384 80.79821084082127
-1152.772446411252 79.32235203325749
-1153.5314582759142 77.5173700863123
-1154.0189891034365 76.79129193365574
-1154.53696598351 76.03098515808583
-1153.9537668401003 74.7371086293459
-1154.0539037311078 72.82100526630879
-1154.9098150455952 71.03710619747639
-1155.5292628729344 69.41916314899922
-1156.1869457089902 67.8489695006609
-1155.7422579550744 66.19920496284962
-1155.3351038122178 64.2797396594286
-1155.9791402244568 63.53765289127827
-1156.1174095445872 62.85385547220707
-1155.5829087668658 61.45136414110661
-1155.7632707232237 60.49930499136448
-1156.2210120731593 59.9309887701273
-1156.7205322855712 59.30773679554463
-1156.732919099331 58.59449575483799
-1156.1464141631127 57.34568856298924
-1156.271195384264 56.3898590618372
-1156.6134456717969 55.50292573511601
-1156.844034987092 54.50276849806309
-1157.1610452705622 52.992213945984844
-1157.3259773129225 51.48155448973179
-1157.4133362346888 50.8052061611414
-1157.3382960283757 49.9623288923502
-1156.7398792231083 48.51493249475956
-1157.167205246687 47.97542373478413
-1157.5214335644246 47.12072310984135
-1157.3194702887536 45.46883378565312
-1157.4452850544453 44.228613477349285
-1156.6651204550267 43.40500984728337
-1156.3772606873513 41.925194125771526
-1157.066510679722 41.06625477612019
-1156.9422278130055 40.12993065655232
-1157.344707968235 39.10578862965107
-1156.7234600806237 37.96027914822102
-1157.2933719778061 36.219098489880565
-1158.062317492962 35.56746814787388
-1158.428704442978 34.71615175545216
-1158.8453400456906 32.75194267570973
-1159.3558318936825 31.171316307187084
-1159.4920285218955 29.872134845852855
-1159.032354848981 28.33370832741261
-1158.896218943 27.008076828122142
-1158.9087505662442 25.870973151326183
-1159.4371877634526 24.38612417519093
-1159.5751685523987 23.669704955220226
-1159.336930858493 22.25950769722462
-1159.6282750838996 20.893954079747203
-1160.1749269837142 20.235776286721233
-1159.7135378593207 18.811072211861614
-1160.2185077542067 17.757414799332622
-1160.7407320016623 16.137514811158184
-1161.4474752420188 14.490108590722087
-1161.677315878272 13.651552062630657
-1162.8174617761374 12.454338412880901
-1164.6343362802268 12.555420886874202
-1166.5073984140158 12.845975946784023
-1168.363758611083 12.002150487303737
-1170.280598449111 11.130553376078609
-1170.9103125208617 11.168804865479473
-1172.452586042285 11.486127179265026
-1174.4181858175994 10.647187631726268
-1175.674788581729 9.973903339505199
-1177.5534969443083 10.012050975263122
-1179.3485276573897 10.568490315377716
-1181.2177121514083 10.655671011805538
-1182.5316166752577 10.001500141024593
-1184.182750570178 10.430597823262218
-1186.0915225619078 9.860880296826366
-1187.716934787631 10.014922451376918
-1189.2848859900237 9.934584196805957
-1190.8613169068099 9.62157222270966
-1192.7159950608016 9.520125519633297
-1194.5470480793715 9.78299288094044
-1196.174231516719 9.217476647496227
-1197.6651041382552 8.483381074070934
-1198.1453859680892 7.360388796925548
-1199.51268743217 6.169687312245372
-1200.482108938098 5.4771908932924305
-1201.5636454695464 3.937323372960094
-1202.1814119690657 2.713320415616039
-1202.9768872135878 1.188364427685741
-1203.701518523097 0.5817074590921436
-1203.9907337898017 -1.3175642675161328
-1204.1858042949439 -3.1240635102987255
-1204.4309168332816 -3.926622886061665
-1204.2650540941954 -5.523780125975605
-1204.5539330118895 -6.571137327551838
-1204.6654997342825 -8.291005272269246
-1204.415980579853 -10.023801702857014
-1204.1603553318978 -10.68475272119045
-1204.0417454862595 -11.812445182204243
-1203.9106359654666 -13.023826975226399
-1203.8761910447479 -13.76809467732906
-1203.9748965004087 -14.964655179381367
-1203.3655423024297 -16.63165451943874
-1203.516802738011 -18.257197160124775
-1203.1725280979276 -19.926130074858662
-1202.7722967365385 -21.176562327742573
-1203.424296746552 -22.618152040839192
-1203.9003938534856 -23.537090916037556
-1203.7410597452522 -24.409395832419392
-1204.1435714313388 -25.267252463698384
-1203.9438726702333 -26.94884111344814
-1204.0387387672067 -28.228649515509602
-1204.4422326484323 -29.86980344712734
-1204.952875236571 -30.31718530118465
-1203.999424854815 -31.294415492415425
-1203.2060856023431 -32.25465484321117
-1202.9975376972557 -33.08606763541698
-1203.570021236837 -33.73868956029415
-1203.3279533931614 -35.11274375379085
-1203.5668678233028 -36.69959940373897
-1203.8201358863712 -38.01079430043697
-1204.346923763454 -38.692560035586354
-1204.3910461464525 -40.27686126887798
-1204.0991583266855 -40.93354846894741
-1204.1962761083246 -42.85465266168117
-1204.7471276918054 -44.5572982019186
-1205.123461047709 -46.322403687834736
-1205.44938526541 -46.71762510001659
-1205.7108992436529 -48.52396591365337
-1204.8391158679128 -50.00313933551311
-1204.131340096295 -51.02905269324779
-1204.1251850226522 -52.1211849039793
-1203.6634951332212 -53.60683854281902
-1203.2644968429208 -54.23643686234951
-1203.3283332535625 -54.99742772042751
-1202.9600674161316 -56.50766291081905
-1202.5827085623146 -57.950354833006855
-1202.9915677556396 -59.57298876702785
-1203.056005472839 -60.56275989472866
-1203.3819414028526 -61.06820495784282
-1203.2282536873222 -61.841785628199574
-1203.5121033737064 -62.93965538203716
-1204.1416174718738 -64.57264776885509
-1203.4299583980442 -65.3546238130331
-1202.7990496703983 -66.83331086099147
-1203.374559814632 -68.39594246804714
-1203.330926513821 -69.6023991292715
-1203.6154112876952 -70.63957609593868
-1203.6256645382941 -71.72359814107418
-1203.0111187757552 -73.1698184198141
-1202.7230180861056 -74.97435249745845
-1203.1992459954322 -76.52316691339016
-1203.3257466466725 -77.96539356172084
-1203.3932975889743 -78.4237618035078
-1203.5397727550567 -79.85515590369701
-1204.1471141041816 -81.62808056533336
-1203.4950379790366 -82.71361513793468
-1203.5657803998888 -84.25367518126964
-1203.256615011543 -86.1028081959486
-1202.8668140755594 -87.1162975615263
-1202.4179843948782 -87.86612148940563
-1202.2594006793202 -88.78791596353054
-1202.1524465368689 -90.0323913282156
-1202.4394128011168 -92.0096051877737
-1202.3545887084306 -92.52670665442943
-1202.3505891734362 -93.67074413955211
-1203.0071356469393 -94.92442448794841
-1203.3589094752074 -95.92724807918071
-1203.6175452643633 -97.1391120737791
-1203.5294780755044 -97.73387517392635
-1203.160751553774 -99.20002641141414
-1203.2217468568683 -100.35051490724086
-1203.01148193568 -101.66967036187648
-1202.5399923273922 -103.10780050218105
-1202.5481479713321 -103.90964140355587
-1202.5343596884609 -104.92001511514187
-1202.1144368299842 -105.45617391526699
-1201.330535376966 -106.35272910058498
-1200.9494546303154 -106.95972164332866
-1200.5506875762344 -107.61126967132091
-1199.5897627720237 -107.88840549051761
-1198.7727964767814 -107.68402798831463
-1197.8889288553596 -107.83514857649803
-1197.115740621984 -108.09910500407219
-1195.4438703903556 -108.99705589175224
-1194.4044991382957 -109.28648549675941
-1193.0172077068687 -109.74862763643264
-1191.2690529474617 -110.50323632717132
-1190.7858509668708 -110.1718370950222
-1189.91132178396 -110.88868260741233
-1188.7697749385238 -110.11534619688987
-1187.1202873238922 -110.57947692632675
-1185.736020589769 -111.27771124601364
-1184.6390453824401 -111.56867960453033
-1183.095549608171 -111.54789638876915
-1181.5885278233886 -112.48825395464897
-1179.9558230885864 -113.07717293858528
-1178.683433199823 -113.71234590172767
-1177.5122018107772 -115.55813569188118
-1177.5047318288684 -117.12671858429908
-1177.0522028753162 -117.92647022366523
-1176.3347606608272 -119.1827965414524
-1175.923336828649 -120.49171740174293
-1175.3862230429054 -122.4111102259159
-1175.6854026564956 -123.17399287581443
-1175.5665662834049 -123.9348118340969
-1175.4524477669597 -125.75483513236045
-1174.973670924604 -126.93204284071922
-1174.6957305619121 -128.36744869112968
-1174.4934698292614 -129.44442880511284
-1174.3250656226278 -131.2969375884533
-1175.029802093804 -132.14201432824134
-1174.6549141505361 -132.77853113770485
-1174.7217452698947 -133.25135749936103
-1175.5152808600665 -134.44242352604866
-1175.581465485096 -135.78692394852638
-1175.0232843780518 -137.24963242173195
-1174.6298581683636 -138.68107408642769
-1174.5826045298577 -140.2805245554447
-1174.8886978948117 -141.93944031357765
-1175.3319506072999 -143.0180085337162
-1176.0104063773156 -143.64658928275108
-1176.2248393768073 -145.0014530456066
-1176.3119391077757 -145.95237487912178
-1176.3704657429457 -147.25795346856117
-1176.8560383492709 -149.0809122955799
-1177.0013984763623 -149.68401807904243
-1176.4771501147748 -150.96339232087135
-1176.0746466243268 -151.59231257796287
-1176.3438243591786 -152.52410841345787
-1176.1563506001235 -153.45675289988517
-1176.8223834508658 -154.63273740172386
-1177.2418731325865 -155.48212540507316
-1176.655695783496 -156.96851218104362
-1176.5033270442486 -158.12824154257774
-1176.6170586967469 -159.58058500647545
-1175.9254276180268 -161.04284012675285
-1176.5352516794205 -161.8377430474758
-1176.3827722841502 -163.4694523847103
-1176.0886844867468 -164.79289245963096
-1175.9046368771792 -166.44702089190483
-1176.418097870946 -167.87319887042045
