-1096.19 43.59
-1097.0144349956513 44.19634380578995
-1096.3164781951905 46.1872815155983
-1096.9583511376381 47.575758483409885
-1096.2852044725419 49.50314214468003
-1097.295251312256 51.44112601518631
-1096.7724221372605 53.397689964771274
-1096.1130871796609 53.99345317125321
-1097.061425807476 54.506543245315555
-1096.342158677578 56.479414429664615
-1095.7202951335908 56.8761077785492
-1096.7100595855713 58.85058340072632
-1096.0985537195206 60.84394153594971
-1095.4974252605439 62.82110151290894
-1096.5351895713807 63.25135334968567
-1097.436132194996 63.666900184154514
-1096.6933028125763 65.6656728053093
-1097.5585094118119 66.8189760708809
-1097.6759780669213 67.59288623571396
-1097.0290690088273 69.39304771661759
-1096.6074732863904 69.73195036888123
-1096.3661346161366 71.64455040931702
-1096.2096473896504 73.42668518066407
-1097.8151356899739 74.96616133689881
-1097.7245369875432 76.47165104389191
-1098.4009837830067 78.01104649543763
-1099.7001509392262 79.37525018692017
-1100.147580536604 80.35955246925354
-1101.8295773589612 79.7309809589386
-1102.2003237330914 80.58252343177796
-1102.593322428465 81.22096261024475
-1103.114751907587 80.49079200267792
-1105.0553632700444 81.40835973262787
-1106.0406222069264 80.62731763362885
-1106.4318458163739 81.66378721237183
-1108.426773699522 81.34545141100884
-1108.8175111734868 80.71122687697411
-1109.1957359039784 81.73055582880974
-1109.5931094610692 81.0441782438755
-1110.7920086109639 80.47056936860085
-1111.6264617168904 80.92559918403626
-1113.0647930824757 80.96809756398201
-1113.6643595421315 81.97767078518868
-1114.0687159621716 82.81149702906609
-1115.543441208601 82.07168578743935
-1117.2302707755566 82.41320657372475
-1117.631618591547 83.13512515664101
-1118.3658143007756 83.81707143425942
-1118.814994903803 83.01985144257546
-1119.221873613596 82.15857988238335
-1121.2007964575291 82.86583113312722
-1121.6485977494717 83.18656858444214
-1123.644750865698 82.37433471918106
-1125.225547822714 83.0062911772728
-1126.7084890925885 82.15918960809708
-1128.6496639573575 81.40105601787567
-1130.5877112472058 80.73220094680786
-1131.2341114008427 81.30585369110108
-1133.105153414011 80.6452882552147
-1135.082106562853 81.63955726861954
-1135.562435182333 81.05916842460633
-1136.0885913693905 80.51331886291504
-1136.4637149298192 81.55569430828095
-1138.4580512964726 80.8680004143715
-1140.4427947723866 80.25830557584763
-1140.816394301653 80.90732940673828
-1141.2019026601315 80.29973217487336
-1142.0790833556653 81.05616739034653
-1143.179517658949 80.98196687936783
-1143.830805155039 80.31792947292328
-1145.1485494101048 81.2564606332779
-1147.1407776796818 80.90472691893578
-1149.1140738451481 81.42769801259041
-1149.7601270997525 80.37224161267281
-1150.0270503485203 79.14243733525277
-1151.6809566938878 77.50016128659249
-1152.3369152271748 77.05982809901238
-1153.498309584856 75.11603456377983
-1152.8509062850476 73.47204273581505
-1152.3445751988888 72.81714671492577
-1152.9686963880063 70.9445490205288
-1153.967107268572 70.47642278313637
-1154.5183160030842 68.56758331894875
-1155.3384190523625 66.5790401661396
-1156.0651439154149 64.59466158986092
-1156.7053361260892 62.614008423089984
-1156.333417596817 61.19578384995461
-1156.6977117979527 59.212333556413654
-1156.739954891205 57.23660456776619
-1155.696292462349 55.51015388607979
-1156.3283584737778 53.53167318940163
-1156.2731858813763 51.54678582787514
-1156.4988323175908 49.56733679413796
-1156.77848503232 48.07171749711037
-1156.8500093245507 46.1009615623951
-1157.2947557890416 44.38902866482735
-1157.7923056805134 42.427750583887104
-1156.9434287273884 40.492211099863056
-1157.5817941749096 38.6114835703373
-1156.657047661543 36.61826967835427
-1156.036001714468 34.641439672708515
-1157.1023087823392 34.264891442060474
-1156.3944412195683 33.86258768677712
-1155.764136942625 32.394063826799396
-1156.8532921397687 31.419309493303302
-1157.7653881037236 29.436088677644733
-1158.2793832147122 27.69718420147896
-1158.980665715933 27.298855360746387
-1159.6275568330288 25.308752354383472
-1160.18769744277 23.347604092359546
-1160.684062781334 21.384117182493213
-1160.0963155055047 19.434683378934864
-1159.3260592246056 17.505892809629444
-1160.1854290390015 17.042888101339344
-1160.911817135811 15.633535441160205
-1160.2699791812897 15.10199242472649
-1161.2613685154915 14.740394290685657
-1161.8086103224755 12.89641016364098
-1163.6860950016976 12.18794428944588
-1165.645378830433 11.079282399415973
-1167.5568048977852 10.10125600934029
-1168.4762676978112 10.787279006242755
-1170.4629002833367 11.398530956506733
-1170.866172375679 11.96952592968941
-1172.8245170736313 11.10659241318703
-1174.6255918169022 11.525045033693317
-1175.00964468956 12.089362379312519
-1176.8524863147736 10.98218965172768
-1177.250536324978 11.60139542460442
-1179.2256720089913 10.631943043470386
-1179.6326810741425 10.064722713232044
-1180.2658062005044 9.283034380674366
-1180.707245054245 8.509247657060627
-1181.1421110653878 8.578425195217136
-1183.1327338242531 7.8967387938499485
-1183.580831410885 7.7807284110784565
-1184.4396145367623 7.194806050658229
-1186.4100201153756 7.331493403911594
-1188.3793356442452 8.346850898265842
-1190.3791537308693 7.594717230796817
-1190.7735712552071 6.915302124023441
-1192.7138088965417 7.194772567749027
-1194.712896707058 6.443246033191684
-1196.1930531287194 7.253013815879825
-1198.033920648098 5.867269482612613
-1199.6180788302422 5.712543811798099
-1200.8219076418877 5.408212807178501
-1201.870925667286 3.438136961460117
-1202.749202849865 2.205009129047397
-1203.5389252328873 1.024322059154514
-1204.209330739975 0.6056679749488865
-1204.7138783359528 -1.236836526393887
-1205.2850018167496 -3.2125955557823147
-1205.7775315964223 -3.5775442457199063
-1205.8556635403634 -4.863664898872372
-1204.6846450591088 -5.391743633747097
-1205.255788447857 -6.544505689144131
-1205.7571619772912 -7.3698755240440335
-1206.1217540228367 -9.300772044658657
-1206.542018415928 -11.146927330493924
-1206.9263667488099 -11.491003785133358
-1206.8820702159405 -13.39668825626373
-1206.9971874976159 -15.303034577369687
-1205.7719197297097 -17.043726000785824
-1206.2281284356118 -18.186460170745846
-1206.641676040888 -20.12230351924896
-1205.5831237757207 -22.016124997138974
-1206.04148280859 -22.667645070552823
-1206.4550983333588 -23.019752416610714
-1206.640230717659 -24.92846861839294
-1205.4595149183274 -26.838868055343625
-1204.3321996355057 -27.21063724517822
-1203.3477689647675 -27.59621355295181
-1204.0720396065713 -28.51312336683273
-1203.1373764300347 -28.907508764266964
-1203.8848796510697 -30.89765397071838
-1202.9408494853974 -32.61904517173767
-1202.1519708657265 -33.01913676023483
-1202.7544367337227 -34.86447033643722
-1201.9509439492226 -35.26522699356079
-1202.8323038244248 -35.66466215610504
-1202.0188753628731 -37.664219889640805
-1202.9040904068947 -38.76478842258453
-1203.5243206644059 -40.175787601470944
-1204.2231054329873 -42.17101732254028
-1203.2634117627144 -43.95520034790039
-1202.39551943779 -44.68542221546173
-1202.9027416729928 -46.647389683723446
-1203.5998174571992 -47.652246627807614
-1204.0165649974347 -49.293826255798336
-1203.0948318564892 -50.16103092193603
-1203.3778766715527 -51.19649616241455
-1204.101625057459 -52.95716277122497
-1203.1390395486355 -53.34514853715896
-1203.8882480585576 -54.70468148946762
-1204.2722968184949 -55.161213312149044
-1204.8797459924222 -57.1058976984024
-1205.4323944175244 -59.07695630550384
-1205.9283356392384 -61.03807381153106
-1205.8739236915112 -62.104591403007504
-1204.9488952481747 -64.0481504535675
-1205.4923101985455 -64.85380563497543
-1205.9608621025086 -65.30324414730072
-1206.1130385124684 -66.84445146083831
-1206.514629753828 -68.10454622268676
-1206.8955403590203 -68.85747078418731
-1206.7850914919377 -70.75860718250274
-1207.1228828752041 -72.64482751846313
-1205.8400928103924 -74.54004636764526
-1205.5170127475262 -75.43295470237732
-1204.3972751224042 -76.54818216323852
-1203.5063259923459 -77.29738071918487
-1204.2143152678013 -77.70417192935943
-1204.6483989679814 -79.68998054027557
-1205.159394773245 -80.44422129154205
-1205.64011562109 -82.38948038578033
-1204.5898638987542 -83.77163330078125
-1203.6625595116616 -85.7311748600006
-1203.2505586469174 -86.36112383365631
-1203.9485192024708 -87.11743417739868
-1204.466365429163 -89.083912525177
-1205.044669958353 -90.9229370689392
-1204.0661287033558 -91.35990313053131
-1204.7079133713246 -93.20916656017303
-1205.1977083706856 -93.60153016805648
-1205.7034187340737 -94.05540672302246
-1206.1738490188122 -95.97161236763
-1205.1361962878705 -96.8365455007553
-1204.5623766505719 -98.71644404888153
-1205.077122064829 -99.13539097070694
-1204.385383578539 -99.84505597114563
-1203.4538821899891 -100.32703701019287
-1204.1670319759846 -102.24199906349182
-1204.5046588802338 -103.93961373329162
-1202.9975098991395 -104.14886042833328
-1201.7836473608018 -105.59938893079757
-1201.6935848617554 -107.30277130365371
-1201.4346605563164 -107.06822249650955
-1199.7922323966027 -108.16411731004715
-1197.8428912186623 -109.14783844709396
-1195.8664276623726 -109.86438867807388
-1194.3440723443032 -110.66750249624252
-1193.8273209357262 -110.40476817250251
-1191.8724343800545 -109.61605090260505
-1191.475270512104 -108.92325896382332
-1189.5225737118722 -109.17334354281425
-1189.1282692575455 -110.0972554719448
-1187.1955245161057 -109.47545493006706
-1186.5233514332772 -110.52169025301933
-1184.5313241505623 -111.32999825835228
-1182.544419052601 -110.7263106739521
-1182.1316440725327 -112.16763610005378
-1181.8033858561516 -112.40914915859699
-1181.4681656384469 -112.00767781198024
-1181.160639884472 -113.2765512651205
-1179.412561776638 -113.21467365682125
-1177.9579948210717 -113.33276678979396
-1178.365675958395 -113.7690393513441
-1178.7225386226178 -115.65933080375194
-1177.5040668570996 -116.92892010867595
-1176.840071233511 -117.3088856524229
-1176.422693105936 -119.29913910090923
-1177.1401866400242 -121.29192407786846
-1176.1750692451 -123.25656529128551
-1175.3336459720135 -124.37651880443096
-1176.124522241354 -124.79254611194133
-1175.686101230383 -125.19998683393001
-1174.9004109823704 -125.95574345052242
-1174.2035771334172 -127.89795174062252
-1174.9855990731717 -129.82294811666011
-1174.2768043005467 -130.30659290015697
-1175.2301884615422 -130.69931199014187
-1175.23924191162 -132.0917449182272
-1176.064733697623 -132.55598082005977
-1175.229429973811 -133.05240829646587
-1174.4918454425037 -135.05085476100444
-1173.8322770731152 -135.45554979503154
-1174.8117509023846 -137.40107091128826
-1175.6969899074734 -139.32179935634136
-1176.4973842637241 -139.72235371530056
-1175.6422352926434 -140.18460400760173
-1176.4478905932606 -142.18455799281597
-1177.1420058743656 -144.02479465663433
-1177.4793894724548 -146.01306839644909
-1178.0597047643364 -146.39773543536663
-1178.5890153484047 -147.7966627663374
-1179.0485928492249 -149.746965367198
-1177.900008006543 -151.5710126942396
-1177.0476049618424 -151.94318373858928
-1177.6826484636963 -153.92940147578716
-1176.6756029562653 -154.31582869946956
-1176.002762003392 -156.3054430669546
-1176.76870445773 -156.70756997525692
-1177.365282817334 -158.3598466104269
-1177.9253236488998 -160.20746495187282
-1178.4737968878449 -160.58100708186626
-1177.422579689473 -162.51635785758495
-1176.4209926562012 -164.20634730517864
-1176.0882829265297 -166.17362673938274
-1176.84574048087 -166.9104538744688
