-1096.19 43.59
-1096.9915706539155 44.60260316371918
-1097.889775516987 45.644727435112
-1098.6139764213563 47.05716403961182
-1099.2527375245095 47.79228534936905
-1099.80069470644 49.085088875293735
-1099.8822440379859 49.508976902961734
-1099.5532042855025 50.04138400793076
-1099.832421528697 50.567315664291385
-1099.8036802583933 51.56566062211991
-1099.7838256531954 52.89745249986649
-1099.9760757261515 53.39311787128449
-1100.4747679406405 54.690468635559085
-1100.2405590289832 55.968741383552555
-1100.5831749016047 56.64229187011719
-1100.6368434304 57.48970922470093
-1100.1341871494055 58.446112062931064
-1100.6272770935298 59.7333237195015
-1100.7212823206187 60.802445676326755
-1101.0685998672247 61.742764916419986
-1101.3860714012385 63.4262330198288
-1101.5362434858084 64.06472631931305
-1100.7385797375441 65.68012925624848
-1100.5974591547251 66.88078090190888
-1101.1080917292834 68.28154679775238
-1101.126584547162 70.12196036815644
-1100.8655231767893 71.40743204593659
-1101.6160137230158 72.9984644317627
-1102.6724326187373 74.11779638767243
-1103.641667264104 75.13743325710297
-1104.8751349622012 75.8883011007309
-1106.5219118767977 75.87850108385086
-1108.1929779225588 75.93199845790863
-1109.8054239922762 77.05369779109955
-1111.5584160262347 76.99593177080155
-1113.2309378558398 77.19096183419228
-1115.0656756335497 77.24749236941338
-1116.819280641675 77.39675089359284
-1118.3207750493289 77.59743561983109
-1119.9034471684695 78.732957508564
-1121.4067824059725 79.92809059858322
-1123.3301694566012 80.99234810113907
-1124.151869314313 80.6753123664856
-1126.124582784772 80.66167206704617
-1127.9864750081301 81.14865542590618
-1129.8379700356722 80.90345219910145
-1131.6459775143862 81.0504486078024
-1133.4537379914523 81.54659203827381
-1134.6569765979052 81.03980944693089
-1136.3827185803652 81.25917562484742
-1138.1212963038683 80.73659136533738
-1139.8544618064166 80.23530938863755
-1141.6539822989703 81.11515810728073
-1143.5572289401293 80.59961059331894
-1145.3582073622943 80.34747448205948
-1147.0866922312975 79.94005807876587
-1148.1108962470294 79.39225908756256
-1149.6432174617053 79.03378316402436
-1151.314018624425 78.86702975273133
-1152.4921881133318 77.36490043640137
-1153.2689736062289 75.65966304779053
-1153.258440631032 74.85105535030365
-1153.340752030313 73.9346991443634
-1153.322494173944 73.17421623706818
-1153.925401712358 71.25752111911774
-1153.6490749368072 69.5135612154007
-1153.9314502725006 68.11806353569031
-1154.7213866958023 66.47116264343262
-1154.777297860533 64.85694262027741
-1155.2338778735698 63.3900922203064
-1155.933114385754 62.33317622184754
-1156.2836316587031 60.360223379135135
-1156.8060412169993 59.48643549919129
-1156.2562576295436 58.17994376659394
-1155.5590700866283 57.71463116645813
-1156.1768140555919 56.87195452690125
-1156.1135115237535 55.137326087951664
-1156.4575938792527 53.93248805046082
-1156.0273753018678 52.018673267364505
-1156.6398295374215 50.61396833896637
-1157.205725631267 49.099571552276615
-1156.8725227029622 48.19158908367157
-1156.2710131914914 46.259762253761295
-1156.476928612739 44.79954740047455
-1156.9916606755555 43.066872324943546
-1156.8060151548684 41.69546135902405
-1157.1616766662896 40.73446693658829
-1157.4543816657365 39.7129140162468
-1157.6867751689256 38.437248733043674
-1158.031044742614 36.61027410268784
-1158.6087018461526 35.33008256196976
-1159.1544014425576 34.630338277816776
-1159.8054395528138 33.28236469268799
-1160.2158198566735 31.990045871734623
-1159.6282193274797 30.14191278457642
-1160.1674940796197 29.07141407966614
-1160.4592396827043 27.901559557914737
-1159.4632080407441 27.214035954475406
-1159.8421504111589 26.313879218101505
-1160.3655976863206 25.706501927375797
-1160.286395496279 24.05679294109345
-1159.3876828016341 23.230261769294742
-1159.3384619267285 22.209025588035587
-1159.843535116464 20.477158274650577
-1159.5663014562429 18.799997296333316
-1160.3277442963422 17.71610733509064
-1160.9709306867421 15.91378423213959
-1160.556632539779 15.204282965660099
-1161.4210823984445 14.257951822280887
-1161.2755287499726 12.743118252754215
-1163.0793845267594 12.177848365306858
-1163.6639104099572 11.733192082643512
-1165.2596141310037 11.156233724355701
-1166.8723795624078 10.328214105367664
-1167.710886141807 9.465739306211475
-1169.6484568329156 9.623258527517322
-1170.8934970112145 9.508754361569885
-1172.793991586715 8.776835132539276
-1174.2056063623727 8.439923931062225
-1175.136431118995 8.352892536818985
-1176.3261078806222 8.218108657896522
-1178.1239277334512 7.74514183789492
-1179.6231681318582 8.149658534824852
-1181.5446183891595 8.409660373032096
-1183.5253435583413 8.11725309878588
-1185.2907232256234 8.48958477765322
-1186.0021901340783 8.858760897219184
-1187.4834687919915 9.408462826311592
-1189.4241552563012 8.858009640276435
-1191.0931186886132 8.085221175253395
-1192.7407860966027 8.625531498491767
-1194.674640199691 8.358396832048896
-1196.384254476577 7.829886976778511
-1198.0707178325952 7.354122344553474
-1199.0891381712258 6.51480913549662
-1199.9828088493646 6.023908380568031
-1201.158677956611 5.298301700651649
-1201.4066818715633 4.729735735952858
-1201.9236685992778 3.104846004545692
-1202.0342951478065 2.586857859194282
-1202.8350886763633 1.5244782605767284
-1203.1578692258895 0.941507700979713
-1202.9887944670022 0.31541771084070547
-1203.6182368011773 -0.8293905815482105
-1203.8525498570502 -1.673437949120995
-1203.1257225336135 -3.164000864922997
-1203.4960599006713 -4.093438323438164
-1203.6228300394118 -5.861340697705742
-1204.2212022604049 -7.807358201444146
-1204.5791126550735 -9.53322428077459
-1205.0425046147407 -10.870603855550286
-1205.2729177238048 -12.105621632039544
-1205.2647986771167 -13.026970561444756
-1205.4537367881835 -13.687703486382958
-1205.298704213053 -14.213615175187584
-1205.4846919240058 -14.812432762086388
-1205.1799094738067 -15.774076815545556
-1205.1424875320495 -17.047745223939415
-1205.5878579379619 -18.120786305367943
-1206.0318039418758 -18.7117850741744
-1205.383174932152 -20.384449716508385
-1205.2593861283362 -21.825118061006066
-1205.0150146396459 -22.589868064820763
-1204.619981160909 -24.04715513795614
-1204.8743120343984 -25.00406109899282
-1205.3249390037358 -25.739636774957177
-1204.973421177417 -27.555062409341332
-1205.4557529003919 -29.30345713704824
-1205.258326909095 -31.015378352105614
-1204.7926755161584 -32.84067499250173
-1204.7697863192857 -34.139324303567406
-1204.4680718691648 -35.57242393106222
-1204.662158316523 -37.305079933106896
-1203.6986365379394 -39.242434020936486
-1204.3567217053474 -41.02906941980123
-1203.9432827295363 -42.86782919973135
-1204.3636842431129 -43.85557889550924
-1204.611362940222 -45.00994193166494
-1204.5234703333676 -45.90514206498861
-1203.6527587087453 -47.51256703943014
-1204.1951187761128 -49.230086561143395
-1204.5685888142884 -49.72908532232046
-1204.8355112285913 -51.69327556699514
-1204.3264793367684 -52.976739879548546
-1204.4740202637017 -54.74569701761007
-1204.423231458813 -56.6499056777358
-1204.564689374119 -58.49974584192037
-1203.9488537670672 -59.181606408059594
-1204.2217779220641 -60.287430640161034
-1204.4087561430038 -62.170789833962914
-1203.9634316326678 -63.72751438230276
-1204.387018120438 -64.56462251752615
-1204.828141218573 -65.79966330140829
-1204.3553940714896 -67.47295808404684
-1204.0924207629264 -68.35559975713491
-1203.3250523270667 -68.98767804712057
-1203.2275817529858 -70.12625228971243
-1203.292663371712 -71.32918810456991
-1202.7771308781207 -72.99631857484579
-1203.2229693593085 -74.24892699331045
-1203.3314543949068 -75.34806215375662
-1203.264961271137 -76.29012184947729
-1202.8939037011564 -77.15445011466741
-1203.2208141373098 -78.70455115646124
-1203.901418952793 -80.26584308952093
-1204.3618738339842 -82.22320299953222
-1204.3681088076532 -83.08620458453893
-1203.6442394243181 -83.86841231197118
-1204.1048284159601 -85.46481495708227
-1204.14785067603 -87.00038367122411
-1204.1664954708517 -88.34144287914037
-1204.0915944488347 -89.48665672153234
-1203.325780144483 -91.09262269347906
-1202.9762816937268 -92.68426900714636
-1203.2926638038457 -93.91809743255376
-1202.7818387062848 -95.67600589603185
-1203.3289644034207 -96.31812518447637
-1202.655250659734 -97.36916595309972
-1203.1262704642118 -98.04231786340475
-1203.5591532500089 -99.8783836326003
-1203.499013299644 -101.06294655412435
-1203.4053155580164 -102.03655206769704
-1202.6634716191888 -102.92524605602026
-1202.7164729037881 -104.47991638988256
-1202.091337839663 -105.77466159671545
-1201.9847352901102 -106.29172974437475
-1200.8452154794336 -106.74466383069753
-1200.064450005591 -107.46209156125784
-1199.3181134262682 -108.11465245097875
-1197.6712504425645 -108.51162072628736
-1196.052332738936 -108.58935495823621
-1195.5869456329942 -108.90351172894239
-1193.775798420012 -108.33507713288068
-1192.0498183766008 -107.96473988503217
-1191.6228159466386 -108.14230095952749
-1191.0587985911966 -108.27209975928068
-1190.3697443404794 -108.52130832880735
-1189.1067313352228 -108.41316575914621
-1188.4443757930399 -108.15497298151254
-1187.2443303266168 -108.82499451547861
-1186.7447263994814 -109.31608827024698
-1185.0758025446535 -109.3939031919837
-1183.2961144247652 -110.34142356723547
-1181.863955835402 -111.0120540818572
-1181.5554133453966 -111.1066712102294
-1180.2558898726106 -112.20019208997488
-1179.5891054072977 -112.6366673669219
-1179.5865481892229 -114.13176810353994
-1178.2157980003954 -114.44008391708135
-1178.3483780422807 -116.03969186156988
-1178.4872347512842 -117.27673095077276
-1177.4265658059717 -117.9884915909171
-1176.440419534743 -119.56032186359167
-1175.8280948200822 -120.77414971202612
-1176.4111593165994 -121.65363281577825
-1175.7985830703378 -122.19715547174215
-1175.7696280391515 -123.676487441957
-1175.5374308140576 -125.15411352723837
-1176.1089852960408 -125.6338015756011
-1175.5420699031652 -126.86956166833639
-1175.5373349083216 -127.73989724725485
-1176.2839020384104 -129.41060089677572
-1176.680045534447 -129.87170046180486
-1176.3150605154783 -131.37591963618993
-1176.7968032551557 -133.34483724445104
-1176.2186334324629 -134.75544327110052
-1176.8192548347265 -135.25049024432897
-1177.0428983909637 -136.12231427043676
-1176.8470374984295 -137.74223380893469
-1176.2861270350963 -139.48217743247747
-1175.566361431554 -141.00028436988592
-1175.7863362623007 -142.17156201213598
-1175.3136106920988 -143.60352807849645
-1175.5379608613998 -145.53478902190923
-1175.951141838506 -146.51625459998846
-1176.005583785996 -147.58091228812933
-1176.474792592749 -148.96233182758093
-1175.681227677092 -150.07616167873144
-1175.1785327722878 -151.67438476890325
-1174.7393263807148 -152.57897561401128
-1175.0793457558007 -154.02412181705236
-1175.9195203115792 -154.68593924850225
-1176.5695117046685 -155.50130438417196
-1175.6928732325882 -156.26530932992696
-1175.9574562539906 -157.61624347776174
-1175.8914476638288 -158.68970942109823
-1176.4668292408437 -160.27193212121725
-1175.9339206819982 -162.03839933484792
-1176.491422474906 -162.91387688726186
-1177.0267087822408 -164.46797811597585
-1176.4024150376767 -165.6075552663207
-1176.754543304965 -166.8506418427825
