-1096.19 43.59
-1095.4823597097397 44.031117823123935
-1095.790011408329 44.4129433298111
-1096.8686504387856 44.91571625709534
-1096.2043003463746 45.30820080280304
-1097.2227608585358 45.94667234659195
-1098.0970187807084 46.354803230762485
-1098.744346561432 47.50222053766251
-1099.3923637890816 47.92650034666062
-1099.9262049221993 49.60863616704941
-1099.5591870570183 50.25195714473725
-1100.1811960959435 50.64013394355774
-1099.8022254133225 52.22552856445313
-1099.7526709461213 54.18625673294068
-1100.0993092679978 54.56478222846985
-1100.3715091073514 56.517107334136966
-1100.8618242168427 56.8808964753151
-1099.7877243185044 57.668476011753086
-1100.3348006033898 59.61789074182511
-1100.8274818086625 59.978866603374485
-1101.2555593276024 61.222933199405674
-1100.0817778134347 62.11558654546738
-1100.6159826540948 63.74380328893662
-1100.363597663641 65.67160680532456
-1100.8523679697514 67.57543745279312
-1101.3739927732945 67.94270273685456
-1101.8190438771248 68.44849535465241
-1102.230869385004 68.82143023252488
-1101.2625851356984 70.73381092786789
-1101.8293333375454 72.64748575925827
-1100.8389472091199 73.03260132312775
-1100.3065202558041 73.65232815980912
-1101.5846252763272 74.03713068008423
-1102.761077078581 74.64155843496323
-1103.7452425682545 75.02578433990479
-1103.573214443922 75.39555421113968
-1104.8424748504162 75.58838799238205
-1106.3987795436383 77.09089675188065
-1106.7365496480465 78.51145019769669
-1108.631909402609 78.23710626006127
-1110.4769399487973 77.94781398415566
-1111.1692568385602 77.67902701735497
-1112.869090231657 77.4702042901516
-1114.7119893157483 77.54599374175072
-1116.5631782138348 78.90016024947167
-1116.8441890203953 78.70907103657723
-1118.6946719610692 79.89702868103981
-1120.6552962982655 79.43259018301964
-1122.1165905916691 80.58209329485894
-1124.0930655920506 81.306283172369
-1126.0837422335148 80.65492212414742
-1128.056700321436 80.08725070595742
-1130.0207508528233 79.76949914932251
-1131.9511395418644 80.21127059698105
-1133.3286703550816 79.68581255912781
-1135.28676232934 79.29755138993264
-1135.6845867359639 78.85220473647118
-1137.4790868484974 79.24799063444138
-1139.421179267168 78.81239029407502
-1141.3507203781605 78.4175492489338
-1143.2670528614522 79.65322160363198
-1145.244609566927 79.12290912508965
-1146.7975992882252 80.11180841565132
-1148.7930503809453 79.21521746754647
-1150.716767641306 78.30270510554314
-1152.0354965651036 76.96066838145256
-1153.2424323284627 75.9869546854496
-1153.079014273882 74.11573576569558
-1152.4828536832333 72.16110300660134
-1152.9778766953946 70.1944274866581
-1152.5020387792588 69.27090549111367
-1153.5681180381775 68.35118662953377
-1154.5078555965424 67.86977564930916
-1155.332676115036 65.91463100552559
-1156.0624155426026 63.918719407320026
-1156.70922082901 61.97936117291451
-1156.3705721223355 60.51773619294167
-1155.8766620182992 58.998978611230854
-1156.4564251923562 57.40801417469979
-1157.049385073185 55.42640912175179
-1157.5549542331696 55.00668483614922
-1158.0026797676087 53.04817205309868
-1158.4119836115838 51.15135031580925
-1157.2678616070748 49.23061650633812
-1157.7639035010338 48.3351340854168
-1158.2015045309067 47.320082720518116
-1158.5778373503686 46.97239845633507
-1158.9627863788605 45.046594794988636
-1159.2751982533932 44.13032400250435
-1158.552640529871 42.26551544308663
-1157.3147197687626 41.40777134537697
-1157.1110152328015 39.83743869900704
-1157.855078908205 37.838774200677875
-1158.4897145950795 37.2112931573391
-1159.018852981329 35.241750653982166
-1158.167506786585 33.48203771948815
-1157.323602887392 32.96986239790917
-1158.1692844951153 32.44645148158074
-1158.9151192629338 31.992633100748066
-1159.5578341805935 30.091059919595722
-1160.1527818763257 28.114483114480976
-1159.0932419621945 26.255070444345478
-1158.1339118206502 24.266848322153095
-1157.3143105828763 22.342884536981586
-1156.5656223618985 21.316234465837482
-1157.5061499202252 19.405361529588703
-1156.961876424551 17.42427813649178
-1158.1562648141385 16.85529344916344
-1159.2444184148312 15.216005738973621
-1160.5221934640408 14.358783599138263
-1161.7876334512234 12.511470910310749
-1163.5945656621457 11.506427999734882
-1163.9718584740162 11.327370073795322
-1165.5893281424046 10.506103363037113
-1167.5816641771794 11.117743518352512
-1168.0446815812588 10.651559677124027
-1168.4905804717541 10.030719425678257
-1169.3177427375317 9.515034642219547
-1170.885367306471 10.283626582622531
-1172.8790880763531 9.505102481842044
-1173.3323398554326 8.943476226329807
-1175.2990790331364 8.230674173831943
-1175.690309020281 8.218246948122982
-1176.5269865119458 8.648587625622753
-1178.5227502906323 8.176012110114101
-1180.1803531968594 9.124604176878933
-1182.1793881976605 9.954173993468288
-1182.5808839523793 10.636125993132595
-1184.22312972188 9.709032427668575
-1186.2195924246312 10.480821978449825
-1188.21333894372 9.621609401106838
-1188.6263865554333 8.81881464660168
-1190.6235338771344 9.575683068633083
-1192.6153434836865 8.701498400568966
-1194.6025275313855 9.2891330832243
-1195.020349713564 8.088492285609249
-1196.9812233173848 7.0155476444959675
-1198.5520252907277 6.185560654997829
-1198.7409843528271 5.2360161656141315
-1200.0512289130688 3.7234630697965656
-1201.2085899436474 3.3821401709318195
-1202.0312229716778 1.4506739491224323
-1202.9095638716221 -0.5464285498857464
-1202.7552222782374 -1.8579106217622723
-1203.549026864171 -2.2582031971216168
-1204.252405064702 -4.253518033623692
-1203.7516520792246 -6.22500460207462
-1204.4287634664774 -6.619317103028294
-1205.02343757689 -8.601693916916844
-1203.9538045698405 -9.03219704687595
-1204.611387448907 -9.428730893731114
-1204.7695996934176 -9.808312643170353
-1205.3214051300288 -11.514780748486515
-1205.8189171129466 -13.459974039196965
-1206.2638849788905 -15.356517780423161
-1206.6680740588904 -16.458371270298954
-1207.028629975915 -18.31458650887012
-1207.3601847165824 -20.204244006276127
-1207.4713303023577 -22.09822784721851
-1207.7726610177756 -22.660479236245152
-1208.0242503160239 -22.990298557877537
-1208.233570920825 -24.82765464842319
-1208.439153956771 -25.167188752293583
-1208.6579048508406 -26.942472327351567
-1207.8806222552062 -28.49256001770496
-1208.0710857981444 -30.326393831372258
-1208.3123437041045 -31.16547946989536
-1208.5410977476836 -32.26023225843906
-1207.1726215952635 -32.50356714785099
-1207.482404100299 -32.815930832028386
-1207.7527334564925 -33.113442767262455
-1208.0272834175826 -34.98999654114246
-1208.1311588162184 -35.273789871335026
-1208.2467083209754 -37.10291074573993
-1208.4833435887099 -37.583750832676884
-1208.6800065511466 -37.848551440834996
-1208.8493431681395 -38.72866075098514
-1209.0113940113783 -40.52241842806339
-1209.1702261441947 -40.73881106436252
-1207.7193068736792 -42.522411871552464
-1206.3824279779196 -42.8390749579668
-1205.1570836776496 -44.68848251163959
-1205.6672543758154 -46.34130691349506
-1205.4153375202418 -48.077302086949345
-1204.3172603422404 -48.44571493923664
-1204.927183943391 -50.2546981459856
-1205.4745099121333 -52.110512960553166
-1205.9669913822413 -54.04082106411457
-1204.8112541013957 -54.40039627611637
-1205.3680253201724 -54.884295809864994
-1205.847043233514 -56.263302553296086
-1206.2527423971892 -58.19983862698078
-1206.6277773851157 -59.5487940198183
-1206.7768633538485 -61.072111237645146
-1206.0136384540797 -61.42840580999851
-1206.4387786859274 -61.77693830788135
-1206.4671703749896 -62.53073667347431
-1205.2449250394106 -64.37721036732196
-1204.3820694857836 -66.33071016132831
-1204.9886092716456 -67.60209142029285
-1203.9234636598826 -68.40689038097858
-1204.401065068841 -70.3888603335619
-1205.003215866685 -72.37087880432605
-1205.5392692261935 -72.75768755733966
-1205.9242544943095 -73.11134510099888
-1204.7706683450938 -73.45852779209613
-1205.3304364854098 -74.49578319847583
-1205.8257463151217 -75.90936850368976
-1206.2560419613123 -77.85002063572406
-1206.5860255235434 -79.07606338322162
-1206.9485437446833 -80.7944918757677
-1206.6394367986918 -82.69439469635486
-1205.418308096528 -83.03505109608173
-1205.918743210435 -84.73064612209797
-1206.3450657004119 -85.08326684296131
-1206.7506394559146 -87.00155006706714
-1205.5314004594088 -88.91760801136493
-1205.8254012936354 -89.27152352392673
-1206.2767870599032 -91.20904533922672
-1206.6644455069304 -91.55749927818775
-1205.423441516757 -93.25314532577991
-1205.91736184299 -95.21178113281726
-1206.3602658683062 -97.02983592808246
-1206.7659139806033 -98.95070623219013
-1207.097481238246 -100.79822396099567
-1206.1153348559142 -101.10528676569461
-1206.4063668125868 -102.09072237074375
-1206.4594101184607 -103.82211594641208
-1204.8069748157263 -103.87404917538166
-1203.3292431110144 -104.0260194426775
-1201.8876642459632 -105.7958028203249
-1201.8720285767317 -107.49292086422443
-1201.593494283557 -108.57319473087787
-1199.7310877913237 -109.69526003658771
-1199.3310978883505 -110.30233811199665
-1197.7141203159094 -109.52613942682743
-1195.7196976417304 -108.8883326536417
-1195.3348122113944 -109.87495331823825
-1194.9372814768553 -110.714054453969
-1193.3092856281996 -111.48789821922779
-1192.9154096120596 -110.58351396381855
-1192.5153475278616 -110.11280407369136
-1190.516257094741 -110.93814511954784
-1189.989587532878 -111.67939545571804
-1188.6275752657652 -110.7571752256155
-1186.6316491240264 -110.76461703687906
-1186.2356117242575 -110.20942015558481
-1185.210624741912 -109.58877040058374
-1184.8275213712454 -109.22685186177492
-1184.5133494609595 -110.38433353215456
-1184.1549810045958 -109.91539622455835
-1182.4884921187163 -109.73429305464029
-1180.7630771273375 -111.29742510229349
-1179.2517332905531 -111.26513500124216
-1178.033396946788 -111.58654369026422
-1178.4967071586848 -113.53705276161432
-1177.3749266439677 -115.01873875766992
-1177.932274954915 -116.86691070705652
-1178.4633398228884 -118.83627427726984
-1178.6608257764578 -120.41058779865503
-1177.5313607925177 -122.36115003734827
-1177.5806129002572 -123.31140322595834
-1177.9088304364682 -124.58901114374399
-1176.850131186247 -125.02593071371317
-1175.9329962456227 -125.68484915405512
-1175.1078265035153 -126.41625643879175
-1174.6822630488873 -127.08489925771951
-1174.0015867078305 -128.6605430355668
-1175.0084318244458 -129.34379894644022
-1174.4178068959714 -129.74217272907495
-1174.7235755050183 -130.50127590805292
-1175.1399544501305 -130.99644322305917
-1176.0025894665719 -131.91502309948206
-1176.7673516893387 -132.90765191227197
-1177.4050728702546 -134.9005407205224
-1177.0591563010216 -136.1723080983758
-1176.1456918740273 -137.97307826191187
-1176.8923652791977 -139.9368423333764
-1175.9490216994286 -141.25996507316827
-1176.7219415926934 -143.17752326637506
-1177.4025253081322 -143.60057301431894
-1178.0012958073617 -145.573976944983
-1177.2587819123269 -145.94608176857233
-1176.320992293358 -147.86513389259576
-1175.4469368481637 -149.8405176511407
-1175.3348146924377 -151.37003637462854
-1176.1806524047256 -153.2881869187951
-1176.873567903936 -155.28604735046625
-1177.538642550409 -157.24030936866998
-1176.5293172845245 -157.62200839430093
-1177.0895285257698 -159.15920407682657
-1177.730990792215 -159.64351863771677
-1178.2879984030128 -161.08679695039987
-1178.155605609119 -161.84575314432382
-1178.221380288303 -163.37647838503122
-1177.1380227157474 -164.01224572569132
-1177.7617718526722 -164.41145534425974
-1177.0479884693027 -166.03153152376413
-1176.0971383997799 -168.02153320223093
