-1096.19 43.59
-1097.0615002536774 44.02079572916031
-1096.810601207018 44.75983991861344
-1097.6616241657734 45.20438137292862
-1098.4693713510037 45.920787241458896
-1097.5549984896184 46.363524403572086
-1098.3237682306767 48.178001847267154
-1099.0368953669072 49.923917498588565
-1099.705018671751 50.9187250995636
-1100.2092252099515 51.317945625782016
-1100.7488631331921 51.68939938783646
-1099.6515183770657 52.27239450454712
-1100.0538401329518 54.02118858337403
-1099.022394272089 54.39697536468506
-1098.8975975462795 54.787175145149234
-1097.9715802618862 55.17881396055222
-1098.7412772127986 55.59987666845322
-1099.3783035227657 57.00655200719834
-1099.9711927124858 57.42832049369812
-1099.9642804512382 58.040608491897586
-1100.5129351863266 58.6005054974556
-1100.161129886806 58.95555302143097
-1100.6642520973087 59.48074611663819
-1101.0688643404842 59.83864107370377
-1101.473718727529 60.33709582328797
-1101.8571309694648 60.66782602310181
-1102.0498500415683 60.987700726985935
-1102.1532664248348 61.619615163803104
-1102.4306235560775 62.085027959346775
-1101.429958010614 63.97193315267563
-1101.795007223785 64.39352020263672
-1100.9277048060299 64.7522251868248
-1099.7534768530727 65.09377178192139
-1100.3231395432354 65.47220250606537
-1100.041692043245 65.84571948289872
-1099.2378137359024 66.22212269544602
-1099.9710946330429 68.22016694784165
-1100.611063028276 68.86267318964005
-1101.1547263512016 69.29622956752777
-1100.1494569429756 69.7050969862938
-1100.8758735308052 71.69580581426621
-1100.0500240573288 73.43771627187729
-1101.168761278093 73.81503679990769
-1102.396561766565 74.13960334300995
-1101.8982236930729 74.51441964149475
-1103.044907386005 75.76165434360504
-1104.602384144962 77.10558434963227
-1106.1487167426944 77.32274287581444
-1107.8448527404666 77.20194601655007
-1108.9358792850376 77.34253808498383
-1110.6526781865955 77.15112962961197
-1112.4734365293384 77.01427694797516
-1114.0017803260685 76.82768264055252
-1115.6438472816349 77.25207647323609
-1117.4491646835208 78.6562727355957
-1118.1133903810382 78.28038978219033
-1118.4457140514255 78.11554523944855
-1120.1806459972263 77.7947285437584
-1122.0488248416782 77.53298607110978
-1123.4197868654132 78.80668606996537
-1125.3491384336353 78.41233399152756
-1127.2632442066074 78.05296605467797
-1127.8595060655475 78.13958215355873
-1128.1575236269832 77.82665314912796
-1130.035010213554 79.13878169298172
-1131.9684055992961 79.97154083490372
-1133.929233903587 79.47349586725235
-1134.2780260393024 79.02971258401871
-1134.8026823946834 78.60879814267159
-1135.137462849319 78.55046254038811
-1137.0466558882595 79.80648320555687
-1137.6898893663288 79.46267082929612
-1139.6371614286304 79.01886000871659
-1141.569626505077 78.66086178660393
-1142.6543325731159 78.53622734189034
-1144.5826490470768 78.93698733687401
-1145.1226055571437 78.36622017264366
-1145.5060664960743 79.48088329672814
-1147.3457216569782 78.82976275324822
-1147.9211647459865 77.96918481230736
-1149.914666647613 77.2809963786602
-1151.345590824783 75.62610417246819
-1151.2268184670806 75.03254770874977
-1152.3039365062118 73.63484131932259
-1152.6434907862545 71.70475709080696
-1153.6765079447628 69.73775314927101
-1154.5861275741458 67.7439868414402
-1155.3925365158916 66.17920779824257
-1156.1095735380054 64.18342160820961
-1156.7288143584133 62.22439503312111
-1157.2861447879673 60.2494777405262
-1157.7661693045497 58.289024945497516
-1158.1474961587787 57.2989014351368
-1158.5499457964302 55.3707267010212
-1157.316575253904 53.46063172459603
-1157.8067312189937 51.49952017903328
-1156.6540809819103 51.109262164831165
-1157.2164208838344 49.649757918119434
-1156.1935312697292 48.51961379885674
-1156.8183016130329 47.27635341525078
-1157.3654209324718 46.818974729776386
-1157.0770904371143 46.03670155644417
-1157.5892212936283 45.391138490438465
-1158.0481997677684 45.01845031619072
-1157.6978570172191 44.49469160676003
-1158.145942593515 43.65094285845757
-1156.9723797091842 43.26832949757576
-1157.468166256845 41.578992482423786
-1158.0410868772865 39.767601605653766
-1157.0527865538002 38.12603604435921
-1156.8878381946683 36.139834281206134
-1157.837622294724 35.695156987905506
-1158.618340561688 34.12685984015465
-1159.3254771927 32.1304723584652
-1159.9282798865438 30.15684479117394
-1160.4848632314802 28.924031075239185
-1160.9772188165784 26.964168366193775
-1159.8207554319501 25.04555350184441
-1158.7786640623212 23.858028944730762
-1157.8699180582166 22.428582962751392
-1158.6518202522398 21.85286515593529
-1157.7814359763265 20.304820593595508
-1158.708647439778 19.88049709439278
-1157.9104324677587 17.97752177357674
-1157.9244510480762 16.01230895161629
-1159.196038300693 15.549654778242115
-1159.916942293346 14.843989428281787
-1159.6759290644527 12.982726629972461
-1160.1693864414096 11.698996957540515
-1162.1316040107608 10.619944032430652
-1164.100366885364 11.274235125780109
-1166.0233820030094 10.257663127183918
-1168.018885667026 10.963711317777637
-1169.578112537563 9.99005108714104
-1169.9767612168193 9.442558642625812
-1170.406874651611 9.281502213478092
-1172.4065771052242 8.50783303022385
-1174.347206349075 7.863521900177005
-1176.3308458277584 7.990385305285457
-1178.1086691567302 7.386790167689327
-1180.0797790238262 8.43133176505566
-1182.0676058480144 7.8601996415853534
-1182.5502555915714 8.16335211336613
-1184.4210168668628 9.118600409626964
-1186.4133405038715 9.02228788673878
-1188.344572956264 8.337438624501232
-1190.3443751880527 8.292231943607334
-1190.7440774986148 7.519744899272922
-1191.384280795753 8.403014686107639
-1191.9221463152767 9.067680265903476
-1193.8986890265346 8.985560100674633
-1195.7987561175228 7.787358921170238
-1197.604007715881 8.140542637705806
-1197.6936283656955 6.598739039301876
-1199.4265404292942 5.194746624827388
-1200.5416594097019 4.1628700608015095
-1200.4309177348018 2.1993955487012897
-1200.4206145355106 1.8002385014295612
-1201.035228664577 0.20580459773540838
-1201.190416584313 -1.7658580428361859
-1202.1770975092054 -3.6102546340227093
-1201.445534298718 -5.588207114338871
-1202.3657965162397 -7.573168624043461
-1203.2016046741605 -8.607106435894963
-1203.9397062757612 -9.032215107083317
-1203.0233600237966 -11.01776479542255
-1203.785760472119 -11.476459193825718
-1202.8595345714689 -12.022984374165532
-1202.5874257782102 -13.70783125221729
-1201.8111763098836 -15.706548441052433
-1201.1230185726286 -17.696476448178288
-1202.1104025939107 -19.661084759831425
-1201.3902456858755 -21.275809991955754
-1200.7575893500448 -23.105548608899113
-1201.772269616425 -25.06740759670734
-1201.0812053778768 -27.061276662945744
-1200.6708227196336 -28.403282273411747
-1200.9979399839044 -28.781041670441624
-1201.8814477720857 -30.76242463648319
-1202.102281997502 -32.26931135714054
-1201.6246770718694 -32.99858455717563
-1201.0540852048994 -33.9692863112688
-1201.8362665870786 -35.90536271393299
-1202.5963636735082 -37.53492878735065
-1203.411409328282 -38.15091114103794
-1203.2422311404348 -39.82573621332645
-1203.9401685097814 -40.25141309559345
-1204.5863921144605 -42.242208469510075
-1205.166259596646 -42.77238272488117
-1205.6651837328077 -44.25709759056568
-1204.5370172956586 -44.88155775129795
-1203.5259912708402 -46.86035065710544
-1204.2243101099134 -47.361928332448
-1204.7608568766714 -49.34881221115589
-1204.0070417025686 -51.325258839726445
-1204.656585583985 -52.120035696625706
-1205.2364434698225 -53.684799600243565
-1205.7377554872633 -55.538171697258946
-1206.1864921846986 -57.486634421944615
-1205.2879596748949 -59.403796363472935
-1204.1937577524782 -60.17357378065586
-1204.788417915404 -62.160265970826146
-1205.349439481795 -62.936593461632725
-1205.7930005589128 -63.53257511913776
-1204.6405467787386 -63.95364283382892
-1204.539071867764 -65.92912911236286
-1203.516343305409 -66.67374085247516
-1203.374509165585 -67.4345304852724
-1203.1932563582063 -69.43039892971515
-1202.392235735953 -69.82912461817264
-1202.7143843868375 -70.28449504435062
-1203.3881098726392 -72.22100751459598
-1204.1095284321905 -72.6194162851572
-1203.1427722075582 -74.33723299562931
-1203.8740989664198 -74.95782815277576
-1202.93292422086 -75.55114506542682
-1202.9296506853402 -77.55069958031177
-1203.6940753670037 -78.53472493946552
-1202.8843443007768 -80.52894257366657
-1202.0836690278352 -81.19105737268924
-1202.9572196812928 -81.91635649263858
-1203.395053318292 -82.33761488258838
-1204.1069625528157 -84.27668248474598
-1203.5716141970456 -86.26560257732868
-1203.9946499677003 -87.74219750225544
-1204.6393051357568 -88.13255004942417
-1205.1662880392373 -88.69107251226902
-1204.0925123901666 -89.2188391572237
-1204.7066743583978 -89.61273007452488
-1203.6706134290994 -90.16653810799122
-1204.355575761348 -92.16148959457874
-1204.950791618377 -93.94953082859516
-1203.9015337438882 -95.9070224648714
-1202.9584578485787 -97.18706821262836
-1202.1316432566941 -99.18550013363361
-1201.4032743783296 -101.17737482845783
-1200.6462936015428 -103.15333222210407
-1199.6964055509866 -105.06926559269428
-1198.4861062975228 -106.99663208782673
-1196.5676285238565 -106.83622844874859
-1195.8490791530908 -106.86875008404255
-1194.643604657203 -107.5695369130373
-1194.228855213672 -107.10899387657642
-1192.3001087518037 -106.83747680842876
-1190.8051346154512 -106.46554138123989
-1188.91846807912 -107.47049166619777
-1187.1027932973207 -107.15924872815609
-1185.2196703763307 -106.97747631728649
-1183.441796860248 -108.1391245907545
-1182.2035666318238 -109.67318936049938
-1181.9460305781663 -109.59296121060848
-1180.208373746425 -111.09792031705379
-1178.7622031779588 -112.79803504407406
-1177.5215413184465 -113.14329530656337
-1177.6904929788411 -113.51154418647289
-1176.7706450136006 -114.16822339951992
-1175.8376294882596 -114.73508914172649
-1176.6234303624929 -115.44672771155834
-1175.7162850411237 -116.60600741565227
-1174.9170176894963 -117.24521102368831
-1175.8107698471845 -119.19633378446102
-1176.5206852467359 -119.73089780271053
-1175.646134904176 -121.65212895333767
-1174.855430713445 -122.1791836208105
-1174.2190877111257 -122.65088732898235
-1173.6007614643872 -123.63651939094066
-1174.5622110278905 -125.60573049247265
-1175.0317026288808 -127.59752579391002
-1175.9122868688405 -129.1850024050474
-1176.670862069875 -131.18451674640178
-1176.1254908950627 -131.78020967900753
-1176.8035309226811 -133.44145526349544
-1176.0840932042897 -134.44068368136882
-1175.3795109303296 -136.211263615489
-1176.2067625434697 -138.21035071074962
-1175.6184697659314 -140.20383580386638
-1175.768052226454 -141.39577027022838
-1175.2654779018462 -141.925718922019
-1174.5228332342208 -143.76152839124202
-1173.8901001276076 -145.6657854503393
-1173.3607513965667 -146.3121075218916
-1173.017204976231 -146.69260885179042
-1172.8830189169944 -147.526923853755
-1172.8297920884193 -148.19949622809887
-1173.537772601992 -150.0097930020094
-1174.5096565546096 -150.39903988301754
-1173.9083018364013 -152.10054029881954
-1173.485215729624 -154.08257760465145
-1174.4632400931418 -155.3241291230917
-1173.8775341571868 -155.78230198085308
-1173.3018966378272 -156.16126890838146
-1172.8747129799426 -158.12157030761242
-1173.9924309612811 -160.01259966552257
-1174.9858159781993 -161.06414671599865
-1175.8629076243938 -161.6211034244299
-1176.4850530983508 -163.3129874652624
-1175.5989272357524 -164.00346215426922
-1174.9770028950275 -165.80426796138286
-1175.64319679752 -167.49742456138134
