-1096.19 43.59
-1097.0361797237397 44.91281637191773
-1097.4590830230713 46.173102941513065
-1097.8950309181214 47.5583837890625
-1098.5513557815552 49.30638417243958
-1099.0369465076924 50.9406954908371
-1098.2868553125859 51.59620436668396
-1098.4352633082867 52.65259655952454
-1098.57577093184 53.132647242546085
-1098.7003041902185 54.50340577602387
-1099.3484710255266 55.14782073736191
-1099.9503738680482 55.610650506019596
-1100.4321594038606 56.932189431190494
-1100.8019672432542 57.725537743568424
-1101.1479038396478 59.04109593868256
-1101.4668542841077 60.35586246490479
-1101.2994700172544 60.94114580392838
-1101.29216961056 62.56352057695389
-1101.540175626576 63.632088329792026
-1100.9396459558607 64.42845883607865
-1101.2889592447877 64.92556264638901
-1100.5359443226457 66.14472439527512
-1100.6731795468927 67.67398622274399
-1100.6869508424402 69.22879197835923
-1100.1581480303407 70.69166341066361
-1100.5846597352624 72.50036659479142
-1101.3773579993845 73.75095715761185
-1101.8773658671976 74.72290756940842
-1103.014947334826 75.47996142148972
-1104.259407440722 76.20789453029633
-1105.814479033053 76.77017506599427
-1107.1165091195703 77.9064086341858
-1108.8858353295923 78.1003968679905
-1109.4612229266763 78.06971001267434
-1110.0486740270258 78.26703965306282
-1111.149805585444 78.9622896873951
-1111.5728519359232 78.67896520733834
-1113.1590884128213 79.62015366196633
-1114.6100300946832 79.82517023026944
-1116.0345236459375 79.78276715815068
-1117.5861896672845 80.05096070110798
-1118.978695551455 80.35739858090878
-1120.543831626475 80.01494927346707
-1121.5608150163293 79.79016215741635
-1123.122169057429 80.34268296897412
-1124.5076710382104 81.12247748315335
-1125.897954145968 81.83964873492718
-1127.315897742808 81.75956633329392
-1128.1852746406198 81.95985266208649
-1129.9421568313242 81.78354395568371
-1131.023875156939 82.03706891477108
-1131.8848213353754 82.01652209475637
-1133.4244890609384 82.76880989983678
-1134.7708754935861 82.034969791919
-1136.3926959434152 81.81990306094289
-1138.1697667041421 82.09829013064504
-1138.9940740266443 82.14037298798561
-1140.7475194135309 82.4539058470726
-1142.3034662404657 81.99389001369477
-1144.0439047017694 81.21529313564301
-1145.7258192697168 81.2113330924511
-1146.2897687354684 80.46345859408379
-1147.0209373632074 79.63725399613381
-1148.635492245257 78.82671337962151
-1149.9945761361719 79.03275817275048
-1151.3315679231287 77.65975111365319
-1151.696893016398 76.66499018311501
-1152.9335477748514 75.8989864552021
-1152.9634107151628 74.59479164719582
-1153.0742604830862 72.99640261769295
-1152.9810710796714 71.90424561142922
-1153.3423257121444 70.44903337597847
-1154.2075991877914 69.59506010651589
-1154.6564028510452 69.0866696202755
-1155.380067254007 67.63783663153649
-1156.0435413965583 65.95374446749688
-1155.532594049871 65.3539716565609
-1154.8135630735756 64.01246922850609
-1154.575268099606 63.03502773880959
-1155.0142063000799 61.8143963778019
-1155.2429723092914 60.33120751023293
-1155.8114321777225 59.24826025605202
-1155.2261103340984 58.46307205796242
-1155.602266485393 56.67489933609963
-1155.2626129934192 55.90276378035546
-1155.5073586204649 54.16241246104241
-1155.2984616705776 53.37150030970574
-1154.856737727821 51.55149525046349
-1154.3281861492992 49.7515329682827
-1154.0624092170597 48.06156545519829
-1153.6397855231166 47.24039071440697
-1153.5070750513673 46.74358772873879
-1153.9207095304132 45.834517713785175
-1154.512539485991 44.57269096016884
-1154.3853927204013 42.8065918648243
-1154.9548805305362 42.35108965277672
-1154.8690886968375 40.86419647574425
-1155.2386964136363 39.32502084612847
-1156.038629012704 37.88277321696282
-1156.7562980228663 36.0353019797802
-1157.6055489355326 35.17111444115639
-1158.0339591377974 33.29538941025734
-1158.5113104754687 31.401913400888446
-1159.140853779912 29.921479936838153
-1159.731956499219 28.950708147287372
-1159.1616577082873 28.245851393938068
-1159.5235946947337 26.548960324525837
-1159.7974274629355 24.71220743298531
-1159.8116917037964 23.22616612553597
-1159.6571155512333 21.808977719545368
-1159.41949911654 21.169039067029956
-1158.786244469285 20.172635849714283
-1159.0966953510047 19.26083474993706
-1159.6211650246382 17.569177922010425
-1159.0702233785391 15.593105372190479
-1160.0384045118094 14.25140374541283
-1160.963051723838 13.009428199529651
-1161.6078572744132 12.312346097230915
-1162.7850679630042 11.490309115648273
-1163.6618712419272 11.32043501377106
-1164.1771691316367 10.340756740570072
-1166.1417761319876 9.595740582942966
-1168.1369488710166 8.929102983474735
-1169.784225510955 8.266527380943302
-1170.8924408429862 7.691752519607547
-1171.509629892707 7.401236500740055
-1173.3683661693335 7.907871034145359
-1174.5412365669013 7.3956929707527195
-1175.4068342918158 7.142348971366886
-1176.1459650272132 7.837306823730472
-1176.641872214675 8.617164161205295
-1178.4262874597312 8.587190281748775
-1180.288260268569 9.22419704139233
-1181.9916751855612 9.681842219233516
-1183.6998606199027 8.899938833117488
-1184.5187308067084 9.161878299117092
-1185.3184558027983 8.576800834536556
-1187.2617169493437 9.298285078406337
-1189.171409713626 10.015036713480953
-1191.1305490607024 9.730135541558269
-1192.649642097354 8.794850330948833
-1194.0438957089186 8.300205629467968
-1195.52842651546 7.406321805119518
-1196.0179602974654 7.1879156196117435
-1197.8385960930586 7.05628683805466
-1199.3903841847182 6.297895874977115
-1200.312042104602 5.310687925815586
-1200.7952256673575 4.602237012386325
-1201.5918013328314 3.0861468577384983
-1201.9173713201285 1.5923184418678318
-1202.1003908836842 0.5696426892280613
-1202.0822119364143 -0.5955025887489285
-1201.5956564494968 -1.7538250422477688
-1201.8406436094642 -2.344690892696377
-1202.3745851764083 -3.3077354168891873
-1202.6900083968044 -4.252748343944546
-1203.447573477924 -5.652123544216153
-1203.0951656648517 -6.285530302524563
-1203.4143777140976 -7.62261495351791
-1202.789385343492 -9.447604749202725
-1202.3455547341705 -11.039248321056363
-1202.721610749662 -11.790507171154019
-1202.629927905798 -12.745472881793972
-1203.367001208067 -14.533135864734646
-1202.8395800316334 -15.889361712932583
-1203.5150987827778 -16.959505889415738
-1203.5306506851316 -18.62467989683151
-1203.0346481898428 -19.450072023868557
-1203.6172263124586 -21.407767508029934
-1204.1031284430624 -22.636681768894192
-1203.6361873844266 -23.894514296054837
-1203.2297058203817 -25.49819359540939
-1203.5748801329732 -27.30829462766647
-1203.4186392375827 -27.859272155761715
-1203.2340530255437 -29.443288121223446
-1203.2209404022992 -30.76034382343292
-1202.9311875613034 -32.64905313014984
-1202.8420188637078 -34.38508096694946
-1203.3172385008634 -35.011723134517666
-1203.4633138985932 -36.55988213777542
-1203.344134836048 -38.16570887327194
-1203.7630754993856 -38.67956987380981
-1203.7352943556011 -39.48165372371673
-1203.9874135987461 -40.88213268280029
-1203.961548639983 -41.54458442687988
-1204.322799845189 -42.75748089313507
-1204.079556478709 -44.119772825241085
-1203.8563132719696 -45.990688714981076
-1204.2383601503075 -46.943605873584744
-1204.7369259433449 -47.50965443611145
-1204.018789871186 -48.73130479812622
-1204.5480142073334 -50.45082107543945
-1204.5859086351097 -51.27234444379806
-1205.1149004535378 -53.16199145078659
-1204.520073993653 -54.7329541182518
-1205.0473983721436 -56.211820933818814
-1204.2611469464005 -57.098596129417416
-1203.5687014894188 -58.86529973506927
-1203.4325882034004 -59.78231147289276
-1203.610582022518 -61.30404118061065
-1203.400491951555 -62.19804850578308
-1204.0688698278368 -63.95253458976745
-1204.1499555246533 -65.75980392456054
-1203.9922448830307 -66.66596916675567
-1203.8679106371105 -68.52161315441131
-1203.9039735631645 -69.37211624145507
-1203.2279513911903 -70.83828905582428
-1203.2740626843274 -72.50916174411773
-1203.7720357389749 -73.20739010334015
-1204.1941502006352 -74.33620348930359
-1203.8647351177037 -76.04467335700988
-1203.0699188621343 -77.05448618888855
-1202.9549735994638 -78.30644110202789
-1203.490812561065 -79.76388326644897
-1203.1390076489747 -80.80812910556793
-1203.3695197613538 -81.71215346813202
-1202.8296182067693 -83.31587294101715
-1202.193960479051 -84.07828000545501
-1202.8563356907666 -85.17037168502807
-1202.9361733408273 -86.1317845916748
-1202.4002590985597 -86.97243109703064
-1201.859332344085 -88.78360870838165
-1202.5480615110696 -89.73655131816864
-1203.2393292398751 -90.43693599462509
-1203.9060881347955 -90.96613666772842
-1204.394782564193 -92.32789263486862
-1204.3705629767478 -94.0742729640007
-1203.6107800664008 -94.74145147562027
-1202.793232268244 -95.9351937508583
-1202.2414749921859 -97.81090817213058
-1202.9804696501792 -98.65194949865341
-1202.1619306267798 -100.27777931451797
-1201.4419468702376 -100.69574287891388
-1201.2404091866315 -101.27352211236953
-1201.7096552164853 -102.74642071485519
-1201.0113722594083 -103.33631953954696
-1200.889215400964 -104.76885661840439
-1200.9082598300279 -106.58691200971603
-1200.0799122662843 -107.56424782037735
-1198.991272649318 -108.17859664916992
-1197.9565312476457 -108.65221336841583
-1197.3602386923135 -108.64177461326122
-1195.740638038665 -109.42703386008739
-1195.1107183904946 -110.01136865079403
-1193.299295565635 -109.33381303012371
-1192.4098637910188 -110.2103201931715
-1191.3578177304566 -109.7242396658659
-1189.4273510785401 -109.91228664278984
-1188.764958641082 -109.41244879722595
-1188.2871542783082 -109.83323899269104
-1187.5078934045137 -110.73491165399551
-1186.228229841739 -111.35287663698196
-1184.9496256919206 -111.10615472853183
-1184.2402517409623 -111.70495967924595
-1182.781664928943 -111.96473352968692
-1181.5030299039186 -111.84757112324237
-1180.0291772694886 -111.87448938548565
-1179.156051120311 -112.36519180595874
-1177.837851485759 -113.89068375885486
-1177.4480884881318 -114.62708281338215
-1176.774766406566 -115.41597770512104
-1176.6782641546429 -116.5320681220293
-1177.1834234134853 -118.36567198097706
-1177.1561368988455 -119.66875349342823
-1177.4629840539396 -121.03986595928669
-1177.4836382554472 -122.03447114288807
-1177.234068377465 -123.84224234879017
-1177.536775751561 -125.16441999733448
-1177.4479483427108 -126.93529163658619
-1176.8167447508872 -127.93773125469684
-1176.2721794308723 -128.50937645494938
-1175.6060192646087 -129.02949308216571
-1175.505464038402 -130.47372268497944
-1174.9461615891755 -132.19833539783954
-1175.0856224657596 -133.9578721410036
-1175.6824528934062 -135.11590932667255
-1175.3699830235541 -137.03844617664814
-1176.0741121234 -137.77064656078815
-1176.6126514734328 -138.87925373375415
-1176.7731662006677 -140.76757656395435
-1176.2907858403028 -142.0539702063799
-1175.9389530928433 -142.69411342203617
-1175.715356847793 -143.49567084372043
-1176.456010541469 -145.42629497110843
-1175.9923051209748 -146.335292506814
-1176.452622345239 -147.24717001974582
-1177.0210841210187 -148.17514925062656
-1176.8751509399713 -149.39056580126285
-1176.7373633892835 -150.55590014517307
-1176.0208294303716 -152.29862647116184
-1176.2673519016803 -152.8993086105585
-1175.5843995572627 -153.82277565062046
-1175.9420926631988 -154.78048353254795
-1175.5374672175944 -156.07970516741275
-1176.1598589779437 -156.79428677618503
-1175.8931168080867 -157.45446180164814
-1176.4150328995288 -158.06813799202442
-1175.8147182227672 -159.6635115033388
-1175.3596248091758 -160.55844365417957
-1175.167994967252 -161.72368036568164
-1175.2760720910132 -162.25661228954792
