-1096.19 43.59
-1096.1382845142484 44.859037008285526
-1095.6982622542978 45.57100602626801
-1096.049273262322 46.5205157661438
-1096.246340791285 47.232150759696964
-1096.3519048267603 47.67911943435669
-1096.2736223810912 48.89644595623017
-1096.7157653146983 50.014562573432926
-1096.7474331507087 50.964252378940586
-1096.235503936708 51.75462451219559
-1097.1664428958297 53.42881121873856
-1097.5844355770946 54.377168443202976
-1097.1852390119434 55.12022247552872
-1097.0014404007793 55.67878564834595
-1097.5541589209438 57.00590857505799
-1097.8098811754585 57.61986651659012
-1097.3746649870277 58.404862549304966
-1096.7775822529197 58.8630702161789
-1096.8165938952566 59.564309444427494
-1096.799932474792 60.40822955608368
-1097.3692642995716 61.523550834655765
-1096.996380264461 62.45666160821915
-1097.0304676616192 63.174266483783725
-1097.6787969195843 64.65885784864426
-1098.318602474928 65.61725046873093
-1098.8662329041958 66.4071529173851
-1099.3096735203267 67.12063625097275
-1098.9472677135468 68.15621581315995
-1098.652968736887 69.69457545518875
-1098.504314454794 70.85517945528031
-1099.257243486643 72.00828972101212
-1099.620594354868 73.22473564386368
-1100.0495229685307 74.44797280073166
-1100.1208116734028 75.13452431201935
-1100.9648325169087 75.69886812210083
-1102.1445166790486 76.62434824943543
-1102.482038410902 77.40802254915238
-1103.0124124610425 78.470351126194
-1104.132418307066 78.56421383857727
-1104.6011395180226 78.72422603905201
-1105.0850262367726 78.81169853746891
-1106.706761213541 78.70880622804165
-1107.902074071169 79.77513272702694
-1109.1058165752888 79.69396547615528
-1110.516988965273 79.6269307845831
-1111.3004482710362 80.00292344033718
-1112.3049066984654 80.47782040774823
-1113.9498340809346 80.21835092842579
-1114.5209768736363 79.9202109092474
-1115.5956766331196 80.57996548354626
-1116.8505466902257 80.495861094594
-1117.4776433432103 80.25250035166741
-1118.969954224825 80.70507651209832
-1120.5031132423878 81.40671670079232
-1121.2037517750264 81.15866870820523
-1122.312761398554 81.1970756316185
-1124.1334389173985 80.75740056872368
-1124.562060328722 81.13436960816384
-1126.1114638769627 81.13819045960904
-1126.7373454892636 80.5760832542181
-1127.862044724226 80.47266324996949
-1128.5058908188344 80.47503527641297
-1129.1008403623105 80.60436758041382
-1129.7423640811444 80.20373287439347
-1130.7979988181592 79.84606751441956
-1131.727926107645 79.87500825166703
-1133.136733146906 79.7976160311699
-1134.4518961632252 79.86661615610123
-1136.0231158459187 79.56357895970345
-1137.3191785538197 79.42939936757088
-1138.8571096384526 79.35585340499878
-1140.2039824450017 80.23739060401917
-1141.3078175508977 80.04428654551506
-1143.2386342012883 79.81616240382195
-1144.7003429853917 80.15448671221733
-1145.685081692934 79.85756608486176
-1147.2548184120656 79.36928274869919
-1148.8757478916646 78.6269798541069
-1150.7654106342793 79.21071853876114
-1151.9503588402272 77.86999359369278
-1152.9980939352513 76.39169385671616
-1153.585915299654 74.79610684156418
-1153.657419475317 72.98551490545273
-1153.1764408373833 71.49352374315262
-1153.8235482597352 69.85300531625748
-1154.361406030655 68.52383449316025
-1153.805262925625 66.60264733076096
-1153.5157995247841 65.05411949396134
-1154.0284221196175 63.385925676822666
-1154.443025352955 62.081973817348484
-1154.0135983848572 60.48412254095078
-1154.5539858961106 59.13658347368241
-1154.7669673734904 57.754549410343174
-1154.9897501641512 55.977889683246616
-1155.1048994088173 55.136631515026096
-1155.0027625361085 53.17319038152695
-1154.892727250755 51.77048876523972
-1154.748428131044 50.4801042342186
-1155.2566946992279 48.6107137465477
-1154.9538649567962 47.19227936506272
-1154.9159417027236 45.45061376333237
-1154.8580292636157 44.064451363086704
-1154.3487487012148 42.171461250782016
-1153.7756831222773 40.933023598194126
-1153.9994745725394 40.04849055051804
-1153.700475680232 38.87697675466538
-1154.0379418307543 37.10698297262192
-1154.8493372374774 35.815223481655124
-1155.647054451108 35.1693793797493
-1155.4458492273093 34.762248601913456
-1155.6071073138714 32.91378697395325
-1156.2748068892956 31.478546943664554
-1156.254753934741 30.542726364135746
-1156.2227211618424 29.54127403736115
-1156.1417112970353 28.432646479606632
-1156.2781897211075 27.623149123191837
-1156.1637057238818 26.177314248085025
-1156.3616885268689 24.656539049148563
-1156.9883261048794 22.792421426773075
-1157.292683275938 21.10372027397156
-1157.253316013664 19.74935349464417
-1157.6863426552713 17.950929608345035
-1158.2327110753954 17.43211361408234
-1158.2106243507565 16.442768778800968
-1158.869088126868 14.60072466373444
-1160.0650879876316 13.180003490448001
-1161.1391067044437 12.964920606613163
-1161.6497185365856 11.823453750610355
-1162.7168703214825 10.902752604484562
-1164.605701340884 10.101185824871067
-1166.1424206630886 9.822581794261936
-1167.5434329645336 10.053559836149219
-1168.9319261448086 9.822608124613765
-1169.6370298998058 10.221037160754207
-1170.773841752261 9.502394568324092
-1172.3315862552822 8.790877949595455
-1173.1886911527813 8.206949483752254
-1174.3110549585522 7.966553103327755
-1175.065691127032 7.5333359354734455
-1176.7008623020351 7.012288641333583
-1177.8626396791637 6.881314318776134
-1178.537299527377 7.300519269108776
-1180.1341351406277 7.3148149365186725
-1181.64936376974 8.202007781863216
-1182.38733459875 7.867627840638164
-1183.5674467222393 7.50033257544041
-1185.3521876470745 7.805086683630947
-1186.942739738673 8.126805167794231
-1187.6539932624996 8.276643674969677
-1189.100793017596 7.822864633202556
-1190.8547628061474 8.246850531697277
-1192.265693678111 8.918794613480571
-1193.2366348640621 8.485379975438121
-1194.2745648758114 8.289914172291759
-1195.6825369732082 7.3694580012559925
-1197.339486731738 7.175909724235538
-1198.6551255123318 6.369340803623203
-1199.0972834663094 4.872504260540012
-1200.3196967677773 4.1676820778846775
-1201.309984548539 2.3340288662910496
-1201.021394236535 1.0341542029380832
-1200.9162216173113 -0.5266830658912625
-1201.4357839809359 -2.422638390064236
-1201.3851268278063 -4.110845658779141
-1201.265201254338 -5.941668007373806
-1201.7900812463463 -7.595713350772854
-1201.667581012994 -8.77417061090469
-1202.150638333112 -10.54808590173721
-1202.2644208954275 -11.095443639755246
-1202.4464764730633 -12.64464488983154
-1202.604343904704 -13.903778347969052
-1202.2794558243454 -15.618514571189877
-1201.949399395436 -17.091931018829342
-1202.424541039914 -18.288531813621518
-1202.6326077567041 -20.04913834095001
-1202.8049731241167 -21.909902606010434
-1202.7083728076518 -23.337569746971127
-1202.6556772129238 -24.577087316513058
-1203.3135416047276 -26.28163972854614
-1203.0149805681408 -27.704209241867062
-1203.3493425385655 -29.62833539009094
-1203.791897340268 -31.448478851318356
-1203.2578146891296 -33.165997538566586
-1203.7210444943607 -34.74119940757751
-1203.3418692784012 -36.58689275741577
-1203.140177203864 -37.45907345771789
-1203.4620466665924 -39.038500580787655
-1203.5589835555852 -39.7022323346138
-1203.8786590011418 -40.86098942518234
-1203.6077485592664 -42.53505346536636
-1204.1723006279767 -43.838669989109036
-1204.0225069881976 -45.28834733724594
-1203.9584042789043 -46.85632929563522
-1204.2248497070373 -48.39350757360458
-1204.1540243761242 -50.15088031053543
-1204.4093995527924 -51.184086654186245
-1204.631626738757 -53.00235137701034
-1204.38446907565 -54.68265793085098
-1204.7102240161598 -56.53746840715408
-1204.3089392618836 -58.018697474002835
-1204.1673254059256 -59.632140848636624
-1203.9309563921393 -60.50962302446365
-1203.6553229378164 -61.78119513750076
-1203.7992494688929 -63.12661871671676
-1203.608710719794 -64.33457777261734
-1203.6967714489997 -65.99242398500442
-1203.7126429961622 -67.40615854024887
-1204.0626335130632 -68.6379799580574
-1203.4396762238443 -69.98110291719436
-1203.6249175952375 -71.25852200746536
-1203.8691782341898 -71.95735898971557
-1204.3800408230722 -72.85579100608825
-1203.8153001056612 -73.57839623451233
-1203.5529148565233 -75.22642949581146
-1203.9038460837305 -77.02046648025512
-1203.2963161455095 -78.35962227344513
-1203.527144251913 -79.94556156158447
-1203.97471910581 -81.73383632659912
-1204.4937753067911 -82.29218766450882
-1204.109434543699 -83.9563860630989
-1203.564690707773 -85.2993397450447
-1203.3947723941506 -85.7977271413803
-1203.2212768928707 -87.51656189918518
-1202.4336024062336 -88.2463094329834
-1202.1268830434979 -89.79641989231109
-1201.7891681329907 -90.34623101711273
-1202.3010177747906 -91.60662141799926
-1201.8525996641815 -93.41221455097198
-1201.7652324275673 -94.98389831542968
-1201.9358790950478 -95.71622053146362
-1202.484808190316 -97.36556950569152
-1202.2489304976166 -99.14875641822815
-1202.3643722446263 -100.60606244564056
-1201.9617781551183 -101.81657711029052
-1202.233843407184 -102.68218103408813
-1201.3120239587129 -104.44545045852661
-1201.1349141509831 -105.70388689994812
-1200.700180670768 -105.97402969360351
-1199.7566139908135 -107.19784263134002
-1198.4537435980142 -107.5060331261158
-1197.6453951211274 -107.43884685993194
-1196.2371583791078 -107.45817435145378
-1195.7458230467141 -108.01113450884819
-1194.0091047497094 -108.32717457771301
-1192.5418360443414 -108.98978516817093
-1190.8070963831246 -109.06808871388435
-1189.530279776603 -109.54821902871132
-1188.8066631765664 -110.29974943757057
-1187.6042393656076 -110.15870865046978
-1186.34958603099 -110.05265082776546
-1185.7521649809182 -110.34775399029255
-1184.0105740042031 -109.98883588969707
-1182.9440485449136 -110.04491068780422
-1182.636605641395 -111.40566732347011
-1182.227133652717 -112.37498875319957
-1181.4529940100015 -112.40902288615703
-1179.9134301157296 -112.11327697694301
-1179.199662348777 -113.45774187505245
-1178.1743257255853 -115.10168327748775
-1177.322163424045 -115.91562272965908
-1176.6280198903382 -116.72354902684688
-1176.107756754905 -118.4423661416769
-1175.4340864630044 -119.04082771003246
-1175.2989616306127 -119.91621525943279
-1175.451375475675 -120.60125966727733
-1175.6435129256547 -122.42411609351635
-1175.110336086303 -123.38408072650432
-1175.6639968366921 -124.58154256999492
-1176.2744307132066 -125.83760138213634
-1175.9747788520158 -127.55195649325847
-1176.2001836062968 -129.0048644131422
-1175.8048006655276 -130.87983496844768
-1175.2365514399112 -131.69744272887706
-1175.3865107806027 -132.86910482108593
-1175.063869854957 -133.4153492039442
-1175.0084038810433 -134.20639093577861
-1175.5795261697472 -135.72564585864544
-1175.162963821143 -136.63377435863018
-1175.1092158915103 -137.58311684787273
-1175.7782900096477 -138.15476872384548
-1176.065419471413 -139.88388802468776
-1175.927946573645 -141.22050239503383
-1176.5699774087966 -142.39027478158474
-1176.2752491594852 -143.269195753932
-1176.331532342881 -144.26946993529796
-1176.0657123164833 -145.801950532794
-1175.6122510270775 -146.84961231410503
-1175.9436270432175 -148.37677891910076
-1175.9354449869693 -149.34686823546886
-1175.4066406847537 -151.18613286674022
-1175.9641625644267 -152.8100732153654
-1176.0676327110828 -153.57638235747814
-1175.870793259293 -154.66957302749157
-1175.586912995726 -156.39320679366588
-1176.086202031523 -158.31453319251537
-1176.6739186109603 -159.22621651351452
-1176.4243268580735 -160.14934070765972
-1176.651155641824 -161.43795533835888
-1176.391487082988 -163.04977102935314
-1176.9002019377053 -164.20422406852245
-1176.4087208123506 -165.3585581368208
