-1096.19 43.59
-1096.191791395247 44.32502683639527
-1096.8439925709367 46.13637169837952
-1097.7229288616777 46.73220261573792
-1097.9562342265249 47.26089366912842
-1097.9089122959972 48.40323623657227
-1097.7611534246803 48.88106110334397
-1097.6776531735063 49.49561175346375
-1097.28351182729 51.17445012569428
-1097.3138629370928 51.99021967887879
-1097.369804455489 53.1892101430893
-1097.529744579047 54.847501602172855
-1098.1285973326862 55.45738699674607
-1098.7844802872837 56.27325847387314
-1099.0375586287678 56.78672286510468
-1099.0743192867935 57.694568362236026
-1098.3166427449883 58.99483736991883
-1098.5270318822563 59.6510990524292
-1098.4158730120957 60.4719329738617
-1098.008255800754 61.382668104171756
-1098.5800416083634 62.99548646450043
-1098.246730348617 63.684549477100376
-1097.677284976989 64.3404165172577
-1097.3819626481832 65.11165949344635
-1097.3617227362097 65.68280043840409
-1096.9780204878748 66.1836782360077
-1097.5115175829828 67.45254584789276
-1097.151794730276 69.02517518043518
-1097.1480631516874 69.50232120990754
-1097.593713490814 70.28372642040253
-1097.197644172758 71.66281863689423
-1098.0027191625536 71.96476927042008
-1099.0679117427767 72.95007338762284
-1099.1264208094776 74.0746630692482
-1099.5779417590797 74.82736035823822
-1100.777371032685 75.46178730964661
-1101.7861436443031 75.99356725454331
-1102.642802401036 76.28121748209
-1103.7316836552322 77.03798243045807
-1104.88591377303 77.0950591826439
-1106.4064016775787 77.57137217760086
-1107.3963135914505 77.97354361057282
-1107.9504292444885 77.86722698450089
-1109.1064873175324 78.90067854166031
-1109.8945155577362 79.60140642166138
-1111.2438872294128 79.6949799323082
-1112.2942684130371 79.54583763718605
-1113.4242650704086 79.70215014755726
-1114.7733394341171 79.66232467830181
-1116.4807444052399 79.38806692898274
-1117.3818297819794 80.15124623119831
-1118.5810765461624 80.35663394272328
-1119.648310585469 79.9219624811411
-1120.793278260678 79.74390454232693
-1122.4344237284363 79.80616663038731
-1123.0805274681748 79.95304688453675
-1124.0916554169357 79.76428612709046
-1124.9004173712433 79.69858565568924
-1126.5221312479675 79.8226405197382
-1127.0279149250687 79.6723871344328
-1128.6645511822403 80.48695255458355
-1129.7511144118012 80.25755132377148
-1131.1891448931397 80.14254440009594
-1133.0570579008759 80.53632996618748
-1134.422783060521 80.27756003677845
-1135.346263511628 80.38269003868103
-1137.2289084033669 80.49408504009247
-1138.7082702951134 80.4900168144703
-1139.3550175265968 80.19628932714463
-1141.1725331382454 80.7431931757927
-1142.1623824672401 81.4128474855423
-1143.0142298774422 81.34202108919621
-1144.6213077144325 80.6007333213091
-1145.1937092976273 80.29701043307782
-1146.897072954625 79.68072898328305
-1147.8102754192055 79.15292210519314
-1148.9049901799858 78.94979233682156
-1150.3083811835945 78.88212742298842
-1151.0105022625626 78.25447358578444
-1151.2748930887878 76.49790229290724
-1152.1485914425552 74.8588315436244
-1152.4100950197876 73.187965054214
-1153.032234056443 71.28382601231337
-1153.5141911940277 69.81989159077406
-1154.3393370942772 68.18564285725355
-1154.683826609105 66.85490228623152
-1154.3357792632282 65.00912477463484
-1154.3939102576674 63.387403506934646
-1154.0458281324804 61.877255696952346
-1153.7590930746496 60.35591985672713
-1153.519139765352 58.66327549904585
-1153.743649391979 57.81158568352461
-1154.4544885443152 57.14100464075804
-1154.5051760585607 55.43219288080931
-1154.76468001917 53.70774467676878
-1154.3941451819242 52.08596356600523
-1154.8032300384343 50.58140810221434
-1154.6070676060021 49.1568708011508
-1154.7766499878467 47.716663200557235
-1154.2285861732066 46.03463919848204
-1154.854825949818 44.31123240679503
-1154.7884901972116 43.01080389708281
-1155.037056452185 42.27189661949873
-1154.547232157141 41.43343343228102
-1154.107334560305 39.794229764640335
-1155.1053860248626 38.11941661328078
-1155.818155771643 36.709011215865615
-1156.1755988658965 35.50445212811232
-1156.8838845552505 34.1079737135768
-1156.7437923909724 32.57256140202284
-1156.6300130845607 31.246958155334
-1156.7569777132571 30.504546541869644
-1157.0364750982822 29.25739778965712
-1156.6725858213008 28.29547073334456
-1157.4391101361812 26.69439842194319
-1157.2080413611234 24.85625364273787
-1157.4211375625432 23.522715587317947
-1157.28379934147 22.05918170899153
-1157.7908925922216 21.35121383160353
-1157.4788580448926 19.499274153411392
-1158.3026390583814 18.04225148648024
-1158.44527362898 16.492806811034683
-1159.3492900045217 14.819788117110733
-1160.357816568166 13.744281787574295
-1161.5413294942678 12.289920468032363
-1162.5188389332593 11.343230027854446
-1164.0109050782025 10.656021256148819
-1164.8672970445455 10.93503393620253
-1166.4449844272435 10.35732521504164
-1167.7572238357366 10.040312308967117
-1169.509087792188 10.437386382520202
-1170.6620156677068 10.052023012340072
-1171.5070551545919 10.116921503245834
-1173.2543409974874 10.536268700063232
-1174.308109870702 10.682848084867004
-1176.133612266332 9.929620850980285
-1177.1608977229894 9.300067950189117
-1178.2342286022008 8.913044590651992
-1179.8003570945561 8.631912995278839
-1180.582912913114 7.983924437463287
-1181.8152975948155 8.170082558095459
-1183.1965957792104 8.691118348538879
-1184.1207338483632 8.884364638626579
-1185.1411091001332 9.357317391932014
-1185.9775280864537 8.869500044882301
-1186.7007341296971 9.481741134226326
-1187.6121074469388 9.379837919175628
-1189.1181980879605 9.35653148978949
-1190.1908365996183 9.593419212996963
-1190.65047507599 9.445767942965034
-1192.4774030955136 8.74935901552439
-1193.551887920648 8.251772854626182
-1194.8912789137662 7.925181958973411
-1195.8772151382268 7.29718098431826
-1197.000681629926 7.182079944908622
-1198.688796273023 5.845903072655204
-1199.670380345136 4.213929567635063
-1200.7310862453282 2.8886863330006634
-1200.9600989730657 1.7489283421635662
-1200.9800771386922 1.0258859136700664
-1201.3695854754747 -0.4871714374422993
-1201.8810112686456 -2.262845542132851
-1201.6695485623181 -3.9952824375033344
-1201.7089217589796 -4.998917009532448
-1202.0066622184218 -6.6047643682360615
-1201.7531963275374 -7.433337356746193
-1201.5495921061934 -8.754504468142983
-1201.2135055349768 -10.49583020418882
-1201.5122930394114 -11.957015897929665
-1202.2615173445643 -12.902590598762032
-1202.051355599016 -14.282613124549385
-1201.994236534983 -16.170512761771676
-1202.5278148712218 -17.22592112034559
-1202.0980296494067 -18.466567601859566
-1202.357429421097 -20.226792182624337
-1202.9706226350368 -22.13118895500898
-1203.5038279654086 -23.968788709342476
-1202.9331210614741 -25.698734965026375
-1203.510105586201 -26.901023711860176
-1203.3305744589866 -28.522685255706307
-1203.2581453682483 -29.040851738154885
-1202.63944325462 -29.772181238830086
-1202.9363451363147 -30.718627061545845
-1203.1836906434596 -32.38199862450361
-1203.6324062110484 -33.8713032862544
-1203.9740092517436 -35.579100575149056
-1203.3301453949512 -37.17984935253858
-1203.5175474943221 -38.58390804737806
-1203.8241334022582 -40.09218427151441
-1203.458552724272 -41.78822514027357
-1203.4430461139978 -43.50283488243818
-1203.375419868678 -44.452731456458565
-1203.5416522459686 -45.856937970817086
-1202.8368481235207 -47.59072348088026
-1202.580979062766 -48.56491002053022
-1203.0642809407414 -49.41473194569349
-1202.7068504230679 -50.92044588536024
-1202.9559174464644 -52.38191875427961
-1202.874791278094 -53.46543261021375
-1202.7280181781948 -54.20976766556501
-1203.0823086039723 -55.53808995693922
-1203.2263537482918 -56.37585916727781
-1203.1804740415514 -57.056983496844765
-1202.8942481265963 -57.95531180113554
-1203.136443002671 -59.171355273425576
-1203.4589410559834 -61.113411929309365
-1203.0652517215908 -62.48525169104337
-1202.9809297980369 -63.686969544589516
-1203.22773194924 -64.78947189062833
-1203.2190590040386 -66.32412114351987
-1203.3349147053063 -67.16239621847868
-1203.42793701455 -68.52311661452055
-1203.6347526596487 -70.1376853248477
-1203.241838990301 -71.41478743761778
-1203.0474551604689 -73.06846204012632
-1202.4072015570105 -74.28958347052335
-1202.9381093071402 -76.07534101217985
-1202.7130065993965 -76.8918013831973
-1202.2556912140549 -78.53257682532072
-1201.7584208385647 -80.04891338557005
-1202.3272513882816 -80.80964067190885
-1202.5174924121798 -82.62526419371366
-1203.0959377275408 -83.96994831770658
-1202.517915545553 -84.89445951193571
-1202.599732695669 -86.84304120749235
-1202.5010871426762 -87.43687209099531
-1202.9720083610714 -89.16268452614545
-1202.750141067952 -90.83373686283826
-1203.0814928846062 -91.779238846004
-1203.1307658278943 -93.31987538546323
-1203.7765587890149 -94.68689825743436
-1203.0338674509526 -96.31240680426359
-1203.5248584473134 -97.35614373892545
-1203.5374706038833 -98.40546801298856
-1203.9276763746143 -98.95487603157758
-1203.6471463391185 -99.58887853831052
-1203.4544107416273 -100.61913540571928
-1203.845008532107 -101.8286283275485
-1203.1966188946367 -103.36926188677549
-1202.5327351489664 -104.41304793566465
-1201.6627733507753 -106.07601156443357
-1200.3335914412141 -106.55134573191404
-1199.5629765787721 -107.07975723952055
-1198.9248627820612 -107.39767077177763
-1197.221395174563 -107.36898734778165
-1196.5310624042154 -108.27701988428831
-1195.7279100814462 -108.48627732306718
-1194.357098261416 -108.80254305511713
-1193.0504862466455 -109.6705893984437
-1191.660690585673 -109.85544511288404
-1190.024764815867 -110.40197756499052
-1189.2988697686792 -110.70835336655378
-1188.1983205476404 -111.02208095401525
-1186.5141641297937 -111.2782963475585
-1185.1934653916956 -111.85796278327703
-1184.4680411019922 -111.88014881670475
-1182.9928037324548 -111.92731200888753
-1181.679870645106 -111.78452744320035
-1181.052514473498 -112.58771201208233
-1180.166409830153 -112.89794798925519
-1178.9338632622362 -113.79303988054394
-1178.3080022135377 -114.50187077358365
-1178.29279969126 -115.59362008407712
-1177.8538960912824 -117.1799320204556
-1177.6141953864694 -118.95669057205319
-1178.0679544606805 -120.14671327903866
-1177.578928540051 -121.38977434471249
-1177.3737558820844 -123.19067790344357
-1176.5863664248586 -124.60717418029904
-1175.9735375145078 -126.27454473808407
-1176.5736102560163 -127.85867526367306
-1177.0210642316938 -129.149316213876
-1176.6055602529646 -130.77984573677182
-1176.821742991507 -132.52391650512814
-1177.1944898465276 -133.67649664714932
-1177.5461979010702 -135.22950103119015
-1177.5573423156143 -136.10415007904172
-1177.8015120127798 -137.24194207027554
-1178.0317401835323 -138.2500951512158
-1177.4494042345882 -138.9845395310223
-1177.022970224321 -140.42264392212033
-1177.2272488573194 -141.77230861023068
-1177.359107683003 -143.06082060173154
-1177.609977463782 -144.8147750122845
-1177.5420528003574 -145.7091474159062
-1177.8146837303043 -147.29574390485882
-1177.503212685287 -148.97588821485638
-1177.179766202867 -150.0549906118214
-1176.487494970262 -151.9558102710545
-1176.6589004942775 -153.30672308042645
-1177.0425842949749 -154.55922349527478
-1177.4575542756916 -156.007663808614
-1177.4821407297254 -157.85853823259473
-1177.102730164826 -158.8770773036778
-1176.8470766344667 -159.4847308023274
-1176.2941121259332 -160.59474869802594
-1175.9549661675096 -161.34429331853985
-1176.0928900936246 -162.9388218744099
-1175.527836690247 -163.5845027191937
-1175.6680868664384 -164.56324990823865
-1175.6740644528159 -166.16496618822217
