-1096.19 43.59
-1096.7534799599648 44.909012045860294
-1097.6068643951417 46.4152182006836
-1098.3098788881302 47.72371753692627
-1098.871841492653 48.956648554801944
-1099.2017154717446 50.26405939102173
-1099.7122749114037 50.94800808668137
-1099.8911301964522 52.01443817853928
-1099.8864081823826 52.6958509349823
-1100.3762277388573 53.78653725624085
-1100.7491459274293 54.884266343116764
-1099.6780545139313 55.50206687688828
-1099.89959328115 57.09933247804642
-1100.445599424243 58.84547105073929
-1100.8701967769862 59.83667471647263
-1101.215675609708 60.362026360034946
-1101.2605667883158 61.472608711719516
-1101.3045878881217 63.06021692991257
-1101.3377374583483 63.458646264076236
-1101.4834442907572 64.91466161251068
-1101.0710059279204 65.90004655361176
-1101.3221566849948 67.52061459064484
-1101.2482477599383 67.92556193113327
-1101.6430298262835 69.54842784643174
-1101.635836082101 70.32693871498108
-1101.6143461936713 71.50297030448914
-1102.233019041419 72.89874001979828
-1103.2553002113104 73.97461339473725
-1104.116910802722 75.63371213912964
-1105.2416435354949 76.4236575627327
-1107.0071650618315 76.722614672184
-1108.74983774364 77.3141877913475
-1110.1353943222762 77.6420645081997
-1111.6484700316191 78.59435981154442
-1113.4846271151305 79.28303247332573
-1115.0633718842269 79.97485333323479
-1116.8443106287718 80.66031187415123
-1118.4101558798552 81.16804784178734
-1120.3320397013426 81.87595516085625
-1122.2189828032256 82.4363104069233
-1124.0636294955016 83.0309314095974
-1126.0010031336546 82.62286957740784
-1127.9314418905974 82.09339668989182
-1129.8249356621504 82.06678123414517
-1131.7097668522597 81.99012127161026
-1133.6628941172362 82.41069912552834
-1135.6360905045271 82.54093354582787
-1137.567564713359 81.81762122750283
-1139.3975937241316 82.0895186328888
-1140.1464874619246 82.02552388250828
-1141.9585769051314 82.35364462077618
-1142.9933687323332 82.66131011784077
-1144.5679441565276 82.59276673585177
-1146.4413561695815 82.11676440030337
-1148.153018938899 81.52272460252047
-1149.8052418106795 80.91208550721407
-1150.4686137312651 80.76317951470614
-1151.7578183287383 79.75154623776675
-1152.7337568873168 78.18307766705752
-1153.6334253424407 76.54707655698061
-1153.8691439801455 75.7703821399808
-1154.6196938925982 74.49263736993075
-1155.1979531818629 73.12180933743716
-1155.6696973913909 72.28835353642702
-1156.320290016532 70.36505458146334
-1156.6935053938628 69.5882583001256
-1157.079437660575 68.81264558821917
-1156.8434956395627 67.59395161658526
-1157.2370534563065 65.84408072024584
-1157.4961265945435 65.22407731801272
-1157.151196064949 64.0498285034299
-1157.3783284449578 62.40235278397799
-1157.2760793739558 61.7906161287427
-1157.7221019738913 61.114392254650596
-1157.8766253167391 60.46355829030276
-1158.158612447381 58.803155753910545
-1158.1751088672877 57.90270767003298
-1157.7827105098963 57.402124080955986
-1157.5970586562157 56.753702435791496
-1157.0672216439248 54.856756720840934
-1157.1468405747414 53.76241520434618
-1157.484489711523 52.16115418463946
-1157.3988727355004 50.92810598403216
-1157.6523516201974 49.03339592009783
-1157.2227665805817 48.239401493370536
-1157.4935187721253 46.9120686390996
-1157.3850350403786 45.486177716553215
-1156.5721133971215 43.726539168655876
-1156.8163669878245 42.71433571368456
-1156.360306995511 41.776564512550834
-1156.710290657878 40.15866628676653
-1156.7344057136775 38.392226133644584
-1157.086251514554 37.16443637400866
-1157.427585052848 35.866970811188224
-1158.031739282012 34.796721492111686
-1158.3729382628203 33.964767251312736
-1158.014324861169 32.5484074690938
-1158.0824231976271 32.094234679043296
-1157.9360617870093 30.793525193035606
-1158.2777730995417 29.79708776265383
-1157.8717138046027 28.504107687771324
-1158.372005867362 27.515957269966606
-1158.90598623693 25.847972188293937
-1159.2994408482314 24.449270401299003
-1159.0135415667296 23.93913153201342
-1159.5987911099196 22.867193970978263
-1158.7413653606177 20.93283155947924
-1159.4322833889723 19.57561937361956
-1159.1040468090773 18.999933872520927
-1159.9144679778815 17.989463005363945
-1159.4257846349478 16.46793225795031
-1159.0247913473845 14.854076180756095
-1159.724931704402 13.923736486732963
-1160.5765288943053 13.23818895608187
-1162.2445970648528 12.150782559216026
-1163.933493244052 11.351670120060447
-1165.7632660740614 11.819339636862281
-1167.4700250500441 11.59282641500235
-1169.0358033055068 10.640537966191772
-1170.8087043637038 11.216148127019409
-1172.5749292248488 11.05162644773722
-1174.0418977612258 10.88831034690142
-1175.8502323502303 11.03720017164946
-1177.4705393189192 11.405060518682006
-1178.4511972540618 11.907890726029876
-1180.0489067906142 11.1966814288497
-1181.041683959365 10.994165841639045
-1182.6058893674613 10.88715865850449
-1183.6403782838584 10.365377571582798
-1184.9758242839575 10.638193544149402
-1186.8965708488226 10.538058232665065
-1188.4714262956381 9.754759024977687
-1189.5322863334418 9.311970066428188
-1191.366283583045 9.748220782876018
-1192.6240993016959 9.367865990996364
-1194.3647939437628 9.16863496243954
-1195.9975395673514 8.937041890025142
-1196.7166526788474 8.275238644480709
-1198.0837934488059 7.400603007674221
-1199.7560112947226 6.096515249609951
-1200.336459683776 4.886185836195949
-1200.8748891824484 3.45659632623196
-1201.5566227906943 1.6997509711980854
-1202.3552842015029 -0.23616068422794
-1203.0907159918547 -1.374218750596043
-1203.6314910525084 -2.7713603264093365
-1204.1527763479949 -3.457858193516728
-1203.6868368262053 -4.044243085980412
-1203.5886943885685 -5.476847160458561
-1204.2015744397045 -6.365368831753727
-1203.7351553687454 -7.716106045842167
-1203.9740636894107 -8.601266730427739
-1204.5737255761028 -9.322912324070927
-1204.1353424736858 -10.980016697049138
-1204.4202300557495 -12.569830048680302
-1204.2418807545305 -13.071559000611302
-1203.7129453220964 -13.895461249947545
-1203.9105911949277 -15.05966835081577
-1204.4860657551885 -16.168523836731907
-1204.8583809235693 -16.858519721627232
-1205.1094392040372 -18.17236607134342
-1205.620220015347 -19.184940147995945
-1204.6228613355756 -20.535554814934727
-1205.075613448918 -21.139347243905064
-1205.1311327913404 -22.933287311196324
-1205.3682003417612 -24.326837111115452
-1204.9314900735021 -25.00246928989887
-1205.3856115439535 -25.499605703949925
-1205.5006590881944 -26.854740429520604
-1205.7602074840665 -27.918229270577427
-1205.7910411456228 -29.67074649393558
-1205.1362168887258 -30.62074010431766
-1204.5000875094534 -32.339438605904576
-1203.703682730496 -33.81375281870365
-1203.5940099531413 -34.874398637413975
-1204.154425817132 -35.656424987912175
-1204.642660009265 -36.791116583943364
-1203.9152588123084 -37.69633804619312
-1204.499119924903 -38.947923172116276
-1204.4701106870175 -40.74137400448322
-1204.3570566126705 -41.71890668928623
-1204.5937215933204 -42.29324399292469
-1204.69495737046 -43.315262544751164
-1204.7256150940061 -44.72640429794788
-1204.647001440227 -46.35460542500019
-1205.013119096458 -47.21792899429798
-1205.053778166473 -48.306643236279484
-1204.030066485107 -49.383982289433476
-1203.820005247891 -50.33075218260288
-1204.111939559281 -51.39207928240299
-1204.3770108023286 -52.50255470335483
-1204.3605975160003 -54.114911962151524
-1203.4837128171325 -55.01210777819156
-1202.9087788113952 -56.05053930342197
-1202.9178610449285 -56.668318498730656
-1203.3089047377557 -57.10468475878238
-1203.184682950899 -58.63868014872074
-1202.5880278801174 -60.172844577431675
-1203.3013126110286 -60.71092187225818
-1203.5731289839 -61.63191448509693
-1202.7814022754878 -62.448963869214055
-1202.4547779714317 -63.96479080975055
-1202.5141080399603 -65.4779134875536
-1201.8682994028181 -66.65637360870838
-1202.5373307248205 -67.08957492172718
-1202.5680824895949 -68.61161302387714
-1202.300033279285 -69.89866887390613
-1202.6226719995589 -70.41074072182178
-1203.3932446023077 -71.72977470219135
-1203.0528188725561 -72.82588695347309
-1203.1228398462385 -74.57630633175373
-1203.4124715109915 -75.06977020561695
-1203.6938656350226 -76.45956789314747
-1203.1126490017027 -77.23142670452594
-1203.3088096757979 -78.50873159229755
-1202.9203214427084 -79.64765082657337
-1203.3078898569197 -81.01532362759113
-1203.9509771247954 -82.51204823315143
-1203.7967844089121 -83.6181151753664
-1204.2697469671816 -84.98466013729572
-1204.508109592423 -86.45185445606708
-1204.276112221703 -87.8957065230608
-1204.2184363832325 -89.50766478836536
-1204.651525341496 -90.21686350166797
-1204.1354269018025 -91.23164235413074
-1203.3420653571934 -92.73402046024799
-1203.1621720125527 -93.6942596322298
-1202.9817740698904 -94.3710516577959
-1202.513058223352 -94.8407058006525
-1202.0275059422106 -95.99951224386692
-1201.6470068772883 -96.94134007751941
-1202.361015566215 -97.66349153578281
-1202.1548538883776 -99.40849404394626
-1202.5832219203562 -100.00090115129947
-1202.335057445392 -100.9678374415636
-1202.1531549771876 -101.47406749784946
-1202.6630168040842 -103.13711493074894
-1202.7922311206908 -104.38914923727512
-1202.795205750093 -105.29697512447834
-1201.7966947933287 -105.86914049446582
-1201.4100428899378 -106.83689318954944
-1201.0336148222536 -108.05835853874683
-1200.428204902038 -107.82395507752895
-1199.2216761191935 -108.32327302157879
-1198.5876531680674 -108.68379457652568
-1197.647540338859 -109.6407161539793
-1196.9231249173731 -109.24264617621898
-1195.482581146583 -109.40194641411304
-1194.8235753258318 -109.98433231174945
-1193.7059937199206 -109.42637686789035
-1192.514888234958 -109.742794085145
-1191.1409236868471 -110.48006622850895
-1190.3282556017489 -110.04480554521083
-1189.3487648447604 -110.31758223831653
-1187.965424366817 -110.89686410486698
-1186.0498367031664 -111.10113174080848
-1185.1480323752016 -110.62324697136879
-1184.6944884737582 -111.4974140560627
-1183.8474890669436 -111.7008766567707
-1183.4003903945536 -111.36600083470344
-1182.7434520801157 -112.3863835966587
-1181.8686595042795 -113.2528249657154
-1180.258598335609 -113.70229894280433
-1179.7452119072527 -114.16985851883888
-1178.3589590271563 -115.05110389351844
-1177.9605827113242 -116.85812336564064
-1177.6234130641074 -117.40916616082191
-1176.9819715400786 -118.96747440457344
-1176.8959700023383 -120.6047000324726
-1176.3211907302589 -122.42615229249
-1176.7362957452983 -123.10879683852195
-1175.8890943979472 -124.45660734534263
-1176.4915274237842 -125.43904573082924
-1176.3102543210239 -127.079339209795
-1175.7014176701755 -127.84887963891029
-1176.0998959695548 -128.97702330708503
-1175.9064555024356 -130.90384501576423
-1175.1805504416675 -131.7537946140766
-1175.3303375696391 -132.70915216565132
-1175.23452460818 -134.188385668993
-1174.548073471114 -135.7075597679615
-1174.7095876341314 -137.41872495770454
-1175.1016949718446 -139.12943286061287
-1175.261252239868 -140.52997297406196
-1174.9406172787399 -141.52516347527504
-1174.5339326416702 -142.87827736496925
-1175.09565998666 -144.01572996735572
-1174.9363755439967 -145.9730613863468
-1174.9466121872515 -147.08660227417946
-1175.056872040555 -148.9047465956211
-1174.8219905351848 -150.31726986527443
-1175.1634555315227 -151.9291994011402
-1175.059773535058 -152.69487327694893
-1175.1138497074694 -153.17527199149131
-1174.7850854178519 -154.4366816318035
-1174.7696811711044 -155.804474953413
-1175.1102529322357 -156.43426305413246
-1174.4679494058341 -157.33754939198494
-1174.258336127326 -158.1771044766903
-1174.3405780871958 -160.0877795255184
-1174.4976379802079 -161.36129498839378
