-1096.19 43.59
-1095.8462631428242 44.05585243940354
-1096.3895530426503 44.74751385688782
-1096.3525207811595 45.51556965351105
-1097.1380778723956 46.824126329422
-1097.7780832821131 47.925395932197574
-1097.168351727128 48.38809731245041
-1097.577980595231 48.86102887630463
-1097.482134962976 49.61277576923371
-1096.9408761510253 50.54856404304505
-1096.6091771671177 52.18339439868927
-1096.278427476585 53.7316472196579
-1096.056825811565 54.81021877765656
-1096.7559435912967 55.28919377565384
-1097.5531679341198 55.81742557525635
-1098.0429518768192 57.249399509429935
-1097.7584468969703 59.00790294647217
-1097.4115408012271 60.09979566574097
-1098.1699678847194 60.9226108455658
-1098.6288806447387 61.754918124675754
-1098.1917617568374 62.75828936338425
-1098.1354174041749 63.58579912424088
-1098.7935167574883 64.85453167200089
-1098.6823954308034 65.58287587404251
-1098.5752718994022 66.33314618110657
-1097.952542359531 67.24211594104767
-1097.6558178016544 67.91216787338257
-1097.203243071735 68.46865966558457
-1096.990958223641 69.00846263408661
-1097.5773599246145 69.49268015861512
-1097.953526685536 69.98187896251679
-1098.3653302291036 71.61559292316437
-1098.6830554106832 72.71354576587677
-1098.8274007090927 74.13618310928345
-1099.3565618047119 74.98675611257553
-1099.5876357206703 75.65680530309677
-1099.7912194380165 76.87536313772202
-1100.9203780540824 78.17061164617539
-1102.273695434034 78.81439259290696
-1103.974684918821 78.65881481409073
-1105.47083588928 79.20068296432495
-1107.2082898268104 79.02016955256462
-1108.7844160446525 78.91682883739472
-1109.8954419741035 78.82072162270546
-1111.367225612104 78.53858920574189
-1112.7637186893821 78.49399473905564
-1113.3470286974311 78.54812502503395
-1114.0476979860664 79.32833218216896
-1115.2516023764015 79.62694409132004
-1117.0373420366645 80.27659967184067
-1117.5998108634353 79.82813459277153
-1118.891208792627 80.53888678193093
-1119.7560933479667 81.10428583264351
-1120.9192096838356 81.21144065648318
-1122.1205732473732 81.38885610193014
-1122.7998414286972 80.86072563022375
-1123.7721154937149 80.32877658694983
-1125.0985796698928 80.2295794376731
-1126.5167511948944 80.04867865532637
-1128.121938610971 80.22407074660063
-1128.6104649552703 79.83641703814268
-1130.3407246121765 79.76675515264273
-1132.088766718805 80.0998631605506
-1133.08616086334 80.33476120620966
-1134.4661501297355 79.9480902889371
-1135.030377651155 79.60206246763468
-1136.808146263063 80.06626120597124
-1137.5283386954666 79.80798200160265
-1138.2682032832504 79.47364935666323
-1139.858844304979 79.1436566451192
-1140.7781034955383 80.07428029567004
-1141.7839846858383 80.18261251240969
-1142.5730597028137 79.92346981555224
-1144.4536081799865 80.28570121914149
-1145.993455553949 80.54194742828608
-1147.8295711526275 80.86420286089182
-1148.6819533357025 80.39271361023188
-1150.11423029989 79.2867186704278
-1150.8304327973724 78.22297376781702
-1150.6614994356037 76.53654164463282
-1151.571230942905 74.93204647690058
-1152.528447444141 73.43005055576563
-1152.97852712363 71.74845105797053
-1153.5888269492984 70.7790671029687
-1153.1634658524395 69.41667586952448
-1154.1213998743892 67.84007102638483
-1154.3599342355133 65.9589598813653
-1154.7011943110824 64.08825928360224
-1155.2261300334335 62.430047337114814
-1154.7497670301796 60.852410260736946
-1154.8410261967779 58.913246814310554
-1155.3077675500513 57.81908589988947
-1155.7729335823656 56.12111062198878
-1155.4595514932275 54.29476541668177
-1155.611718351543 52.48961037784815
-1154.9338768669963 51.350465003550056
-1154.8645090335608 50.09267503410578
-1155.4323613518477 48.3616059461236
-1155.839145886302 47.55983919292689
-1155.6941760057211 46.01415843158961
-1156.250885772109 44.14644474178553
-1156.1079352223874 42.4822228589654
-1156.1187733435631 41.25184268146754
-1156.4892542088032 40.66244864851237
-1156.1856063628197 39.926420692503456
-1156.6022277200223 39.34600735098124
-1156.5879021459818 37.597818378508094
-1156.8667733842135 35.98185050874949
-1156.889166432023 34.657640937864784
-1157.278866069913 32.8428442516923
-1157.532595949769 31.552335623800758
-1157.183183925748 30.638273362219337
-1157.83090038836 29.048015359938148
-1157.7378834286333 27.832113865911964
-1158.2002459266782 26.574765209257606
-1158.3808864602447 25.27995133787394
-1158.9683763036132 23.527338627874855
-1159.055340538323 21.880064133703712
-1158.8194170692564 20.397936467230323
-1158.0563799241186 18.524775866568092
-1158.7209904292226 17.749531034529213
-1158.661000365913 16.33124173074961
-1159.5926728197933 15.562634352743629
-1159.4132255861164 14.078885678350929
-1160.2447977611423 13.036965970098976
-1160.9524407932163 12.903456065952781
-1162.1204535314441 11.926861141026023
-1163.561485106647 11.031818900406364
-1164.8186485120655 10.8706465998292
-1165.7666662284732 10.635554883778099
-1167.2159693786502 9.920066151916984
-1168.2896082946659 9.385292563736442
-1169.0233247229457 9.496887076795105
-1170.3426843830944 9.77361716717482
-1171.1052454659343 10.059844125211242
-1172.0177529999614 10.077821035087112
-1173.6668361374736 9.997651610672477
-1174.3016008087993 9.878911379873756
-1175.420137757957 9.770767819285396
-1176.6492639729381 9.327780109047893
-1178.263215059936 8.681111138463024
-1179.4205797860027 8.053796153664592
-1180.9730942198635 8.634350400567058
-1181.6244771429897 8.424948733448986
-1183.1987774321437 8.625340249538425
-1184.8212733218074 9.307413961887363
-1185.7279464551807 9.415927175581459
-1186.6652572104335 9.707326565086845
-1188.3901383826137 9.42675638586283
-1190.3190591284633 9.242482651174072
-1191.3211349198223 9.076904434859756
-1192.641415233314 9.159185756146911
-1193.9209904620052 8.844574470222
-1195.0686389157177 8.48508926123381
-1196.338577861488 8.504417795836929
-1196.7864936539531 7.561496753394607
-1197.7006174871326 6.464974779784683
-1198.8404055187107 5.240115065276626
-1199.6210309812427 3.7567035147547756
-1200.1598173329235 1.9044887015223537
-1199.9726167270542 0.7676841208338772
-1200.254465098083 -0.9524689725041355
-1200.5045578727127 -2.71762047320604
-1201.320556307733 -4.578801613152024
-1202.131834948957 -6.2168050816655125
-1202.3498762348295 -6.956372123062607
-1202.8718034127355 -8.622601371109482
-1202.7471034550667 -10.316098313629624
-1202.5937178754807 -11.458515982925888
-1202.9972812855244 -13.39407859355211
-1203.4698952758313 -14.826773624718186
-1203.817088457346 -15.937176685631272
-1203.261629792452 -17.719136576950547
-1202.8810462975503 -18.626382570564743
-1203.3556551361085 -20.547648649513718
-1203.849794330597 -22.276903133690354
-1203.1306272172928 -23.098015885651108
-1202.4795581126214 -24.110982637703415
-1202.3371688449383 -25.118602018654343
-1202.2014367306233 -27.025226097404953
-1202.5318927490712 -28.6539104989171
-1202.1992339515687 -30.406716566383835
-1202.8131288909913 -31.961326461136338
-1203.2061728262902 -32.85903797656297
-1203.5906868302823 -34.656976561844345
-1202.9329421246052 -36.34971199542284
-1203.03739690274 -36.9579077771306
-1203.6597067663074 -38.33667574435472
-1203.1266809651256 -39.26146135836839
-1202.7012631842495 -40.5935940554738
-1202.426409239471 -42.322939377129075
-1202.1762070009113 -43.53724847346544
-1201.702075714767 -44.74775395900011
-1202.0899020382763 -45.46263752490282
-1202.6692197868229 -46.43517009526491
-1202.8049740591646 -47.94794778138399
-1202.9581875750423 -49.41498474389314
-1203.2883214601875 -50.231863956749436
-1202.8519812473655 -51.908038358986374
-1202.80212682724 -53.566228251755234
-1203.4117900753022 -55.366916518509385
-1203.6633689129353 -57.14642606288194
-1203.5800541886688 -57.94264660388231
-1203.2239073762298 -59.23654995471239
-1203.7681954154373 -60.172199886143204
-1204.0240431675315 -61.71481100827455
-1203.6048806259037 -62.59600911647081
-1203.158698732555 -64.21329269915819
-1203.267008150518 -65.95308063536882
-1202.6549371728302 -67.30231879264116
-1202.3953867802024 -68.13972197085619
-1202.0798259028793 -69.29944549113512
-1201.701809192598 -71.06736109763384
-1202.3173948773742 -72.76194773226976
-1201.9606465050579 -74.13784454375505
-1202.1144204983116 -75.08304868251085
-1201.5740762600303 -76.83169875651598
-1201.4208576330543 -77.71493593961
-1201.8331986019016 -79.02330176144838
-1202.008362556398 -79.7597883155942
-1201.9851127961279 -80.91914300233125
-1202.6378599503637 -81.78446833401918
-1203.234150479138 -83.44630007058382
-1203.3083186843992 -84.93162421494722
-1202.7630544403196 -85.88894234210252
-1202.939976836145 -86.41550109893083
-1202.6421613046527 -87.72400711089372
-1202.8150377222896 -88.52690510064363
-1203.4906544038654 -89.54243485242128
-1203.8038713881374 -91.18858103066682
-1203.2196084210277 -93.0053639820218
-1203.4630369642377 -93.76816753655672
-1202.9347292879224 -95.0175095012784
-1202.7344459095598 -96.39395729809999
-1202.439500758946 -98.08684615403413
-1202.6945400336385 -99.08080486565828
-1202.6898555853963 -100.59257511407137
-1203.0480952957273 -101.79781655579805
-1203.0044681975246 -103.2537018468976
-1202.684439534843 -103.92907504349947
-1202.5628325590492 -104.89276460915804
-1201.9394327053428 -105.42272547990083
-1200.842875803411 -106.62325219422578
-1199.9701200971008 -107.09676439672708
-1199.3594158539177 -108.39478881269693
-1198.0648747333885 -109.15115351587534
-1197.0801567086578 -109.78858978658914
-1195.3519884595275 -109.95870518296957
-1193.4111849316955 -109.99151346445083
-1192.4430384883285 -110.18547219395637
-1190.5080449828506 -110.56866693854332
-1189.2615821608902 -110.13866758704185
-1187.400978113115 -109.50930321574211
-1185.775463486612 -109.25096246957779
-1184.993879223764 -109.98564580440521
-1183.6402143487335 -110.50096074104309
-1182.3636113652587 -110.43723121643066
-1181.9408711442352 -110.7236568069458
-1180.2351771840454 -111.23718724012375
-1179.0971850404144 -112.38623127698898
-1178.5377599844337 -113.60565230607986
-1178.7134448835254 -114.47166863441467
-1178.8727739402652 -116.30585661888122
-1177.862990553081 -117.5195016002655
-1177.6993067213893 -119.34707132339477
-1177.4905647286773 -120.24750104904174
-1176.8418089994789 -121.95674673080444
-1176.9897941151262 -123.8843173122406
-1176.5778176882864 -125.54675200939178
-1176.6047125259042 -126.01877352952957
-1176.5466444702447 -127.0663715338707
-1176.4031878174842 -127.74906960487365
-1177.0285627306998 -128.42144117116928
-1176.8845509053767 -130.02848944425583
-1177.332565254122 -131.4310753083229
-1177.573772943169 -132.27323422193527
-1177.7664595903457 -133.10663554430008
-1177.9224745841325 -134.220061275959
-1177.6982025565208 -134.9300834274292
-1178.048879569918 -136.20287314414978
-1177.525424784571 -136.6279121375084
-1176.9563770951331 -137.95943376779556
-1176.949310502559 -138.60866180419922
-1176.7555589587987 -140.4768442249298
-1176.7931964831055 -141.96286490917205
-1176.967194019407 -143.2817883825302
-1176.3225950585306 -144.89422682285308
-1176.275314579308 -146.49232045173645
-1176.4418133595586 -148.25664249420166
-1176.0278301933408 -149.83206037044525
-1175.6235120096803 -150.82800433397293
-1175.5682351016999 -151.8794269299507
-1175.1022966229916 -153.1506365275383
-1174.8555369848013 -154.2795654273033
-1174.8306116113067 -155.5678193306923
-1174.7236428955198 -156.1334867811203
-1175.1839540699125 -157.95202604293823
-1174.516546497643 -158.66267565250396
-1175.1401778557897 -160.07076350212097
-1175.649422416985 -160.50350472688675
-1175.0012338259817 -162.19044682741165
