-1096.19 43.59
-1096.6728207194806 42.701709952354435
-1097.2753454768658 41.96311857938767
-1097.7465067827702 40.50432470083237
-1098.1188425147534 38.79849078893662
-1098.4692494297028 37.25373270750046
-1098.7677100622655 35.86217680215836
-1099.0403581881524 35.01978769540787
-1099.2412491166592 33.425885345935825
-1099.6193378591538 31.9855654501915
-1099.5232387804986 30.362257268428806
-1099.6739991629124 28.505069639682773
-1099.9946901524067 27.667278017997745
-1100.288074644804 26.659223761558536
-1100.486914935112 26.09560909509659
-1100.5998875522614 24.43599727392197
-1100.6779640936852 22.798690822124485
-1100.3263321840764 21.14408984422684
-1100.297158601284 19.875950124263767
-1100.097539844513 18.693503286838535
-1099.86085377872 17.525173809528354
-1099.7636934691668 15.93318441152573
-1099.8147787028552 14.550551440715793
-1099.6610292071105 12.956264760494236
-1099.8747548037768 11.845844891071323
-1100.0722920769454 10.048447515964511
-1100.1608934277297 9.097588088512424
-1100.2459918731452 8.522980716228489
-1100.1546985381842 7.109922435283664
-1100.1787791126967 5.681517627239231
-1100.4277343922854 3.984471108913425
-1100.6661544317008 2.42807855844498
-1100.6612337106467 1.3236085438728367
-1100.4193966561556 0.3312608861923252
-1100.5602223449946 -1.046648058891293
-1100.1872147494555 -2.356627616882321
-1100.136865335107 -3.806208047866818
-1100.4085358256102 -5.192919406890866
-1100.6214239174128 -6.39046517372131
-1100.8306174451113 -7.220844182968136
-1100.7371618026496 -8.788166317939755
-1100.5227545672656 -9.560904893875119
-1100.4334186786414 -10.51857284069061
-1100.6185758584738 -11.897822890281674
-1100.8152576559783 -13.368887338638302
-1100.4126419299841 -13.87762806177139
-1100.334536599517 -14.324231240749356
-1100.018594043851 -16.173128936290738
-1099.7893566662074 -17.534644339084622
-1099.1730029159785 -19.236446354389187
-1099.4158248776198 -20.39131269216537
-1099.382363664508 -21.72084984540939
-1099.2810752862692 -23.490793440341946
-1099.5440814071894 -24.43606469392776
-1099.7790045911074 -25.713053915500637
-1099.6896034055949 -27.32820818185806
-1099.6523071700335 -28.605712149143216
-1099.7958703809977 -30.25438949823379
-1100.0518042320014 -31.741732809543606
-1099.9298622184992 -32.57570061445236
-1099.2364915186167 -34.388671252727505
-1098.6132818037272 -36.23812303304672
-1098.9138444238902 -37.98878893613815
-1099.0891183489562 -38.94615832328796
-1099.296725230813 -40.2196615076065
-1099.357475566268 -42.114470515251156
-1099.599453228116 -43.72783843040466
-1099.395788269639 -45.145848307609555
-1099.657958971858 -45.740515444278714
-1099.3778213137389 -47.06409511327743
-1099.0050623291731 -48.49087772130966
-1099.360233860612 -49.91096386671066
-1099.1290285760165 -51.65876636266708
-1098.7750685089827 -52.129821274280545
-1099.1583312028647 -53.96061727762222
-1098.738268482089 -55.55113706350326
-1099.0176963680983 -56.24186191320419
-1099.330301629901 -57.96582112073898
-1098.6994401091338 -59.53694841623306
-1099.0565654212237 -60.576561067104336
-1099.0570744746924 -61.20883027076721
-1099.3909807378054 -62.446250114440915
-1099.519738482833 -64.00932100772857
-1099.4456236833335 -65.50990906715393
-1099.5544760996104 -66.33293083667755
-1099.6244362169505 -67.2662598824501
-1099.844385790229 -67.91772923231125
-1099.8586768084765 -69.27081689596176
-1099.9969234341384 -70.47504446268081
-1098.9256964796782 -71.10213020801544
-1098.1976498240233 -72.14543059825897
-1098.5462519401312 -73.75784519672393
-1098.4654243165255 -75.11842778682708
-1098.8851521784068 -76.60686305522918
-1098.7598178559542 -77.61110809803009
-1097.9399125748873 -78.6881423330307
-1097.9199890220166 -79.4257241821289
-1098.2623801255227 -80.59649280071258
-1097.8174400949479 -82.2109568452835
-1098.156283529997 -82.8686551785469
-1097.3221253478528 -83.56359991788864
-1097.7497924292088 -85.25795159101486
-1097.6201237463952 -87.03972873449325
-1097.5096009099484 -88.04539606332779
-1097.3790007257462 -89.73839399576187
-1097.4724395000935 -91.64053270578384
-1097.3732346096635 -92.39565137386322
-1097.410490269363 -93.34344020843506
-1097.9891553470493 -94.31262025594711
-1098.4250148484111 -95.95726535081863
-1097.9650421091915 -97.7450104689598
-1098.1383639076353 -99.0597797369957
-1098.4608776369691 -100.38421258687973
-1099.1588479080797 -101.88816449403762
-1099.3496683338285 -103.02044973134994
-1099.884459207356 -104.53147921323776
-1101.2661748626829 -105.67087087392807
-1102.7232434251905 -105.79574635982513
-1104.3522052267194 -106.77988985538482
-1105.8133886554838 -107.16419318675995
-1106.941838453114 -107.68153706550598
-1108.2338411310316 -108.15891477823257
-1109.5999007919431 -108.95561012983322
-1110.315388391316 -108.87142541617155
-1111.8280579546094 -109.10866888970136
-1113.269032547772 -109.55482574909925
-1114.485314796269 -109.21750661343336
-1115.9916111925245 -109.50928315132856
-1117.7071827152372 -108.78678038328886
-1119.320583293736 -109.58425649613142
-1120.684549997151 -109.10396036118269
-1122.412737081349 -109.8298861643672
-1123.9334196546674 -109.32513841599226
-1125.1915848949552 -109.07426237672567
-1126.895824263394 -108.81257181972265
-1128.352231810391 -109.4424689373374
-1129.6737042167783 -109.44350105136633
-1130.9082897403837 -109.24083324879408
-1132.2870082357526 -110.33195754498243
-1134.1220478513837 -110.61896395295858
-1135.1832324960828 -110.39124422878027
-1136.7747191885114 -110.65557098001241
-1137.9102352359891 -110.55893352240324
-1138.9591646888853 -111.20522173851728
-1140.387080500424 -112.16399415940046
-1142.1907606819273 -112.34886532634496
-1142.7856943705679 -112.61559143275022
-1144.0411452153326 -113.8055377265811
-1145.1925851204992 -114.35928400963545
-1146.5465867617727 -115.77565773934126
-1147.7470493414999 -117.27890690773725
-1148.4789673784376 -118.95780619591474
-1148.732893625796 -119.9004063269496
-1148.4543191590906 -120.50579884260893
-1148.835095564425 -122.3564363977313
-1149.4656024971605 -123.55196991175413
-1149.341742629707 -124.5491102001071
-1150.0530775734783 -126.02791991442442
-1149.842717538178 -127.0061288139224
-1150.3903388479353 -127.96884134024381
-1150.7877733805776 -129.06851186960935
-1150.6565295258165 -130.74287309855222
-1150.63290163368 -132.5748030206561
-1150.8030452677608 -134.16955771654844
-1151.744963104427 -135.50272479265928
-1153.408820564449 -136.42425986737013
-1154.8477663347126 -137.27508821696043
-1156.5891641923786 -138.07087781637907
-1158.3965966054798 -138.2762661537528
-1159.5037844726444 -138.71499436706304
-1161.0051372596622 -138.99536349982023
-1162.169476325214 -139.51834162682295
-1163.4176242896915 -140.16650691241026
-1164.767172152698 -140.8750548622012
-1166.2610905715824 -141.17388823240995
-1167.1945628473163 -141.80330863207578
-1167.1625423380733 -143.00886395186185
-1167.828397268951 -144.2945993205905
-1169.1338263699413 -145.16982462614774
-1169.381119991243 -146.56167152136564
-1170.009100521505 -147.8642614147067
-1171.273787702024 -148.59176769465208
-1172.709432090223 -149.07403802484274
-1173.2879212149978 -149.94537257760763
-1173.245871628225 -150.7456471285224
-1174.2801429876686 -151.87915461868047
-1173.938931132257 -153.18311601489782
-1174.2477403828502 -154.55205565303564
-1174.9132572957874 -155.1721995434165
-1174.4486593553424 -156.68502539008855
-1175.0430403897167 -158.21632486194372
-1174.9730152213574 -159.6173090299964
-1175.3871081495286 -160.41522007793188
-1175.8983321213723 -162.199874099195
-1175.9004805018753 -163.66890793651342
-1176.0138708656282 -165.4796468576789
-1175.805185616538 -166.60889929145574
-1175.6943057706208 -168.3664464315772
