-1096.19 43.59
-1096.3345841789246 41.718372669219974
-1096.9239936494828 40.49793585777283
-1097.1725359135867 39.53772654771805
-1097.5682579153777 38.29092803239823
-1097.7339573377371 36.896123912334446
-1097.9044293785096 35.478179361820224
-1098.1201101863385 33.61473002672196
-1098.5793098533154 31.818649199008945
-1098.739392014742 30.66797831296921
-1098.3719088160992 28.953963782787326
-1098.1938161575795 27.108210351467136
-1097.3488181555272 25.36432852983475
-1096.8483457887173 23.446838285923008
-1096.7830278897286 22.20184793710709
-1096.2954389476777 20.57834162950516
-1096.391275087893 18.637451794147495
-1096.96281383425 17.43219962358475
-1097.1547600129247 15.656606104373935
-1097.0885980674625 14.090236809253696
-1097.166960413158 12.224859383106235
-1096.8689117380977 10.932879474163059
-1097.1770186373592 10.131695892810825
-1097.3244426199794 8.348047878742221
-1096.9055210599304 6.548324015140537
-1096.9248436638713 4.874297049045566
-1097.1745417663456 3.3939078116416965
-1097.2441883036495 1.7813432478904758
-1097.7562527009845 0.49072160959244115
-1097.2528899261356 -0.6844736075401272
-1097.4762602099777 -2.6445835566520657
-1097.620188573897 -3.89264783620834
-1097.4742347547412 -5.668019030094143
-1097.7069851258398 -6.911877367496487
-1098.1579538980127 -8.04658100366592
-1098.3588188686967 -9.347883555889126
-1098.1213247576356 -10.605178925991055
-1097.7501325407625 -12.480853054523465
-1097.5209524729848 -13.253218863010403
-1097.9084062078596 -14.192787382602688
-1097.7023819038272 -15.645690176486966
-1097.8110573092104 -16.471591327190396
-1098.1615632870794 -17.94554672002792
-1098.447532902062 -19.764281127452847
-1098.8190663555265 -20.525757584571835
-1099.1581339636446 -22.240621838569638
-1098.9859732189775 -23.96772197246551
-1099.232561300099 -25.848676357269284
-1098.3266260126234 -27.642769966125485
-1098.2156067439914 -29.42885104179382
-1098.4691898176075 -30.57458415985107
-1098.671687836349 -31.614543232917782
-1097.8793756315113 -33.38596895694732
-1097.4554095217586 -34.5112133359909
-1097.2626946666837 -35.80891862869262
-1097.6739933589101 -37.43051222324371
-1097.8716124096513 -39.399741206169125
-1097.2252756753564 -41.09591010570526
-1096.5466202893854 -41.72478631496429
-1096.343904952109 -43.03841951847076
-1096.867197314799 -44.39337566852569
-1097.0704545924068 -46.00098637104034
-1096.6037797877193 -47.155019316673275
-1096.8431070396305 -48.93285456657409
-1096.8024714612961 -50.71802428722381
-1096.780842448175 -52.306553635597226
-1097.3065567263961 -54.05987695217132
-1096.8591219732166 -55.222224388122555
-1096.4616684862972 -56.13923719882965
-1096.9293512949348 -57.91874638557434
-1097.3752781400085 -58.60301640987396
-1097.2215218791366 -60.02396849155426
-1097.6579232463241 -61.93110934257507
-1097.963102246225 -63.32511535644531
-1097.7775327512622 -65.07161894798278
-1097.7006998160482 -67.0146038866043
-1097.4936725595594 -67.9314147567749
-1097.7180395671726 -69.56738582611084
-1097.1548928567768 -71.31021896362304
-1097.2490065047145 -72.26769200325012
-1096.9305795380474 -73.85542098045349
-1097.3985876390338 -74.88752332687378
-1097.2329886057973 -76.64610234260559
-1096.9888675162197 -77.68066397666931
-1097.4307974526287 -78.85159436225891
-1097.5507994690538 -80.42675450801849
-1097.225603709519 -82.30887034893036
-1097.6643811562658 -84.04582980632782
-1098.032109180987 -85.6654942369461
-1097.6273284950853 -87.02691129207611
-1097.8173814961315 -88.72463813781738
-1097.6071788170934 -89.99264005184173
-1097.737910116613 -91.58993378639221
-1098.094132835567 -92.2558222746849
-1098.4785995730758 -93.61072370767593
-1098.0712955245376 -94.78249916791916
-1097.6307266005874 -96.10976621866226
-1098.2453682669998 -98.03678319215774
-1098.2905484089256 -98.70982113838195
-1098.8171443590522 -100.35133102893829
-1099.1262758919597 -101.1013890838623
-1099.8034849116207 -102.27398220062256
-1100.7408565232158 -103.33811024188995
-1101.795202369392 -104.90716186523437
-1102.5697212168575 -106.28987148761749
-1104.3142057606578 -106.74555501699447
-1105.755816693008 -107.52371111869812
-1106.874440664947 -107.8760609960556
-1108.230386132896 -108.09413364887237
-1109.5567626902462 -107.58482101917267
-1111.0818295428157 -108.22799578666687
-1112.7154440829158 -108.33985354363918
-1114.287517542541 -108.07040317714214
-1115.1943757483364 -108.44363041579723
-1115.8718864271045 -109.32452388465404
-1117.128716761768 -109.11121975243091
-1118.8013829538227 -108.62027790009975
-1120.703086669147 -109.35276444613933
-1122.5426323959232 -109.87859674155712
-1123.1818163344265 -110.16832776725292
-1123.9804103323818 -110.43512489259243
-1125.542835468948 -110.93951143682003
-1126.9692535349727 -111.29916935026645
-1128.5035211989284 -111.53208296358585
-1129.7694508978725 -111.50977217204868
-1131.0931566902996 -112.09602164275944
-1132.0849442431331 -111.73235537655651
-1133.4648511359096 -112.52484669335186
-1134.7405223795772 -112.42904969848692
-1136.260519976318 -111.94270744718611
-1138.1110759922863 -112.33333053983748
-1139.6617494770885 -112.72158610619604
-1141.428185696304 -112.75051891602575
-1142.3253086158634 -113.0843248347193
-1143.8131039687992 -113.31404447354376
-1145.3074356862903 -114.42908525265753
-1146.5574640581012 -115.3063478449732
-1146.788539404571 -116.82849955357611
-1146.8228186914325 -118.73650741375982
-1147.7555348226429 -120.17539906300604
-1148.1936424919963 -121.19347178734839
-1148.2490278729797 -122.73159897126257
-1148.2471005418897 -124.50268542565405
-1149.036210129559 -126.42569696702063
-1149.8305678465963 -127.9386184195429
-1149.5653166273237 -129.59602713383734
-1150.2403622367979 -131.2950751761347
-1150.3949296423793 -132.3931456784159
-1150.5850146064163 -133.9950901249796
-1150.9896500059963 -134.4375338832289
-1152.342416996658 -135.59281566537916
-1154.1057858416439 -136.14464524187147
-1154.6852887222171 -136.31966158546507
-1155.9256364652515 -136.41712385214865
-1156.9609438726307 -136.34204837478697
-1158.6602745601535 -136.27660932935774
-1160.3340508291126 -136.92871430315077
-1161.0766405412555 -136.8717166761309
-1162.1377597400547 -136.80254363812506
-1163.2803353616596 -137.50542568959295
-1164.326031381786 -138.85681104458868
-1165.144112879932 -139.08107971943915
-1165.926766628921 -139.59763407506048
-1167.3053638884426 -140.47257983483374
-1167.7780593582988 -141.88635134495794
-1168.5601813146473 -143.27256107129156
-1168.9275738546253 -143.77196812428534
-1170.0161392042041 -145.53165697850287
-1171.0608081170917 -146.8578455428034
-1171.408601755798 -147.52341890133917
-1172.6403613039852 -148.77619325913489
-1173.0272324630619 -149.55088972844183
-1172.979219133556 -151.28259408272802
-1173.1691775271297 -152.24640315569937
-1173.36939312011 -153.92674892939627
-1173.1677880385519 -154.72775047816336
-1173.7491788962484 -155.9337326864153
-1174.104175607264 -156.38977199591696
-1174.6344770589471 -157.04842793740332
-1174.166165778935 -158.37721216477453
-1173.8878185847402 -160.00062620438635
-1174.82698733598 -161.36813986100256
-1175.1370807984472 -162.3181390146166
-1174.8626479902864 -163.7111552337557
-1174.9915686795116 -164.47167646683752
-1174.8618955263496 -165.41397094525396
-1174.4922328540683 -167.00655531682074
