-1096.19 43.59
-1096.2727758461237 44.33983358383179
-1095.8421034091712 46.210252013206485
-1096.710266994834 47.579347696304325
-1097.5372136110068 49.183449831008915
-1098.2754376405478 50.54798552036286
-1098.9075744622946 52.013225641250614
-1099.116611557603 53.40213414669037
-1098.926855864525 54.10219189167023
-1098.897479402423 55.59772523880005
-1099.436503815055 56.622016396522525
-1099.9492855542899 57.9163179063797
-1099.3397927755118 59.066418972015384
-1099.7577081793547 60.859881248474125
-1099.976077439785 62.39163204669953
-1099.0950911664963 63.753481116294864
-1099.693573358059 65.23796435832978
-1100.1216509068013 66.33041914939881
-1100.4979999983311 68.2436033153534
-1100.3511019819975 69.24692222118378
-1101.0177773708106 70.94843527317047
-1100.3787426823378 72.37772127628327
-1100.4902004921437 73.6979592704773
-1100.9259142005444 74.62583765029908
-1101.918940755129 75.08868547916413
-1102.2529006028176 76.49429568290711
-1103.3885352635384 77.48308452606202
-1105.0381596112252 78.51152738571167
-1106.6736269021035 78.9583158159256
-1108.1952365660668 79.82850631713868
-1110.0175803923607 79.62558400273323
-1110.6994957947732 79.42091470599175
-1111.5253699445725 79.88180964827538
-1113.4196221256257 80.62479823470116
-1115.247206273079 80.51276583611966
-1116.8381388807297 81.23481650292874
-1118.622798743248 80.97245008885861
-1120.1945326948166 81.66182662189007
-1121.0534762763978 82.2190572732687
-1121.893900873661 82.82221610486508
-1123.2954169535637 83.44945944488049
-1124.8640581393242 82.94311894118786
-1126.6978374743462 82.71887190282345
-1128.6562383198739 82.53983112812043
-1130.3395898365975 81.80412646770478
-1131.5992275500298 81.91046969980002
-1132.672153594494 81.77509618192911
-1134.5770566487313 81.30102456003428
-1136.196638467312 80.97377407938242
-1137.5214118981362 81.21333814054728
-1138.9273562455178 82.09317928940058
-1139.7027394199372 81.81709155827761
-1141.4260429763794 81.93578569978476
-1143.330029668808 81.44276963561774
-1145.05478805542 81.48716255664826
-1146.7199681425095 80.87698682785035
-1148.1492345952988 80.25105103492737
-1149.9230776453019 80.03534774124623
-1151.4932587766648 79.21067545950413
-1152.231594028473 77.97223196566105
-1153.1233176612855 77.19974253714085
-1152.9307101839781 76.61482821047306
-1153.8909020894766 75.31162760794163
-1154.6618230217696 73.8201238924265
-1154.4887491190434 72.28254530966282
-1154.6630613082648 70.87544916212559
-1155.0575016909838 70.20901696026326
-1155.5606148415804 69.05698339283467
-1155.545306148529 67.84074763596058
-1155.9976696693898 66.1109061652422
-1156.2398113036156 65.20112089455128
-1156.6504602456093 64.2823168450594
-1156.7874965244532 62.929995935559276
-1156.5310961180926 61.13143758118153
-1156.874618011117 60.68924931824208
-1156.5452447408438 58.967973273396495
-1156.9286866658927 58.04873208343983
-1156.8341920846701 56.94157103836537
-1157.1078399890662 55.665416997075084
-1157.115593212247 54.06145421802998
-1157.5346400016547 53.53178350269795
-1157.663659798503 51.727370303273204
-1157.4901343458891 50.20703081429005
-1157.7158418768645 48.896021168828014
-1157.2819891148806 47.89129607021809
-1157.6123747104407 47.18785313904286
-1157.6808895343543 46.05879263222218
-1157.8721202486754 44.45080510914326
-1157.828115361333 43.279345195889476
-1158.1958330744505 41.646503608822826
-1158.5195507580042 40.79233197510243
-1158.8250907236338 40.32054619133473
-1158.8729608231783 39.586843412518505
-1159.2967639440299 38.10457424461842
-1159.1326487833262 36.868175786137584
-1158.840532618165 36.283039849400524
-1159.301374989152 35.22482363522053
-1159.1756259971858 33.898799698948864
-1159.4365774565936 32.2060993129015
-1159.6861571991444 31.02815250694752
-1159.6391222649813 29.46351424992085
-1159.1227048808337 28.748940032124523
-1158.868590759635 27.900689464211467
-1158.7817726233602 26.579205256104473
-1159.0456249812246 25.874178987145427
-1159.5839536288381 25.17601309359074
-1159.456964353621 24.480711680054668
-1159.0484370985628 22.96462438642979
-1159.6469017663599 22.105761032700542
-1159.9143818417192 21.391477506756786
-1160.4011528888345 19.94435135662556
-1160.7793740430475 18.34700004398823
-1160.779853130281 17.220476549267772
-1160.8203161457182 16.152999323010448
-1161.4845042923093 14.978746693730358
-1162.2715062597395 13.922775428891185
-1163.2402231791616 12.762906830906871
-1164.9494773247839 12.4721025043726
-1165.5118914940954 12.749419223666195
-1167.0761206248403 12.606447544097904
-1168.8092413046957 12.097291436195377
-1170.5443885424734 11.752292599678043
-1172.3932170966268 11.779872920513156
-1173.639327774346 12.15519848108292
-1175.4497782090307 11.690475490093235
-1176.6915413239599 11.9923711681366
-1178.1628860333562 11.97877406716347
-1179.8912197449804 12.286011960506443
-1181.4191141226888 12.204665359258655
-1183.149573097527 12.322429295778278
-1185.0530030825735 12.252771433591846
-1186.7750952342153 12.421814050674442
-1188.3112800219656 11.883020308017734
-1189.9680245020986 10.937076714038852
-1191.513276348412 11.192104812860492
-1193.0436275103689 11.267919417619709
-1194.3668760159612 11.385452266931537
-1196.0925456383825 10.920786228179935
-1197.0029763677717 10.505428668260578
-1198.2858426073194 10.263272997140888
-1198.9249457219244 8.722234007120136
-1200.3185370066763 8.414967652559284
-1201.0857014754415 7.119609948396686
-1201.9334257939458 5.435612078905109
-1201.9982601800561 3.5866867268085514
-1202.2945564487577 2.6013149583339725
-1202.9034252265096 0.7955502831935917
-1203.4401400187612 -0.800574604272839
-1202.9763533869386 -1.6520906126499142
-1203.228899756968 -3.286839548349377
-1203.1548055434228 -4.504124823808667
-1203.1543371365965 -5.624727550745007
-1203.446638582796 -7.400545421838757
-1203.2313088463247 -7.975953046083447
-1203.5948348329962 -9.06747860074043
-1204.1125074313582 -10.633750621080395
-1204.4069623933733 -12.53865391373634
-1204.990381001085 -14.18793803811073
-1205.273755876869 -15.910194698572155
-1205.044545261711 -17.643428627252575
-1205.017904816717 -18.476072732210156
-1205.072839884609 -19.630459610223767
-1205.4362735436857 -20.11695015788078
-1205.756151764244 -21.214413765668866
-1204.9189572618902 -22.399258378744122
-1205.0542944656313 -23.30449796080589
-1204.068965612501 -23.93720585465431
-1203.7125239358843 -25.472835007905957
-1204.124842105955 -27.05665928483009
-1204.7050327049196 -28.87591821312904
-1205.193041740507 -30.345439378023144
-1205.2142341719568 -32.14757603764534
-1205.6028718934954 -33.74579197525978
-1205.1529299007357 -34.36254090428352
-1205.3573713885248 -35.665849987268444
-1205.4319898472727 -36.08023786902427
-1205.4973868714274 -37.289033178091046
-1205.9220871911944 -38.56842792391777
-1205.6457061456144 -40.164739135503766
-1205.9941780553759 -41.2881860768795
-1206.0083914385737 -42.24232471346855
-1205.7557985173166 -43.4279371535778
-1206.1787008331717 -44.16878962874412
-1205.873184530586 -45.97601795554161
-1205.264262764305 -47.76021099448204
-1205.61268582806 -49.35670197367668
-1204.5870001600683 -50.514178875684735
-1204.1948573873938 -51.778272751569745
-1204.7567369030417 -53.39298296332359
-1205.108963816017 -54.1915622985363
-1204.1713787005842 -55.40499866366386
-1204.7567768977583 -56.140994075536724
-1205.0349551127852 -57.4265978372097
-1205.5135399387777 -58.6027190721035
-1205.4795597480238 -59.768087509870526
-1205.6630429314077 -61.31218767523765
-1205.6469766484202 -61.84648692965507
-1205.0661498890818 -62.7630915081501
-1204.8316841708124 -63.70284372925758
-1204.8212252096832 -65.16868585705757
-1204.995478554219 -67.06656498074531
-1205.3794151382149 -68.41656726956367
-1205.618753118962 -69.07868939995765
-1205.9553809301556 -69.97163957715034
-1205.0462618009747 -71.14158517479896
-1205.300022109002 -72.52962249875068
-1205.4328411357105 -73.16719460844993
-1205.7172969715298 -74.43542063593864
-1205.1122179166973 -75.68423903346061
-1204.7140218751133 -76.5509703195095
-1205.1959255473316 -77.43824172377586
-1205.268026663512 -78.77602279543876
-1205.6376054422558 -80.10533905386924
-1205.6879006163776 -81.2971267735958
-1205.8900379376114 -81.9071082508564
-1205.5746081010998 -83.35437244534492
-1205.87150697276 -84.08204144597053
-1206.1551590399445 -85.8293630516529
-1206.0742725865543 -86.48578578591346
-1206.1483980552853 -87.74976200222969
-1206.3943700926006 -88.90962118268013
-1205.7339148657024 -89.64102727532386
-1205.1340150372685 -90.54328382372856
-1205.26882739231 -91.49825007081031
-1205.2239885465801 -92.83678597569465
-1205.0608052150906 -94.08393663525581
-1205.190237505883 -95.90945905804634
-1205.3060360686482 -96.77502662301063
-1205.0378123359383 -97.43301558852195
-1204.7024740712345 -98.54817092776298
-1204.4931034730375 -99.21544301867485
-1204.219234495014 -100.12710726618766
-1204.56025725469 -101.55938995242118
-1204.932955710739 -102.38872087359428
-1204.6280676411093 -103.54490161299705
-1204.5767423199118 -104.77713978648185
-1203.7791710184515 -105.97505665183067
-1202.599906949848 -106.20029566049575
-1201.2897281931341 -106.78576287984848
-1200.8448044644297 -107.56617507696151
-1200.3732585297525 -107.59313294649124
-1199.8228225694597 -107.85544893503189
-1198.7642155872286 -108.12202510595321
-1198.1606087075174 -107.99318823575973
-1196.5597478733957 -108.06255180001259
-1195.665853856653 -108.19152422606945
-1194.3335798965395 -108.93466176450252
-1192.8056725250185 -108.98284025847911
-1191.2226965413988 -109.91247363746166
-1190.7546577440203 -110.51773555934429
-1189.5186140523851 -110.05817152917385
-1187.829514978975 -109.92811619102955
-1186.2008370147646 -109.90177794158458
-1185.6049931631983 -110.07230961680412
-1184.2578183995188 -110.58968437075615
-1182.9824276553095 -110.9618282353878
-1181.6367059336603 -112.0635412967205
-1180.4043171988428 -112.90159941077232
-1179.0015102015436 -113.83770138382911
-1178.901161699146 -114.8227691090107
-1177.960506527275 -115.95450431466102
-1177.979800014347 -117.51497298836708
-1176.9944713400305 -119.12203604340553
-1176.928456632942 -119.87070936322212
-1177.1905581043661 -120.45485103487968
-1177.4778570817411 -121.14491963744163
-1176.6454668329657 -122.60871100783348
-1176.8719858811796 -123.27814680695533
-1177.236357896179 -124.88883847355842
-1176.5182552026213 -125.83586228251457
-1175.9190428541601 -126.8170346057415
-1176.3090021298826 -128.51910484194755
-1175.8646599636972 -130.32368624567985
-1176.4671344147623 -132.06525051951408
-1176.5167298899592 -133.17151463389396
-1176.6599292741716 -134.72066331267357
-1176.0372527228296 -136.63229942679405
-1175.6681775437296 -137.22896302103996
-1175.7450250895322 -138.43340671420097
-1175.3740665228665 -139.67948699355125
-1175.1897850544751 -140.8830152785778
-1175.004370457083 -141.72407913565635
-1175.538624471575 -142.9214606320858
-1176.1721970500053 -144.33659160494804
-1175.726336902529 -145.79796386122703
-1175.984039759785 -147.49370408415794
-1176.225330746323 -148.41616124272346
-1175.9089993597568 -149.85773760437965
-1176.4436544539035 -151.17976147294044
-1176.189047253281 -152.16886312127113
-1176.4742342294753 -153.50058764576912
-1176.2993862988055 -155.31281429886818
-1176.4573881389201 -156.9092815554142
-1176.5178613425792 -157.51587772727012
-1176.074410534054 -159.04708624243736
-1175.2493089796603 -159.88935339808464
-1175.9635231257976 -160.88515788674354
-1176.6762820841373 -161.78380209565162
-1176.7591779963673 -163.49126679062843
-1176.5934426175058 -164.768557254076
-1176.3068199442328 -166.31712466835975
