-1096.19 43.59
-1096.9010331058503 45.35693868637085
-1096.8802044713498 46.89312526226044
-1097.4872734868527 48.66575857639313
-1097.702996956706 49.975752558708194
-1098.4501735442877 50.790603246688846
-1099.0223764055968 52.14097496509552
-1098.5346493893862 53.34250375270844
-1098.320732730031 54.84545728206635
-1099.0084556514025 56.579254832267765
-1099.3008099073172 57.664865818023685
-1099.3264294141532 59.03922018051148
-1099.6321422332526 60.87933644294739
-1099.0305324071646 62.646955814361576
-1099.3821097487212 63.552118268013004
-1099.7855046266318 64.90612646579743
-1100.1327370578051 65.7539918088913
-1100.5277509564162 67.29749533176422
-1100.682053180933 69.02088805675507
-1101.2578354203702 70.67009612560273
-1101.5080279135705 72.36245450019837
-1101.0609736168385 73.95747002601624
-1101.9963789904118 75.23837181568146
-1103.3937962973118 76.86645814418793
-1104.6992250406743 77.00157203912735
-1105.7510558092595 77.2629291677475
-1106.8047972643376 78.48341461658478
-1108.6574812853337 79.397692527771
-1110.120784970522 79.9933340215683
-1111.8802662813664 80.89450117588044
-1113.5898683989049 80.96559258937836
-1115.1058416092396 81.10254709064961
-1116.5205450975895 81.85136083900929
-1117.9019220793248 82.49594471991063
-1119.8166185343266 82.87983969986439
-1121.7277821028233 82.98702612161637
-1123.6483376944066 82.57143756389618
-1124.4010716402531 82.52122973665595
-1126.1047672951222 83.23916613325477
-1127.3247227394581 83.59359734520316
-1129.0822480642796 84.02709253892303
-1130.7086144411564 84.19522195324302
-1131.6247559511662 83.93423949941993
-1133.0187055790425 83.87542997315526
-1134.46412083745 84.10304504647851
-1136.3452689373494 84.13456225410104
-1137.6242308342457 83.72792518153787
-1139.5429935181141 83.4223137499392
-1141.3170685493947 82.7154576779902
-1143.1098901951314 82.73189363829792
-1144.619388910532 82.61664904110134
-1145.6835772717 82.72744745962322
-1146.9420389854909 81.93450147859753
-1147.5308556878567 81.61059285156429
-1148.6932955110074 80.77062846176327
-1149.116573008299 79.96121109478176
-1150.6466696584225 79.86659919671715
-1151.7579560601712 79.17131769113243
-1152.720027717352 77.36571382932365
-1153.7931331717969 75.73827170781792
-1154.1126582944394 75.09351163558662
-1154.7910642945767 74.42539369516075
-1155.4574974501134 72.7532545273751
-1155.8133223676682 71.74854492597282
-1155.9788385504485 71.1239981596917
-1156.178217651844 70.2661586945504
-1155.818423511982 69.14717101506889
-1156.1283811354638 67.71948420457542
-1156.4785864079 66.86306607179344
-1155.8995873057843 66.42216830901802
-1155.7696400010586 65.86397194318474
-1155.2334771478177 64.49470257215202
-1155.7451681220532 63.6006370728463
-1156.2419258975983 63.10533517055214
-1155.7882584953309 61.63483064822853
-1155.8587077134848 60.972132200524214
-1155.612208055854 59.423009270951155
-1155.8308550590277 58.645002359673384
-1156.1957297199965 57.45328366212547
-1156.6247928017378 55.5815392678231
-1156.3311159783602 55.05083840541542
-1156.239334652722 53.716570908352736
-1155.8927740553022 52.20787041835487
-1156.185105214417 50.73378484897316
-1156.5557776191831 49.93644326381386
-1156.569023037851 48.198618585392836
-1156.2441853532196 47.70166742257774
-1156.3099004873634 46.48085402898491
-1156.5454119095207 45.27234458379448
-1156.6107912907005 44.73775940589607
-1156.5736171254516 43.06569152526558
-1156.1709942469001 41.18127351455391
-1156.0121926763654 40.20511108092964
-1156.234091977179 38.56266790084541
-1156.995476345122 37.69773858241737
-1157.6102976599336 36.151263887211684
-1157.130165437758 35.36326687984169
-1157.447731474936 33.72561901263893
-1158.2436357536913 33.207571024224166
-1157.5642961660028 31.80190634183586
-1156.973923484385 30.730409378334883
-1156.8284716406465 29.668408388420943
-1157.3827683725954 28.574153060242537
-1158.0053114691377 27.178383106514815
-1158.6677234569192 25.83480405263603
-1158.5363897630573 25.16104953937233
-1159.1178415963054 24.192177409455184
-1159.521253014505 23.435482496544722
-1159.8816145905853 22.51696466855705
-1160.3420528122783 21.6521472876519
-1160.1857320168615 21.158306414410475
-1160.5764867463708 20.29304462127388
-1160.1646272936464 19.216289812847975
-1160.058158750236 18.089482719227675
-1160.4698596546054 17.009701782986525
-1160.3393903174997 15.540762836262587
-1160.309227923453 14.190438563153151
-1161.5619408884645 13.866842979714278
-1161.9902565577627 12.957682008072737
-1163.517280588448 12.090219253823165
-1165.347357402146 12.018352920338515
-1166.6771904328466 11.956943953558806
-1167.3959966996313 11.963394457623366
-1168.61899043113 12.362689072415236
-1169.729259620011 11.73140423946083
-1170.5531315901876 11.85040532998741
-1171.971646795571 11.68145788662136
-1172.9336600401998 11.43835810773075
-1174.489635000527 10.906658569499854
-1176.0900364020467 11.30250770799816
-1176.783685694039 11.351140538379553
-1178.721906194985 11.798309305831793
-1180.130881319344 11.608520994111899
-1181.8811671832204 10.582714209482077
-1183.7767033675314 10.362102681919936
-1185.297122130692 10.60809164695442
-1187.1526297429205 10.470793450400237
-1188.240622649491 10.917349631115798
-1189.7914781668783 11.046808445975188
-1191.378847489655 10.313694441840056
-1193.0287894108892 9.393818104788664
-1194.9061042168737 8.61981114201248
-1196.39297998935 7.925401354357604
-1197.0400844910741 7.229660177752379
-1197.6372752287984 6.8603407090157305
-1199.0494526723028 6.431156689450148
-1199.7916417816282 5.260954553410414
-1200.048377225697 3.68779044799507
-1200.4666463533044 2.5905079191178118
-1200.592142636478 1.7739081924408708
-1200.7007193663717 1.1216318552941118
-1201.4806566336752 0.3592379038780962
-1201.6382460692525 -0.9304434115439619
-1202.2187163928152 -1.6051045710593428
-1201.7853696444631 -2.060973411276933
-1201.5886143246294 -2.8830813223868574
-1201.9960415163637 -4.588355427458879
-1202.455287913382 -5.574610715582963
-1202.1722897091508 -7.292339330390092
-1202.8490857878328 -8.80780590124428
-1202.47227031976 -10.354512816146013
-1203.1416204670072 -10.803765958026048
-1202.5268547037244 -11.341183131411668
-1203.0019204714895 -11.809688215926286
-1203.0744804689289 -12.798425441458818
-1202.6011968502403 -14.324043994620439
-1202.6316487365962 -15.071533923819658
-1203.3037966662646 -15.854641681388017
-1202.8156505697966 -17.650222902968522
-1203.417598771453 -18.78101432867348
-1203.3628834733368 -19.66756272859871
-1203.9596122154594 -21.45681143350899
-1203.675332839191 -22.02243757791817
-1203.5648451322318 -23.783981805518266
-1203.5469368496538 -25.02612078733742
-1203.7755022147298 -26.214767938330766
-1203.7139445269108 -27.317403441146013
-1203.5219373428822 -29.155218487456438
-1203.0534144365788 -30.38033378668129
-1203.3813848519326 -31.84137011118233
-1203.3129611560703 -32.72453868933022
-1203.9886528202892 -33.86576819963753
-1203.31564843148 -34.906309848502275
-1203.8153965422512 -36.26069939680397
-1203.9197772988678 -36.995040124133226
-1204.4897929677368 -37.85245305843651
-1204.1438856372238 -38.36885643549263
-1204.6058848747612 -39.830663448050615
-1204.3758249977232 -41.35681164808571
-1204.368248293698 -41.89223242349922
-1203.4758815267683 -43.34627295084297
-1202.6159139969945 -43.8953386003524
-1203.3190822699667 -44.635362928584215
-1203.9081222513319 -46.05511004276573
-1204.0777296671272 -47.825052087977525
-1203.9188177236915 -49.068566387370225
-1204.2452127286792 -49.53117412872612
-1203.7783316025138 -51.21550840683281
-1204.1897292980552 -52.868894046023485
-1204.1576546677948 -54.075304573252794
-1204.1387350061536 -54.73133582420647
-1204.1096800515056 -55.81697506256401
-1203.5371909686924 -57.41173190422356
-1204.1233750531078 -58.85129541702568
-1203.937533388436 -59.928220456317064
-1203.7107644924522 -61.15591222591698
-1203.2262922772766 -62.240648096278306
-1203.1982125477493 -63.82627684421837
-1203.1659183302522 -64.92650229282677
-1203.570698926747 -65.50710189886391
-1203.4171847203374 -67.19976795263588
-1203.8650864461065 -67.9389981085807
-1203.9863600829244 -68.85763216562569
-1203.5999400416017 -70.14486992903053
-1203.6453681239486 -71.6893781477958
-1204.0510469922424 -72.75154197759926
-1204.124978850186 -74.10413659162819
-1204.2309367755056 -74.71161389894783
-1204.6787389019132 -76.18321550436318
-1204.3892564573885 -77.5592272336036
-1204.9705149927736 -78.72257841177284
-1204.7982928553224 -80.25908577986061
-1205.0923910835386 -80.88150197811424
-1205.1889930465818 -81.70831323213875
-1205.1899145939947 -82.96694493837654
-1204.5979653695226 -84.17960167475044
-1204.6355161318183 -85.34094346113503
-1203.872280085981 -86.92005074568092
-1204.4292359599472 -88.69478762693703
-1204.111263359487 -90.2379928881675
-1203.615444804132 -91.54505730219185
-1203.6318171718717 -92.81741285867989
-1204.1152103343607 -94.49820554800331
-1203.4702490964532 -96.39599454946816
-1203.4532654309273 -97.08241111584007
-1203.6923594796658 -98.85350758381188
-1203.9406186962128 -99.65911371059715
-1203.2780766510964 -101.55439037628472
-1203.2629025751353 -102.72152168102562
-1203.2583233588934 -104.26093429870903
-1202.8884953433276 -104.99106211014092
-1201.627670186162 -105.23697037048638
-1200.2275970155001 -106.47306269951164
-1199.5787191563845 -106.76187778063118
-1198.9919873648882 -106.96602905340492
-1198.5949648791552 -107.24100894279778
-1197.5879091197253 -107.06070495195686
-1196.5183788710833 -107.93499136514961
-1195.4669714146853 -107.86927041955292
-1194.3867188864947 -108.22517818756401
-1193.9371366077662 -108.95899457283318
-1192.0793880993128 -108.67975649781525
-1191.5656595402957 -109.14495763726532
-1190.4891261035204 -109.35963076896965
-1189.9524202519656 -109.89895219154656
-1188.9014992886782 -109.29446322269737
-1187.3626209670306 -109.72016871519386
-1185.886152880788 -109.51618429072201
-1184.2705594474078 -110.43012054808437
-1183.7490958744288 -110.03561659701168
-1183.0504510575533 -109.97222568638622
-1182.332536237836 -110.56161310322582
-1180.852028387189 -111.33589275725186
-1180.1275709444285 -112.0135799253732
-1179.3382697278262 -113.70374449141323
-1178.1477525407076 -114.29718764670193
-1178.0913058692217 -115.99689014799893
-1177.7296316498519 -117.75533374197781
-1177.1185886734725 -118.93380006201565
-1176.6210499280692 -120.86952169783413
-1176.6234198608995 -121.8802277649194
-1176.5641695694626 -123.80985422976315
-1176.1071245209873 -125.3129727447778
-1176.7922344343365 -127.06003018267452
-1176.327865137309 -128.4893117750436
-1176.7306864695252 -129.7337638939172
-1176.3197166459263 -130.40692546017468
-1176.9218857423962 -131.08639212496578
-1176.2332922951878 -132.61370345003903
-1176.171505908072 -133.23675580866635
-1176.4968380132318 -134.48425694353878
-1175.6500041285158 -135.6699394787103
-1174.979049603045 -137.35782762415707
-1175.6140135923029 -138.979092201069
-1175.5307824262977 -140.7128260935098
-1175.606881851852 -142.3824716413766
-1176.237390036285 -143.02719595082104
-1176.413156414926 -144.30122294075787
-1175.8701980361343 -145.24406500704586
-1175.6142598041893 -145.77502234824001
-1175.4512163051963 -147.71791239626705
-1175.2548937597871 -148.9258637035638
-1175.2661166363955 -149.47217597611248
-1175.7019303613902 -150.562546511963
-1175.193989711404 -152.17042340882122
-1174.5561880642176 -152.70759459383785
-1174.785768198371 -154.6148238981515
-1174.7315467172862 -155.9020316208154
-1175.4537355476618 -157.6351015175134
-1176.2135129147769 -158.65165885336697
-1176.1090360456706 -159.64261802084744
-1176.5953459316493 -160.54109152205288
