-1096.19 43.59
-1096.61637565732 44.023348119258884
-1097.4689581120015 44.53761830568314
-1096.956058176756 46.01252010107041
-1097.5068572485447 46.89634641647339
-1097.8352699005604 48.47872003555298
-1098.358988019228 49.46961095571518
-1098.5222776556016 49.91500720024109
-1099.1920673274994 51.11236700057984
-1098.9169459664822 51.539674725532535
-1099.3764365637303 53.23632141590119
-1099.848179730177 53.86919459342957
-1100.1454903507233 54.56388100624085
-1100.493341537714 55.49353459119797
-1100.8383846008778 56.22632386922837
-1101.094082208872 57.66968586683274
-1100.9420213574172 58.36712768316269
-1100.9836437875033 58.72731867074967
-1101.3418118828536 59.44786539316178
-1101.5958681875468 60.321280207633976
-1101.5889276736975 60.92622831106186
-1101.3498926782609 61.532231178283695
-1101.3902526819707 62.50708886623383
-1101.2731029117108 63.80038150787354
-1101.4291732633114 64.86285814285279
-1101.572727265358 65.45194604635239
-1100.8092833185196 66.89444806814194
-1101.101882698536 67.95865419149399
-1101.2422213876248 68.56208207845688
-1101.1796026551724 69.38138857126236
-1100.4504993879796 70.61562242746353
-1101.1294070208073 71.37542631864548
-1100.8644562089444 71.85922339200974
-1101.4395230734349 72.50290521621704
-1102.022588762045 73.45044293642044
-1103.0186894261838 73.8991379404068
-1103.8276174390317 75.04349824428559
-1104.9232086265088 75.40493496894837
-1105.8752242648602 75.68857827425003
-1106.4627440297604 76.19574412345887
-1107.8321708762646 77.63779219627381
-1109.3182808482647 77.85106807589531
-1111.057703408003 77.67233800530434
-1112.876667650938 78.67587720990181
-1114.4263289296628 78.64702358484269
-1116.188176187277 78.40886303424836
-1117.592981132269 78.76466288805008
-1119.4543781602383 79.21817403674126
-1120.9402658069134 78.87968560695649
-1122.7467574203015 78.65045347452164
-1124.2041660869122 78.46351009249688
-1126.095391663313 78.57475462198258
-1127.9915304505826 78.81374434769154
-1129.7186787450314 78.89396173894406
-1131.4983355128766 79.22309799134732
-1133.125171931982 79.71770374119282
-1134.9475130164624 79.41083959877491
-1136.772189053297 79.92994622528553
-1138.480387839079 80.29924790203572
-1140.0852529132367 80.19625259578228
-1142.013098629713 79.7463722640276
-1142.7870102250577 80.49355010330677
-1144.327267202139 81.18918029606343
-1145.898622545004 80.93596695005894
-1147.623695524931 81.42692745864392
-1148.5007835352421 80.30015052497387
-1150.384388538599 80.65168203055859
-1150.6934379661084 79.95165277659893
-1152.087461861372 78.40758837401867
-1153.0460164868832 77.79739530026913
-1152.851984562874 76.1950995439291
-1152.733411538005 74.98149902760983
-1153.015560823083 73.58564503133297
-1153.659567194581 72.36958761155606
-1154.4971254044772 70.56132693231106
-1154.5131207057834 69.2317013257742
-1154.3819960454107 67.89811701714993
-1154.676486889422 67.27543808162213
-1155.3484196463228 66.23035062491894
-1154.7627569833398 64.65185130774975
-1155.182074765265 62.925436865687374
-1155.091616089046 61.38900579154492
-1154.5543212839962 59.98824359118939
-1154.882674420774 58.39600802600384
-1155.0083690533042 57.146771084666256
-1155.7274522432685 55.20769537627697
-1155.672113018632 53.484871279597286
-1155.5005228096247 51.94565297305584
-1155.941695290208 50.59630740821362
-1156.3127964907885 49.84948940217495
-1156.778105365634 48.58140273034573
-1156.937652977705 46.72965354859829
-1157.3794650161267 45.068246673941616
-1157.6652607941628 44.191421341300014
-1157.1936197900773 43.07141478002072
-1156.4377254867554 41.52414591252804
-1156.510548310876 40.16452927529812
-1156.9686449044943 38.79807825028897
-1157.0553024435044 38.1775865072012
-1157.5899800086022 37.48265488088131
-1157.7433423423768 36.7060813421011
-1158.116808744669 34.928495120406154
-1158.446797939539 33.117571544051174
-1158.8026717925072 31.802974533438686
-1159.0261904770136 29.935476135611538
-1159.3441201323271 27.977600883841518
-1159.8477907055617 26.445496391654018
-1159.97355948627 25.31194074094296
-1160.084970819354 23.797070693373684
-1160.247053938508 21.981046270728115
-1159.5901901894808 20.5534090512991
-1159.9769070023299 19.595027875304226
-1160.3782947534323 18.17152256906033
-1160.9749081009627 16.488866757750515
-1160.970668079853 15.131644319891933
-1161.7227708721161 13.964751791357997
-1163.2583553218842 12.977216433882717
-1165.143338623047 12.630890619158748
-1167.0276874923707 11.882732164263729
-1168.9486913108826 11.691284459233287
-1170.8475701236725 11.423009436726574
-1172.8187307739258 10.883683841824535
-1174.7142153406144 10.494379442334179
-1176.5177345895768 9.635397594571117
-1178.1953064823151 8.891705315709117
-1179.4813806438447 9.558536570668224
-1181.1792630577088 9.864475887417797
-1183.0606394433976 9.345293086171154
-1184.8321729326249 9.314757526069883
-1186.7709147357941 9.933473050743345
-1188.6986317062378 10.07170525208116
-1190.4613253498078 9.524368494898084
-1192.1656314754487 9.33212392047048
-1194.1203011894227 9.080128565579656
-1196.0120267295838 9.205744013339284
-1197.5191066884995 9.02073852732778
-1198.700244369507 8.022705361396078
-1199.7875239276887 7.3691274376213585
-1200.567520620823 6.277037069350484
-1201.6360631012917 5.631196364909414
-1201.9586654925347 4.572988256961111
-1202.1285844171048 3.913744256049398
-1202.643749805689 3.0864707680046592
-1203.355599256754 2.3541454525291954
-1204.063010545969 1.3273717613518272
-1204.2109125429392 0.5305580349266563
-1203.8720687800646 -0.017013087719675468
-1204.433778899312 -1.2430398611724343
-1205.0342543298007 -2.945224419087168
-1205.3543296331168 -4.373256936520335
-1205.613191830516 -4.893470600098368
-1206.0012542182208 -5.368935897797343
-1206.2292356663943 -6.245560839623209
-1205.635347622037 -7.340337470024821
-1205.7339679771662 -8.20999295994639
-1205.9129113131762 -8.642002001255747
-1205.4082632237673 -9.562692597359415
-1205.88968880713 -11.005925014466044
-1206.3127374225855 -12.114886477440592
-1205.792198317647 -13.246235444992777
-1206.0041665607691 -14.578838422745463
-1205.2240702086688 -15.793127372711893
-1205.3546062284709 -16.76816917940974
-1205.7077471786738 -18.60558702036738
-1205.8850272768736 -19.505120828598734
-1206.2264918857813 -20.99114187046885
-1206.5012322539092 -21.853769495934245
-1206.3135899180174 -23.55708380028605
-1206.3921886259318 -24.632962182015177
-1206.1353792124987 -25.556660368889567
-1206.1379554146529 -26.219758227318522
-1205.8614290827513 -27.474115326851603
-1205.8125512176753 -29.27397914215922
-1206.2044063681365 -30.554485037773844
-1206.4573010975123 -31.447441235035654
-1206.8066376918555 -32.631640210598704
-1206.5958349430562 -34.37169243380427
-1205.6466864073277 -35.03398443743586
-1206.0944802486897 -35.7241684345901
-1205.7409118139744 -37.24189664408564
-1205.5700688534976 -38.81928266569972
-1205.2401199811698 -39.563896432369944
-1205.6825542026759 -41.27527071520686
-1204.9180185371638 -42.32401634737849
-1205.4242138439417 -44.21739555880427
-1205.1832639449835 -45.03057838961482
-1205.5754184001685 -46.21490158125758
-1205.5780495876074 -46.73519761845469
-1205.943404095769 -47.607320263832804
-1206.3537832075358 -49.47474475190043
-1206.2213833206893 -50.11497707650065
-1206.1171110147238 -50.99267621323466
-1205.569643663764 -52.178505256623026
-1205.789888458848 -53.44777829930186
-1206.2139267200232 -54.40995682761073
-1206.3998720222712 -55.82692255064845
-1206.5920849615336 -56.75005908295512
-1206.5834201151133 -57.62703479811549
-1206.5867642039061 -59.51391853377223
-1206.7683776193858 -61.367894068211314
-1206.9695782536269 -62.99671675249934
-1207.2802208536864 -64.01059271380305
-1207.2488430017233 -64.96611703917384
-1207.3619574183226 -65.89996768519282
-1206.2984584444762 -66.99635805174708
-1206.6587317162753 -68.80370391890406
-1206.8751466447115 -69.97068406626582
-1206.862595962882 -71.55941988512873
-1206.9980821484328 -72.94545389696955
-1207.258468734622 -74.63905657812953
-1206.9546424025298 -76.25820876643061
-1207.105768519044 -77.82904483363032
-1207.0380615764857 -78.76457883402705
-1206.6659185165167 -80.53124190852046
-1206.9459559494258 -81.06371761843562
-1207.0152854496241 -82.74981023356318
-1207.0193011039496 -83.31356962010264
-1207.2674575322867 -84.16157872959971
-1207.4918829375506 -85.08648438736796
-1207.1856366866828 -85.62632383391261
-1206.4117981666327 -87.36518718287348
-1205.9338749521971 -89.0749540476501
-1205.5545673841239 -90.86535169169306
-1205.078743981719 -92.4021605400741
-1205.0730197006465 -93.52739085242152
-1204.1792309457064 -95.2572027592361
-1204.5441152626277 -96.1449026016891
-1204.7106239819527 -97.01791919752955
-1204.6295434707404 -97.71671582743525
-1204.8455617451668 -98.93370117232203
-1203.8542292737961 -100.07543374583125
-1202.9601764702797 -101.52191437765956
-1202.190256896019 -102.22394169852137
-1202.7499238872529 -103.0078193692863
-1202.9766879403592 -103.97266359612345
-1202.196581157446 -104.86940230414271
-1201.6792810881138 -106.50089754149317
-1200.7662132108212 -106.50254715964198
-1199.9079650366307 -107.97688902899623
-1199.473675044775 -108.47100223585963
-1198.9318459355832 -108.43476538345217
-1198.387900801897 -108.90519292637705
-1197.4394265139103 -109.43296302840113
-1195.8110390627385 -109.28024785205722
-1195.1602909886838 -108.862068220824
-1193.9280422055722 -108.8066640792787
-1193.361351402998 -109.239649861902
-1191.4794893586636 -109.21137253925204
-1190.699617060423 -109.47258637830615
-1189.3414925658703 -109.47100495532155
-1187.7586025321484 -109.7549110276997
-1186.4699796760083 -109.90462493136525
-1184.951466830969 -109.79244437053799
-1183.8724383437634 -110.36709370449185
-1182.8524560058117 -110.54020281866192
-1182.070555778742 -111.44489630296826
-1181.1724519455433 -111.69294803574681
-1180.4357233965397 -112.0398670656979
-1180.0581488633156 -113.18930067852139
-1178.9041037583352 -113.51328041389584
-1179.068707945347 -114.61530330017209
-1178.201802136898 -115.60574033096432
-1178.3880617940426 -117.46271469429135
-1178.7218442881108 -118.47500541046261
-1178.467075856924 -119.60730221107602
-1177.4029127681256 -121.23521520927548
-1177.2405329817534 -122.61603488758206
-1176.5149575942755 -123.93342103794217
-1176.2210857445002 -125.11574950054288
-1176.0157401138545 -126.65570583179593
-1175.5287987464667 -127.74491193130612
-1175.7170271003247 -128.60142388179898
-1175.1338196122647 -130.0213341934979
-1175.7577482187749 -131.69448139503598
-1175.364544632435 -133.0833913309872
-1175.241902987063 -134.04183479383587
-1175.9391944804788 -134.94424005582928
-1175.8518738099933 -135.60951306656003
-1176.628259832561 -136.44207706287503
-1175.8365120241046 -137.44214727714657
-1176.5231317827106 -139.24614121749997
-1176.3076184341312 -140.3656635506451
-1176.3650606894494 -141.19995107486844
-1176.0929973447323 -143.04198493793606
-1175.9188790345193 -144.2911014778912
-1176.336838337183 -144.8336554391682
-1176.1127232038975 -145.6396025045216
-1176.372307958603 -146.15169396236539
-1175.6756472015381 -147.4737599118054
-1176.2444758439065 -148.8624886496365
-1176.28303573519 -149.5272442920506
-1176.6568737128378 -151.1071923597157
-1176.6660545492173 -152.86234863832593
-1176.307920935154 -154.2987972123921
-1176.4248265200854 -156.07402499750256
-1175.9073909693957 -156.6745992524922
-1175.8538654991985 -157.71918841436505
-1175.3694695481659 -158.57026001051068
-1175.7413528808952 -159.2595627529919
-1176.21736838907 -160.71243645980954
-1175.618609572351 -161.6111492140591
