-1096.19 43.59
-1095.8302513980866 44.332362141609195
-1096.678317489624 45.06243762016297
-1096.6346318000556 45.48000910520554
-1096.588931786418 46.98112848043442
-1097.4700764888526 47.41168334722519
-1097.9708182686568 48.29363980531693
-1098.5534252399207 48.7107629442215
-1098.0670147114993 49.46599682807923
-1097.9067492806912 50.58065482616425
-1097.9431150206924 51.11964133024216
-1098.495704496801 51.93552019834519
-1098.5335599282384 53.418632533550266
-1098.2473127940298 54.658089306354526
-1098.472223932445 55.35097971200943
-1098.85562499851 55.830841269493106
-1099.4534749636055 56.42522886037827
-1099.1748457798362 57.17785235881806
-1099.2546842345596 57.768223311901096
-1098.665861273706 58.91692843675614
-1098.5974488058687 59.9619100356102
-1099.1278785267473 61.209295775890354
-1099.5692759850622 62.79194584131241
-1099.8204557695985 63.30806406974793
-1100.3043100038171 63.775693442821506
-1100.1132322052122 64.1722475552559
-1099.602219054997 65.02615597486496
-1099.9921174743772 65.52240821361542
-1099.5122551420332 66.19341620445252
-1099.589742729962 66.8848784828186
-1100.0409934023023 68.2890088224411
-1100.198876286447 69.32050475120545
-1100.1495701657236 70.21013041973114
-1100.7879512296618 70.65114381551743
-1101.0182933793963 71.34161248445511
-1101.0123956488073 71.9655909204483
-1101.637317864746 73.05460020542145
-1102.4852282093466 73.63145455360413
-1102.786779551357 74.49289402008057
-1103.1887540207804 75.68506511688233
-1104.0668241964281 76.93624779224396
-1104.850479363054 78.00980528831482
-1106.3505724655092 78.55524333953858
-1107.7303919778765 78.31748839855194
-1109.352596281618 79.03329380989075
-1111.196545957178 78.8448957169056
-1112.1488773809374 79.31288256883622
-1113.0187750445307 79.3430980706215
-1114.7965430603922 79.45631458997727
-1115.8793695555628 80.28129449129105
-1116.6486072526873 80.24762749314309
-1118.4745354638994 80.31457185387612
-1119.2397564636171 80.0659324491024
-1120.9335848079622 79.64649048089981
-1122.8057992444933 79.47635468482972
-1124.0734175430239 79.15088188290596
-1125.616293309778 79.10549783349038
-1127.2460916028917 79.59718334317208
-1128.1779397712648 80.30608397364617
-1129.2887148843706 80.12275901079178
-1131.092497585863 79.99760338306427
-1132.7515754686297 80.03955241680146
-1134.471464394182 79.97937264680863
-1135.5390762077272 80.41150918245316
-1136.570923446268 80.7673721575737
-1137.7275997386873 80.50920578479767
-1138.8738766895235 81.01459666728974
-1139.6127885566652 81.3480909729004
-1140.465476332754 81.38380471259356
-1141.4839819060267 81.06337199002505
-1142.5498085604609 81.23098177105189
-1143.461391864866 81.48248738437891
-1144.165061889738 81.5007156470418
-1145.2913356409967 81.37480265289545
-1147.1494224654139 80.95444122344256
-1148.9759328947962 80.108130607903
-1150.7978976355494 79.39824834853411
-1151.6737055169046 77.74322382003069
-1152.3689777241648 75.87236109763384
-1152.5148727880419 74.61955264598132
-1152.9586774097384 72.92719713240862
-1153.2113331244886 71.12874213248492
-1153.3307020129264 70.10506454497576
-1154.1131252707542 68.97264090567828
-1153.8894758583606 67.15610638648272
-1153.9977013157309 65.29063168555498
-1153.7164677070082 63.558387790024284
-1154.3239679025114 62.75620928794146
-1154.7306643413008 60.98435917884112
-1155.3672457621992 59.342599306404594
-1156.0483457134665 57.503704939186576
-1155.799455432743 55.7388064005971
-1156.0982887135447 54.477905783951286
-1155.771465240568 53.64436021834612
-1156.1234229789675 52.54108468085528
-1156.4494113312662 50.679643307030204
-1156.703403709978 48.74092403441668
-1156.4865373955668 47.221720609962944
-1156.3459445373715 45.90811267882586
-1156.7062773244083 44.21796849757433
-1156.805314539522 42.45665958911181
-1156.1146898256243 41.431330833733085
-1156.2367173866928 39.77598408252001
-1156.8862742619217 38.06372717410326
-1156.3591126637161 37.38942298680544
-1157.0993100838364 35.85556587964297
-1156.7478508786858 34.51141676694155
-1156.4662543074787 32.72290692120791
-1157.1905831830204 31.109374854862693
-1157.5646103458107 29.44493112355471
-1157.819570286721 27.908328030407432
-1157.7471340210736 26.435389254391197
-1157.4225479574502 25.054471824467186
-1157.2913600714505 23.381822679340843
-1156.8507749052346 21.710853908360008
-1156.8354011537135 20.244395349323753
-1157.6712601543964 18.887835595905784
-1158.440767145306 18.01536605149508
-1158.9075892330707 17.04708549767733
-1158.9448869661987 15.138619158566001
-1160.0218244032562 13.54086515694857
-1161.4326641993225 12.663036499321464
-1162.284701629132 11.61251894026995
-1164.1755234436691 11.014896784126762
-1165.4334803061188 10.286818895637992
-1166.4547903971375 9.980137828886512
-1167.9201258854569 9.502970460951332
-1169.4247187809647 8.929823879301551
-1171.0796159939468 8.534610096514228
-1172.0375853018463 9.046087805330757
-1173.6760871843994 9.288169268667701
-1174.5791991190613 9.159600798189643
-1176.4407608942688 8.735982809364799
-1178.336656613797 8.477044198811058
-1179.5255792574585 8.597624410092834
-1180.695085926503 8.334558326900009
-1182.3801833824814 8.694968719184402
-1184.2037426666916 9.184695203006271
-1185.0928875641525 8.880965937078003
-1186.5124980644882 8.901014056205753
-1188.2423447804154 9.674463357925418
-1190.0217129425705 9.11917450666428
-1191.4691347317398 8.428129281997684
-1192.3350952105225 8.081612583398822
-1193.7758512930573 7.618685927391056
-1195.6987939314545 7.123413231372837
-1197.5078950361908 7.0940029585361515
-1198.5923016504944 6.757327374219898
-1199.2824758128822 5.5561863744258915
-1199.7981970743836 4.625492032766346
-1200.3288981156052 3.742215331792835
-1201.1178494529427 2.0560905301570926
-1201.359403474778 0.13714843630791052
-1202.0930288867653 -0.9958967602252926
-1202.5772122876347 -2.3240024483203854
-1202.4378397451342 -3.4324191248416867
-1203.0110855685175 -5.201596800088879
-1203.2454424487055 -6.493257228136059
-1203.7931730137766 -8.046681824922558
-1203.9983945326508 -9.10985261559486
-1204.1178621040285 -10.695708338022229
-1203.4577536569536 -12.100833598375317
-1203.4591160775722 -12.830649915933606
-1203.3379568444193 -14.388131204843518
-1203.1988345967234 -15.210286442041394
-1203.2456129291654 -16.7491378223896
-1202.867718706429 -18.04341715931892
-1203.492372403443 -19.616411629915234
-1203.362910489142 -20.925889197587964
-1203.6900669136644 -22.163057748079297
-1203.9933528700471 -23.232858482599255
-1204.5906950631738 -25.17157513260841
-1203.9600110450388 -26.092816773653027
-1203.0860777893663 -27.79951256871223
-1203.774556736052 -29.523958865404126
-1203.1372641125322 -31.332910243272778
-1202.8910946795345 -32.40710753560066
-1203.0780685195327 -33.23569375634193
-1203.497488642633 -34.789618555307385
-1203.040181363523 -35.85326797127723
-1203.5768815526367 -37.31613892674446
-1204.0286790975929 -39.07612914204597
-1203.6907204040886 -40.92793172955513
-1204.1767331311107 -41.67994028687477
-1204.3897009143234 -43.2200189268589
-1204.9598115333915 -45.02940506100654
-1205.3513002344966 -46.58752411961555
-1205.394475902021 -47.31913102030754
-1205.4531091102958 -48.438343766927716
-1205.6155098924041 -49.39464450240135
-1204.9248745688797 -50.0332199370861
-1204.912816683352 -50.98228264212608
-1205.0288117924333 -52.537353757619854
-1204.4832768240572 -53.363903466463086
-1203.8063220778108 -54.84623128533363
-1204.2312837043405 -56.271735373735424
-1203.9146701195837 -57.11724931359291
-1204.239035139382 -58.796136084794995
-1204.5418639281393 -60.1726784145832
-1203.8901801207662 -61.03244227528572
-1203.7157860198618 -62.0226380264759
-1203.251690069735 -63.607829514741894
-1202.5432567992807 -64.32794076561927
-1202.6102225282789 -65.565716329813
-1202.1959689953924 -66.70380431771278
-1202.424797216952 -68.44506270051002
-1202.674801568091 -70.25129109978676
-1203.0272336998582 -71.56325406193733
-1203.448529163897 -73.2387047445774
-1203.135675291121 -74.34140843510627
-1203.1056801067293 -75.94257694840431
-1202.6570026563109 -76.58455503344535
-1202.6076654033363 -77.90464198946952
-1202.853068857044 -79.29134905695915
-1202.8514046599716 -79.94952279686927
-1202.9408798148484 -81.51268440842628
-1202.7359838118405 -82.77183348298072
-1202.6746342187375 -83.29579937815666
-1203.0893739467115 -83.81216568112373
-1203.2200150793046 -85.04923588395118
-1203.781816334054 -86.0506789124012
-1203.391783983037 -86.77715319752693
-1203.6106290077419 -87.56071132779121
-1203.3238262390346 -88.77119309067726
-1203.4277793621272 -89.61410910248756
-1203.1769975280017 -90.38534921765327
-1203.0469653313608 -91.93787163853645
-1203.1346780066938 -92.42738956570625
-1202.9552711253614 -93.41861164927482
-1202.5343185966462 -94.86111462473869
-1201.950025708005 -95.74159884810447
-1201.3825979536027 -96.81380927920341
-1201.521885514781 -97.87388432383537
-1201.2933330839128 -99.09099412322044
-1201.4294599895925 -100.90138125777244
-1201.4464658951015 -101.41926056504249
-1200.9246655558795 -102.2329116499424
-1201.5786301945896 -103.38526183724403
-1200.8988224124164 -104.55951661229133
-1200.0952715729923 -105.31298035740852
-1199.023746476099 -106.68534261345863
-1198.6836589132995 -107.76058680176735
-1198.1848986303062 -108.11961281657219
-1196.7562745963783 -108.34055327236652
-1195.8530745660514 -109.13424049675464
-1194.0816352521629 -109.21195584893226
-1192.1585288202018 -109.5703601872921
-1190.886654273197 -110.31227857232093
-1190.0275769983978 -110.05466309547424
-1189.2859125887603 -109.59827819824218
-1187.4484425341338 -109.81650057792663
-1186.2857781206817 -110.07748028993606
-1185.3860604321212 -110.98665902376175
-1183.9502419983596 -110.94614501655101
-1182.647447303459 -111.82229431331157
-1181.0555520807952 -112.4514985269308
-1180.0112646376342 -113.60063304364681
-1178.9345200812072 -115.08649529874324
-1177.8615203654022 -116.4509372895956
-1177.1045430456847 -117.51232172906398
-1177.618864909336 -118.34389348685741
-1178.1330471193046 -120.17722101867199
-1178.0443702047319 -120.98527546584606
-1177.8988799159974 -122.79821737468242
-1178.1673099105806 -124.13413699328899
-1177.8702646499128 -125.40423472583294
-1176.9123822455854 -126.78177972495556
-1176.6624801462144 -128.37451453864574
-1176.5334664588422 -128.9548584407568
-1176.701303184554 -130.52094544827938
-1176.0729128723592 -131.33677621543407
-1175.9384813015909 -133.1722936218977
-1176.0052109589428 -134.86750240981578
-1176.1659167637677 -135.7077371662855
-1176.432571970448 -136.38043065726757
-1176.4504754697532 -137.23302664220333
-1175.852310851738 -138.13519682347774
-1175.8297932153196 -139.93616821229458
-1175.466755956933 -140.4348554199934
-1176.1271275585145 -141.97676940619945
-1175.7917779093236 -143.9195428675413
-1175.3460692768545 -145.22876818835735
-1175.0823254888505 -146.2708991354704
-1175.686543077752 -146.98870487868786
-1176.007387668416 -147.91729064643383
-1176.226115018651 -149.34733267486095
-1176.826734513566 -151.263078648448
-1176.2655561869592 -152.33677800357341
-1176.0042175059766 -153.77438684165477
-1176.2997283344716 -155.61974080264568
-1176.4132719343156 -157.1139574831724
-1176.613519877717 -157.87624128520488
-1176.1412791316957 -159.16100569427013
-1175.8928978895397 -160.50814922511577
-1175.9050444835425 -161.79795046508312
-1175.7469603592158 -162.8767408913374
-1176.2071789675952 -164.54266579806804
-1175.7680533701182 -165.83640893161297
-1175.6112622046471 -166.74175234496593
