-1096.19 43.59
-1096.291742580533 44.314570810794834
-1096.1629270786048 45.314085032939914
-1096.7796833389998 45.880204346179966
-1097.3978140228987 46.97578182458878
-1097.9196488136054 47.882818248271946
-1098.2038600021601 49.66019609212876
-1098.2587205940486 50.88144233465195
-1098.4342696839572 51.44866987705231
-1098.9871187978983 52.23686298370362
-1098.8666721904278 53.15674730777741
-1099.092643159032 53.88454255104065
-1099.105572628379 55.63480302333832
-1099.4153812402487 56.39513215065003
-1099.7573321336508 57.09702857971192
-1099.1831121319533 57.576530482769016
-1099.4362855428458 59.19217517614365
-1099.1254114979506 60.118297364711765
-1098.3668132895232 61.398549463748935
-1099.028590964675 62.91597500085831
-1098.3393031829596 63.898700740337375
-1098.840587424636 64.97262170553208
-1099.4489166015387 65.73295703172684
-1099.0341540747881 66.4986874127388
-1099.1274666437507 67.67479195833207
-1099.6471893438697 68.1090652012825
-1100.1306177327037 69.84825673341751
-1100.656832689941 71.32238545656205
-1101.214419002235 72.01567604780197
-1101.4852188178897 73.58489837884903
-1101.7340332219005 75.37649431467057
-1103.0175558277965 75.9315094614029
-1103.4809841164947 76.35690697669983
-1104.561576987207 76.78068330526352
-1106.2714352855087 77.3073376083374
-1107.6193560609222 78.34942778587342
-1108.9887484559417 78.98369034767151
-1109.9042418250442 79.35760819554329
-1111.1232134351135 80.17352169394493
-1111.954173232019 80.74101179480553
-1113.160604620874 81.27823727965355
-1114.5682946690918 80.85105245947838
-1116.0149878510833 80.77694956600666
-1116.996580029428 80.86234283089638
-1118.0412160405517 81.08726937711239
-1119.4993695268035 81.06437599301339
-1121.1275186786056 80.89888248980046
-1121.874911929071 80.50841317713261
-1123.0389162549377 80.04150510966778
-1124.448417211473 79.96459425628186
-1126.2243514308334 80.81556172311306
-1127.9518678435684 81.25569064557553
-1129.0654551038147 80.90316293776036
-1130.0720669278503 80.50089244186879
-1131.8009078750015 80.91341630756855
-1133.4820566424728 81.68792394936085
-1134.1254746565223 81.68167203307152
-1135.2448925623298 81.73465633779765
-1135.9167389521003 81.84930955260992
-1137.007808650434 81.54739155262709
-1138.4029513248802 81.49438348054886
-1140.2822612175346 81.99812522172928
-1140.992268050611 82.53182461500168
-1141.9875806221366 82.02725377321244
-1143.1676090607048 81.52320828676224
-1144.4762516865135 81.12126206994057
-1145.351038003862 80.38098746180535
-1147.1645486602188 80.35323933154345
-1148.6163283833862 79.65185425072909
-1149.5931859263778 78.9876672962308
-1150.9598133811355 77.59417650491
-1152.0035207518936 75.88677856713534
-1152.4262790331245 74.09703156739474
-1153.194711650312 72.30932400017977
-1153.6071061441303 71.02991328030825
-1153.8064186522365 69.3488971927762
-1154.0125326761604 68.28624746590853
-1153.4334267625213 67.29657164603472
-1153.2754125097395 65.74093166381121
-1154.1102956035734 65.03225061684847
-1154.7707352736593 63.29447195321322
-1154.6611592942477 61.71661624699831
-1155.3923821622134 60.327187989056114
-1155.3513840684295 58.788624260723594
-1156.0056469091774 57.53899142533541
-1156.2930597910286 55.7258629539609
-1156.5933946916462 54.86468640357256
-1156.7850909331441 53.07533207923174
-1156.9828357198835 51.87184372931719
-1157.2672154703737 50.64314726382494
-1157.4431793490053 49.53339425116778
-1157.6555911400915 47.890344176590446
-1157.2835298874975 46.927011821568016
-1157.345421562493 45.79235193520785
-1156.631469617188 44.14684412270785
-1156.1322952011228 42.79813942700625
-1155.5416098335386 42.277440998852256
-1155.8951883414388 40.86378845959902
-1156.4583072164655 39.20977375298739
-1156.5085226842762 38.3474529722333
-1157.086551065147 37.4982023575902
-1157.4304256984592 35.55811539679766
-1157.945279056728 34.11789337188006
-1158.167697633207 32.41229978591204
-1157.8421921381355 30.995345506966117
-1158.5923990258575 29.979986105263237
-1159.0758523592353 28.680975232422355
-1158.8239603289962 27.54624012500048
-1159.0620251098276 26.040254864990715
-1159.3601188758016 25.437068913280967
-1159.8324760296941 23.686451170742515
-1159.8764316090942 22.031747792065147
-1160.0337080010772 21.364219103157524
-1160.4459907063842 20.347405228912834
-1159.7877596864105 19.466457400619987
-1159.878935674727 18.167330656349662
-1160.0221074470878 16.632051859200004
-1160.3605429777504 15.579256449043754
-1160.1783578047157 13.881881866753105
-1160.877589250505 12.260064277946952
-1162.1954205283523 11.439797733128074
-1163.7635340937973 10.462636027634147
-1164.9089591750503 10.143986795246605
-1166.4989528903366 9.609559390842918
-1167.5701644667984 9.596843061186377
-1169.2869737395645 9.246811446882788
-1171.1192162284256 9.222315802387897
-1172.3409081944824 9.661039306931201
-1172.9679759392143 10.189299657158557
-1174.2995732674003 10.490826203636828
-1175.3504018434883 10.723062261156741
-1175.9752148637176 10.923400028757754
-1177.7719120034576 9.999291404299441
-1178.8279857882858 9.447471900992099
-1180.474150324762 9.910830392651263
-1181.915048147142 10.412998094372455
-1183.0653937110305 9.629030718617145
-1183.6214462170005 9.455053283981982
-1185.1117940792442 8.682313635163013
-1186.831375206411 8.636914207749072
-1187.7734018215538 8.986738546900455
-1189.21060880512 9.55964629273862
-1190.3303762325645 9.747462882809344
-1192.174815262258 9.937331318072978
-1193.8857643255592 9.448250948600474
-1195.7736711153389 9.097701042108241
-1196.8539344915748 8.001898973397914
-1197.9175806888938 7.804549484662715
-1199.4195291647316 6.948537557534877
-1199.5099917003513 5.45721444409341
-1200.451201016605 3.645596950463954
-1201.3022937127948 2.3374141148850356
-1201.3031738349796 1.4030224971100722
-1201.477183366716 -0.2937558003142442
-1201.955362046659 -1.8446481533721055
-1202.4095401117206 -3.084463150091466
-1203.237808520496 -4.382348448820409
-1203.619535649717 -5.942465455122289
-1203.8312318125368 -7.427013427801427
-1203.4606143036485 -9.304055482931432
-1203.7670290866495 -11.0536554165557
-1204.153947929442 -12.343943984098729
-1203.7535730102659 -13.219183594770726
-1203.6288269856573 -14.52193000990897
-1203.9135170975328 -15.992993743009862
-1204.113270739615 -16.700996191091832
-1204.256437639296 -17.77100399214774
-1204.3455311754346 -19.589845449514684
-1204.0878933170438 -21.008620769567784
-1203.3456831672788 -22.029329449720677
-1202.9530193307996 -23.328203947134313
-1203.3182264366746 -24.2228129215911
-1202.7355416813493 -25.826579005308446
-1203.1268884041906 -27.012343794889745
-1203.3552158275247 -28.716877133436498
-1203.7491054931284 -29.197920591421422
-1203.9124088385702 -30.807412178106603
-1204.3378284075857 -31.8705122776702
-1204.0000000694395 -32.79961004931479
-1203.3614316084982 -34.12407663542777
-1203.3228664496542 -34.71728256423026
-1203.5337733128667 -36.52202037055045
-1203.60758377105 -37.944528729505834
-1203.57906211406 -39.536704690046605
-1204.1405665376783 -41.39467755038291
-1204.3293440440298 -42.36937156397849
-1204.7711846628786 -43.75623920638114
-1204.51119397074 -44.534186632223424
-1204.1346840062738 -46.323704988546666
-1204.238341371119 -48.03581765372306
-1204.6475923457742 -48.52220186669379
-1204.7423885115982 -49.07896950919181
-1204.9150051423908 -50.40587511736899
-1204.1479921886325 -51.789225966520604
-1204.1508723446727 -53.69352451045066
-1204.7023645588756 -54.389798075743016
-1204.616383085549 -55.27775290686637
-1204.789303804338 -57.07192114073783
-1204.8042974719406 -58.91068735796958
-1204.8715802678466 -60.350314290113744
-1204.7642989256979 -61.29366454560309
-1205.004145423472 -62.166668624468144
-1205.345388839543 -63.144003481455144
-1204.3298624256254 -63.80087241608649
-1203.7996491888166 -64.86030611474067
-1204.2072257497907 -66.37187489945441
-1203.6611231067777 -67.71705779511481
-1203.2902428606153 -69.07536432225257
-1202.9194300869108 -70.9739384360984
-1203.5562743642927 -72.8890995689109
-1203.6932520070673 -73.56464484412223
-1203.4185240665079 -74.53791108805686
-1204.0294970074297 -75.96455422122031
-1203.9954896369577 -77.12001672465354
-1203.4524302878976 -78.9026567049697
-1203.2304898151756 -79.50448933321982
-1202.9414330968261 -80.10496899563819
-1202.944069838673 -81.80556783158332
-1203.334742462784 -82.88740977723151
-1203.321020847708 -83.4976724096015
-1203.3258596794308 -84.41552123505622
-1203.9217412011326 -85.72155079323798
-1203.4379249350727 -87.41388079602271
-1203.5744632767141 -89.15565964657813
-1203.6149944277108 -90.78231176812201
-1204.09464701131 -91.74514624554664
-1203.2825039835275 -92.64538356740027
-1203.6562173874677 -93.58754989583045
-1203.5303983004392 -94.5765464611724
-1204.0304019959271 -95.37876352746039
-1203.2297002585233 -96.31557026583701
-1203.4385770471395 -98.07786563117057
-1203.9691735418141 -99.61024215895682
-1203.4375507743657 -100.22353974062949
-1203.088619581014 -101.95949545580893
-1202.4118274362386 -103.36120846945792
-1202.6913831742108 -104.31183019358664
-1201.4730899842084 -104.76175972897559
-1200.5632614405454 -105.72912588793784
-1200.6457998664678 -107.33015075404197
-1199.706757953912 -108.09770932871848
-1198.341620257646 -108.99822488505393
-1197.186310222894 -109.52061489302665
-1196.3194753439725 -110.18642237860709
-1194.5236646445096 -109.75669592697173
-1193.736607065946 -109.76404558945447
-1191.7817715318502 -110.199006520994
-1190.009049526006 -110.49094500470906
-1188.0686899335683 -110.51839923005551
-1187.2413067729772 -111.19675253968686
-1186.2466650517285 -110.83915489058941
-1185.751122108251 -110.90109751265496
-1184.2108826549352 -110.50099424164742
-1183.4626538665593 -110.59139115255326
-1182.5824143202603 -110.84011234980076
-1181.7416521818936 -111.60023101311177
-1180.0991877825559 -111.67481537800282
-1178.7899449379743 -113.13774760704487
-1178.9589602263272 -113.58473320942372
-1178.2501040013135 -114.2206409786269
-1177.7655122490228 -115.61401303749531
-1177.525302848369 -116.38425024490803
-1177.2744569690526 -117.16343649368733
-1176.8094652207196 -118.37585779171437
-1176.234063616544 -120.01085539799183
-1176.365519604236 -121.41554089527577
-1176.1100314171613 -122.11580594521016
-1175.7160761268437 -122.7902432892844
-1175.436251065284 -123.70463587980717
-1174.9011008949578 -124.84898485880345
-1174.3488384099305 -126.07113363485783
-1174.9698335142434 -127.47356571894139
-1175.7122803540528 -128.07771160345524
-1175.9064552398027 -129.58248486261814
-1175.710696926862 -130.40514876585453
-1175.4159370274842 -131.5922442887351
-1176.0931028933824 -132.74012424688786
-1176.254649168402 -133.96490707140416
-1175.9716901542247 -135.30331577997654
-1175.4043194414676 -137.12807550173252
-1175.2423516573012 -138.37149634104222
-1175.5923983813823 -139.37948050241917
-1175.0636768104137 -141.2560352299735
-1175.398383474499 -142.2562837813422
-1175.1558453501762 -143.37257864218205
-1175.0402160422504 -144.76996435862034
-1175.6342193619907 -146.42946889143437
-1175.952124132365 -147.70317437391728
-1175.6328034238518 -148.52959265451878
-1175.7391249524057 -150.18292262297123
-1175.6581375287474 -151.5958926890418
-1174.9732785509527 -152.49768807630986
-1175.19005909428 -153.6369607661292
-1174.9431215809286 -155.0356012795493
-1175.2923441813887 -156.59366299849003
-1175.102719335407 -157.4204923127219
-1174.6648040996492 -158.18429066877812
-1174.7358304993809 -159.11007013063877
-1175.1982198493183 -160.2092684720084
-1174.7460433082283 -160.74352481108158
-1175.134061946124 -161.25894739370793
