-1096.19 43.59
-1096.1273946785927 45.51179369926453
-1095.5713697099686 45.905324485301975
-1095.1001796746255 47.23615017175675
-1096.2550866627694 47.596391346454624
-1095.6810154342652 47.99088325738907
-1096.7951672697068 49.656202461719516
-1097.5784937763215 51.638213303089145
-1096.7944689416886 52.72720923662186
-1096.127516629696 54.711192514896396
-1095.6749818050862 56.689247038364414
-1096.7199380123616 58.40733232736588
-1096.0387831056119 58.80480691432953
-1097.0330122435093 59.2366572880745
-1097.8485846841336 59.63439097642899
-1098.4107399904728 61.61170902490616
-1098.5371419513226 63.42680301904679
-1098.4284880408645 63.82838567733765
-1098.0741048106552 65.8199828529358
-1097.5064511546493 66.21922298908234
-1096.864697123468 66.67920580148697
-1097.8578550466896 68.63092830419541
-1098.7726268419624 69.02820774555207
-1099.6922648200393 70.13243385791779
-1100.4802350053192 70.63834586381913
-1099.565184737146 71.21139010429383
-1100.55307182163 71.62026086091996
-1101.2384264716507 73.61096158266068
-1100.8765996047855 73.9454630279541
-1102.1030440875888 75.84128972530365
-1102.1606079289318 76.0531387591362
-1103.6071245619655 77.61759093046189
-1105.4132835814357 77.46799102067948
-1105.669192905128 78.84811976194382
-1107.367833966911 78.76608591914177
-1109.2793726870418 79.91511708140374
-1109.6376571008564 80.36972331643105
-1110.646166021526 79.90580772995949
-1112.5920761176944 81.03593611359597
-1114.5169814178348 80.42709236979485
-1114.893264348209 81.49065678954125
-1116.6661367961765 81.15116420030594
-1118.3274864503742 81.91584291696549
-1118.9136594483257 82.70133909225464
-1119.4426044771076 83.47694387674332
-1119.88296579808 84.16357615232468
-1120.3530792543293 84.53577342271805
-1122.207058365047 83.63697781801224
-1122.836531753242 84.06128695249558
-1123.262176925838 83.39814820528031
-1125.2575959512592 82.92544194698334
-1127.2429313012958 82.07819357156754
-1127.6447178670765 81.3360977435112
-1128.0387688824535 80.69028684139252
-1129.197368259132 81.59155794620514
-1131.1709326454998 81.03323152303696
-1131.6501613804699 80.61177199721337
-1133.6292930790783 81.63348489642144
-1135.6248208233715 82.50157564520836
-1136.0272039720417 83.04644238591194
-1136.6404471346736 82.48919123053551
-1138.6243629404903 81.73436927437783
-1139.2948580929638 82.60237884163857
-1141.2943832823635 83.065506067276
-1143.2917938181758 83.80132862567902
-1143.6836954900623 84.31732675075531
-1144.0316476771236 84.40335297226906
-1144.561174685657 83.24741029381752
-1146.4987581321598 83.66456821203232
-1148.3385828086734 83.26504039406777
-1149.6974295923114 83.32956200480461
-1151.2810016223789 82.01976579070092
-1151.1950422474742 81.65167486310006
-1151.4369904348255 80.20041489243508
-1152.7082552263141 78.29877328515053
-1153.7301966497303 77.85222488284111
-1154.669903034866 75.8606160247326
-1154.2226295718551 73.93216472506523
-1155.0800631889701 71.93465727210045
-1154.3067723163963 71.5352757537365
-1155.1564504155517 69.91884332537651
-1155.0475770184398 68.39254659056664
-1155.6017155596614 67.99240660309792
-1156.2106746384502 67.29641097426415
-1156.8281238624454 66.90935980916024
-1155.797328169048 65.08478128552437
-1156.4462518641353 64.573716994524
-1156.8161517331005 62.59709703564644
-1156.9833076098562 62.22121059536934
-1157.4563580849767 60.26003431916237
-1157.9322964945436 59.86848538756371
-1158.3480565944315 58.419201191663745
-1158.7354462841154 56.70841842532158
-1157.4968558052183 54.809359129667286
-1156.384828040898 54.37869453072548
-1155.3929949501157 52.66952442765236
-1155.2008305290342 52.08158343672753
-1155.9317614534498 50.22784727454186
-1156.583363840878 48.29459279417992
-1155.6548903086782 47.83281516671181
-1156.3419492939115 45.95038187146187
-1155.4975583055616 45.56216239571572
-1155.8328472772241 43.61874055504799
-1155.5726442435384 41.891566630601886
-1155.4476079443098 40.01997816205025
-1156.2861607173086 38.112272855043415
-1157.0909868577123 37.656421359777454
-1156.2375998595357 37.25596254706383
-1155.6383687356115 36.84377967953682
-1156.7661362984777 36.11293196320534
-1157.7371137836576 34.180820699930194
-1158.340986559689 32.266649481058124
-1158.7118941047788 30.275403972864154
-1158.6462055692077 29.87652855753899
-1157.7414829978347 27.89843445658684
-1158.5391845950485 25.932768877744678
-1158.8549617776275 23.936497744321827
-1157.9332740554214 22.576553162336353
-1158.7074166187645 21.676504548788074
-1159.3903770694137 21.248060818910602
-1158.5854059109092 20.833614882230762
-1159.07439219445 18.85721212267876
-1159.9671795913578 18.069027241468433
-1159.1288034269214 16.108532961606983
-1159.5120215961338 15.504068251848224
-1159.5426160344482 14.844187852144245
-1159.35680457443 14.607366379499439
-1160.8169877180458 12.80627971529961
-1161.0788864144683 12.685326602458957
-1162.9404895552993 11.575936105251316
-1164.873096729219 10.718016471862796
-1165.4625222334266 11.367329325675968
-1167.3811332830787 11.09818428397179
-1169.3654341349006 10.117757495641712
-1171.2936895737053 9.300451573133472
-1173.291668380201 9.8851372563839
-1175.2339858660102 9.82278391361237
-1177.205849851072 9.310668077468875
-1179.1906324276329 9.901426222324375
-1181.1895948299766 10.637807753086093
-1182.0306712040306 11.18421128034592
-1183.9954231628776 10.183753516674045
-1184.4317945489288 10.896289792060855
-1186.4139021882415 10.185272541046146
-1186.8122368702293 10.905509796142582
-1187.2110648402572 10.35616191864014
-1189.2062216052414 11.047198560237888
-1190.5381398448349 11.487272258996967
-1192.4795122393966 11.914592739343647
-1194.3374965438247 12.148507353067401
-1195.3783235797287 11.984087821245197
-1197.016071701944 11.876461800336841
-1197.4212886938453 10.101431187391285
-1198.9607246765495 9.865165587663654
-1198.8503363975883 8.439850684404377
-1200.306189621389 6.688763972520832
-1201.4394606003166 4.771578189134601
-1200.9138261923194 4.382857021093372
-1201.949284876287 2.4070278966426883
-1202.7916319021583 0.4135934674739872
-1202.129210139215 -1.5186095869541134
-1201.9932533153892 -3.503653112649914
-1202.7821634659172 -4.760645691156384
-1202.9167289534212 -6.760382953882214
-1203.2880178192258 -7.207553867101666
-1203.165998826325 -9.205177310705182
-1203.8416101434827 -11.145916465520855
-1204.5125485160947 -12.077965024709698
-1205.104313800633 -12.468578521013256
-1204.0448557832838 -12.855182710885998
-1203.3793484666944 -14.840208355188366
-1203.6621140637994 -16.824551407098767
-1204.3439274826646 -18.81208378434181
-1203.3535441556573 -19.48987186312675
-1204.0770081081987 -21.476275805234906
-1203.2989072600008 -21.873673800230023
-1204.0059250989557 -23.690503243207928
-1204.5779716172815 -25.679856899976727
-1205.145480374396 -27.543805483579632
-1205.6608950892091 -29.502858046293255
-1205.8548981049657 -31.45223510622978
-1204.698894868195 -31.800659183263775
-1205.0580164292455 -33.77518797278404
-1205.5775711634756 -35.43417168021202
-1206.0498731830717 -37.27982092261314
-1205.9096065708995 -37.621407154798504
-1206.2344636270404 -39.469052437543866
-1206.1118626841903 -39.80182892441749
-1206.5128056952358 -40.74646580576896
-1206.0915989229084 -42.6249278819561
-1206.503840173185 -44.12761080622673
-1206.8925547847152 -46.03534067034721
-1207.2476844736934 -46.35061878323555
-1206.032357210815 -47.47924012303352
-1204.8557326743007 -48.13993746399879
-1205.4135025689006 -49.92538005471229
-1204.2936381050945 -51.880281988382336
-1204.899938518703 -53.225884500741955
-1203.8509566137195 -55.19763690590858
-1202.953969294727 -57.19018060326576
-1203.6840032288433 -58.64682931065559
-1204.3673354932666 -59.042156938314434
-1203.8981943377853 -60.797347549200055
-1204.45429554075 -62.67869878172874
-1203.4528904208541 -63.06106502175331
-1203.9865218648315 -64.49451154828071
-1204.5865792283416 -66.46889418721199
-1205.1671619066597 -66.93300915122032
-1204.1178393015266 -67.598211530447
-1204.6569873937965 -67.99658358454704
-1204.0707465657592 -68.88862216830253
-1204.7039003619552 -70.33498192191124
-1205.1636490473152 -71.90575445055961
-1204.0810677656532 -73.85712063670158
-1203.5509079346061 -75.00306451678276
-1202.6583360680938 -76.1241076028347
-1201.8704464682937 -76.9584274327755
-1202.7540763863922 -77.44600242733955
-1203.1226694831253 -79.43560117840767
-1202.275402213037 -81.41553360581398
-1201.9532033452392 -83.38844710946083
-1202.8396720537544 -85.12842661499977
-1203.6260821470619 -87.09148747086525
-1204.3202176341415 -89.08215290665626
-1204.938153589666 -90.69300872445106
-1205.465692127645 -92.24511367440223
-1205.839590753019 -92.93577319741249
-1204.9749919423462 -94.87046414971351
-1203.933020258844 -96.82540852189064
-1204.5744415768982 -97.21715236067772
-1205.1615758785606 -98.65673756957054
-1204.2235310921074 -99.85305738806724
-1204.8375806459785 -101.70986128211021
-1204.8351221629978 -102.11200476050377
-1203.6333246776462 -103.9875462090969
-1203.795166606605 -105.59420514464378
-1203.661111766994 -106.35820138812065
-1202.378813917339 -107.63662469744682
-1201.4243541905284 -107.31996131300926
-1201.0764992782474 -108.69243884444236
-1200.3653750965 -108.26395118594169
-1199.9948504516483 -107.93548378705978
-1199.6229976961017 -107.75181156754493
-1197.6908854791523 -108.87197035908699
-1195.7067950317264 -108.44260907530784
-1193.9263971397281 -109.43535369992256
-1193.5324764797092 -108.84737158179283
-1193.1265611597896 -109.84486449122429
-1192.7288808771968 -110.71909970402717
-1190.7343501994014 -111.47568279862404
-1190.3387006470562 -110.5908775961399
-1189.375028962791 -110.22850233674049
-1188.960285718143 -110.99615019917488
-1186.962018544376 -110.26239115357399
-1186.5724972435833 -111.16185868144035
-1184.6725794026256 -110.46409869551658
-1183.4841158339382 -109.96084964632988
-1183.220478231609 -110.32399386525154
-1181.8887504884601 -111.73538309693336
-1179.9933726140857 -113.02513677239418
-1179.963266248405 -113.41434896349907
-1178.2987468191982 -114.20539439082145
-1178.7779647657276 -115.26960218310356
-1177.6592602083088 -116.70616996645927
-1178.1928980895877 -118.36440480113029
-1177.145378048122 -118.86138242840767
-1177.7683188268543 -120.8077852165699
-1178.3202784010768 -122.7800113594532
-1178.8097412833572 -124.6560815012455
-1178.2062271484733 -125.11093736052513
-1177.3881160864235 -125.53203070521354
-1177.9901750931144 -127.4917868411541
-1177.4064916023613 -127.9533654487133
-1176.3978577503563 -129.6680413520336
-1176.4603942731023 -130.2203064596653
-1176.3114906349779 -130.65779710173607
-1176.9588087001443 -131.71191692709922
-1176.5559460023046 -132.59659356236457
-1177.1930487254263 -133.14817291855812
-1177.8169913986326 -134.76215440392494
-1178.346316049397 -136.73440319657325
-1177.6051102378965 -137.204621437788
-1176.6885506609083 -138.16964936614036
-1177.374842415154 -140.1636867558956
-1176.62096870929 -141.52222144961357
-1175.9546859958768 -143.51709318518638
-1175.155332813561 -145.31770944952964
-1174.4522092440725 -145.71585154891014
-1175.3969469168783 -147.70582211375236
-1174.7087009051443 -149.3339396750927
-1175.573907981217 -151.0654064452648
-1174.8563149669767 -152.75067818522453
-1175.762526820004 -153.16451210141182
-1176.5547301867605 -153.58455169558525
-1176.1124817231298 -154.16999948382377
-1176.4569145539404 -154.57145631670952
-1176.3899810636044 -154.96818077921867
-1177.1060499870778 -156.93362617850303
-1177.7300725901127 -158.0094001328945
-1176.7194843018056 -159.93683982253074
-1175.8882959210873 -161.92896807551384
