-1096.19 43.59
-1096.715788486004 44.313085403442386
-1097.47901720047 45.62544104099274
-1098.2185674333573 46.49356779098511
-1098.856846394539 47.23724957942963
-1099.396254720688 47.71511706352234
-1099.9192889356614 48.1390397810936
-1099.7876296812296 48.906659271717075
-1100.2246601754428 50.055468347072605
-1099.8065552586318 50.73218652248383
-1100.2218870395423 51.420296456813816
-1100.3187368088961 53.0217906498909
-1099.6674150401354 54.63845649003983
-1100.1789183789492 55.8439114356041
-1099.5905297571421 57.11253812551499
-1099.4354898357392 57.7919499540329
-1099.4032773399354 58.88154133796692
-1099.1693552309275 60.27991005420685
-1099.4628737145663 61.52413555622101
-1099.6463462734223 62.10956182718277
-1100.110094460249 63.736947205066684
-1100.5332016968728 64.14045354366303
-1100.597100826502 64.95641043424607
-1100.9612715566159 66.14813509225846
-1101.4148512208462 67.61365082502365
-1101.748641731739 68.01912149429322
-1101.5253957980872 69.74030074119568
-1100.58796243608 70.22672602176667
-1100.3269198709727 71.71483739852906
-1100.5352558368445 72.2690047287941
-1101.2296956652403 73.83219936132431
-1102.3603069657088 74.85405304670334
-1102.983683692813 75.49735805034638
-1104.496376501918 76.76969286441803
-1106.1812031143904 77.51226886749268
-1107.6383432024718 78.1523831152916
-1109.4497610205412 78.80433734893799
-1111.348569380641 78.9440974855423
-1113.2276403778792 79.27211224675179
-1114.8829765194655 79.56312617301941
-1116.6216626042128 79.85600813865662
-1118.5299680107833 80.1379536652565
-1120.4614918106795 80.13845097661019
-1122.4014508599043 80.76234209179879
-1124.3555542105437 80.9506193214655
-1125.4513268345595 80.43486557543278
-1126.1700814837218 80.90316255033017
-1127.6824374073744 80.98809734374285
-1129.584680067897 80.6264149287343
-1131.4380251044036 80.85904105395079
-1133.392976152301 80.65172897666693
-1135.22502433002 80.44027039796114
-1137.1136033409834 80.672665450871
-1139.0068962448836 80.57894459754229
-1140.9706468456984 81.4364832380414
-1142.6739151352645 80.88138124734164
-1144.6575918072463 81.02066108971835
-1146.1169307106734 81.04752776414156
-1148.098028408885 81.09113545358181
-1149.556311594844 79.97865958154202
-1151.3933052891493 79.16683478295803
-1152.7187399739028 77.53573412835598
-1153.7577533596755 77.02034045398236
-1154.2715829485655 75.06782270610333
-1154.866062092185 73.31521452605725
-1155.6203325861693 72.70690263450146
-1155.9108897322417 70.8088172787428
-1156.5189618939162 69.43331040084362
-1156.6198154860735 67.91801322638989
-1157.1187688583136 67.39389641225338
-1157.5643129819632 66.63494355618954
-1157.8748836988211 65.96125013768673
-1158.3186564916373 64.85257847249508
-1158.4697039300204 63.626338791251186
-1158.8259505206347 62.63083923995495
-1159.0872225934268 61.82578123748303
-1159.1559528881312 59.968049418330196
-1159.237513589263 59.08627922475338
-1158.6043546670676 57.794589232802394
-1158.559533315301 56.22991747796536
-1158.7298541539908 55.54748315751553
-1158.055914091468 53.90655226647854
-1158.2187614911795 52.883904408812526
-1157.1994680637122 51.41406841218472
-1157.6373228901625 50.62047780692578
-1156.944247829318 49.9841575139761
-1157.36549161613 48.75301165521145
-1157.586504715085 47.17150301873684
-1157.6896170550585 46.06457073628903
-1157.579977812767 44.766802143454555
-1157.0132412338257 43.09126861035824
-1157.4248797917367 41.24301297605038
-1156.9548196220398 39.61431844174862
-1156.7313326323033 38.86040933072567
-1157.4706853353978 37.43442721307278
-1157.7984607541562 36.58559645354748
-1158.4039277160168 34.87999499976635
-1159.0961335623265 33.48037303626538
-1159.6186338984967 32.28007055461407
-1159.177943917513 30.584692727923397
-1159.3003697121144 28.907370459437374
-1158.9131344282628 27.04768110454083
-1159.4176132404805 25.469288837313655
-1159.8951739394665 24.47002841174603
-1160.2393923127652 22.705329906344417
-1160.5938816690445 20.89013792216778
-1160.6717244112492 19.304637205004695
-1160.7925950908661 17.523981105685237
-1161.3335712575913 16.770383130908016
-1161.3489165180922 16.088565241694454
-1161.1102517718077 14.693235885500911
-1161.6164792650939 13.34073699653149
-1163.42069255054 12.26522601783276
-1165.171261894107 12.69986323654652
-1166.7914562100173 12.966452103257183
-1168.2195501202345 12.139340799450878
-1169.9113974446059 12.063020657896999
-1171.7869189852477 11.248918723464016
-1173.6298677796126 11.023647960424427
-1174.8940616720915 10.380472298860553
-1176.598551260829 9.760962065458301
-1178.0488331192732 9.448514994382862
-1179.4674844616652 9.918967452049259
-1181.3966703289748 10.078847523927692
-1183.2754559391738 10.613682624101642
-1184.630632864833 10.133357402086261
-1186.3517652624846 9.446435567140583
-1187.718100654483 10.121797319650653
-1189.3794083470107 10.391294237375263
-1191.2644526833296 9.69070559382439
-1192.7224049443007 9.461326535940174
-1194.3376613730193 9.030027952194217
-1196.0204819315672 8.712116684913639
-1197.1261937493086 8.273859586715702
-1198.491455423236 8.1584729218483
-1199.3820372694731 7.355561521053318
-1200.4388149851561 6.5063849949836765
-1201.5174161070586 5.314169790744785
-1202.1887141937018 4.064028289318088
-1202.5224510008097 2.984102036952976
-1202.8556539589167 1.7217868828773533
-1203.0120699429513 0.694825079441074
-1203.4655618989468 -1.1022226548194851
-1203.9460639083386 -2.48979995012283
-1204.4835555875302 -4.275433037281033
-1205.0460112416745 -5.8718745446205105
-1205.0849494063855 -7.220171782970425
-1204.5147090280057 -7.676006767749783
-1204.3774358505011 -8.326886210441586
-1203.5751962536574 -9.380014095306393
-1204.1997349137068 -10.873383555412289
-1203.8866943591834 -11.525171849727627
-1203.5888238424063 -13.182582828998562
-1203.4657976427675 -14.686468932628628
-1204.1324541965128 -16.112201306819912
-1204.7535513439775 -17.96677932500839
-1204.7859912315012 -19.377939674854275
-1205.0314794430137 -20.534510467052456
-1205.4724076339603 -21.478778514862057
-1204.7252386757732 -22.048799011707302
-1204.3959283778072 -23.889562103748318
-1204.9320145198703 -24.78237328290939
-1204.906784067452 -25.305183026790615
-1205.4248737195135 -26.233886811733242
-1205.4877270260454 -27.198726508617398
-1204.9328441420198 -28.644763801097866
-1205.3917618492246 -29.715406153202053
-1205.4545525410772 -30.904689047336575
-1205.8884046772123 -31.750977966785427
-1205.127628157437 -32.684490177631375
-1204.7496767142416 -33.96539935827255
-1205.2320926883817 -35.42915210485458
-1205.6124680438638 -36.17696735620498
-1205.9997150400281 -36.911612246036526
-1205.1058525541425 -38.560790750980374
-1205.5453937748075 -39.614021275043484
-1205.742536584437 -41.40227052927017
-1205.0151240029932 -43.260972712039944
-1204.0740043321252 -44.294637296199795
-1204.3977712193132 -44.88525668144226
-1204.807406822741 -45.93286946773529
-1204.6519891121984 -47.32527986526489
-1205.041324684918 -48.63184646129608
-1205.2751107016206 -49.57331851482391
-1205.1798411855102 -50.10090193510055
-1205.2538804957271 -51.54500708341598
-1205.6473457464576 -52.67712125539779
-1205.5449060598016 -53.08294126749038
-1204.9453916946054 -53.48769876718521
-1205.3970864215494 -53.978802714347836
-1204.4093786874414 -54.98600998878479
-1204.4760491499305 -56.55249193668365
-1205.0167402872444 -58.03602388858795
-1205.0193822035194 -59.0054332947731
-1205.5501113781334 -60.816432211399075
-1205.3094375380874 -61.2700338101387
-1205.1363300928474 -62.90294966459274
-1205.4268729636074 -63.973491284847256
-1205.3690282949806 -64.70705148935318
-1205.231854850948 -66.39086386919021
-1205.6788953492046 -68.02310142278671
-1205.1772143790126 -69.45266053438186
-1204.7399398037792 -71.25331804513931
-1204.1354753920436 -73.20259783029556
-1204.4454645165802 -74.58269974946975
-1204.463718290031 -76.1031546330452
-1204.6482162573934 -77.7939550614357
-1204.0830233195425 -79.60039398431778
-1204.6294571855665 -80.04388514518737
-1204.3604614534975 -80.73013100385666
-1204.2184347161651 -82.1942394709587
-1204.7787165889144 -83.39275631666183
-1205.0876367637516 -83.85746816158294
-1205.1547588953376 -85.67206171512603
-1204.607028091848 -87.52760985851288
-1204.4840148040653 -88.80151430130005
-1204.7338803806902 -89.96160903930664
-1203.8684226670862 -91.38994351387024
-1204.4927975335718 -92.73405471801757
-1204.3513171026111 -93.41958704948425
-1204.507939825356 -94.91564360618591
-1204.567690292895 -95.57012722253799
-1204.1131942370534 -96.95397863149643
-1204.1886684247852 -98.02355918645858
-1204.099429654479 -99.90159783124923
-1203.5030848258734 -101.39347967863083
-1202.8503591293097 -103.21272787809372
-1203.036944704652 -104.03717694044113
-1201.7962249094248 -104.3238011932373
-1201.368381100297 -105.34596339225769
-1200.4431623989344 -106.62126055717468
-1198.9348259741068 -107.09395563960075
-1197.2040112787486 -107.1869953906536
-1195.8173317486048 -107.81745612978935
-1194.4792310768366 -108.18073809504509
-1194.0128449374438 -109.18169248461723
-1193.0961271697283 -108.86691552758217
-1192.3141777688265 -109.70913571476936
-1191.0588610345126 -109.86159131288528
-1190.3261473947764 -110.19535157442093
-1188.4186137491465 -110.62189072728157
-1187.6802846366168 -110.90677285552025
-1187.2051285082102 -111.038940731287
-1186.2524652057887 -110.86628236234188
-1185.3375619226695 -110.98900185137987
-1183.7167963558436 -111.81166223794222
-1182.562715011239 -111.58969182878732
-1182.1186639839411 -111.62676165610551
-1180.4896688038111 -112.17338673382997
-1180.0845188969374 -113.27645282059908
-1179.5150595778227 -113.63955987602472
-1178.757368671298 -114.93580163627863
-1177.6068942421675 -116.53301085144281
-1177.745623754859 -117.08839846760034
-1177.678339215517 -118.64003766685724
-1177.264554413557 -119.66868067890405
-1177.0235370570422 -121.49203957229852
-1176.604021268487 -122.2149846664071
-1176.6882173368335 -123.02246357113123
-1177.2540839859844 -123.8514878860116
-1177.0045694360138 -125.33421636730432
-1177.2251644977928 -126.99987758308649
-1177.1870370456577 -128.72919787079095
-1177.5614300617576 -129.70614762216806
-1177.9671694883705 -131.1415081730485
-1177.640111053884 -132.7455963602662
-1176.9476610073448 -134.5339937916398
-1177.4486362585426 -136.07254691034555
-1177.747451300323 -136.93474812418222
-1177.9009667882324 -138.0500761976838
-1178.0201666751504 -138.78840501219034
-1178.2339965501428 -140.6429661026597
-1177.5713962116838 -141.74433083444833
-1177.0909244814516 -142.97476382166147
-1176.4472275772691 -144.7865242472291
-1176.1545834043623 -145.26484359413385
-1176.677333483994 -146.97597588211298
-1176.0084263184667 -148.09529806286096
-1175.7763913521171 -148.8357368221879
-1175.9858833798767 -150.05978281408548
-1176.0206097462774 -151.31180710703134
-1175.648507604897 -152.5116767397523
-1175.8375417241455 -154.2669884672761
-1175.0716398605705 -154.85220332056284
-1175.1653062576056 -156.07473702341318
-1175.173204945922 -156.71171451717615
-1175.833077597022 -158.13072622925043
-1175.2236198061705 -158.79084832578897
-1175.7432355159522 -160.51229555517435
-1176.0675957375765 -162.0831814518571
-1176.809155600667 -163.93708760648965
-1176.9969759607316 -164.79999453932047
-1176.5840367102624 -166.57906336694955
-1176.1986403787137 -167.7935767880082
