-1096.19 43.59
-1096.6108835959435 44.12667563199997
-1097.1852188134194 44.907958116531375
-1096.7247307920456 46.14976164340973
-1097.6366072916985 46.87736233711243
-1097.2207363569737 48.090604629516605
-1097.3243751251698 49.97550782203675
-1097.7509582066536 50.53750475883484
-1098.272478940487 51.199618425369266
-1097.9881309592724 51.965447869300846
-1097.630967977047 52.82385345935822
-1097.311771633625 53.57042368888855
-1097.3831218281389 55.143734660148624
-1097.904800156653 56.49020859241486
-1098.0192495831848 56.95637216806412
-1097.766254926622 58.47165718317032
-1097.8911734619737 60.25679841279984
-1098.4872452417017 60.870066132545475
-1097.9773460426927 61.4158473277092
-1098.6369339028001 63.28996112585068
-1098.4962839731575 64.30863549947739
-1097.759770179689 65.06210335731507
-1098.1398081430793 66.4093496465683
-1098.300087133944 67.03098490476609
-1097.9251464107633 67.99275591611863
-1098.0678704926372 68.81881448268891
-1098.494640673101 70.16941401004792
-1099.1735134968162 71.58086487293244
-1098.8024415025116 72.7955584192276
-1099.6240030178428 73.20911183595658
-1099.4647715041042 73.61391701936722
-1099.542772973478 74.1306249165535
-1100.4497899064422 74.372566010952
-1101.5035277852417 74.8462689781189
-1101.5966952690483 75.38839223623276
-1102.1875912794471 75.83172347784043
-1102.958436215818 76.50253978013993
-1104.1487612375618 76.61530521154404
-1104.8811084279419 76.72560539484024
-1106.0710549601913 76.69150361061097
-1106.8884968408943 77.58780476093293
-1108.2488306412101 77.54969635248185
-1109.159086073339 77.62603914380074
-1110.7605317482353 78.59650390982628
-1112.336053813398 78.6627145075798
-1114.0406584390998 79.07581409454346
-1115.4766667732597 78.81052076458931
-1117.1390647539497 78.50992995142937
-1118.5935406336189 78.68171319007874
-1120.1452179798484 78.70821776628495
-1121.2317803749443 79.18001770615578
-1122.959959114492 78.79640257000923
-1124.0510069975257 79.08592456221581
-1125.7179683098198 78.97164174556733
-1126.5279091247917 78.5885089302063
-1127.7605327019096 78.43294322133065
-1128.666010464132 78.27646496534348
-1129.3049260029197 78.86010345458985
-1129.6796075353027 78.64536901950837
-1130.7545454749466 79.64861818790436
-1132.0531509169937 79.3033127450943
-1132.6952847489715 79.8625944519043
-1133.8334950456024 79.97975135982037
-1135.1969706067443 79.87791283071041
-1136.00753500551 80.08535064399243
-1137.4725750932098 79.77835811316967
-1138.5582880029083 79.52524287641049
-1138.9872871288658 79.53028313457966
-1139.3588498482109 79.7582422310114
-1140.814051116407 80.23951498806477
-1141.8173386701942 81.0583993011713
-1143.2121224054695 81.38162482917309
-1143.783114219606 80.87229443728924
-1145.2320875176788 81.01872215807438
-1146.9230818995834 81.3748848849535
-1148.1838604459167 80.54852525532246
-1149.3410580405593 79.8860481196642
-1150.13043084234 79.01684490978718
-1150.7141886004806 77.71501032650471
-1151.1192490109802 76.05067745983601
-1152.1130308160186 74.54673628151417
-1152.2524589696527 73.9288342410326
-1152.8509838977457 72.5722121411562
-1153.6105996766687 70.99611536800862
-1154.0552949407697 69.3765938693285
-1154.3142306903005 67.88373116791249
-1154.8560653427244 66.14308385193348
-1155.4160781005025 64.62629167377949
-1155.9703607061506 62.658795517086986
-1155.346707532704 61.15666608154774
-1155.6805490353704 59.5496313983202
-1156.229132244885 58.19011847317219
-1156.1944337287546 56.45716659367085
-1155.933643142283 54.655468147397045
-1155.4326780238748 53.069185298085216
-1155.0497171381116 51.34625415146351
-1154.54658300668 49.52349368870259
-1155.2122502425314 47.75395564377308
-1155.5060954192281 45.86563424408436
-1155.9668737450243 44.39200906097889
-1155.9128337973357 42.89244965851307
-1156.1481355899573 41.34822968780995
-1156.3304636204243 39.689467471241954
-1155.7310822927952 38.45734409630299
-1155.5064848834277 36.87907306492329
-1156.290151732564 35.17170707523823
-1157.2884763652087 33.564902346730236
-1157.5172035717965 31.86599854767323
-1157.3531754040719 30.173748653531078
-1157.1401901715994 28.593230169415477
-1156.731982576251 27.825849574208263
-1157.5265962952376 25.995041173100475
-1157.2204649621249 24.017736237645153
-1157.1344138109685 22.650267046093944
-1157.7006320679188 21.031714480519298
-1157.1465365612507 19.801103394627575
-1157.8778809034825 18.408649128079418
-1157.6376227462292 17.726648014187816
-1157.5587455952168 16.631085079312328
-1158.49170956254 14.911330383419994
-1158.8439465785027 13.769655864834789
-1160.2894276404381 12.670118969082836
-1161.7824242138863 12.227670293450359
-1163.4704655432702 11.729957889914516
-1163.970049264431 11.155793022513393
-1164.6010072851182 11.257429327964786
-1166.1037628078461 10.339249875545505
-1168.0348138237 9.854223963022235
-1169.0215649032593 9.706293340921405
-1170.307565870285 9.00411462426186
-1171.2188177728653 9.252378221750263
-1171.8756995224953 8.593415077924732
-1173.2443083548546 9.18384307265282
-1174.9372864985467 8.860851403474811
-1176.0048055672646 8.371659811735157
-1177.6076738858224 7.763856824636463
-1178.8728534007073 7.929967802166942
-1179.4716802859307 7.426834982037548
-1180.962965848446 8.324521880745891
-1181.3895549798012 7.736668270230297
-1182.4942013049126 7.364357452988628
-1183.0393444919587 7.636431288123134
-1184.7665026807786 8.586490344405178
-1186.120773973465 8.397821676135067
-1186.7349951291085 8.603312056660656
-1187.6283372068406 9.214114707112316
-1188.587121846676 8.77493847548962
-1189.906533124447 8.132095348238948
-1190.7117010378838 7.807431470751766
-1192.5649682307244 7.561799865365032
-1194.3762990260125 7.226243864893917
-1195.083037378788 6.978961628079418
-1196.8361382508278 7.048594866096977
-1198.2139800810814 6.107341919243339
-1199.397863032818 4.6632861235737835
-1199.635185661316 3.665725562870506
-1200.6521253013611 2.3766809442639385
-1201.0526834452153 0.5667544344067608
-1201.7643875801564 -1.3942674657702412
-1201.503377737999 -2.9636231920123066
-1201.5236870521308 -4.280394937694069
-1201.8493460589648 -5.141438510119912
-1201.8333461606503 -5.789703573882576
-1201.717225278318 -7.6247024199366535
-1202.5921116122604 -8.561386789977547
-1202.415667782128 -9.730367746055123
-1201.8388127186895 -11.685056771934029
-1202.5122647979856 -13.562960471808907
-1202.90485812217 -15.114172067344185
-1202.6515646079183 -16.129116978347298
-1202.3774465420843 -17.256031121909615
-1201.8076833584905 -18.817901458442208
-1201.5157357850671 -20.23042663544416
-1201.7596413740516 -22.138182010352608
-1201.4673717865348 -23.879760589301583
-1201.8645136603714 -25.817362632453438
-1202.6623226055503 -27.564929332435128
-1202.7717974358798 -28.152713682353493
-1202.979455935359 -28.75157460182905
-1203.5449043387175 -30.119315709769722
-1204.0252828472853 -31.86085852593183
-1203.708233910203 -32.647619213759896
-1203.741424086094 -34.06533154457807
-1202.9606608772278 -35.28380259484052
-1203.5075466656685 -36.500275101363655
-1202.9236154580117 -37.183766987025734
-1203.193756016493 -38.45977666586637
-1203.4671264016629 -40.01424458235502
-1203.6901972019673 -40.89212801665067
-1202.9904894554616 -41.38485976666212
-1202.4052892053128 -42.90724548310041
-1202.111054750681 -44.15820106476545
-1201.728751155138 -45.99009880036115
-1202.497344943285 -47.43101986855268
-1202.0716322088242 -49.27780803650617
-1201.9835243174434 -50.784128036201
-1202.0373660312594 -51.25626787155866
-1202.5938908444346 -52.318016495406624
-1202.403634070009 -53.16827377289533
-1202.8605903969706 -54.71339735001325
-1203.3180996464193 -55.48093053311109
-1203.2457062141598 -56.38448425740003
-1202.8788463310898 -57.29078837841749
-1203.2286799685658 -58.77082940548658
-1203.2910669916869 -59.30755212515592
-1202.8573424988986 -60.661555077731606
-1203.3045389825106 -62.51143624991178
-1202.9419615441561 -64.46259787291288
-1202.131816404462 -65.1281529328227
-1202.092914531529 -65.66794016569852
-1202.4619372585416 -67.55030896872282
-1202.8190610507131 -68.25104102104902
-1202.3054763773084 -69.34133776634931
-1202.360613795519 -70.84163638561964
-1202.6703863465787 -72.3774684330821
-1203.1993607604504 -74.03015383690595
-1203.8187986934186 -75.72093924492597
-1204.1203662478924 -76.85400494545698
-1203.6783168935776 -77.42412486284971
-1203.7525669285656 -79.34906354159116
-1203.38739767164 -80.24277129381895
-1203.2767100581527 -82.0998331567645
-1203.5110386112333 -83.35426917284727
-1203.5494258129597 -83.98717906683683
-1203.74983543396 -85.28519025057554
-1204.1951736533642 -86.25210013598203
-1203.9639483714104 -88.0728043577075
-1203.1910551810265 -89.7466939947009
-1202.4077977561951 -90.81188264101743
-1203.2253546142579 -91.86858048647642
-1202.9082129621506 -92.36902495831251
-1203.391776355505 -93.32226833313703
-1203.5933867567778 -93.81382742136717
-1202.771451162696 -95.41598847121
-1202.4452278488875 -97.01298561304807
-1202.8062041574717 -97.55541827887296
-1202.127893524766 -99.17276611536741
-1202.9578958922625 -100.25637164324522
-1202.4922219091654 -101.88256767004728
-1201.5964251929522 -103.5468592903018
-1201.9936695867777 -105.21244719237089
-1201.340389328599 -106.15856572598219
-1200.3264977508784 -106.36157294720411
-1199.1202222877741 -107.54364010304212
-1197.2442366653681 -107.33936500161886
-1196.1223494583369 -107.4330515524745
-1195.4581715637446 -108.17645832508802
-1194.2483614259959 -108.83214827984571
-1192.6952954107524 -109.25833949059248
-1190.7414873415232 -109.81338533371687
-1189.0401681238413 -110.41814854353666
-1187.1307318979502 -110.93715902775526
-1186.2107013040782 -111.48280569523573
-1185.0215401226283 -111.83524322122335
-1183.571747737527 -111.54222797960043
-1182.718139486909 -111.33495446652174
-1181.7937854701281 -112.32951828449964
-1180.773941653371 -112.49800389617681
-1179.7953542643786 -113.11390387624502
-1179.5365643674136 -114.61726677030325
-1178.6480811411143 -115.96346807092428
-1177.9148457223178 -116.66730999559164
-1177.9523401135207 -118.45214485734701
-1177.492714034915 -119.05290585368871
-1177.8502580398322 -120.82177644580602
-1177.7685476565362 -121.88795309871435
-1177.0244405293465 -122.8591126164794
-1177.3729053759575 -124.65992939084768
-1176.7303506159783 -125.94665360063314
-1176.1536057019234 -126.95499419778585
-1175.9423873746396 -128.34126150220632
-1176.0228562155366 -130.22415256112814
-1175.4739614525438 -131.1030044516921
-1175.4312626221777 -131.88948809713125
-1175.2945198813081 -132.6857573351264
-1175.651189068854 -134.22347730010748
-1175.6237678961456 -135.92699068397283
-1176.1832932667435 -136.92330532878637
-1175.4505899386108 -138.3771006426215
-1175.312645776719 -139.62384456008672
-1175.0273300544918 -140.6443060001731
-1174.6883006231487 -141.7726908287406
-1175.1582447724045 -142.61711263269186
-1175.0735827372969 -143.43876802533865
-1174.739266781658 -143.97616904586553
-1174.727101019174 -145.73433178275823
-1174.4887341172994 -147.65196400493383
-1175.4067534120381 -149.59702497333288
-1175.0909210653604 -150.20572661966085
-1174.7410524101556 -151.72619795411825
-1175.1572096259893 -153.517556425035
-1175.5982737453282 -154.88025605291128
-1176.2734019072354 -155.4639007410407
-1176.6688294024766 -156.98792618125677
-1176.553503035158 -157.81627004951238
-1176.68960751459 -158.65730052798986
-1176.6967961327732 -160.0866270622611
-1176.0585467951 -161.39778607696294
-1176.7227777974308 -163.11220782607793
-1175.8669777052105 -164.6943787893653
-1176.2899863855541 -166.4543631634116
