-1096.19 43.59
-1096.8557049655915 44.21063503265381
-1097.2106503272057 45.630460348129276
-1097.5077317082882 46.875803437232975
-1097.7916871333123 48.453336324691776
-1097.9666592204571 49.1412924194336
-1097.9713038490713 49.60243901252747
-1097.9641349805147 50.47367521762848
-1097.7882168037445 51.18657454490662
-1098.4460651618988 51.761582341194156
-1098.6227507186682 52.24038657188416
-1099.2599717570097 53.9164993429184
-1099.2274013949186 54.74128135681153
-1098.7788994503767 55.76266583442688
-1098.3945527566225 57.57618113994599
-1098.9992189896852 58.898354735374454
-1099.4332432044298 60.09740921497345
-1099.7435038281233 60.72390821218491
-1099.8267948222906 62.50848653554917
-1100.05777879484 63.89907279253006
-1099.9729062659294 64.732298579216
-1100.393991206363 66.0520555639267
-1100.662444208339 66.49866595506668
-1101.1847803337128 67.14551993846894
-1100.5937251789123 68.38835331439972
-1100.9421389443428 68.9283851647377
-1101.3910413128883 69.9798646235466
-1101.259740580395 71.67037132024765
-1101.9238639963419 73.50152578592301
-1102.7764096153528 74.33315994977951
-1103.5556617272646 75.46597125768662
-1104.8261093390734 76.21340646982193
-1105.2326296461374 76.62178533911705
-1106.7725287569315 77.5824850165844
-1107.4405847681314 78.62030797839165
-1109.3358963621408 78.64804416537285
-1111.077433456257 78.40396943330765
-1111.7542329920084 79.0930182003975
-1112.9753256929666 79.93807068109513
-1114.0772677553446 80.77038231134415
-1115.254843820408 81.35284849643708
-1117.0204113615305 81.91237792015076
-1118.8669246328623 81.35319354772568
-1119.746090341881 82.11348810434342
-1121.6189755690843 81.71835657596588
-1122.7099032891542 81.21647086381913
-1124.4998879922182 81.33187409877777
-1126.3817832959444 81.70803165078163
-1128.143047381714 82.46070491909981
-1130.0158901704103 82.14557584762574
-1131.952379752472 81.59518763065338
-1133.012543727234 81.62141987323761
-1134.5074059260637 82.1060847902298
-1136.0745573533327 81.98011962711811
-1137.8541994584352 81.84310878455639
-1139.29113655217 81.15243608891964
-1141.0330480826647 80.8206860536337
-1143.0043019545824 81.03594424962998
-1144.8534425986559 80.75345635056496
-1146.5906807673723 81.09214597582817
-1148.4552115691454 80.51768123745919
-1150.390219379738 80.09616958737374
-1151.8324112189562 79.15334820389748
-1152.9126015198976 78.37322550654412
-1153.3255988252909 76.85417526602745
-1154.0044395817072 75.34021514296532
-1154.4310882283003 74.84605085492134
-1155.1979794097692 73.65530526280403
-1155.1709373132885 72.46369921803475
-1155.5636756555737 71.65002727150917
-1155.41606786713 69.84807943940163
-1154.9388436959684 69.09066402554512
-1155.3237032578886 67.95848691105843
-1155.8589800284803 66.20885610222817
-1155.978955744356 64.49354624390602
-1156.5682839141787 62.6201505625248
-1156.661438344568 61.16277312874794
-1156.3133234070242 59.39004468560219
-1156.541663272828 58.50503855586052
-1156.0819150047005 56.66873651385308
-1155.9479916529358 55.46017235159874
-1156.1436786787212 54.517012592554096
-1155.8712632493675 52.79277836918831
-1156.2397150830925 51.879224416017536
-1155.3606605367363 50.576514002084735
-1155.7948181466759 49.91468250393868
-1156.2382770614327 49.038401480913166
-1156.1283451528848 48.33562111496926
-1156.0158491642774 47.6591628754139
-1155.682305982858 46.188341017961505
-1155.9853377254308 45.30761497855187
-1155.6314595849813 43.73099130034447
-1156.2450070889295 42.65977126002312
-1156.131929075867 41.19917696356774
-1156.2749541909993 39.60754578948021
-1156.7676616223157 37.94693380236626
-1156.390399208814 36.12658637404442
-1156.8791712136567 34.7187257373333
-1156.7561167539657 33.898454364538196
-1157.4272161783279 33.17518746495247
-1156.7625197829307 32.20068829894066
-1157.1459970535338 30.323652919530872
-1156.7269506515563 29.838671203851703
-1156.331201082617 28.273623820543293
-1155.9330700398982 27.788163360357288
-1156.9203594686091 26.96024208903313
-1157.557815349251 25.108609613180164
-1157.868098950535 23.36256473898888
-1158.280291980654 21.718952950239185
-1157.8683878542483 20.008236225843433
-1157.3217369677127 18.86595373988152
-1157.9035959602893 17.99525552630425
-1158.559798514992 16.25260072588921
-1159.6791588427127 15.68419479966164
-1160.1772282482684 13.92889523148537
-1161.5152849318088 13.196228619813922
-1163.0406149984897 12.987583663463596
-1164.8113965155185 12.01580455541611
-1166.440299666077 11.108945157527927
-1167.7524568201602 10.980257313847545
-1169.6679561497272 10.85241943240166
-1171.4421968819202 10.676900472640995
-1173.3604671122134 10.577538263201717
-1174.3797008158267 9.88100035130978
-1176.2530249716342 9.633677970767025
-1178.1137286783755 9.642349434234205
-1179.6605737568439 9.411628973819319
-1181.3601764799655 9.808244657851759
-1181.865741467625 9.541241151429716
-1183.1000597240031 9.391046342588965
-1184.1841072799266 9.465199937261644
-1185.0777020217479 9.780666609443728
-1187.0088143111766 10.198156495727602
-1188.7886756421626 9.709480066932741
-1189.852507686764 10.01403250280768
-1191.5970128537715 10.0154109794274
-1192.8940902711452 8.97486241642386
-1194.8186957599223 8.545713533796373
-1195.9530547620357 7.627213825620714
-1196.7150990726054 7.677126665748659
-1197.1498222114146 6.530870934166018
-1198.1898792745174 6.573928435482088
-1199.481898880154 5.479128440059725
-1200.7472885610164 4.239780743755404
-1201.023954308182 2.6483193236961995
-1201.3982080878318 1.1777811843529378
-1201.8791655661166 -0.6641831796988811
-1202.0979166688026 -1.5544729035720195
-1202.369682020098 -3.2501741450652446
-1202.92900366202 -3.9790501397475566
-1202.8773775944114 -4.507877032123503
-1203.3791944631935 -5.129708151184019
-1202.8900908479095 -6.432960490547117
-1202.9160416578502 -7.727928141914305
-1203.2446110700816 -8.314575771652159
-1202.9381241356582 -8.849148969016966
-1203.3314994131774 -9.968630174957212
-1203.4463890051097 -11.652872781120237
-1203.5192086850852 -13.530466298423704
-1203.7862309967727 -15.362598757110533
-1204.3644518410415 -17.023998598419126
-1204.677781001255 -18.347073535285887
-1204.2799783801288 -19.125434855781492
-1203.8119026874751 -20.506181816421446
-1203.5611066972465 -22.03438136991113
-1203.4236516510696 -22.74962888177484
-1204.0017432128639 -23.445777575336393
-1204.584686056301 -24.10654387887567
-1204.9770950829238 -25.594956139884886
-1205.1725638365 -27.376777629218992
-1205.1808957909793 -28.12996778901666
-1204.3736077403278 -28.995185117088255
-1203.5636148308963 -30.600758175216612
-1204.0347197210044 -32.05287883695215
-1203.978347100839 -32.92352292951196
-1203.962572061047 -33.92854950841516
-1204.1609003474564 -35.08880184110254
-1204.5347039630265 -35.667138854824
-1204.3884079685063 -36.8188095491752
-1204.852690659985 -38.106445471607145
-1204.6809530039877 -40.06391946490854
-1204.8191283275933 -41.07789556201547
-1205.3302913238854 -41.91918222125619
-1205.5540797045082 -43.623315374217924
-1204.701922588572 -44.78252593692392
-1204.055652134642 -46.098097364269194
-1204.5756307771057 -47.737036744914946
-1204.5237248619646 -48.89575914558023
-1205.0659420569987 -50.317783634029325
-1204.3509937604517 -50.89401970323175
-1203.807771094665 -52.75729475434869
-1204.0453862478585 -54.207555393539366
-1203.6418507625908 -54.739671866260466
-1203.0714458753914 -55.41914121326059
-1202.8693459858746 -56.314599673114714
-1203.1551813115925 -56.983142952285704
-1203.5743616750092 -58.57649515088647
-1203.2062100996823 -60.214293102584776
-1203.2449740921707 -61.969534258209166
-1203.1680526217074 -62.53874627765268
-1202.4810388167948 -64.45478240665048
-1202.2052376946062 -66.09772388156503
-1202.5256147464365 -67.57767907794565
-1202.166381784305 -68.66996745284646
-1202.699822016582 -69.59471319135278
-1202.7682968383283 -70.58708218749612
-1203.2431735401601 -71.0201325219497
-1203.0618208801002 -72.49832818921655
-1203.255761325881 -74.13550553735345
-1203.637772352025 -75.42349348481744
-1203.9082815056295 -77.03107366975397
-1203.8483847459406 -77.80658314641565
-1203.7999550258369 -78.9785727065429
-1203.5560502862186 -79.96347854550928
-1204.0859274124355 -81.75532410558313
-1203.9070590441675 -83.02748141702264
-1203.0620597904176 -84.06263623651117
-1202.808229566142 -84.66749433692544
-1203.116779596135 -85.3328002494201
-1203.6126708691568 -86.84957764562219
-1203.492830239758 -88.31905446466058
-1203.582474649474 -88.78672120984643
-1203.3882589345426 -90.60738346990198
-1202.7524353867025 -91.40651915486902
-1203.529837608859 -92.85953495915979
-1203.5022718911619 -93.77068946775049
-1203.7568054204435 -94.57236007865518
-1203.644631028697 -95.92284790690988
-1203.250938237235 -96.64675871547311
-1203.4786588256807 -97.78694502528757
-1203.6096108262986 -98.25364808257669
-1203.445856571719 -100.23201970275491
-1202.9313537483663 -101.91609887298196
-1203.3092522924394 -103.21968118365854
-1202.5468191211671 -104.10509816821664
-1201.6614424889535 -105.58172098811716
-1201.5227108304948 -107.13184444125741
-1200.5365488236398 -108.0945514839515
-1198.988465518281 -108.51432965215295
-1197.212720007226 -109.191663662754
-1195.2899033730478 -109.02503935512155
-1194.3558978741617 -109.68896118815988
-1193.0364547675103 -109.42461244281381
-1191.7194107478113 -109.69683597501367
-1190.4958475535364 -109.02523229535669
-1189.335159272477 -108.68319625671953
-1188.6951917713136 -109.08258692439645
-1187.1525588338823 -110.12197033580392
-1186.1206169431657 -110.12585228201002
-1185.6835035388917 -109.67981987711042
-1185.163633138463 -109.611096794568
-1184.6125481431932 -110.11474781747907
-1183.6946220105142 -110.78214257474988
-1182.213494033143 -111.0011322152242
-1180.9013756220788 -111.89725824709981
-1180.092307001874 -112.82915374156087
-1179.9843915408105 -113.63253738995641
-1178.754316181466 -114.46819188710302
-1177.6456759875268 -115.95238664265722
-1176.8899022644014 -116.52032115574926
-1176.4409061377496 -117.08160241957754
-1176.431708656773 -119.0620761763677
-1176.2219365318865 -120.55712100382894
-1176.7296634992213 -122.3336882245168
-1176.7728481521458 -123.76126703139394
-1177.215818726048 -124.54237225171178
-1177.612491868958 -125.07449391003698
-1177.4009762188048 -126.461896921359
-1177.3791390588135 -127.59916486855596
-1177.3074275036902 -128.42066660042852
-1176.5561045189947 -128.89187058325857
-1176.4857903649659 -129.3393649708852
-1176.2623681952805 -130.67166134234517
-1175.4343725969643 -132.01075097437948
-1175.9864973952622 -133.05116685744375
-1175.8238226106018 -134.14716216441244
-1175.2580516865105 -134.84995969649404
-1174.7724007894844 -135.77762814875692
-1175.5001472761483 -137.288266624175
-1175.6708732625098 -139.06883522387594
-1175.1267053266615 -140.05526551123708
-1175.3657986154408 -140.86630817767232
-1175.386329234168 -142.58299561854452
-1175.7675465946645 -143.73844190951436
-1176.4306830172986 -144.72614344473928
-1176.5230533187837 -146.1700364005193
-1177.1136347358674 -146.66649481173604
-1177.6369609539956 -147.77759322043508
-1177.8985097711534 -148.84159573432058
-1177.681865856573 -150.54799159880727
-1177.5102768247575 -151.06037780161947
-1177.6638824795932 -152.55150421973318
-1177.2075517033786 -154.36288222189992
-1177.3851122563333 -155.86888262148946
-1177.793961167857 -157.47606953497976
-1177.6575589185209 -158.82823189612478
-1176.8941776757688 -160.50308057185262
-1176.8959312146158 -162.36359926577657
-1176.5941970651597 -163.38869770880788
-1176.3104480510206 -164.23280372735113
-1176.6252460484952 -165.77808036919683
