-1096.19 43.59
-1096.7993208789826 44.149957385063175
-1097.6134891533852 44.66755607366562
-1098.0779146873952 45.26814326286316
-1098.3137978190184 46.772412505149845
-1098.9358025068045 47.50893005371094
-1098.6138363355399 49.27640446662903
-1098.6906662011147 49.88287260770798
-1099.2482030415536 50.65696301698685
-1098.8528519296647 51.58563616514206
-1099.464303495884 52.00975295543671
-1099.508465963006 52.84388872623444
-1099.1140470081568 54.097491350173954
-1099.692418652177 54.798466529846195
-1100.1589886122943 55.43179836511612
-1100.2494240874053 55.94081470012665
-1100.5895116502047 56.93610688686371
-1100.3784365081788 57.924605991840366
-1099.8088779473305 58.90132930517197
-1100.1541258120537 59.94553413629532
-1100.569624068737 60.63632675647736
-1100.2755842828751 61.4275518321991
-1100.4822795712948 62.11711379528046
-1100.8506502234936 62.80713829040528
-1100.9289226257802 63.83995362758637
-1101.29787242651 64.38119437932968
-1101.4055160307885 64.81381401062012
-1101.3546097898484 65.26113465070725
-1100.6768868589402 66.08949765205384
-1100.9247289770842 66.63895776510239
-1101.3238435560465 67.38900032281876
-1100.56821431458 68.1514475607872
-1100.2802903527022 68.8748266363144
-1100.7077544504405 69.85996284723282
-1100.9194406741858 70.57558706045151
-1101.3151708120108 71.32860889673233
-1101.7097448283434 71.77004882335663
-1102.0007311278582 72.40648254394532
-1102.2739780718089 73.40042569875718
-1102.5497163707018 74.04150476694107
-1103.234815376401 74.67262330293656
-1104.236291306615 75.31582286596299
-1105.5250970298052 76.12034073114395
-1106.9309803420306 77.31785311937332
-1108.2299591475726 78.20986219882965
-1110.0350220376254 78.89237233638764
-1111.54881896317 79.60835262775421
-1113.092030184865 80.07708510398865
-1114.0130837732554 79.74754464268685
-1115.5648675733805 80.52456700444222
-1116.7322609001399 80.41368037104607
-1118.2794984155894 80.18529323875904
-1120.1236856752635 80.07174692690373
-1121.899649577737 79.63467494785786
-1123.7966274791956 79.30097077429295
-1125.0361806923152 79.28625936448574
-1126.6802556091548 79.41911981642247
-1128.5431159311534 79.26931510508061
-1130.1268277937174 79.75762737929821
-1131.5915125185252 79.50046564280987
-1133.4093175703288 80.31314254939556
-1134.700635510087 80.12889232873917
-1136.4995425516368 80.55380579471588
-1137.5240668827296 80.37008867800236
-1139.4813973480464 80.17007442951203
-1141.0781356865168 80.94798907279969
-1142.7081366354228 80.57937886953354
-1144.1069973284007 80.57108876496554
-1145.7940419489146 80.43493116289378
-1147.2224185043574 80.58141845852137
-1148.821105914712 79.89993232876063
-1150.5896687084437 78.8872339168191
-1151.8216677480937 77.75636262089014
-1152.4422673755885 76.0046610274911
-1153.3422252708674 74.72696859031916
-1154.2363997274638 73.03313476234675
-1154.416842597127 71.07003313690424
-1155.009825962186 69.58667928367854
-1154.4674688750506 68.25584549099207
-1154.8120753639937 66.57901245743037
-1155.291822063327 64.67178696781397
-1155.9767847532034 63.26046926170588
-1156.399905281663 61.49630338340998
-1156.7921157056094 59.67846471458674
-1157.20104401052 58.03009122997523
-1156.9859265559912 57.0457176604867
-1156.893296288848 55.172964040339
-1157.151335465312 53.446834389269355
-1157.1445506983996 51.6578238645196
-1157.2554960423709 49.926079575121406
-1157.3912601047755 48.4662693181634
-1157.7770501548052 46.65788275390864
-1157.9091700190306 44.8856869378686
-1156.9456516379119 43.710522476732734
-1156.9743148559332 41.99265724807978
-1157.3761147731543 40.82376486450434
-1157.1801291429997 39.28361755996943
-1157.6336421096325 38.051093522608284
-1158.1875730478764 36.18294662624598
-1158.3712598705292 34.61938721328974
-1158.6787718260289 33.232879344522956
-1158.1040552580357 31.704703275263313
-1158.2417954975367 30.817846719324592
-1158.7560584121943 29.68943959861994
-1159.1722372049094 28.867471043169502
-1159.0604137504101 27.319052998125557
-1159.3762209737301 25.63755733162165
-1159.5517616295815 23.88531762748957
-1159.58693133533 22.55214256435633
-1159.5463704043627 21.542967979013923
-1159.2563556009532 20.25648540645838
-1158.8725829595328 18.931305591166023
-1159.0002145940066 17.674551073610786
-1159.5932198935748 16.034775678217414
-1159.8006598675252 14.67855960518122
-1160.9369139397145 14.139491442739967
-1162.014049025774 12.819750551283363
-1163.6777797663212 11.538757566511634
-1164.9839174473286 10.7180227676034
-1165.797425659895 10.104987684786323
-1166.7906782352925 9.806258324682716
-1168.1653287136555 9.032856051027778
-1169.2568576061726 8.939708974361423
-1171.1675541126729 8.353711690902713
-1172.8447221243382 8.497754853367809
-1174.6836856329442 8.388659294843677
-1176.5251365625859 7.75585657000542
-1178.3363219225407 8.143461074829105
-1180.1333483183384 7.689481940269474
-1182.0144289457799 7.548611264824871
-1183.8452356779576 7.136185985207561
-1185.3609426939488 7.568922650218013
-1187.1632499420643 8.45609743535519
-1188.4136190140248 8.372266810536388
-1190.3483799421788 8.620517965555194
-1192.2276857817174 8.255511757135395
-1193.6741325581074 7.754806038141254
-1195.5569777214528 7.598103445172313
-1197.1185991489888 6.899447839856151
-1198.65796515584 6.163305025696758
-1199.7448382103444 5.371530514359478
-1200.4590326869488 4.047826152443889
-1201.420197697878 2.4856883102655445
-1200.9892468178273 0.8210242801904712
-1201.7070468986035 -0.9640640205144848
-1202.443684192896 -2.641147393584248
-1202.9935880625249 -4.403592128157612
-1203.5678801858426 -5.955357093214985
-1202.7878347361088 -7.272604364752766
-1203.268820347786 -8.408076662421223
-1203.4857310378552 -9.459862965941426
-1203.177534314394 -10.811989087462422
-1203.346631588936 -11.691852588057515
-1203.5226335549355 -13.01582576692104
-1203.9669077420235 -14.8203540033102
-1204.5327272439004 -16.69175269067287
-1204.0306618833542 -18.423005122542378
-1204.379561009407 -19.38598825395107
-1204.6975410604477 -21.214810270667073
-1204.657511177063 -22.926256555914875
-1204.6079711937905 -23.991431850790974
-1204.0149155879021 -25.382531303763386
-1203.2958807969094 -27.300667423605915
-1202.5650060200692 -28.870696086287495
-1203.0712670707703 -30.383393425345417
-1203.3304566764832 -31.848018068671223
-1203.5189954960347 -33.375281710028645
-1202.8263138854504 -35.273302454352375
-1202.7688603499532 -36.748094815611836
-1203.1977848210931 -38.60978223741054
-1203.051727155745 -40.13367106378078
-1203.2567565837503 -41.6514463609457
-1203.6525746682287 -43.389964360594746
-1203.284901032746 -44.304690617918965
-1203.1294059851766 -46.1312728112936
-1203.2753201821447 -47.26270522534847
-1203.804800222218 -48.904148954749104
-1203.6380243250728 -50.49282361924648
-1203.4225797900558 -51.82709767282009
-1203.502029749155 -53.765893477797505
-1203.9284377717972 -54.514423269629475
-1203.7492881292105 -55.954820889830586
-1203.5595631474257 -57.85697700440883
-1203.225016193986 -59.54610742986202
-1203.1538756513596 -60.62741472184658
-1202.7001504325867 -61.33490522563457
-1203.1176164770127 -62.63711150348186
-1203.2626865530015 -64.4304185694456
-1203.9225038313866 -65.86481805503368
-1203.991505163312 -67.48419936358928
-1203.8580619567633 -68.40255619943142
-1204.4308298105002 -69.93691374719143
-1204.2351427549124 -71.44647099435329
-1204.148538144827 -73.095098990798
-1204.1156283193827 -74.8195851033926
-1204.0092688897253 -75.86749877393245
-1203.870750541389 -77.12623848378658
-1203.8699094602466 -78.63190760076046
-1204.1859630891681 -79.83528675496578
-1203.8601823994518 -81.06009306371212
-1203.5188776800037 -82.06414498746395
-1203.1923568496109 -83.79158796727657
-1203.3930382826925 -84.5907830184698
-1203.4809286245704 -86.10621203839779
-1203.6714193323255 -86.99532623946666
-1203.5569694960118 -87.85984762370586
-1203.6658794158698 -88.82188172996044
-1204.0917586261035 -90.5392220801115
-1203.472317712903 -91.93167730033397
-1203.5471982309223 -93.2182797974348
-1203.39634842664 -94.94750936686992
-1203.0014426210523 -96.12045117080211
-1203.2330548861623 -96.74951114118099
-1202.538711974919 -98.23110713422298
-1202.019584605992 -99.42584599912166
-1201.8880212405325 -100.418798584342
-1201.3391240933538 -101.85751308858394
-1201.1975724199415 -102.6108961290121
-1201.8132805326582 -104.19362177312374
-1201.6004621186853 -105.48978008687496
-1201.5995331206918 -106.33709545791149
-1200.0599295297266 -107.57799633204937
-1199.3900560536981 -108.92742725074291
-1197.7308451333643 -108.67829707622528
-1196.812639156878 -109.59085813522339
-1195.5228395858408 -110.01705226659774
-1194.022033611834 -110.27002019047737
-1192.5027650991083 -110.78953194975853
-1191.9305229583383 -110.09577954173088
-1190.667965451777 -110.50451195597648
-1190.0689368644357 -110.53816265597939
-1189.549130062163 -110.08914551869034
-1187.6440503397585 -109.68405238524079
-1187.0852872529626 -110.46571091547608
-1185.9618976512552 -111.08620170488953
-1184.981204072535 -110.92869289949536
-1184.2154271999002 -111.77099045351147
-1182.8619800010324 -111.64086454346776
-1182.2568953433633 -112.28940521910786
-1180.470588246882 -113.01333438590169
-1179.589454034865 -113.70273488000035
-1179.4374624291063 -114.74152701333165
-1178.7531764903665 -115.70296358302235
-1178.0252046981454 -117.30464553073048
-1178.1727034249902 -118.71528577044606
-1178.191060254872 -120.57491802409291
-1177.6515497067571 -122.06667005255818
-1177.343417415917 -123.87828659251332
-1176.7761586406828 -125.45736908152699
-1176.9072254249454 -127.16891264155507
-1176.6091676899791 -127.72462063267827
-1176.2706255564094 -129.4983144326508
-1176.7996906289459 -130.8639686627686
-1176.3789157518745 -131.31580435469746
-1175.8758647093177 -132.22092770770192
-1176.453568006456 -132.81070321038365
-1176.4491778934002 -134.4705657286942
-1176.222058209181 -135.77416222527623
-1176.4085283601285 -137.21993570759892
-1176.8934756839276 -137.98100238278508
-1176.9670174443722 -139.93232541516423
-1177.0027600997687 -141.02021246388554
-1176.4794620150328 -142.07406740620732
-1176.2858562791348 -143.19738429024815
-1176.858780297041 -144.9323851390183
-1176.6585111045838 -146.62616007760167
-1176.840218039751 -147.78293614819646
-1177.2071690881253 -149.13144545987248
-1176.999792354703 -149.83589725926518
-1177.376007872224 -151.3897895140946
-1177.0197132998705 -152.49461739495396
-1176.4124701195956 -153.86142533257603
-1176.4215263599158 -155.78709953263402
-1176.2029112005234 -156.33325403168797
-1176.5004655742646 -158.14595430329442
-1176.870377304554 -159.44057553246617
-1177.2150223875046 -161.0898852868378
-1176.4889724874497 -162.19993071988225
-1176.717912914753 -162.79478829339146
-1176.3026633286477 -164.08675127461552
-1175.7753206515313 -165.52789609864354
-1175.5172373080254 -166.2112712188065
-1175.928157659769 -168.02313726380467
