-1096.19 43.59
-1097.2429899597169 41.71153863906861
-1096.9952725940943 39.822793092727665
-1097.3497606092692 38.15974637508393
-1097.4564854079485 36.32260891437531
-1097.092739301324 35.49934836864472
-1097.2473959946633 34.136824336051944
-1097.7818102860451 32.67270561695099
-1098.4285486960412 30.91802474498749
-1098.6406866037846 29.116656508445743
-1099.1590841138363 27.52976759910584
-1098.9042562866211 26.49699100494385
-1099.1578639471531 24.926523056030277
-1099.733777614832 23.267485704422
-1100.1121649467946 21.86672922611237
-1100.6771928989888 20.370448079109195
-1100.5758004063368 18.907849874496463
-1100.9585127705336 17.38697179794312
-1101.2493105107546 16.413928356170658
-1101.6195835345984 15.253688421249393
-1100.6513839238883 13.799015011787418
-1100.4549812549353 12.85608765125275
-1100.8773845905066 11.49122723579407
-1101.326415079236 9.722974147796634
-1101.7464070791007 8.551818456649784
-1102.0646868819 7.015933957099918
-1101.9742370718718 5.573816504478458
-1102.3603485697508 3.88964375495911
-1102.323502200246 2.5698287153244053
-1101.8713958138228 1.39395865440369
-1101.3390987986327 0.5757196807861362
-1101.4315695339442 -1.0849581098556484
-1101.008548604846 -2.877136979103085
-1101.3844970041514 -4.270310316085812
-1101.7807684713603 -5.758582267761227
-1101.455732690692 -7.291149649620053
-1100.9877275699378 -8.961746010780331
-1100.4706253880263 -9.588648531436917
-1100.9260756844283 -11.183273766040799
-1101.0211039358378 -12.697456333637234
-1101.169117318988 -14.344149920940396
-1101.3505383604765 -16.19890937566757
-1101.573183285594 -17.67987105607986
-1101.4785148227215 -19.30233189821243
-1101.646802725792 -19.814408037662503
-1101.117371621132 -20.82459852457046
-1101.4993779683114 -22.719096634387967
-1101.6213166737557 -24.380934927463528
-1100.9313896918297 -25.92225763559341
-1101.1234521889687 -27.44114145994186
-1101.0756475651265 -28.803320024013516
-1101.3860676908494 -30.139559838771817
-1101.2423088723422 -31.639299724102017
-1100.9529825919867 -32.99103686571121
-1101.3589868718386 -34.09367952108383
-1101.3084961795807 -35.03065529823303
-1101.537012102604 -36.77942625045776
-1101.903274538517 -38.57860270500183
-1101.5319274687768 -39.302286300659176
-1101.7782757008076 -40.28916791439056
-1101.5935054296256 -41.91137829780578
-1100.9053887599707 -42.94124606609344
-1101.3890842074156 -44.124080452919
-1101.8396359854937 -45.55540338516235
-1101.2706676894427 -46.94289675712585
-1101.4327318543196 -48.55846086502075
-1100.801503764987 -50.37358466148376
-1100.5753290230036 -51.65412739276886
-1100.7930955165625 -53.13614157199859
-1101.0356118106843 -54.999546680450436
-1100.7053578519822 -55.94112399578094
-1100.7943165177107 -57.10780611991882
-1100.9638008499146 -58.45260766506195
-1101.0996797704697 -60.30268314838409
-1100.7628489160538 -61.75921300411224
-1101.1663961434365 -63.482637796401974
-1100.9159584069253 -64.53143242359161
-1101.145296561122 -66.15003326892852
-1101.2559910291434 -67.37248722076416
-1101.3357571685315 -68.73926082611084
-1101.5481498861313 -70.53493288516998
-1101.9035396003724 -72.04317060470581
-1102.4322915101052 -73.1811124420166
-1102.2210817062855 -74.21530214309692
-1102.6194507801533 -75.74606898784637
-1102.8798526847363 -76.79368678092956
-1103.3927692496777 -77.78467008829116
-1103.0420683944226 -79.32114121675491
-1103.265074851513 -80.58582947015762
-1102.9293106222153 -81.42308232545852
-1102.9605716192723 -82.21489748716354
-1102.7717554593087 -83.80290803670883
-1102.290333571434 -84.85318383932113
-1102.4533384466172 -86.19556317090988
-1102.4012528830767 -87.69426152467727
-1101.915751027465 -89.07210931539535
-1102.0245689326525 -90.32499251127243
-1102.0322260917724 -92.13414880990982
-1102.3803793849052 -92.78510514259338
-1102.5946577699483 -93.61870947837829
-1103.3212450058759 -94.26749644041061
-1102.9332079203427 -95.54510555028915
-1102.7405871661008 -96.38575896978378
-1103.7580217631162 -97.7246190047264
-1104.721590808183 -99.35394892454147
-1105.7859552414716 -100.96464953184127
-1106.7171494276822 -101.62892434358596
-1108.38737874344 -102.08886024713516
-1109.823917439729 -102.47984966993332
-1110.9867897541822 -103.21861258506775
-1112.823108008653 -103.68412039041519
-1114.6419055970014 -103.34981456756591
-1116.3188628466428 -104.07333222389221
-1117.9426841051877 -103.70044589400291
-1118.9993420155347 -104.34344363570213
-1120.3813578398526 -104.69194531798362
-1122.1500734598935 -105.26374864935875
-1122.9827522547544 -105.14604515194893
-1124.4339491637052 -105.131135109663
-1125.6752439053357 -104.71163350701332
-1127.2104384215177 -104.20502710700035
-1128.0177774937451 -104.38893968224525
-1129.269949129373 -104.72688594818115
-1129.8863174827397 -105.1401989197731
-1130.9238138110936 -104.73232934236526
-1132.398180833608 -104.66276539474725
-1134.1624210985005 -104.41278709083795
-1134.8751979978383 -104.70548222571611
-1136.2875301750005 -104.4928373208642
-1137.940600386411 -103.92099560409784
-1139.1008980186284 -103.81003138035535
-1140.8214352042974 -103.09161379545927
-1142.3251907737554 -103.089333537817
-1142.9537367732823 -103.09359814956784
-1144.0367853553594 -103.54204203918576
-1145.6100741536916 -104.0941770298779
-1147.2856324823201 -104.1305762155354
-1147.8044298799337 -104.78984554842114
-1149.1266750009358 -106.00842782095074
-1150.4148152978719 -106.25540181234479
-1150.9421425373853 -107.09518619611859
-1150.8609813512862 -108.35274406507611
-1150.701458117515 -109.73043294981122
-1150.812316736728 -111.16265746191144
-1151.4430041523278 -113.03770729139447
-1151.613429030925 -114.28760679796338
-1152.3403427810968 -115.6849568708241
-1152.57080028072 -117.00402363374829
-1153.1216242076457 -118.46854277685284
-1152.8941679210961 -119.06294079855084
-1152.875191448778 -119.98219414785504
-1153.3254234777392 -121.60827883318066
-1152.9635387049616 -123.4276781900227
-1153.020372389406 -124.25053896740079
-1153.7278538928927 -125.64336266353726
-1154.1162241981924 -126.26032974556088
-1154.6951061175764 -127.71347656086087
-1154.063153295368 -128.93778922393918
-1154.4709771858156 -129.75599791839718
-1155.0085409866274 -130.5219335182011
-1154.500319479555 -131.4709379298985
-1154.1122376905382 -132.74821635320782
-1154.168421714157 -134.11759480074048
-1155.2798405574263 -134.72353758648038
-1155.5439566658438 -135.31062402561307
-1156.6898193643988 -136.19414975479245
-1157.4161052392424 -136.51466672852635
-1158.852669684738 -137.33219718173146
-1159.8266650722921 -137.25361423924565
-1160.660433678478 -136.97498684361577
-1162.5253342674673 -137.46610539391637
-1163.3033554838598 -137.39688292130828
-1164.7472266243399 -137.86153575763106
-1166.1928229616583 -137.9860085247457
-1167.646944551319 -137.79462978228926
-1169.2996723936499 -138.86875483378768
-1169.834993748516 -140.07032725200057
-1170.6447804258764 -140.86313530787825
-1171.5236428664625 -141.2691438792646
-1172.7383532212675 -141.4743092058599
-1172.5955452905596 -142.81819343551993
-1172.9626451121271 -143.57894527897238
-1173.1756821261347 -144.17500883325934
-1173.57748761639 -145.96555811151862
-1173.4700619266928 -146.5860880611837
-1174.4419796155394 -147.61464154705405
-1175.2649991200865 -148.10045611843466
-1175.1726051853598 -149.4229278562963
-1175.1078425259889 -150.4211017487943
-1175.559610030204 -152.23113864645362
-1175.3498165221513 -153.09693711981177
-1174.8812225075067 -153.68851059660315
-1174.7105160565675 -154.8851446507871
-1174.6699054153264 -155.7438536284864
-1175.506963840276 -156.46519356951117
-1175.246711692363 -157.51040345415473
-1174.8168563754857 -158.32656532511115
-1175.2820722670854 -159.4804738162458
-1176.0392330498994 -160.5521233676374
-1175.8061497272552 -161.9221764205396
-1176.1499007703364 -163.09971636518836
-1176.71122059837 -163.70696371778845
-1176.930818772465 -164.6780570743978
-1177.0364156128467 -165.81448423847556
-1176.2713283659518 -167.48195230945944
