-1075.47 -112.7
-1075.53334400177 -114.62559218406678
-1075.6516782206297 -116.35979182720185
-1076.0738721054793 -118.12368137836457
-1075.6897657972575 -119.94545311927796
-1075.9417976599932 -121.6894745349884
-1076.391316370368 -123.66129488945008
-1075.955669478774 -125.27592260837555
-1075.6169861716032 -126.8946964263916
-1075.3413781684637 -127.82962186336518
-1075.9197057646513 -129.6753942489624
-1075.858859372586 -130.83269770145415
-1075.6017269913852 -132.6607754945755
-1075.1828142230213 -134.41316587924956
-1075.590193850249 -136.06704742908477
-1075.8935905520618 -137.53825385570525
-1076.3126338844002 -139.02126796245574
-1076.8585519318283 -140.0478648662567
-1076.1077902440727 -141.5740746974945
-1075.7322005157173 -142.97151250839232
-1075.2418838267029 -144.11228425502776
-1074.1059400562942 -145.01797057390212
-1073.6872763161361 -145.90865476131438
-1072.905710888356 -147.03411061763762
-1071.797371697873 -147.74919677972792
-1069.8974864010513 -147.9888031899929
-1068.6115153555572 -148.79558954834937
-1067.0846298460663 -148.60367221832274
-1066.0981855516136 -149.0039122223854
-1065.2854333643616 -149.23199943900107
-1064.414096904248 -149.54378013014792
-1063.1138729576767 -150.11732290387152
-1061.2813505654037 -150.6617203772068
-1060.1941223864258 -149.96223376393317
-1058.430118394345 -149.99240383207797
-1057.1155646567047 -150.21590548455714
-1055.1626692537964 -150.62816446721553
-1053.6073565010727 -150.31166004836558
-1052.0323764805496 -150.76996588408946
-1050.8585599188507 -150.50321006476878
-1049.7931059126556 -150.56075399816035
-1048.8022460465133 -151.242878434062
-1047.492939901799 -151.41191073954104
-1046.2412096981705 -151.89825284183024
-1044.719355059117 -152.12745041847228
-1043.827326965779 -151.9149445414543
-1043.1185680751503 -151.555333507061
-1041.7426545743645 -151.68728553950785
-1040.7534067754448 -152.18719225823878
-1039.6252106551826 -151.80352180898188
-1038.7176306967438 -151.59469791948794
-1036.8771799330414 -151.91098060905932
-1035.8146399979294 -151.7619508177042
-1033.8750499014557 -151.7575426071882
-1032.030109835118 -152.1331220537424
-1031.2901739601791 -152.1543360620737
-1029.8697864536941 -152.38239453434943
-1028.776771259755 -152.56589743196963
-1026.9368581299484 -152.5562863767147
-1025.8404377226532 -152.79575089812278
-1024.2680687431991 -153.32400558590888
-1023.4836464647949 -153.99917028546332
-1022.784844828099 -154.95705167651175
-1022.3101911370456 -156.40041939616202
-1021.8308616404236 -157.76401059031485
-1021.532118511647 -159.25271264910697
-1020.1100677971542 -160.24172173142432
-1018.7712749962509 -161.5443285524845
-1018.7449437205494 -162.3475414931774
-1018.2344252888859 -163.80825142264365
-1017.4692595426739 -164.92177419066428
-1016.7646049682796 -166.04221836924552
-1016.1309120480717 -167.82382861971854
-1016.4179028396309 -169.54245643019675
-1016.6012323622406 -171.35599712729453
-1016.7581054393947 -173.3360805928707
-1016.1330833856762 -175.2213483273983
-1016.3820810739696 -176.76596502661704
-1016.1633116875589 -178.62670664191245
-1015.6003281150759 -180.06678823828696
-1016.1186757360399 -181.51540605425834
-1015.5159045730531 -182.76666967272757
-1015.8891057346761 -184.58213869929313
-1015.7304851834476 -186.26563672423362
-1016.300579649657 -188.1159639775753
-1015.9751263086498 -189.8572148501873
-1015.6384707812965 -191.00285629630088
-1016.2278944973648 -192.4613292634487
-1015.7350874070823 -194.41411141753196
-1015.6538253177703 -196.02359609007834
-1015.3406995584071 -197.41392819285392
-1014.7914618302882 -199.18815020918845
-1015.1293213416636 -201.13710646033286
-1015.6318672944606 -202.301395457983
-1016.2084966351092 -204.0069790303707
-1016.0598639895022 -205.24530844092368
-1016.3876811017096 -207.06872467398642
-1015.7484168757499 -208.07584003806113
-1015.4060267557204 -209.54472331404685
-1015.4842149366439 -211.45134310126303
-1016.3889179576934 -212.92290191054343
-1017.2409903158248 -214.33589724898337
-1017.498698656708 -215.12975506186484
-1018.0430344988406 -216.20514516234397
-1018.6123337198794 -217.57999388575553
-1019.5437814642489 -218.10856876969336
-1020.1638153244555 -218.8487981379032
-1020.9237002183497 -219.23903448581694
-1021.7435768891871 -218.7721642076969
-1023.1425312806666 -219.20276216864585
-1023.8484610964358 -219.873314422369
-1025.0098041941226 -219.30658982396125
-1026.2952138830722 -219.9836766541004
-1028.0374007870257 -220.2403063893318
-1029.954208200127 -220.2405849739909
-1030.809534971863 -219.76886848062276
-1032.178249066025 -220.43259802907704
-1033.7136668612063 -220.85179189294576
-1035.2462323357165 -220.5685724362731
-1036.7292251040042 -221.14467397779225
-1038.4488818098605 -221.39735538214444
-1040.1325230051577 -221.17624129801987
-1041.0348539997638 -221.90146108418702
-1041.741558675915 -222.76993544846772
-1043.2315776397288 -223.53465863019227
-1043.4606070567668 -224.69413634091615
-1043.8624014307559 -225.7475716665387
-1044.1828453888 -227.20529039651154
-1044.7680687655509 -228.72582705765961
-1045.3171289910376 -230.54889329224824
-1045.973559473902 -232.24039312154054
-1046.0074571718276 -233.38256521970033
-1046.2121224154532 -235.3240128353238
-1046.5396072019637 -237.13194115906953
-1047.1174232710898 -238.19519837647675
-1047.6984441031516 -239.5318790271878
-1047.9762764324248 -240.71069653779267
-1048.5545992006362 -242.59719892293214
-1048.6828410078585 -243.905357439816
-1048.400331055075 -245.55925925523042
-1048.4279851664603 -246.89443119317292
-1047.8748277772963 -247.7683298781514
-1047.5981761564315 -249.53247096091508
-1047.2059346188605 -251.19472648650407
-1046.6471960891784 -252.32522453814744
-1047.4360181440413 -254.26183571368455
-1047.0135272194445 -255.34504975825547
-1046.4070527006686 -256.4945651486516
-1046.7373360146582 -257.7424372628331
-1046.401909415871 -259.02310170680283
-1046.5418330480159 -260.57019569426774
-1047.2613658954203 -262.37170936614274
-1047.4511771400273 -264.2564854815602
-1047.861879875213 -265.57625891715287
-1047.7207805414498 -267.33627702742814
-1047.8263089631498 -268.14882322102784
-1047.6722789977491 -269.4823027446866
-1047.8244284068048 -270.7188498571515
-1048.4298822556436 -272.2569939687848
-1048.169490364641 -274.2329389646649
-1048.2739937876165 -275.3518366411328
-1047.6985843752325 -277.0902119472623
-1047.273257431835 -278.6550857618451
-1047.0581043486297 -280.0548498228192
-1047.8152480845154 -281.8762065961957
-1047.3311034862697 -282.81946118623017
-1047.481269312352 -283.95973261147736
-1047.1574613575638 -285.4904359176755
-1047.2355538059771 -286.6793399646878
-1047.480802332312 -288.5730100467801
-1048.2476232399047 -289.92233808785676
-1048.6918529321254 -290.799600918591
-1049.2592843820155 -292.2374261215329
-1049.4649084557593 -292.99698003083466
-1049.282378976494 -294.75903888493775
-1048.6352221418917 -296.3658535078168
-1049.097321396023 -298.2119021013379
-1049.1374909628928 -299.7635893419385
-1049.310220797807 -300.87069102078675
-1049.4373028476537 -302.6985152557492
-1049.0996334154904 -304.52516372948884
-1049.7056893904507 -305.3637695506215
-1050.2644936044514 -306.9811809256673
-1050.1935398702324 -308.5715549185872
-1050.6626581971348 -309.8681825593114
-1051.6465504591167 -311.2380932763219
-1052.4405488793552 -311.89341338425874
-1053.0680868451298 -312.98384316712617
-1054.518459302634 -312.75572325736283
-1056.0822923009098 -313.03082703500985
-1057.055303079337 -313.61932878643273
-1058.1509349171818 -314.41616856008767
-1059.7006673638523 -315.4054674401879
-1061.30850408718 -316.4434749379754
-1062.8803763215244 -317.2473525300622
-1063.8000958387554 -318.57909004837273
-1064.6179789726436 -320.33014838844537
-1065.0320371811092 -320.83067058473824
-1065.1522984330356 -321.386345256865
-1065.265822571963 -322.81980978399514
-1065.4491302792728 -324.2927424803376
-1065.995747191161 -324.77643476873635
-1066.106388849467 -326.0761567249894
-1066.0835680787266 -327.418811430037
-1066.6388374988735 -328.39669584184884
-1067.6482416813076 -329.9857300415635
-1067.4071744208038 -331.61536346822976
-1067.731646579951 -332.88724957853555
-1067.9162832026184 -333.85578100830315
-1067.6767955993116 -334.6289586916566
-1068.375205693096 -336.25939988046883
-1068.281937775463 -338.1238226786256
-1068.033680689782 -338.8595287695527
-1067.8353701357544 -340.51274370104073
-1068.0298013214767 -341.56580768972634
-1067.7789919798076 -343.517590393126
-1067.5854337786138 -344.8321380510926
-1067.7156161342562 -346.50579117685555
-1068.4180341039598 -347.44849984794854
-1068.5263641004265 -348.76583712249993
-1068.4009219382704 -349.5459666147828
-1068.3935358648002 -350.3498743072152
-1068.1619276975096 -351.75461237579583
-1068.6098323439062 -353.0713736310601
-1068.5171119694412 -355.03864460140466
-1069.167557847947 -356.9026887908578
-1068.7226072375477 -358.4841653600335
-1068.6915221635998 -360.43806235939263
-1068.5427965794504 -361.58752768188714
