-1075.47 -112.7
-1074.2584013652802 -113.26386172771454
-1073.516710729599 -113.60539830923081
-1072.0761772108078 -113.23598856925965
-1070.219428153038 -113.30997562110424
-1068.9669145059586 -113.45404940545559
-1067.103394598961 -113.76240011751652
-1066.3448156428337 -113.93659963905812
-1064.9541359257698 -114.39174046814442
-1063.6001706433296 -114.18739084601403
-1062.674193532467 -114.42062043845654
-1061.087323100567 -114.69496705830097
-1060.1418178391457 -115.06714561283589
-1058.354172141552 -114.73657434880734
-1057.283674390316 -114.50161865055561
-1056.2813744854927 -114.74155315458775
-1055.6443358373642 -114.2616285353899
-1054.5595371437073 -114.50088676512242
-1053.1556558322907 -114.19292106926441
-1052.3252412986756 -114.41602664887905
-1051.2657385778427 -113.98912506997586
-1050.285698504448 -114.25392082035542
-1049.0250216436386 -113.83899536430836
-1047.641905875206 -114.03406519889832
-1046.2685156774521 -113.70755387544632
-1045.4149301958084 -114.10831762552262
-1043.6019824457169 -114.24361528158188
-1042.747679681778 -114.22676841616631
-1041.333146185875 -113.67658440470696
-1040.5439814639092 -114.16619912981987
-1038.9247783732415 -114.50178371071816
-1038.0180356812477 -114.88015402555466
-1036.8895650219918 -115.2793369114399
-1036.0788972687722 -114.75624178051949
-1035.1910500836373 -115.00458238720894
-1033.7253574442864 -114.49189690947533
-1032.373607070446 -114.76239765882492
-1031.3218758416176 -114.79239706397057
-1030.1009738755226 -114.78710139989853
-1028.7590914082527 -114.66792325377465
-1028.1494800758362 -114.7809413343668
-1026.6911833000183 -115.27823906838894
-1024.708018155098 -114.71007370650769
-1023.3942057800293 -114.50694091320038
-1022.5006444168091 -115.35127915143967
-1021.8141225886345 -115.60079255402088
-1020.9663266253472 -116.84895482361317
-1019.9961820554734 -118.1220622330904
-1018.8436207485199 -119.32197227776051
-1018.7373222124577 -120.50249662697316
-1018.0582234275341 -122.1470741301775
-1018.3423624944687 -123.52347090542317
-1018.3784223806858 -125.44098236858845
-1018.1810242247582 -127.35890009701252
-1017.2385416936875 -128.25697478353976
-1016.5272002530098 -129.64702006876468
-1016.1606267404557 -131.53197166025637
-1015.8430806708336 -133.0851050287485
-1016.4013072562218 -134.68679699003695
-1016.2302001130581 -135.95831343233584
-1015.8470914077759 -136.79994103014468
-1015.694518686533 -138.49899729788302
-1015.7960145112872 -139.87660821974276
-1015.6817708474398 -141.67498358786105
-1016.1696810585261 -142.9057516723871
-1016.4544086915255 -144.23702236711978
-1016.4710850355029 -146.09833690226077
-1016.8017429944873 -147.66718133985995
-1016.5260705289245 -148.9114150673151
-1017.0767072972656 -150.39979728758334
-1016.7868301805854 -152.1367305189371
-1016.977051922381 -153.52506395876406
-1016.2854538646341 -155.23539444506167
-1016.0263221350313 -156.9491767555475
-1016.652381130755 -158.2127254873514
-1016.914414831698 -160.0604968935251
-1016.9667119917274 -161.76434704363345
-1016.4844184157253 -163.1014475494623
-1016.9058532950282 -165.01875039637088
-1016.6108891603351 -165.71580007374286
-1016.8548347887397 -167.59028008282183
-1016.1393346127868 -169.53276088535785
-1015.752671622932 -170.7078068524599
-1015.9528109666705 -171.50201591551303
-1015.7367208388448 -172.63924082815646
-1015.2731948581338 -173.37161060869693
-1014.7903126266599 -175.09783741533755
-1015.2017433431745 -176.96498080790042
-1015.6567552474141 -178.703342166543
-1015.1397208359838 -180.54304596483706
-1015.8489044693113 -182.28116270601748
-1015.5201210764051 -183.06755408346652
-1015.1786176648736 -183.9184951454401
-1015.5874376681447 -185.01796504557132
-1015.1286378589273 -186.3820359379053
-1015.1969601225853 -187.67038008272647
-1015.8087900590897 -188.59456112682818
-1015.8711365324259 -190.21587100327014
-1016.0864848655463 -191.50910809338092
-1015.7756406527758 -192.61807110607623
-1015.2450848680735 -193.55889609158038
-1014.7938444179297 -195.51994540989398
-1014.9815220695734 -196.73981740772723
-1015.3295995455981 -198.45595434010028
-1015.3121660140157 -200.36060407459735
-1014.9407320407033 -202.26579954922198
-1014.9858468745649 -203.4750656157732
-1015.5797592972219 -205.14149668514727
-1015.0901493106783 -206.92934789955615
-1015.8140174423158 -208.31570055782794
-1015.2415041600168 -209.82155397236346
-1015.3195548926294 -211.63291933834552
-1015.0458745335043 -212.56183096468448
-1015.1850964103639 -214.3384886652231
-1016.2670715127886 -215.71722194254397
-1016.9816483531893 -216.33666726648806
-1018.60587301597 -217.6369563013315
-1020.0536484991014 -217.25426408350467
-1021.2427573476732 -216.96480130851268
-1022.9367695127428 -217.48964345157145
-1023.8556438957155 -217.22130280435084
-1024.5280418072641 -217.27397881150245
-1026.1082724009455 -217.09301189780234
-1027.8467142258585 -217.98554651141166
-1029.815745678991 -218.21893025636672
-1031.6281243239343 -218.5836972117424
-1032.830131856054 -219.11988229751586
-1034.533899513334 -219.65177620649337
-1035.7908557330072 -219.35876772999762
-1036.728494015783 -220.3072918474674
-1038.1147643004358 -221.01956377625464
-1039.3552195702493 -222.06069598793982
-1039.9034492646158 -223.3842429935932
-1040.8667972956598 -224.23484180569648
-1041.6775540982187 -225.96228204369544
-1041.4971098576486 -227.14226279854773
-1042.1947179709375 -228.69646261334418
-1042.7788226281107 -230.4389898598194
-1042.7056922142208 -231.37612174153327
-1042.618092251271 -232.62736688256263
-1043.1576920871437 -233.60838834643363
-1042.6925933484733 -235.54980794787406
-1042.4707398538292 -237.26193897128104
-1042.7418038074672 -238.8843473613262
-1043.3276744906605 -240.50561968684195
-1043.152842489332 -241.71683923602103
-1043.6457950149477 -243.60473410487174
-1043.1580592368543 -245.20669929385184
-1043.379780766815 -246.51882724165915
-1043.9809535716474 -247.54173902869223
-1044.224716705531 -248.30528668761252
-1043.81399850294 -250.27800313830375
-1044.203215522021 -252.18887822031974
-1044.009781358093 -253.9314437329769
-1044.2941982124746 -254.84993014931678
-1044.6263369296491 -256.8188282072544
-1045.3118456576765 -258.31517122387885
-1044.7205191229284 -259.0988971412182
-1044.075650510639 -260.5461554944515
-1043.8440529827774 -261.81222168803214
-1044.2908823911846 -263.402872723341
-1043.9535431687534 -264.9382828891277
-1044.4066936795414 -266.354586404562
-1044.1197122459114 -267.7839426219463
-1044.1934422378242 -269.2227834880352
-1043.8575888995827 -271.07957045435904
-1044.6824448232353 -272.9049932181835
-1044.5418819610775 -273.8499452292919
-1044.6553612177074 -275.31714848876
-1044.6024445270002 -277.2233071744442
-1044.333121893257 -278.90409259200095
-1044.962700304836 -280.084784668684
-1044.6640700672567 -280.79595468640326
-1044.8681219492853 -282.5588562309742
-1045.3274252091348 -283.53809760212897
-1044.7414440189302 -284.41586421132087
-1044.4815734301508 -285.7511577427387
-1044.1736795578897 -287.7139661133289
-1044.1290110622347 -289.0004240095615
-1044.5920802031458 -290.01040146946906
-1044.4200004015863 -291.7452919304371
-1044.465887350291 -293.44516120553016
-1045.0737922017277 -294.83880243897437
-1045.7503027145565 -296.6848784506321
-1045.3970382337272 -298.63945744633673
-1045.6505124096573 -300.60071061253547
-1046.027521354407 -302.13603375554084
-1046.349858147353 -303.01705835461615
-1046.7251676146686 -305.00848160386084
-1046.780260426253 -305.75213090777396
-1046.8045899991691 -306.5314179480076
-1047.2174838010967 -308.26544390320777
-1047.4344099883735 -309.59785638451575
-1048.3593225602806 -311.40188549160956
-1049.7873287324608 -312.4584219276905
-1051.0526467685402 -312.67115314006804
-1052.532399905175 -313.2825155377388
-1053.1154991512 -313.9310438156128
-1053.7572077040375 -313.8522081941366
-1055.047264647931 -313.9748365700245
-1055.85882849738 -313.73495436906813
-1056.6064059858024 -314.7346091389656
-1057.967003596276 -315.5294143080711
-1058.5989959959686 -316.31245197057723
-1059.7936399702728 -317.166737806797
-1061.4484653000534 -317.71516461372374
-1063.0236757521332 -318.406250667572
-1063.9205438022316 -320.1456202983856
-1064.3571645145119 -321.72454447746276
-1064.4828732137382 -322.89560384750365
-1065.0712342385948 -323.7401454567909
-1065.4973278169334 -325.21493483781813
-1065.9045012418926 -327.15381957292556
-1066.1915616814792 -328.85822261571883
-1066.4669855360687 -330.75408853292464
-1066.7123594854772 -332.25470448732375
-1067.0008681987226 -333.7633695721626
-1066.3884472225607 -334.7449728965759
-1066.5759835664928 -335.6223136305809
-1067.343136471957 -337.339278113842
-1067.8616635625065 -338.2963903069496
-1068.314380389899 -340.14785851240157
-1068.0127255742252 -341.83035148382186
-1068.9438746397198 -342.9255193591118
-1068.7718304221332 -344.41939080953597
-1068.9650350634754 -346.0183416724205
-1068.8367177967727 -347.7964933037758
-1068.941872176975 -348.90037180185317
-1068.5282837723196 -350.34839059114455
-1068.1815094326437 -351.20520998239516
-1068.327801090926 -352.76814271211623
-1068.4690919046104 -354.08822668790816
-1069.1615344409645 -355.7346013903618
-1069.5680879478157 -357.61374844312667
-1069.697310102433 -359.0193635344505
-1069.4014036481083 -360.33285809755324
-1069.3583953206241 -361.66440666913985
-1068.9248335187137 -363.26153923273085
