-1075.47 -112.7
-1074.5261804771424 -112.38477439880371
-1072.9792998743058 -112.34402017742396
-1072.1487886619568 -112.70485027581454
-1070.3028034877777 -112.42593603283167
-1068.7748102855683 -111.77911745458842
-1067.4472218465805 -111.6987058416009
-1065.8876193475724 -111.79138165414334
-1064.6633913230896 -112.00577109754086
-1063.0665020656586 -111.76552404165268
-1061.2341685009003 -111.57054625153542
-1060.004903883934 -111.91904215216637
-1058.8847753715515 -111.46970413327217
-1058.1843728137017 -112.10060970187187
-1056.4406737399102 -111.7328275859356
-1055.477619202137 -111.45185176730156
-1053.8585635733605 -111.20061908364296
-1052.2756207299233 -111.21380999386311
-1051.186207921505 -111.75770386755467
-1050.4395638418198 -111.33444624841214
-1049.4721796226502 -111.38248122930527
-1047.7840020370484 -110.94252533912659
-1046.8609101486206 -110.98219383955002
-1046.2174092841149 -111.12417754232884
-1044.7759768080712 -111.21286168396473
-1043.2081184697151 -111.45075109302998
-1041.4771459412575 -111.46165525615216
-1039.7881129097939 -111.72222989499569
-1038.0548924517632 -112.0176804035902
-1036.1619463276863 -111.39065682590008
-1035.299884648323 -111.06574350297451
-1034.2340181779862 -111.34128704369068
-1032.2562935066223 -112.09784260094166
-1031.6189431858063 -111.83572280108929
-1030.0021099758148 -111.40397599041462
-1028.6401542139054 -111.0653344064951
-1027.6392994832993 -111.45659413635731
-1026.7948544335366 -111.62393827438355
-1024.9325638127327 -111.24773932695389
-1023.5453645300865 -111.04574168920517
-1021.8337806773186 -112.15589929819107
-1020.418989212513 -112.27091516256333
-1019.1939102721215 -113.8309923529625
-1018.9396172177792 -114.50543237924576
-1017.7422619473934 -115.46463717222214
-1016.8933428537846 -116.2068348646164
-1016.2501916897297 -117.80568106174469
-1015.788957477808 -118.49069310426712
-1015.165677548647 -119.69189764261246
-1015.5548059356213 -120.85193837881089
-1015.9553564202786 -121.64360136985779
-1015.5456038725376 -123.40686686038971
-1015.0485686075688 -124.75922281742096
-1014.930092201829 -125.88508613109589
-1014.4696786564589 -127.03259296417237
-1015.2704221767187 -128.76492233276366
-1014.7995421749354 -130.09846754074096
-1014.4035812479258 -131.66032404899596
-1013.9631121617556 -133.26956887245177
-1014.6770484906435 -134.58046479225158
-1014.3337797385454 -136.28069324493407
-1015.007799552083 -136.8909017562866
-1014.5672994118929 -138.22173793315886
-1014.0717087846995 -139.86649293899535
-1013.817202077508 -141.59861273765563
-1014.1610517066717 -142.93047065734862
-1014.9042863410712 -143.66347707509993
-1014.6267806452513 -145.42718995809554
-1015.275985018611 -146.89175642728804
-1015.1742245864868 -148.20239938497542
-1015.1051767927408 -149.24894083738326
-1014.5485966068507 -150.1750455021858
-1015.2780789595843 -150.89522511959075
-1014.7207741600275 -152.7455023050308
-1014.6754338008166 -153.99608464241027
-1014.3119242054224 -155.04781193733214
-1013.8511017423868 -156.11846847534179
-1013.6231234681607 -156.98622806072234
-1013.316634298563 -157.93028153181075
-1013.7346242678166 -158.6320185780525
-1014.6797218334675 -159.48090852499007
-1014.9435743999481 -160.51018048524855
-1014.513240994215 -162.13106752634047
-1015.1651898038388 -162.88928533792495
-1015.8508521330357 -164.35690606832503
-1015.343232871294 -165.60544313192366
-1015.3339986775816 -167.1862976670265
-1015.603284714073 -168.28142513036727
-1015.6177480232716 -169.21404172182082
-1014.9682106983662 -170.5354485630989
-1015.5291062605381 -172.24092174768447
-1015.5271613796056 -173.34978700876235
-1015.6466310967505 -174.18107248544692
-1015.2816471208632 -175.68213404417037
-1014.7833515156806 -177.22768927812575
-1014.645673250109 -179.09144855737685
-1014.8566256065667 -180.67655564546584
-1015.4516534109414 -181.9530897259712
-1015.1013589401543 -183.5222467303276
-1014.5488695402444 -185.3560700535774
-1015.1154569883645 -186.30788589715957
-1014.7336885531247 -187.01984305381774
-1014.646043715328 -188.45062346458434
-1014.5655375544727 -189.57904441356658
-1014.8539426152408 -190.46055693626403
-1014.6594591413439 -192.10652990341185
-1014.2943553899229 -192.79902334213256
-1014.7963295553625 -194.5503394126892
-1015.3020919536054 -195.9664531469345
-1014.9104816888273 -197.09884293079375
-1015.1870715294779 -198.2683411359787
-1015.9261917148531 -199.16627819538115
-1016.0387528662384 -200.47573776245116
-1015.885726762265 -202.11646933555602
-1015.9332370881737 -203.82447571754454
-1016.8870815162361 -205.21630079746245
-1018.1555234317482 -206.68197841644286
-1018.6009337429703 -208.12225897312163
-1019.9144136433304 -208.9437259554863
-1020.468122792691 -209.41593821048735
-1022.2501314406097 -209.59540183544158
-1022.9075574998558 -209.93337519168853
-1024.1101595287025 -210.07745749950408
-1024.7139395599067 -210.65082908868789
-1025.999262226075 -211.03969530463218
-1026.938397360295 -211.27271388173102
-1028.541176033467 -211.8373610794544
-1029.7426049236954 -211.68065645992755
-1030.7294547085464 -211.76245143711566
-1031.885099363774 -211.9806899100542
-1032.959273171872 -212.24620008170604
-1034.4573543791473 -213.2706145018339
-1035.023065996617 -213.9399373501539
-1036.0757486347854 -214.07234531342982
-1036.6218730930984 -214.73768782317637
-1037.37296850726 -214.93574708402156
-1038.0131649498642 -215.5105631917715
-1038.4226448063553 -216.11009221971034
-1038.682610643357 -216.59820627868174
-1039.492842090577 -217.70769905745982
-1040.0666713242233 -218.33073770701884
-1040.2316975717247 -219.23275595605372
-1040.8870463494957 -219.73944627940654
-1041.2131148700416 -220.43893944919108
-1041.8759281758964 -221.32856988608836
-1041.6010330443085 -223.05974864661692
-1041.5862896566093 -224.06012260615825
-1042.54784454152 -224.69246279895304
-1042.6753341679275 -225.61274009644984
-1043.3739976410568 -226.417429921031
-1044.1424871210754 -227.50817775428294
-1044.2073045794666 -228.51896691024302
-1043.8818773452938 -229.8321402043104
-1043.8508881379664 -231.20873689353465
-1043.8372526143492 -232.97333585917949
-1044.4485181544721 -233.99038719832896
-1044.9142006014288 -235.75096976459025
-1045.091529813856 -236.9181646078825
-1044.6229407165945 -237.99227690398692
-1045.1413086031378 -239.63318979442118
-1045.6311136458814 -241.25812589824199
-1045.8032942388952 -242.4742357701063
-1046.2400799964369 -243.21576666533946
-1045.8241715405882 -244.3176720112562
-1046.200331595987 -246.12502264678477
-1045.8753043685854 -247.61868118941783
-1045.0877295409143 -248.3909885853529
-1044.9789776776731 -250.11432158648967
-1044.9759956964106 -250.97489809691905
-1045.0705648802966 -251.80303299129008
-1045.3239360594005 -253.69860696494578
-1044.9495541297645 -255.3852899044752
-1044.5062030994147 -256.0508829921484
-1044.672990455553 -256.79957568347453
-1045.1619700335712 -257.4235227078199
-1045.1378072679788 -259.0027281016111
-1045.391967195347 -260.33847939670085
-1044.9270875037462 -262.24957430064677
-1044.478230196312 -263.0656462281942
-1044.9942391694337 -264.56363337934016
-1045.4673482955247 -266.3665372699499
-1045.1263127804548 -267.1033238738775
-1045.2332485497743 -268.19639938771724
-1045.1652569950372 -268.99117737710475
-1045.7613004029542 -269.8252660602331
-1045.295206981972 -271.1109936803579
-1045.694961059168 -272.0809519857168
-1045.196737903431 -273.4306855767965
-1044.8465966761858 -274.8091710180044
-1045.2581831396371 -275.55282211005687
-1044.9279406548292 -276.21405166089534
-1045.0706014663726 -277.4948322147131
-1044.9891564429552 -279.3309439986944
-1044.537895429209 -280.75194126069545
-1044.1238223791868 -282.5697901815176
-1044.1689758927375 -283.6540519565344
-1044.8358520895988 -284.80771141946315
-1044.6716837019474 -285.4733778208494
-1044.7564218521863 -287.19300007522105
-1044.3758243799955 -288.20520472228526
-1045.056357967928 -289.507726547122
-1045.6868472576887 -291.20472681224345
-1045.8997831971199 -292.18364631831645
-1045.779027934447 -293.71801101863383
-1045.5507812158019 -294.6817359894514
-1045.23996534504 -296.5943436592817
-1044.6468994871527 -297.84148525893687
-1045.1337175027281 -298.60972815454005
-1045.2028385505826 -299.5988065570593
-1044.7818118736893 -301.3143827289343
-1044.5569093630463 -303.0085734695196
-1044.0243309543282 -304.2986455529928
-1043.9175159142167 -305.1889911264181
-1044.5609568760544 -306.2342849344015
-1044.364475677982 -307.8743053048849
-1045.4308013425023 -308.5227158039808
-1046.2247885570675 -309.9068311423063
-1046.756495367065 -311.27563035190104
-1048.1239410743863 -312.26391601264476
-1049.7263792858273 -312.73885070979594
-1050.9487044916302 -313.24208593070506
-1052.7663250074536 -314.1886133521795
-1053.676986585632 -314.50292566120623
-1054.5660528049618 -315.2893028527498
-1055.7334982261807 -315.5573181480169
-1057.6855226860196 -315.9058939784765
-1059.37822760202 -315.7050979107618
-1060.8254793987423 -316.9733273953199
-1061.9201161966473 -317.1104668647051
-1062.87239338018 -318.05387958586215
-1063.9636663303525 -318.7772013813257
-1064.9004320011288 -319.96299895346164
-1066.2285117015988 -320.9187982350588
-1066.1776489124447 -322.5874498158693
-1067.1573943004757 -324.37689855396746
-1067.6906008229405 -325.5052818328142
-1067.5170368657261 -326.82874610722064
-1067.70268375732 -328.32303955852984
-1068.4380619630963 -329.077941980958
-1068.5025095001608 -330.4093088775873
-1068.6808005080372 -331.8619967371225
-1068.167870830074 -333.19004961550235
-1068.1279411718995 -334.27161177694796
-1068.650216262117 -336.2300628095865
-1068.9189051196724 -338.1932663589716
-1069.6560888097436 -339.75268861353396
-1069.1831444010884 -340.83049425184726
-1069.0765439824015 -342.44472834169864
-1068.612429733649 -343.18972280323504
-1068.6809454218298 -344.760069873929
-1069.3388207212836 -346.36408236324786
-1069.9409172192961 -347.1281844049692
-1070.0144271136076 -348.2861431509256
-1069.8648938269168 -349.31779429018496
-1069.6945417255909 -350.18008073866366
-1069.6064814732224 -351.05462786257266
-1070.0041327581555 -352.3626219898462
-1069.8769421682507 -354.1041637331247
-1070.2908817038685 -355.98636075556277
-1069.853640864864 -356.95450088083743
-1070.1571754918248 -357.8976257711649
-1069.9854746565968 -359.0900857120752
-1069.9634367835522 -360.8024084240198
-1070.2519837331772 -362.2282480865717
-1069.8868549776078 -363.86108156740664
