-1075.47 -112.7
-1075.7813462924958 -114.58879418373108
-1075.6201228511334 -115.79501349925995
-1075.0898553144932 -117.21863539218903
-1074.6532288205624 -118.28022022247315
-1074.3373297166825 -119.86614723205567
-1074.8546489787102 -121.1100410938263
-1074.5822239232064 -122.84466428756714
-1074.3452753436566 -124.5430781364441
-1074.0972736638785 -125.89128799438477
-1074.2092026409507 -127.21267111301422
-1074.7382180032134 -128.85735220909118
-1075.0878064569831 -130.55583305358886
-1075.3175009426475 -131.5391954898834
-1075.9572372969985 -133.035214138031
-1075.559018188417 -134.78282446861266
-1075.5497343123704 -136.3438421010971
-1075.4889267713577 -137.28119881153106
-1075.3963421613723 -138.95109934806823
-1075.380394364968 -140.89095945358275
-1076.0473500148207 -142.7342001914978
-1075.3288610831648 -144.05939252376555
-1074.9691804603488 -145.38369662761687
-1075.6162512854487 -146.84415824413298
-1075.468793790117 -147.84416873455046
-1074.9330888793618 -149.74399144649504
-1073.733255963102 -151.15535027980803
-1072.530590395704 -151.9751166820526
-1071.9523830220849 -153.25506229400634
-1070.9467713639885 -153.6766945838928
-1069.1017973230034 -153.9302541732788
-1067.7063193128258 -153.4748783826828
-1066.4083947942406 -153.6238369166851
-1064.9957926080376 -154.43344007134436
-1063.297497849241 -154.91335804462432
-1062.2479034469277 -154.62425724864005
-1060.8145139024407 -155.32243512272834
-1059.2238008783013 -155.23080658614634
-1058.4564006135613 -155.14619831442832
-1057.1406737373024 -155.41950483322142
-1056.175299148336 -155.11942873597144
-1054.3108348653466 -155.34802733063697
-1052.5122742459923 -155.06195665597915
-1051.3641195104271 -155.8018343567848
-1049.3875570104271 -156.25467835068702
-1048.2452326820046 -155.6474755823612
-1046.6087707088143 -155.1723636507988
-1045.4853465364129 -155.21638928055762
-1044.8374952480942 -155.80234025120734
-1043.8900678560883 -156.08663080334662
-1042.1145013973862 -156.19751214683055
-1040.7590485022217 -155.61399423778056
-1039.3911374018342 -156.04817673265933
-1038.1310191557557 -156.6049717336893
-1036.7832166359574 -157.01784926354884
-1035.2452791140229 -157.04275957942008
-1034.5470827624947 -157.22243368327617
-1032.7513698146493 -156.80490779578685
-1031.5927761600167 -157.23832213580607
-1030.4182114408165 -157.07567096948623
-1029.1540174291283 -157.2094571262598
-1027.8101308152825 -157.76670261919497
-1026.5818823383004 -157.3833968311548
-1025.3562588498742 -157.24180420935153
-1024.1160567805916 -156.8967526823282
-1022.7407723472268 -157.37113076150416
-1021.5173545882851 -157.6399510771036
-1020.9583850906045 -157.66316738426684
-1019.5651582286507 -158.28119817078112
-1019.0112392709405 -158.59290703833102
-1018.1882487342507 -159.5716665059328
-1018.0022750154883 -161.20915689766406
-1017.4322622076422 -163.00233569443225
-1017.2404166416079 -164.27745011150836
-1016.953149105683 -165.98842909634112
-1016.2074274078757 -167.5585341721773
-1016.1684175983817 -168.88604476749896
-1016.1414504417032 -170.8296604424715
-1016.2285231717676 -171.89980795681475
-1016.022377184853 -173.50015356838702
-1015.951104483828 -175.07561233341693
-1015.5367764153332 -176.28589144051074
-1015.4286473759264 -177.3005894690752
-1015.7696279057116 -179.1734024554491
-1016.2009193667025 -180.49997153580188
-1016.2594598003477 -182.04848769009112
-1016.1950397335738 -183.7775512009859
-1016.3558568500728 -185.2796594172716
-1015.779326870367 -186.81287577450274
-1016.4174654626102 -188.07274511158465
-1016.3012341626734 -189.22327807247638
-1016.8585403927416 -191.14800300896167
-1016.8694482811541 -192.2770343095064
-1016.8847832449526 -194.2107731372118
-1017.0815784104914 -195.5723487406969
-1016.9146642603725 -197.1549343138933
-1016.6232950010151 -198.99761798679828
-1016.0274792828411 -200.39840677082537
-1016.5204889693111 -201.28648814260958
-1017.0629619874805 -202.94540461599826
-1016.597922764048 -204.87547930777072
-1016.0939563133568 -206.07280465662478
-1015.6675766923279 -207.0104158192873
-1015.8483202078194 -208.87218454182147
-1015.3868961551041 -209.84992184937
-1015.922500930056 -210.82437517940997
-1015.8860617794842 -212.31626775562762
-1016.7152950086445 -212.96671941578387
-1017.39590781115 -214.12712135612963
-1017.9837807335705 -215.1330280572176
-1018.8909507312626 -216.17623772919177
-1020.4139757671207 -216.88203575909137
-1021.5615796365589 -217.8565570384264
-1023.0707612552494 -218.12004419863223
-1024.6131840267033 -218.928821888566
-1025.9133478917927 -218.94633227288722
-1027.1020881452412 -218.51442175805568
-1028.465842417702 -218.83912446796893
-1030.3018229522556 -218.62316555976867
-1031.2307420291752 -218.677653875947
-1031.9623917856068 -218.44374574422835
-1033.4867877282948 -218.28639919757842
-1035.0237726487965 -219.1044405221939
-1035.6902593293041 -220.12523491382598
-1036.3577511825413 -220.90101058483123
-1038.0039415874332 -221.71043528318404
-1038.4318242587894 -222.04682086110114
-1039.8312140025944 -222.39566631317138
-1040.193567834124 -223.92714245319365
-1040.8797880031914 -224.39753569364547
-1040.7814355709404 -225.33398909568785
-1041.7541588165611 -226.38647217750548
-1042.4164335348457 -228.15737433433532
-1042.8427281596512 -229.28472788333892
-1043.6950181343407 -230.871462893486
-1043.2247814752907 -232.32051236629485
-1042.773578009829 -233.08029307126998
-1043.189409963116 -234.6909364581108
-1043.553926698193 -235.83207548856734
-1044.2854712524265 -237.47112001180648
-1044.2124394842238 -238.92239011526107
-1044.1466610424966 -240.57579876184462
-1043.9060876958818 -241.74287308454512
-1044.3833398216218 -242.7975802540779
-1044.5404313050956 -243.687212061882
-1044.6175817468018 -244.3761057972908
-1044.2549365379662 -246.2942251086235
-1044.5152824737877 -247.0607067465782
-1044.6350152336806 -248.520585668087
-1044.1855992817134 -249.35161114931105
-1044.9276176237315 -251.06546164751052
-1044.4781274341792 -252.10873605012893
-1044.2271547161788 -253.0427991271019
-1044.2657705836743 -253.9551364302635
-1044.6883514218778 -255.30015946626662
-1044.919186457321 -255.97848315238951
-1045.523014529869 -256.6716400504112
-1045.8830218755454 -257.5457044363022
-1045.6261087500304 -259.02290494441985
-1045.7692639821023 -260.1418832063675
-1045.5237733118981 -261.1580775499344
-1045.9095284038037 -262.34581060409545
-1045.6521561735124 -263.59501309394835
-1045.3768668764085 -264.61687870025634
-1045.8469130390138 -266.3512007713318
-1045.415546714589 -268.03401441574096
-1045.529409884736 -269.94913120269774
-1045.1499811702222 -271.43394668102263
-1045.32046636872 -273.09538300037383
-1045.5260928266496 -273.93016476631163
-1044.9848802082986 -275.53780550956725
-1044.5860820703954 -277.05831463336943
-1044.303558825776 -277.7542334318161
-1043.9652822905034 -279.1306699037552
-1044.5543100529164 -280.871159863472
-1045.156111567542 -282.13097615242003
-1044.8965672247857 -283.24746961593627
-1045.0408449464292 -284.1520673751831
-1045.2413092695922 -286.01579506397246
-1045.695097609684 -287.4012581825256
-1045.357647761032 -288.80544753074645
-1045.237375735566 -290.34536798000335
-1045.7299364798516 -292.3068180799484
-1045.919645144865 -293.4819356918335
-1045.8712360852212 -294.40191687345504
-1045.4180176251382 -295.8124832034111
-1045.9985947006196 -297.43714607954024
-1046.130781679675 -298.47211517095565
-1045.5223483138532 -299.48397983312606
-1046.2069499783963 -300.39957131147384
-1046.555843173787 -301.86992992162703
-1046.3924882107228 -303.430289876461
-1046.0658581548184 -304.22625280618666
-1045.75373250179 -305.73628998994826
-1045.2294398539514 -307.4150503993034
-1044.7190229886025 -308.7555904507637
-1044.232906132266 -310.2119642615318
-1044.0886467390508 -310.77607316970824
-1043.1538345509023 -312.4856538295746
-1041.8201808624715 -312.9389836013317
-1040.5455060892552 -313.6005168378353
-1039.5214706354589 -313.8787279546261
-1038.2668891840428 -314.4614225447178
-1037.190777867362 -314.1160195291042
-1036.2013915472478 -314.033822786808
-1034.8726687126607 -313.93784801363944
-1033.2498047047109 -314.87402467131614
-1031.7452115707845 -315.46424887776374
-1031.3034816675633 -315.6651490151882
-1030.753767638728 -315.86824010014533
-1029.4564186625928 -316.8238373219967
-1029.3256163292378 -317.42499951720237
-1028.3177345686406 -318.21951572299
-1028.2049701505155 -319.27667192816733
-1028.1147356324643 -320.78399602770804
-1027.536177425906 -322.0045226037502
-1026.9828949861974 -323.4736047208309
-1026.8041118823737 -324.89526681303977
-1027.2061855637282 -325.6883016049862
-1026.8851555430144 -326.813424628973
-1026.2794833027572 -328.084478777647
-1026.4651919894666 -329.7321106612682
-1026.3668762215227 -330.8371566951275
-1025.647807694301 -331.84791509509085
-1025.566165155992 -332.5430042564869
-1025.71616115354 -334.00512836575507
-1026.126720181927 -334.9934177815914
-1026.1825253733248 -335.6303732216358
-1025.6490350731463 -336.7276019871235
-1025.9604658850283 -337.9081160843372
-1025.5074538060278 -338.83799837231635
-1025.2840383716673 -340.1404719173908
-1025.348470217809 -341.66929815411567
-1024.6191989251226 -343.565447551012
-1024.2531883784384 -345.376414757967
-1023.9116243787855 -347.083477717638
-1023.9102400907129 -348.2723648369312
-1023.8758692064137 -349.5953668177128
-1023.1631793894619 -350.8134356558323
-1022.6137124814838 -352.0126521408558
-1022.3927813389153 -353.4986443340778
-1022.7337575473637 -355.2261503756046
-1022.7710907042772 -356.21764157414435
-1023.3245220363885 -357.00635502934455
-1023.4213217378408 -358.8315419971943
-1023.3823364817351 -359.7979302227497
-1023.8365013443679 -361.7077257454395
