-1075.47 -112.7
-1074.8654012989998 -113.37232406139374
-1074.2701229166985 -113.96002407073975
-1073.683707625866 -114.46256793737412
-1073.1078881931305 -114.91038547158242
-1072.5398214173317 -115.31565464735031
-1071.9891118717194 -115.65642399787903
-1071.4466221642494 -115.97359265089035
-1070.9223782730103 -116.2354709327221
-1070.4016633939743 -116.48761434555054
-1069.8966543388367 -116.69166455864907
-1069.3943163466454 -116.89561392068863
-1068.9100148391724 -117.05693740844727
-1068.4224819850922 -117.22536076307297
-1067.952737660408 -117.35531867742539
-1067.4592003536225 -117.4970239520073
-1067.0022936177254 -117.60246838331223
-1066.5303372454644 -117.72382373809815
-1066.0788721752167 -117.8118797659874
-1065.6220150899887 -117.9178544998169
-1065.1765328359604 -117.99310834407807
-1064.7247915577889 -118.08775080442429
-1064.2859884810448 -118.1528084397316
-1063.8508345794678 -118.18951488733292
-1063.3238129329682 -118.25187851190567
-1062.9070227456093 -118.28302700519562
-1062.4749628019333 -118.33935053348542
-1062.0585187387467 -118.37047262191773
-1061.6254841399193 -118.42763127088547
-1061.199681968689 -118.45906664133072
-1060.7663975071907 -118.51489169597626
-1060.3059676003456 -118.54580212831497
-1059.9033148002625 -118.55143601894379
-1059.4819423866272 -118.58548702001572
-1059.0723843884468 -118.5956864476204
-1058.6386525940895 -118.63369394540787
-1058.1146443200112 -118.64764423370362
-1057.6866976928711 -118.68363727331162
-1057.238655538559 -118.69537694454193
-1056.835944802761 -118.67885310649872
-1056.4192357969284 -118.68733824491501
-1056.010712594986 -118.67513723373413
-1055.5368642520905 -118.68971420526505
-1055.0404686641693 -118.69425399303437
-1054.596551747322 -118.71423889398575
-1054.0736981344223 -118.6918726682663
-1053.6123079371453 -118.63459975719452
-1053.1856546711922 -118.64489824771881
-1052.7563110899926 -118.668485891819
-1052.3398734641075 -118.47763915061951
-1051.7185673427582 -118.46263922452927
-1050.9423074436188 -118.4895895242691
-1050.3415156316757 -118.4954866886139
-1049.904553861618 -118.49673516750336
-1048.9559191775322 -118.49375791549683
-1048.334273250103 -118.5233706355095
-1047.8410527420044 -117.71484388113022
-1046.6170586061478 -117.5482960164547
-1045.8758330059052 -117.60716710686684
-1045.2280556869507 -117.1477325975895
-1043.7981226158142 -116.34808371663094
-1042.354880900383 -115.61314318776131
-1041.6221784067154 -115.0785546720028
-1039.8384519529343 -115.32854194641114
-1038.6563043308258 -114.65008254051209
-1037.6517764043808 -113.95197875499726
-1036.2225047063828 -113.99030162096024
-1035.1589629364014 -113.61639345884323
-1033.6272830677033 -113.73339514136315
-1032.3804970693589 -113.83179297745228
-1031.185050458908 -113.52501877844334
-1030.0576672267914 -113.61508148610592
-1028.4436897945404 -113.17696469724179
-1027.0359855604172 -112.66846739947796
-1026.1998084497452 -112.81385381221772
-1025.513905556202 -113.69250686168671
-1024.0483079266548 -114.39902610778809
-1023.2171142411232 -114.61047652065754
-1021.3848356318474 -115.16962524950505
-1020.795005710125 -115.65140345394612
-1020.3405210089684 -116.73064770996571
-1019.3380718541146 -117.99391367733479
-1018.6615553212166 -119.55375399887562
-1018.7943652284146 -120.88491168320179
-1018.3964018833638 -122.63643553555012
-1018.2151500147581 -124.12441137135029
-1017.7701893311739 -125.3075269728899
-1017.5054081243277 -127.02856805622578
-1017.7129984658957 -127.744797077775
-1017.4330205482245 -129.12394770681857
-1017.3520366114378 -130.00054976046084
-1017.5561801356077 -130.84603812992572
-1016.9326775234938 -132.45201947987078
-1016.6527837377787 -134.05471315681933
-1016.6311680537463 -135.5516447097063
-1016.530718163848 -137.21956041157244
-1016.9990451794863 -138.03260567486285
-1016.2688488227129 -139.18307950794696
-1016.7707375150919 -140.00617828667163
-1016.5401871961355 -141.10941770374774
-1016.4589840781689 -142.5796443492174
-1016.2633993637562 -144.08889844715594
-1016.2380379375816 -145.50518765747546
-1016.2271932785213 -146.51342597305774
-1016.7301151578129 -147.29506471455096
-1017.1449431006611 -148.6709301739931
-1016.6842456881702 -149.97631624042987
-1016.7888771121204 -150.72783413231372
-1016.5876397167146 -152.47345640957354
-1016.8206948910654 -153.3278944760561
-1016.4774174962938 -154.64642002880572
-1016.82644358024 -155.72915222942828
-1016.5894282434881 -156.88515761196612
-1016.530583524406 -158.5658343106508
-1017.0174104508758 -159.9695039063692
-1016.8107084867358 -161.81265237629412
-1016.7925487694145 -162.62458076775073
-1017.2316197094322 -164.23698678314685
-1016.6905208167434 -165.53578200638293
-1016.6458902445436 -167.10423245728015
-1016.5497114744783 -168.84492769539355
-1015.8662892070413 -169.70071378052234
-1016.1313661125303 -171.39826884567736
-1016.2545667973161 -173.03884413540362
-1016.1468262013793 -174.11568334400653
-1016.2679575023055 -175.17951586544513
-1016.3844256860018 -176.80608346760272
-1016.3134790968895 -177.76805272400378
-1016.7272060227394 -178.9202491313219
-1016.0204052639008 -180.58275356590747
-1015.9232257765532 -181.50130286514758
-1015.5845206838846 -183.16998257935046
-1015.2958230537176 -184.0527290970087
-1015.3332435277105 -185.30306574404239
-1015.3909699295461 -186.59248599112033
-1015.564671767205 -187.46306392252444
-1015.8268863384426 -188.84127506315707
-1016.441648644656 -190.28205296099185
-1016.3396012459696 -191.6375566393137
-1015.9206583474577 -193.18631252348422
-1015.8514398683608 -194.3058000475168
-1015.6581418265403 -195.82581683695315
-1015.3509794820845 -197.32674416601657
-1015.0117866744101 -198.03994157612323
-1015.1414420355857 -199.01007523834704
-1015.1379852567613 -200.2245281010866
-1014.885649112314 -201.59971561729907
-1015.2486267958582 -202.60034909546374
-1014.8815992747247 -204.40803900063037
-1015.0367445324362 -205.97632220089434
-1015.2126708005369 -207.91937246620654
-1015.2514047075808 -209.56942560970782
-1015.469155972153 -211.06976976692675
-1015.6093498666585 -212.27848031818866
-1016.4087313611806 -213.75988080799578
-1017.5301792819798 -214.68774988949298
-1018.3597763378918 -215.60130521357058
-1018.6620526511967 -216.5877986818552
-1020.1616478164494 -216.97724246680735
-1021.6182595689595 -217.61530387103556
-1023.0537005861104 -217.63285000324248
-1024.1694606740773 -218.276667368412
-1025.5270081956685 -218.52852083444594
-1026.6283521850407 -218.72758982777594
-1027.6679194171727 -218.7867484025657
-1029.0825610359013 -219.3711212210357
-1030.6181221206486 -219.7381637625396
-1032.5417386491597 -219.07100444361566
-1033.6492711503804 -218.68597259446977
-1034.719513078481 -218.3334262602031
-1035.617017288953 -218.19286944791673
-1036.983201404363 -218.5161001317203
-1038.3504421909154 -219.26448365375398
-1039.127531131059 -220.3006254069507
-1039.7159472306073 -220.78233008906244
-1040.5956531365216 -221.78342299982904
-1041.1659779150784 -223.22773235365747
-1042.0561714966595 -224.99145560786127
-1042.6463343699277 -226.0765793852508
-1043.1944273908437 -226.89760964438318
-1043.5788717468083 -228.63682191893457
-1043.9725583393872 -230.14433782622217
-1043.768319194466 -231.08117847964166
-1043.9426180620492 -231.9656676582992
-1044.6447366972268 -233.2496145300567
-1044.2094980974496 -234.3607452444732
-1044.2507316966355 -235.14977585598825
-1043.810133894235 -237.0256353549659
-1044.1490007837117 -238.66420888230203
-1043.9442425270379 -239.90023433491587
-1044.306525399238 -241.12795066162943
-1044.930600335151 -242.15999674126505
-1044.7350121934712 -243.48385166451334
-1044.80724353835 -244.7645749978721
-1044.8711641927064 -245.59192746207117
-1044.8380340610445 -247.09110360667108
-1044.607447487563 -248.32397001311182
-1044.2404101018608 -249.56317501589655
-1044.1480445314944 -250.99653916880487
-1044.642253344208 -251.9189711742103
-1044.9475730110705 -253.03008305355905
-1044.8158398766816 -254.55344330593942
-1044.4983328481019 -256.3739544086158
-1044.8593960900605 -257.15590893551706
-1045.3386798997224 -258.89977132603525
-1045.174597953707 -260.07752191349863
-1045.329253037721 -260.9072272710502
-1045.1342285175622 -262.29900490567087
-1044.9338111181557 -263.1437359981239
-1044.9415379066766 -264.66316937729715
-1044.4298919935525 -265.5108982257545
-1044.0867351193726 -266.85250031277536
-1044.1032148499787 -267.9444073371589
-1044.2088765700162 -269.4609073333442
-1044.270021994859 -270.55640374943613
-1044.960754891187 -272.19075857922434
-1044.8578555707634 -272.93666397854685
-1044.461961400956 -274.30931710526346
-1045.0950225119293 -275.92224358841776
-1044.9960263122618 -277.744968765229
-1044.5142838706076 -278.9857604436576
-1044.1421655763686 -280.4848557643592
-1044.758630310446 -281.3510522775352
-1044.8006124173105 -283.1374545030296
-1044.70210972175 -284.3220597438514
-1044.830040616244 -285.8411129646003
-1045.0247916404903 -287.71816157624124
-1044.849682134837 -289.5144369535148
-1044.5660273258388 -291.09214066788553
-1044.9058541481197 -292.159919732064
-1044.8298401211202 -293.26163350865244
-1044.5929502223432 -294.0644448928535
-1045.0807309125364 -295.1149386100471
-1044.7511835072935 -297.04669355675577
-1044.8543671865762 -297.95733725354074
-1045.3825615544617 -299.0435801677406
-1045.1241358418763 -300.9243706397712
-1045.0387836669386 -302.10729443356394
-1045.09813866511 -303.49787592217325
-1045.7514367450774 -304.93615865036844
-1045.835263376385 -305.90439748093485
-1045.984687705785 -307.4119789533317
-1046.0612497527898 -309.03022550866007
-1046.7192005713284 -310.4635362558067
-1047.8638689120114 -311.821581595391
-1048.2196784217656 -312.46547924801706
-1049.0355991323293 -313.33645355030893
-1050.4986249406636 -314.0177225999534
-1051.7704744537175 -314.19464274570345
-1053.4125460584462 -313.97960158511995
-1054.5720797975362 -314.06538357660173
-1055.9492674072087 -314.84835245534777
-1057.6006906230748 -314.6124124161899
-1059.0041930873692 -315.01607664749025
-1059.8544546563924 -315.6621229879558
-1061.111178894788 -315.936582737416
-1061.8561439712346 -316.08087825104593
-1062.7011791069806 -317.1911492280662
-1063.7534293730557 -318.12860166355966
-1064.2521793444455 -319.74680470749735
-1065.045678575784 -320.9594573907554
-1065.7386189301312 -322.3008450202644
-1065.998517473489 -323.41243016049265
-1066.1818993587792 -324.3912913136184
-1066.5618390341103 -325.26228528544306
-1066.0096768637002 -326.8856775097549
-1065.9659349446 -328.303934507817
-1066.5888937835396 -330.05459015890955
-1066.791618910879 -331.3690162234008
-1066.1869571481645 -332.7665548853576
-1066.2870657344163 -334.49189978167414
-1066.7325172920525 -335.8231570057571
-1066.3436210651696 -337.3725894026458
-1066.9597960014642 -338.82609396502374
-1067.5475049515069 -340.1999698214233
-1068.0824940104783 -341.86271148249506
-1068.5214384396374 -343.3616889052093
-1069.0682625372708 -344.6486090950668
-1068.7706559498608 -346.4666499428451
-1069.365100761205 -348.1522813372314
-1069.9592352707684 -349.9974957041442
-1070.1888428379596 -351.9867470793426
-1070.7595838357508 -353.94337254092096
-1070.7273666237295 -355.9135547213256
-1071.1773869369924 -357.78907101675867
-1071.6333147262037 -359.758310251683
-1071.8873120819032 -361.6844955019653
-1071.6910505865515 -363.5130539469421
-1071.4697833631933 -365.1303356222808
-1070.854333577007 -366.09400557801126
