-1075.47 -112.7
-1075.6724741768837 -113.29151375293732
-1075.782759399414 -114.62816543579102
-1075.9256998610497 -115.67851538658142
-1076.06521484375 -116.90531392097473
-1076.092146487236 -117.40120775699616
-1076.0502163481713 -117.89980645179749
-1075.8104732346535 -118.31048102378845
-1075.7357362222672 -119.01826430559159
-1076.0588976156712 -120.16843940019608
-1076.3506703984738 -120.86939264535904
-1076.567109258175 -121.62689108848572
-1076.7580423665047 -123.00091738700867
-1076.958292515278 -123.63131846189499
-1077.1448529076577 -124.95524121522904
-1077.295135231018 -126.0867433667183
-1077.239867837429 -126.63539464473725
-1077.3907547307015 -128.00349814891814
-1077.3943317246437 -128.5752338886261
-1077.50936201334 -129.20465410947799
-1077.6557517957688 -129.97365058660506
-1077.7343684744835 -130.84785581827163
-1077.7472933244705 -132.1508870244026
-1077.8499613118172 -133.5790858387947
-1077.84719976902 -134.81633616685866
-1077.622064025402 -135.35446704626082
-1077.4781568956375 -136.59676755666732
-1077.1680394721031 -136.87703908681868
-1076.8819060635567 -137.66085846424102
-1076.5889025640488 -138.53897525072097
-1076.3418336820603 -139.92684723138808
-1076.108590991497 -140.48554624319075
-1075.9012891364098 -141.31343878507613
-1075.7090488386154 -142.4327017188072
-1075.5125240397454 -142.9950419783592
-1075.2361755084992 -144.2751693844795
-1074.9073146295548 -144.63463030457496
-1074.5049397063256 -145.18255363106726
-1074.130391151905 -145.43932841420173
-1073.7695194792748 -145.86953775286673
-1073.363477678299 -146.0489311635494
-1072.509819598198 -146.30704496502875
-1071.9654879879952 -146.87358037829398
-1071.0025524806977 -147.1238573014736
-1070.1750310373307 -146.88190759420394
-1069.546099038124 -146.64269692897795
-1068.9793558430672 -146.72304795384406
-1068.1788107466698 -147.14958934187888
-1067.6378611040116 -147.20539925694465
-1067.0422828507424 -147.34671817421912
-1066.4606210899353 -147.38657733500003
-1065.7991401267052 -147.23314338624476
-1065.138221771717 -146.91408714354037
-1064.4994727683068 -146.63005849421023
-1063.9087111663819 -146.35113915503024
-1063.3595918130875 -147.30522605478762
-1062.7898773860932 -147.75565355718135
-1061.5978457641602 -147.55290598869323
-1060.9915823054314 -147.24759675264357
-1060.4172748041153 -146.95897833704947
-1059.8469411444664 -147.50673792958258
-1059.2353151750565 -148.0835132420063
-1058.5898803186417 -147.7531053841114
-1057.8883208942414 -147.93266610503196
-1057.210361213684 -147.84217975735663
-1056.6207269144059 -148.16193692088126
-1056.1494001460076 -148.4162652015686
-1055.7927010965348 -148.83493263721465
-1055.4389184427262 -149.59905828237532
-1054.9706053447724 -150.46342314481734
-1054.6200326991082 -151.2682612657547
-1054.060982556343 -152.02858943939208
-1053.675504477024 -153.11756677627562
-1053.222865612507 -153.39429835677146
-1052.7836706352234 -154.4019368112087
-1052.0931286525727 -155.01624445319175
-1051.522721977234 -155.87979797720908
-1050.9363477540016 -156.37436403036116
-1050.2152617287636 -156.33220700621604
-1049.1446700406075 -157.09460536837577
-1048.515457661152 -157.46740571856498
-1047.7037473630905 -157.43572933673858
-1046.774752111435 -157.59936654269694
-1045.6593644332886 -157.43751272261142
-1044.9256686282158 -157.04240128099917
-1044.2824976754189 -157.1153202101588
-1043.1354461026192 -157.8894263550639
-1042.1583645653725 -157.44319659918546
-1041.3795020890236 -157.02891067117451
-1040.0059635949135 -156.84333509653806
-1038.7550907444954 -157.2197470113635
-1037.3566388201714 -157.19630840867757
-1036.4877562236786 -157.13100685626267
-1035.1098758888245 -157.24981978982686
-1034.0951962184906 -157.36814013570546
-1032.9064471435547 -157.3510172113776
-1031.3232712459564 -157.20764950364827
-1029.9858636569977 -157.71616521924733
-1029.2325093460083 -157.8598870679736
-1028.6524526786804 -158.11186621040105
-1027.8948560070992 -158.70205983966588
-1027.2295079541207 -158.5561392351985
-1026.2685258698464 -159.1848809763789
-1025.3082021784783 -159.63194537609814
-1024.5061699461937 -160.3006984040141
-1023.3851248335839 -160.22422066777943
-1022.2032749962807 -161.23319784253835
-1021.7499460887909 -161.70587349385022
-1020.8355111789704 -161.968038444221
-1020.4545208525658 -162.40287971943616
-1019.3393204522133 -162.83078366965054
-1019.3214180779457 -164.32056469172238
-1018.5207461428643 -166.05413908213376
-1018.3890157949925 -167.56050509661435
-1018.3795590114594 -168.6985887929797
-1017.9795142126084 -170.10126144140958
-1018.0255086731911 -171.41146725863217
-1017.4372763943672 -172.7062825605273
-1017.3457566511631 -173.81228334158658
-1017.3270515215397 -174.6090184494853
-1017.3251603704691 -175.70343780964612
-1017.5986387592554 -177.05693483799695
-1017.9986313444376 -178.12923884838818
-1018.3041928571463 -179.1806576296687
-1017.6038744014502 -180.74892998188733
-1017.4673774701357 -182.37573767155408
-1017.6143891525269 -183.08663428276776
-1017.6931451272965 -183.80740887373685
-1017.9257223618031 -184.7635119602084
-1018.3002392065525 -186.46034676283597
-1017.6652454149723 -187.25464159697293
-1017.487244309187 -188.5655505105853
-1017.5631851863861 -189.4049373909831
-1017.7688621741534 -191.12498021572827
-1018.1140621167422 -191.78285074681042
-1018.1553975504637 -193.70182633846997
-1018.3905286949873 -195.14471042603253
-1017.7121625107527 -196.0568007275462
-1018.1335749191046 -197.3646005436778
-1018.143106238246 -198.34380042999982
-1018.4877523046732 -199.22182977646588
-1018.2123777133227 -200.244321231544
-1017.5485541087389 -201.5895669505
-1017.4067275387049 -202.82141018360852
-1017.8148459059 -204.21354151219128
-1017.939504609704 -205.23003197163342
-1018.32645224154 -206.5385302349925
-1018.1507492226363 -207.12443584650754
-1018.1223380726576 -208.2425331518054
-1018.477154032588 -209.94795388430356
-1018.4070573908091 -210.68123519867657
-1018.531580196023 -212.03417623490094
-1019.1758459073305 -212.80784094780682
-1019.3430435818434 -214.3572133824229
-1019.2347431939841 -216.14938772171735
-1020.3742470306158 -217.0823573514819
-1021.639527515769 -217.46725309342145
-1023.2445460122824 -218.29081023186444
-1024.6712148946524 -218.83774704188107
-1025.8350171607733 -218.87664529010652
-1026.8919370931387 -219.30757751390337
-1028.5293536943198 -219.82613977119325
-1030.3383948367834 -220.09165787026285
-1031.2509496968985 -220.64757620617746
-1032.450026230216 -220.43696352168917
-1033.4563681644202 -220.58864920660852
-1035.1567072433234 -221.12088673636316
-1036.9478582900763 -221.89425902888178
-1038.45052726686 -222.2558393113315
-1039.4035098713637 -222.78117951080202
-1040.5508645933867 -224.22617312595247
-1041.778793708682 -224.75789221450685
-1042.4211158913374 -225.92287107631563
-1043.2229644817114 -226.99265619441866
-1044.1201156538725 -228.60661073848604
-1044.7116415661574 -230.38888069316744
-1044.4367860716582 -231.01645275279878
-1044.5998956423998 -231.77156844064592
-1045.056027994752 -232.5031230084598
-1045.576837823987 -233.6110491387546
-1045.234302328229 -234.86521812602876
-1045.5201624494791 -236.3993175856769
-1046.0904757839442 -237.65687271282076
-1045.6562157136202 -238.8774556748569
-1046.012930558324 -240.29476281329988
-1046.043580533266 -242.09829732105135
-1046.501038403511 -243.35161169692873
-1046.6350055795908 -244.55410774871706
-1045.9734100562334 -246.18468447849153
-1046.4333131474257 -247.49477561637758
-1046.7537666720152 -248.51809152290224
-1046.558997900486 -249.96506043598055
-1046.9792424750328 -250.7452378503978
-1047.1211908173561 -252.47494962140917
-1047.1842896950245 -253.99661531373857
-1047.0973984313011 -255.76411285325884
-1047.161926062107 -256.44817026779054
-1047.088446186185 -258.05809947177767
-1047.0968400102854 -259.5462615124881
-1046.220600233674 -260.22312798425554
-1046.750256047845 -261.2437012426555
-1046.938652203679 -263.07878806516527
-1047.4474326831103 -264.6484980814159
-1047.8771114510298 -266.5442953340709
-1047.3131274145842 -267.3858424656093
-1047.4976831388474 -268.17123093530535
-1047.5912240159512 -269.3133051626384
-1046.9352852714062 -270.2740410797298
-1047.3590428245068 -271.6950879327953
-1047.4118393820524 -272.9799071781337
-1046.7753766936064 -273.94244017526506
-1046.9530471873284 -274.8851542703807
-1047.4454984974861 -276.57148899957537
-1047.5421381753683 -277.98627712652086
-1047.9756031793356 -279.16318108960985
-1048.029265986085 -280.5628868572414
-1047.6295473438502 -282.47716298028826
-1047.6633525502682 -283.84072604104875
-1047.8960930120945 -284.5490316979587
-1048.1510223460198 -286.2317068211734
-1048.0322993707657 -287.17286481782793
-1048.3059335362911 -288.40555002614855
-1048.6432017993927 -289.63604476377367
-1048.7283049535752 -291.192695402354
-1048.4182967555523 -292.6585363380611
-1048.5155884933472 -293.54984524175524
-1048.5047892045975 -294.2225531570613
-1048.2092627596855 -295.24420275613664
-1047.9861227434874 -296.21497657224535
-1047.3348902624846 -297.7415281765163
-1046.8574414116144 -298.4943213097751
-1047.0774285507202 -299.56965192481874
-1047.573289872408 -301.41951914951204
-1047.4491577607394 -302.7885450951755
-1047.8362908226252 -304.0902495019138
-1047.949159757495 -306.0190983645618
-1048.1170626145602 -306.94307049438356
-1047.9638558489085 -307.62811919376253
-1047.9500307899714 -308.36225303336977
-1047.8315142852068 -309.8320513598621
-1047.4493318659067 -310.9563516013324
-1045.8963285547495 -312.0913087956607
-1044.649656162858 -312.8800248734653
-1043.9569388490916 -312.75948645994066
-1042.3933569055796 -313.4546637766063
-1041.5321832758189 -313.3618380062282
-1040.832969711423 -313.41522599086164
-1040.1583844286204 -313.97145033702253
-1039.0653319221735 -314.44647056683897
-1037.570071206689 -314.68780157789587
-1035.672978387475 -315.01401350721716
-1035.058902488351 -315.6903757832944
-1033.5185986620188 -315.4659149132669
-1032.949493394494 -315.75826007947325
-1032.2904751759768 -315.95785314664244
-1031.1604081851244 -316.37101895436643
-1029.7711246472597 -316.88947398290037
-1028.9435416322947 -318.4440572939813
-1028.082865820527 -319.8496994458139
-1028.0104357761145 -321.6277763329446
-1027.0850553673506 -322.41388268098234
-1027.413760856986 -323.9326750718057
-1026.9763969045878 -325.53855521306394
-1026.4111993175745 -326.4624426446855
-1025.7076532703638 -327.5625424467027
-1025.39620010674 -329.0284415565431
-1025.1979970943928 -330.83807504996656
-1025.1020792213083 -331.96782017573713
-1025.807103702128 -333.79966402873396
-1025.8670842286945 -335.569383033365
-1025.9801829096675 -336.73131597861646
-1026.2745224770904 -337.4011994086206
-1026.5393113133312 -338.5439322672784
-1025.5459200379253 -339.9346513234079
-1025.3974927601218 -341.604154535383
-1024.9436858829856 -343.1928584061563
-1024.6640331086517 -344.1136563502252
-1023.704662078321 -345.91124493703245
-1024.0467989978195 -347.7879193507135
-1023.2765231665969 -349.4576229535043
-1023.6868395146728 -350.6431449137628
-1023.4034449991584 -351.86634261235594
-1023.5095373627544 -353.75742501839994
-1023.6842602428794 -354.88794989213346
-1023.3680217799545 -356.51612181290983
-1023.5586946544051 -357.6005935154855
-1023.576630705297 -358.5543174229562
-1023.2779039081931 -359.8949942074716
-1023.4890485343337 -361.505544372648
