-1075.47 -112.7
-1073.6932021093369 -113.18787528276444
-1072.5263881397248 -112.91240115165711
-1071.7066096377373 -113.40304852724076
-1071.0240326237679 -112.95008112192154
-1069.7772399497032 -112.40212018489838
-1068.2021630120278 -112.22805934846401
-1067.2986837339402 -111.66787314116955
-1066.658086628914 -111.45085537135601
-1065.3885935258866 -111.00061309039593
-1064.7473107290268 -111.56033277213574
-1064.1189368081093 -111.19001763761044
-1063.2639068675041 -111.06717829108239
-1061.8117481780052 -111.43908060789109
-1060.5505656313896 -111.76355252861977
-1059.671273739338 -112.26539008021355
-1058.7500137400627 -112.26428884714842
-1058.0907276582718 -112.69774952977896
-1057.0654716205597 -112.55383362323046
-1056.2047166538239 -112.42561091929674
-1055.419190557003 -112.80956255346537
-1054.565343053341 -112.25163583904505
-1053.126833946705 -112.5693686798215
-1051.8787391495705 -112.83671881705523
-1050.965119690895 -113.2054451301694
-1049.6201549482346 -113.5462739661336
-1048.8103119444847 -113.51407371163369
-1047.6803570103646 -113.25901205539704
-1046.7269537758827 -113.66442949771881
-1045.8143731665612 -113.16327096223831
-1045.1462283444405 -113.48281837701798
-1043.6372403216362 -113.18739179968834
-1042.265579135418 -113.26618625670672
-1040.6096281123162 -113.08402482122183
-1039.3473757815361 -113.05625577345491
-1038.5357385587693 -113.04550346061588
-1037.2514658880234 -112.46875133439899
-1036.632160396576 -112.30296772047878
-1035.0560396623612 -111.82220380827785
-1033.6863721323014 -112.29954328462482
-1032.6422651720047 -112.56367027089
-1031.2820481967926 -112.9217536084354
-1029.7797854852677 -112.43210630938411
-1028.1345604372025 -111.93610917851329
-1027.2760911297798 -112.42689376398921
-1025.3419481825829 -111.90396510884166
-1024.506843240261 -111.67506554052234
-1023.3730578732491 -112.39338042661548
-1022.3694429707527 -112.97378274127841
-1021.682386071682 -113.87498685047031
-1020.9777084898949 -114.9086759917438
-1019.9826382112503 -115.19465842172504
-1019.444485039711 -116.22117760106921
-1019.3953087937832 -117.99521329328418
-1019.1700928074122 -118.98031374141574
-1018.8420012754202 -120.43265744373203
-1018.2234929960966 -121.43564912006259
-1017.8807814282179 -122.67228540107608
-1017.5533778828383 -123.62507411167026
-1016.9400845927 -125.21415396854282
-1016.667722658515 -126.89451142475009
-1016.8363159757853 -127.94950493499637
-1016.8741669964791 -129.36938007995485
-1017.3135576856137 -131.11421998664736
-1017.6551074397564 -132.6676647298038
-1017.7078010749817 -134.29189320728182
-1017.9761744451523 -136.22794505283235
-1018.0290111613274 -137.95232518836855
-1018.043363751173 -138.99795766994356
-1017.2986392390728 -140.50882168933748
-1016.6336172235012 -141.37076213285326
-1016.8865371358395 -142.69185855314134
-1017.1745564055443 -143.4202417962253
-1017.2231040757895 -144.88283976241945
-1016.5526857537031 -146.08605619594454
-1016.7292114359141 -147.57014378234743
-1016.4794711780548 -148.89985164329408
-1016.1700042200089 -150.42390783950685
-1016.4267332267762 -151.53571876212953
-1016.7602538478375 -152.75104352161287
-1017.0184673082829 -153.7059192292392
-1017.3479940903187 -155.0732278458774
-1017.442157150507 -156.4685041539371
-1016.5449644935131 -157.83918281719087
-1017.0477332484722 -159.06783314868807
-1016.5477291953564 -160.58038743659853
-1016.1248102200032 -161.96858104392885
-1016.3884755980969 -163.56778439208864
-1016.613009454012 -165.1594218842685
-1017.1365468513966 -166.44699259921907
-1017.2752809685469 -167.22408428117632
-1017.6488818389178 -168.7760304443538
-1018.003633068204 -169.5127545826137
-1017.7975237828493 -171.06653585359453
-1017.8132113081217 -172.70676734372972
-1018.1340424877405 -173.5773042075336
-1017.8396683198214 -175.27811511680483
-1017.8630982202292 -177.1805413596332
-1017.455104188323 -178.13811185285448
-1016.6879106324911 -179.85217907354235
-1016.8862246286869 -181.7106476061046
-1016.347136617899 -182.87761833593248
-1015.7698001873493 -184.24781587049364
-1016.2717720282078 -186.15851833745836
-1015.6250311744213 -187.43250718042253
-1016.1679080140591 -189.24631586000322
-1016.7478624594212 -190.48688068315386
-1016.0375221979618 -191.3892106644809
-1016.0972758208216 -192.4859920375049
-1016.5062268649042 -194.07362993881105
-1016.5132098917663 -195.0175454251468
-1016.3439404790104 -196.54297074005007
-1016.880632442683 -198.38973506614565
-1017.3723195914924 -200.26358314678072
-1017.5560057882965 -201.27925368472933
-1018.0200058345497 -202.97576376125215
-1018.7531450514496 -204.11647459194063
-1018.6940821383894 -205.38789971992372
-1019.3728322957456 -206.6763040654361
-1020.520390150398 -208.33499523326753
-1021.5875021193922 -209.11383255645632
-1022.7041573499143 -209.97259577438234
-1023.2519034717977 -210.23195489570497
-1024.8461894367636 -210.39527066871523
-1026.1525838945806 -210.61247786208986
-1026.9762575004995 -211.50385453626512
-1028.8193959568441 -212.250344299525
-1030.1675319050253 -212.32778912112116
-1030.9216724012792 -212.67206545993685
-1032.2657902811468 -213.4013278119266
-1032.965779838413 -214.37236329242586
-1034.8072434042394 -215.2763242356479
-1035.6321625088156 -215.97026171609758
-1036.97544866547 -216.3848015896976
-1037.6606647346914 -217.56417318508028
-1038.6509975765646 -218.32992830201982
-1038.903826174587 -219.80815925523638
-1040.3634139870107 -220.1677063934505
-1040.8108065699041 -221.4503776066005
-1041.980525431484 -222.4790722362697
-1042.8098631475866 -223.87752034589647
-1043.601627228111 -225.58886279985308
-1043.9621772144735 -226.91899504587053
-1044.5457681392134 -228.3386458389461
-1044.0225174997747 -229.8796624176204
-1044.4171969269216 -231.6139896146953
-1044.3816506651044 -233.1079486839473
-1044.1237555530668 -234.50440993234514
-1044.8438250210882 -235.69724466726183
-1044.730985031724 -237.4859868519008
-1044.4697231513262 -239.33065166398882
-1044.269903780222 -240.95919170305132
-1043.7367088210583 -242.7270781032741
-1044.4747777593136 -244.64890220090746
-1044.6938000929356 -245.6808133356273
-1044.337255717516 -247.11813249513506
-1044.7737107288838 -248.55373575612902
-1044.7601111366228 -250.07806494161485
-1044.746092725806 -251.20017983838915
-1045.0291223118827 -252.2839114896953
-1044.980434578173 -253.693326138705
-1045.074751075618 -254.9641213648021
-1045.2429262067005 -255.96904733106493
-1045.6633292103932 -257.87131192609667
-1046.0922170842812 -259.6589434377849
-1046.4330310786888 -260.9260171882808
-1046.354405928664 -261.69982042238115
-1045.8916190455482 -263.33458616659044
-1046.1360545198247 -265.1677668325603
-1045.6621312240884 -267.0867769949138
-1045.1153375248239 -268.4486778013408
-1045.8076826671884 -270.02389063760637
-1045.4353634158895 -271.809235715121
-1045.5530054460094 -273.3078841201961
-1045.4227764795348 -274.84943892881273
-1045.4739709834382 -276.25791587755083
-1044.843643401079 -278.00325968191027
-1045.6297199467942 -278.95111074373125
-1045.40706672173 -279.9097501270473
-1045.0982587526366 -281.04786350652574
-1045.4012735674903 -282.1336565248668
-1045.052368302159 -282.93527957126497
-1045.377678323798 -284.31706329509615
-1045.9651248941943 -285.74657257720827
-1045.783247668557 -287.14868148490785
-1045.2854364107177 -288.1499578587711
-1045.1437788198516 -289.74088021442293
-1045.3037878314778 -291.33164426013826
-1044.9155161420629 -292.10893090888857
-1044.7622194777057 -293.39441009685396
-1045.331124652438 -294.7611362569034
-1045.1917554179952 -296.6434387795627
-1044.7935918311402 -298.43762656375765
-1045.432943497114 -299.6055774323642
-1045.5863444397971 -301.24298235103487
-1045.886697400622 -302.19207754060625
-1046.249348450713 -304.0253093473613
-1046.76231103044 -305.65309741422533
-1046.2006166468188 -306.5806475512683
-1046.4874178658054 -308.1797383658588
-1046.530565638356 -309.9727853171527
-1047.7468333433196 -311.5277341239154
-1048.2887660453841 -312.95530840083956
-1049.2935344169662 -312.92493059560655
-1050.976241726689 -313.03161297068
-1052.480106372647 -313.8424323581159
-1053.5788970182464 -314.5268200419843
-1054.4890415261314 -314.257531055063
-1056.3379630635307 -315.0564410768449
-1057.3681175301597 -315.5866040073335
-1058.1965338776633 -315.3738955043256
-1059.593689162545 -315.5493025265634
-1060.7790641377494 -316.00603351816534
-1062.3234779427573 -316.23979539498686
-1063.638925988488 -317.4985815964639
-1064.5093965123222 -319.04241246804594
-1065.7508688757941 -319.9902715168893
-1066.9397092650458 -321.4563148699701
-1067.8207011411712 -322.3343251429498
-1067.892379094176 -323.147395440191
-1068.292097289376 -324.4662705145776
-1068.3686749527976 -326.04124660119413
-1068.211603168659 -327.1059627018869
-1068.4171680847928 -327.90566922053694
-1068.9764928261563 -329.5913577161729
-1069.3391629199311 -331.0794030509889
-1069.9301610330865 -332.49245441779493
-1069.4994407634065 -333.926737793535
-1069.2990173141286 -335.7265890918672
-1069.1128306428716 -336.88129473552107
-1069.339898202829 -338.1644527994096
-1069.0602779428289 -339.79332996234297
-1068.8236394266412 -341.64868236407636
-1068.5277772287652 -343.1770502410829
-1068.6192352066562 -344.33384943827986
-1069.3537860403583 -346.1954882226884
-1068.827827144675 -347.5736363016069
-1068.5397696981952 -349.4385397516191
-1068.1759278069064 -350.9230766378343
-1068.7422883997485 -352.28340543136
-1069.215374637656 -353.7292931161821
-1069.7315658817813 -354.8772556863725
-1070.2437259445712 -355.67809213027357
-1070.6687912831828 -357.54864896163343
-1070.5880698676035 -358.78838218078016
-1070.8983555848524 -360.0857405744493
-1070.4374388272688 -360.81398392543196
-1070.818050187342 -361.4985198460519
-1070.9228701407835 -362.64622253999113
-1070.9513761813566 -364.18369240388273
-1070.6719862635061 -365.65065652951597
