-1075.47 -112.7
-1076.1134025764466 -114.6906302690506
-1076.3850311350823 -116.68164188861847
-1076.2418659937382 -118.67564840316773
-1076.8359021556378 -120.67278022766114
-1077.2394009840489 -122.64955134391785
-1077.7279836249352 -124.63265771865845
-1078.157465429306 -126.606156539917
-1078.5449683082104 -128.5677372932434
-1078.8843540263176 -130.518079829216
-1079.189539910555 -132.45703167915343
-1079.4583077144623 -134.38559598922728
-1079.7062837791443 -136.3048786640167
-1079.931789995432 -138.21550924777983
-1080.1388596308232 -140.11850280761718
-1080.1870496284962 -141.9441084384918
-1080.0385617029667 -143.63143343925475
-1079.6758375775814 -145.08033127784728
-1079.186152459383 -146.30718178749083
-1078.6397932183743 -147.38570041656493
-1078.0628836762905 -148.33205981254576
-1077.4672814023495 -149.16403247117995
-1076.8671231877804 -149.90040786266326
-1076.2676105511189 -150.55283803939818
-1075.6738947045803 -151.12277252674102
-1075.0899280321598 -151.61256737709044
-1074.5148003709317 -152.05215145349501
-1073.9567001473904 -152.42342279553412
-1073.4065615546704 -152.7655496418476
-1072.8745024216175 -153.04934791922568
-1072.3451770555973 -153.3195257604122
-1071.837002695799 -153.53906853199004
-1071.3277238619328 -153.75605506896972
-1070.8364245307446 -153.92867721319197
-1070.345241726637 -154.10639227628707
-1069.8725349915028 -154.2442600250244
-1069.3922257435322 -154.39311320781707
-1068.9300994288922 -154.50543464422225
-1068.4586809289456 -154.63177157640456
-1067.9939779055119 -154.7249301791191
-1067.531624020338 -154.83484507799147
-1067.0892072331906 -154.91307450532912
-1066.6351584804058 -155.01073415279387
-1066.1898235690594 -155.07843680381774
-1065.7417108428479 -155.1663442969322
-1065.2623084795475 -155.2247395634651
-1064.8453894865513 -155.25491203069686
-1064.4134162676335 -155.31088907718657
-1063.9975681316853 -155.34081251621245
-1063.5622431647778 -155.39744706153868
-1063.136633695364 -155.4280530333519
-1062.699747503996 -155.48223383426665
-1062.2840365183354 -155.5125676512718
-1061.8662731063366 -155.51975042819976
-1061.4365456712246 -155.554938685894
-1061.0132079136372 -155.55852539539336
-1060.486650468111 -155.59661854505538
-1060.061119915247 -155.60711694955825
-1059.6286879193783 -155.64473719596862
-1059.1965184819699 -155.65412945747374
-1058.7535343778134 -155.6943662881851
-1058.3443585050106 -155.70507831573485
-1057.891171873808 -155.68823350667952
-1057.4055731904507 -155.71095581054686
-1056.9932747495175 -155.68473012447356
-1056.5360682022572 -155.69889403581618
-1056.12366640687 -155.69808514118193
-1055.6891053926945 -155.72846419811248
-1055.2582664501667 -155.71234740018843
-1054.856063605547 -155.69378180503844
-1054.3279507172108 -155.67569173574446
-1053.9075359714031 -155.63601417541503
-1053.220858873129 -155.64226425886153
-1052.7843722712994 -155.5644773364067
-1052.3171126258374 -155.5205976486206
-1051.8376690757275 -155.49953968524932
-1051.315959752798 -155.45169372558593
-1050.885211468935 -155.40444774627684
-1049.8537906420231 -155.40061033964156
-1049.2829689395428 -155.47552247047423
-1048.804497898817 -155.4880761027336
-1048.2957401287556 -155.5274300098419
-1047.4373795998097 -155.55598146915435
-1046.9475029718876 -154.66258676052092
-1045.936684371233 -154.62276674509047
-1044.7314380419255 -154.53291095495223
-1043.6659827244282 -154.3102476119995
-1042.4272104513645 -153.49272842407225
-1041.403642655611 -153.29757342934607
-1040.189420105219 -152.85382093191146
-1039.008512378931 -152.56150601506232
-1038.266123892069 -152.00449429154395
-1036.6032826912403 -151.58620802760123
-1034.943024636507 -151.18260059952735
-1033.3276693832875 -151.32502726912497
-1031.5338339817524 -151.26434428319334
-1029.7753157627583 -151.0107722364366
-1028.2354266655445 -150.64919007644056
-1027.2500842821598 -150.67428454831241
-1025.932304264307 -151.4105273194611
-1024.8486210119725 -151.65166261866688
-1023.8044596922398 -152.35878732874988
-1022.5890630495549 -152.80903872922062
-1022.0527999413014 -153.6469005651772
-1021.2666363132 -154.67905262187122
-1020.2499912393093 -155.98400798514484
-1019.2383145701885 -156.92397335246204
-1018.8015544426441 -157.483409435302
-1018.697806955576 -159.15503957942127
-1017.5756808531285 -160.45206871703266
-1017.4411480885744 -162.22653952315449
-1016.8006438475848 -163.4644178457558
-1016.5402500790358 -164.42685911133884
-1016.2298904818297 -165.36976233199238
-1015.7843010288477 -166.59170928671955
-1015.3658980888129 -167.63338700011371
-1014.8775071066618 -168.65751913264393
-1015.2940523785353 -170.3598548479378
-1015.5587786895037 -171.9860848493874
-1015.8944313687086 -173.05553081706165
-1015.7978394266963 -173.99249145463108
-1015.2259080645442 -174.91754755452274
-1014.9121476051212 -175.8826074309647
-1015.2493276533485 -177.65748557522892
-1014.8644521769882 -179.35746154263614
-1014.559003495872 -180.67722806409
-1014.8878275093437 -181.43336477950214
-1014.8148327556253 -182.81148293688892
-1014.6519942668081 -183.9500969953835
-1015.3691236761213 -185.28413060382007
-1015.5699123826623 -186.7223832912743
-1015.3629028734565 -187.99193182662128
-1015.15268545717 -188.98034003451465
-1015.5106071469188 -190.0779238052666
-1015.5433319371939 -190.8711654253304
-1015.9312113386393 -191.94716849997639
-1016.1762290757895 -193.45219674780964
-1016.0302160394192 -194.33698955252765
-1016.3260657799244 -195.67998686507343
-1016.4607847344876 -196.54093626216053
-1016.6522709441185 -197.2574773736298
-1016.9347851884365 -198.92564746811985
-1016.7256284070015 -199.77099570706486
-1016.6672951292992 -201.18123111203312
-1016.0820923757553 -202.46639296486973
-1016.179363669157 -203.80424472764133
-1015.9774506103993 -204.85102793648838
-1016.4504819524288 -206.32797715142368
-1016.6917659801245 -207.2382220931351
-1016.8407525879145 -208.5284539170563
-1016.8257888567448 -210.2681637711823
-1016.2262338411808 -212.01825913861393
-1017.0109856140614 -213.36898657754062
-1017.2431930613518 -214.31976023390888
-1017.6070579898358 -215.90728405192493
-1018.224120439291 -216.90526035502552
-1019.3947473180294 -217.256383151561
-1020.6605404031277 -217.95121797993778
-1022.1031075131893 -218.05543611273168
-1023.2686918389797 -218.2448723696172
-1024.5303961646557 -217.77171168550848
-1026.3571783912182 -218.14178893789648
-1028.1752973210812 -218.07654725834726
-1029.303113282919 -217.95642910227178
-1030.3705026519299 -218.71495197042822
-1031.4872090232373 -219.1108078740537
-1032.8212780368328 -219.27154634222387
-1033.6934185636044 -219.39584572687744
-1035.4889906060696 -219.67989315167068
-1036.56543928504 -219.73921834006904
-1037.8163917672634 -220.1369747377932
-1039.4836190354824 -219.76167391315101
-1040.4250665318966 -220.44597791209816
-1042.0155451905728 -221.42365990653633
-1042.8140208137036 -222.3163940168917
-1044.136492909193 -223.0067369200289
-1044.9177263391018 -224.4624380327761
-1045.412142367363 -225.06354944482445
-1045.7418844115734 -225.73125819936394
-1046.2941030871868 -226.82297854200004
-1046.5695106697083 -228.1328152872622
-1046.5882174533606 -229.87920694127678
-1046.9823854726553 -230.90137724652885
-1047.5180203479529 -231.9591204382479
-1047.3029647630453 -233.29891590848564
-1047.2389894288779 -234.98194460645317
-1047.2451351818443 -236.61609439626335
-1047.7644888100028 -237.9751184441149
-1048.0364657577873 -238.89199529662727
-1047.9104510334134 -240.23547206893562
-1047.722320446074 -241.57080231681465
-1047.8685892310739 -242.73326002135872
-1048.1635148611665 -244.36930225864052
-1047.590581664145 -245.20655338540672
-1047.1219506052137 -246.04096578136085
-1047.4219007876516 -247.4615818120539
-1047.77586887151 -248.64218281283974
-1047.9712646093965 -249.63302956596016
-1048.5474037018419 -250.4059765793383
-1048.2207136240602 -251.18936692252754
-1048.0997912076116 -252.76541768088936
-1048.1484208379686 -254.1787816144526
-1047.5343367134035 -255.7956232883036
-1048.1400628362596 -257.04387830272316
-1047.5446059380472 -258.1559131003916
-1047.8238669906557 -259.0302410580218
-1048.0077436541021 -260.1901736713946
-1047.6498704527319 -260.974657998234
-1047.4006704960764 -261.9275140620768
-1047.7661819134653 -262.9181855775416
-1047.762556654662 -264.5272488452494
-1047.2863737170399 -266.44251678958534
-1047.8472887699306 -267.60352526679634
-1048.609816235751 -269.15614770427345
-1048.4602053140104 -271.05063889995216
-1047.854558584541 -271.91330872550606
-1048.510820028633 -273.3028462983668
-1049.1531354163587 -274.69988988414406
-1048.8083926413954 -275.8646491624415
-1048.3156073962152 -277.34748552814125
-1048.8939890538156 -278.10780440345405
-1048.4850586925447 -278.78185258880256
-1048.1347816859186 -279.8189433671534
-1048.6784621749819 -281.6123492576182
-1048.8597889219225 -282.5934119082987
-1048.465745178312 -283.7566439963877
-1049.1186678086221 -285.65898393169044
-1048.8272959266603 -287.3608901359141
-1048.981662837118 -288.2363802053034
-1049.5400061880052 -289.53115211501716
-1049.730140027851 -290.94378171935676
-1049.867597130388 -292.2786636210978
-1049.907625374645 -293.2334744788706
-1050.0594138775766 -294.886425242573
-1049.7447431360185 -295.7688740350306
-1049.3425817464292 -296.80853258147835
-1048.6453903888166 -298.5763370849192
-1049.2439753387869 -299.91460035815834
-1049.2710835535825 -301.58870314136146
-1048.7491149504483 -303.1698315002024
-1048.5194314171374 -304.60230337157844
-1048.8633470882476 -306.50255249515175
-1049.0340197135508 -307.64406965747474
-1048.843184029013 -309.2851788856089
-1050.0569479812682 -310.19263087287544
-1050.183936392218 -311.2789896585047
-1051.1541604150832 -311.82600008025764
-1051.6696850408614 -312.5480853177607
-1053.0048904766143 -312.8602116264403
-1053.8089509357512 -313.6124044217169
-1054.5824175228179 -313.54326461330055
-1055.521440898329 -313.82434512749313
-1056.991508757025 -314.09365727081894
-1058.5322544921935 -315.2579143203795
-1060.039972101599 -316.13189257755874
-1061.6163207639754 -316.8595452465117
-1062.913068806082 -317.9679140008986
-1063.432983313948 -318.6733911193907
-1064.1825182785094 -319.80796684399246
-1065.2064326156676 -321.49387659206985
-1065.5950491179526 -323.2177289880812
-1066.5157131303847 -324.36703182831405
-1066.6336114753783 -325.48160578384994
-1067.224930023104 -326.9924669422209
-1067.1591791559756 -327.6453094638884
-1067.415986930281 -328.8935191787779
-1067.7208934177459 -330.3822219528258
-1067.3801316966117 -332.27448560371994
-1067.2405188132823 -334.194192186743
-1067.9398179103434 -335.76510299816727
-1068.3749244858325 -337.21296407356857
-1069.0905851174891 -339.01194550171493
-1069.1018935267628 -340.7918557085097
-1069.7524763171375 -342.74162210598587
-1069.559062910527 -344.48483671322464
-1070.0726075296104 -346.1865736402571
-1070.4839467529953 -348.1772413410246
-1071.0169377450645 -350.1477050937712
-1071.2264483098686 -352.124083057791
-1071.6318029288948 -354.0921292461455
-1071.8447546039522 -356.0643656410277
-1072.2496644233167 -358.0241894878447
-1072.5967298720777 -359.9785955108702
-1072.8241952632368 -361.89204599037765
-1072.87812632069 -363.7207069553435
-1072.7361085985601 -365.4171133197844
-1072.3590137933195 -366.85403539314865
-1071.7246005509794 -367.85945572033523
