-1075.47 -112.7
-1076.096200079918 -113.7672870874405
-1076.7277387094498 -114.75728101730347
-1076.9671073418856 -116.60854239463806
-1076.6630455118418 -117.95194609165192
-1077.1051189762354 -119.78195912837982
-1077.4782312375307 -120.66309435367585
-1076.823801444173 -121.4308514714241
-1076.2993903619051 -122.5469300866127
-1075.9758267563582 -123.60184909105301
-1076.5170275729895 -125.34880293607712
-1076.482181662023 -126.87960757017136
-1076.6149208632112 -127.68770588636399
-1076.995925911963 -128.6639702439308
-1077.2859982338548 -129.7099245905876
-1076.4681586113572 -131.44292880296706
-1076.4016242560745 -132.87558175325393
-1076.0318112906814 -134.36665214300155
-1075.9087732446194 -135.1860274195671
-1075.5706431281567 -136.16395564079284
-1074.6645386230946 -136.73478389978408
-1073.8337582361698 -137.5690542578697
-1073.3761464369297 -138.22481991052626
-1073.334267617464 -139.06700493097304
-1072.5167531979084 -140.63659526109694
-1071.857272745371 -142.25449205636977
-1071.1830522429943 -143.18591291904448
-1070.942683697939 -144.24802072048186
-1070.0024420034886 -145.0601357936859
-1069.2337459337712 -145.80918241739272
-1068.65542984128 -146.4929452061653
-1067.917157651186 -146.89295036792754
-1066.5617052328587 -147.69850702285765
-1065.7389627707005 -147.91004976332187
-1065.1301352989674 -148.5405589610338
-1063.6704353106022 -148.86149862110614
-1062.7118799698353 -148.56754508316516
-1061.5961046230793 -149.17044570744036
-1060.7750440847874 -148.9300692796707
-1059.6462801706791 -149.3213661432266
-1058.7494238626957 -149.61324126720427
-1057.8675592553616 -149.57547085434197
-1057.1185138833523 -150.18994300514458
-1055.8807950627804 -150.38308579176663
-1054.7413145911694 -150.9958989664912
-1052.9409920585156 -151.01467601284384
-1051.48132568717 -151.27131379470228
-1050.5586187255383 -151.32432770058512
-1049.5804147732258 -151.3003056578338
-1048.341171027422 -151.32866267189382
-1046.8648533833027 -151.81927887424825
-1046.2327134621144 -151.93996852710842
-1045.5861417067051 -152.33284503296017
-1044.3327646267414 -151.82751208618282
-1043.3329420101643 -152.57783532217144
-1041.9146415007115 -152.66180430427193
-1040.2549129736424 -152.83365675881504
-1039.3352885258198 -152.84009395986794
-1037.994534970522 -152.58432139903306
-1037.1881672155857 -152.08786581903695
-1035.4936157476902 -152.56247668415307
-1034.0495486271382 -152.99071179777383
-1032.8081145298481 -152.7341076031327
-1031.558565260172 -153.08097918778657
-1030.2049465191365 -153.38261740356683
-1029.4057490241528 -153.43728768527507
-1028.4070832145214 -153.80005746781825
-1027.3554589164257 -153.42442246973513
-1026.1640753161907 -153.58117699325084
-1025.4639763247967 -153.56585406959056
-1024.8305309426785 -153.72286580204963
-1023.8114325416088 -153.98057739138602
-1022.0912968528271 -154.869859200716
-1021.5035212647915 -156.1479492008686
-1021.1658467662335 -156.74349079728125
-1019.6424607646466 -157.1471571445465
-1018.8669281613827 -158.61496956348418
-1018.3121895205975 -160.1729219675064
-1017.8568582248688 -162.00019772052764
-1017.6114380222559 -163.24839539527892
-1017.8620377641917 -164.49103207588195
-1018.0416148763895 -166.2882840156555
-1018.0582572978735 -167.65422983169555
-1017.8611684602499 -168.55371017456054
-1017.8884355288744 -170.50031991004943
-1017.8967337173224 -172.05081911087035
-1018.2988189321757 -173.72388262748717
-1017.464831815362 -175.2224915742874
-1016.9915123146773 -176.7996309518814
-1017.2380897265673 -178.50847811698912
-1016.8229843837023 -180.20367474555968
-1016.3433740001917 -181.08997012376784
-1015.743966267705 -182.35431290864943
-1016.3213301759959 -183.9874543070793
-1016.8793792587519 -185.90041888952254
-1016.4571356338263 -187.32918561697005
-1016.7652354997397 -188.23637379407882
-1016.9617570650578 -189.90506983995436
-1017.2143100512028 -190.99727905988692
-1017.580742032528 -192.21198655366896
-1016.8388027262688 -193.15110195875167
-1017.1081689906121 -194.4388944029808
-1017.5143021655083 -195.40784425735472
-1017.8408111047745 -197.18717510700225
-1018.0118641269207 -198.9878656387329
-1017.9849840712548 -200.3519864797592
-1018.3399693977833 -201.22707076072692
-1019.0224011552334 -202.2268702507019
-1018.6142899107933 -203.01794136762618
-1018.4305474770069 -203.86624134778975
-1019.1720300924778 -204.77423520088195
-1019.7615227711201 -205.7238447189331
-1020.1139027488232 -206.8610984802246
-1021.2264904391766 -208.40839118957518
-1021.4552792918682 -209.18415410518645
-1022.3784776341915 -210.083203625679
-1023.3210892093182 -210.63662065267562
-1023.9759157311917 -210.50784305930136
-1025.875819863081 -211.01369081139563
-1027.685150564909 -211.82953957915305
-1029.566927255392 -212.07906926870345
-1030.716221512556 -212.38876847624778
-1032.2138201606274 -212.27321307063102
-1033.318858088255 -212.45730165839194
-1035.0085782420635 -212.16806314587592
-1036.4835343968869 -212.54680607914923
-1037.7320376050473 -212.9477662861347
-1039.303529084921 -213.18066763579844
-1040.0436273229122 -213.07896230071782
-1041.773750962019 -213.10348620712756
-1042.751000584364 -213.62177040874957
-1043.7887339007855 -213.491472569108
-1045.240865291357 -214.52153667509555
-1046.7875992667675 -215.39934524595736
-1047.196478844881 -216.30320933163165
-1048.0143691313267 -217.29989763796328
-1047.913157941103 -218.1426034837961
-1048.4694283020497 -219.89422496855258
-1048.560436294675 -220.70463832914828
-1048.8262554866076 -222.301455822587
-1049.1148034793139 -223.59373923838137
-1048.9467681509257 -224.7092846304178
-1049.782077715993 -225.5152477890253
-1049.9362682563067 -227.09954902231692
-1049.9131027695537 -228.94607695639132
-1050.0403453198076 -230.45411452353
-1049.6128279057145 -232.37481006681918
-1049.422787436545 -233.29016348421573
-1049.5263070476055 -234.8353103071451
-1049.6905482572317 -236.13189169466494
-1049.7861000609398 -238.07177397310733
-1050.5536109519005 -239.67119714319705
-1050.1184235525131 -241.42348560392855
-1050.089833469391 -243.29982706606387
-1050.2860258680582 -244.77845319807528
-1050.784744696021 -246.03391477167605
-1051.2386995118857 -247.92649051249026
-1051.6563711327315 -248.67359861433505
-1051.8638514143229 -250.349968996644
-1051.2375008922816 -251.35147747099398
-1051.4636465770006 -252.83515438139437
-1051.4743374747038 -253.8580712944269
-1051.724807010293 -254.89221641123294
-1051.3246734005213 -255.84852513372897
-1051.721295849681 -256.6022473245859
-1051.669282757938 -257.3762724071741
-1050.9518835183978 -258.78379067480563
-1050.8434440878034 -259.8745449453592
-1051.395014205277 -261.006084766984
-1051.3473083351553 -262.14192327558993
-1051.130085838288 -263.65581533014773
-1051.3181311909855 -264.8295768171549
-1051.8572193209827 -266.63554808199405
-1052.0784455512464 -268.49177440702914
-1052.0980763298273 -269.5297490030527
-1051.8834416431189 -270.80056068003177
-1052.4445089262724 -272.63964113295077
-1051.9980377417803 -274.582369056344
-1051.3312672239542 -276.53283449709414
-1051.9080262047053 -278.334588137269
-1051.9214435045421 -279.8598396450281
-1051.268973094672 -281.00700673162936
-1052.058605415076 -282.27400096952914
-1052.6320947234333 -283.34595629274844
-1052.6941717986763 -285.1589117914438
-1053.5540754918754 -286.7478543192148
-1054.0227589730919 -288.47163292467593
-1053.5490400616825 -289.95714744627475
-1054.150883359164 -291.4711186558008
-1054.2581470136345 -292.39993306696414
-1054.5167396192253 -293.6164689928293
-1055.032648575753 -294.7615767389536
-1054.4507610325516 -296.35372313559054
-1054.238786098808 -298.23742636740207
-1054.2442871418596 -299.8035438925028
-1054.014576175511 -301.3947003751993
-1054.35284406811 -302.1206796437502
-1054.0450535205007 -303.3045730859041
-1054.689512410462 -304.9365130931139
-1055.6025247362256 -306.4442043572664
-1056.346600869 -306.6863317757845
-1056.984122493565 -307.8993577033281
-1058.3120348241926 -308.2239995867014
-1059.0905773428083 -308.92291637957095
-1060.2428504016996 -309.8773517280817
-1061.454391219914 -310.28575619757174
-1062.4373743322492 -311.597233620286
-1063.175512471497 -312.3706022173166
-1063.9076357272268 -312.962797370553
-1065.042380013764 -313.94638558924197
-1066.1918210175634 -314.89694747030734
-1066.2893599060178 -315.7002148300409
-1066.1918696549535 -317.4555689960718
-1066.9039181855321 -318.48577007353305
-1067.3643321183324 -319.9776935249567
-1067.354088166058 -321.1356537014246
-1067.6539759722352 -321.89864900410174
-1067.9510575023294 -323.4215817719698
-1068.0521106359363 -324.2890851765871
-1068.163238914013 -325.0179881721735
-1068.8435805749893 -325.7431608110666
-1069.4297673416138 -326.5913966566324
-1069.950717599392 -328.0672574907541
-1069.5307507526875 -328.8694806963205
-1069.6704295885563 -329.8627492457628
-1069.2915077519417 -331.2958139449358
-1069.3353798177839 -333.11477854549884
-1068.9796449032426 -334.1700154811144
-1069.1328453806043 -335.40249445736407
-1069.6653598931432 -337.09495725929736
-1069.9572326627374 -338.10032048523425
-1069.422536918223 -338.98040738403796
-1069.988193937838 -340.4506558448076
-1069.6811408784986 -341.84011676609515
-1069.0289143112302 -343.34888544380664
-1068.819933065474 -344.98530497848986
-1069.598454066813 -346.4215282469988
-1069.344329842627 -348.0555578738451
-1069.9747799125314 -349.9027005702257
-1070.0065974642337 -351.1749884158373
-1070.547189359814 -352.4142570763826
-1070.1032526542247 -353.5438046723604
-1069.6804461826384 -355.45172539055346
-1069.1653275837004 -356.8309269219637
-1069.5936526407302 -358.35426881611346
-1069.699135941714 -359.93552460968493
-1069.5928517852724 -361.7882932692766
-1069.7534907732904 -362.41493096649646
-1069.9684531067312 -363.45834949314593
