-1075.47 -112.7
-1075.1379010093212 -114.14158852100373
-1074.6830647301674 -115.75444955825806
-1074.7652948734165 -116.68368233442307
-1074.2156321045757 -118.07715190649033
-1074.0968714144826 -119.51993013620377
-1074.701473274529 -121.42714656591416
-1074.3606734064222 -122.8892403960228
-1074.77602953583 -124.14130581617356
-1074.3511911419034 -125.5210306763649
-1074.6925104048848 -127.05963994264603
-1074.3571398046613 -128.4218434214592
-1074.2385738131404 -129.97554577589034
-1073.9343210694194 -131.60336388349532
-1074.0591885384918 -132.81564522981643
-1074.2108428415656 -134.72637058496474
-1074.0752937433124 -136.20409859418868
-1074.3948257800937 -137.7321664214134
-1073.1842232581973 -139.45221985578536
-1072.1501789924503 -140.74196351766585
-1071.3266722795368 -142.47904790639876
-1070.1561457750201 -143.81225658655165
-1069.1338396903873 -144.68765331506728
-1067.5821181175113 -146.14668239355086
-1065.9188285705447 -147.39576328992842
-1064.1141820785404 -148.1631362557411
-1062.1911168929935 -148.43351857066153
-1060.9929456350208 -149.04097895026206
-1059.6554401752353 -148.88432396650313
-1057.9574262735248 -149.06967718601226
-1056.3482269880176 -149.46563182473182
-1054.8140262004733 -150.01820276379584
-1052.9218841430545 -150.6300232231617
-1051.1428153154254 -151.03793142437934
-1050.0316156980396 -150.24355350136756
-1048.0596565839649 -150.49578152298926
-1046.463016473949 -150.66261809766291
-1045.579618537128 -151.33746480643748
-1043.863073193729 -152.55644654929637
-1042.6593294975162 -154.09548675715922
-1040.9601678487659 -154.4389028817415
-1039.662814938724 -155.75197520554065
-1038.3440192577243 -156.98329069912432
-1036.3907376167178 -157.3299341470003
-1034.7374946710468 -158.1161663800478
-1034.060011112392 -158.0933015540242
-1033.009539091289 -158.65689154416322
-1031.1984818813205 -158.55732673108577
-1029.4764709112048 -159.2573401302099
-1027.6192609903217 -159.99825054109095
-1026.6704016563297 -160.73551064431666
-1024.9737811920047 -161.28793072402476
-1023.5376244422794 -160.77113163173198
-1022.2048397895694 -161.2608137100935
-1021.562066578567 -161.98345988690852
-1020.6151666876674 -162.78747874200343
-1018.8251351353526 -163.81046396195887
-1017.7976916071773 -164.95057588517665
-1017.3537080821395 -166.83814435899257
-1016.9289107260108 -168.59886580407618
-1016.3664264020324 -170.25913768708705
-1015.6442699369788 -172.02733653485774
-1015.6125723209977 -173.7633022636175
-1015.6864220884443 -175.69790774285792
-1015.8161231961847 -176.76052254140376
-1015.3060984697938 -178.4824640125036
-1014.7887177553773 -179.4897360175848
-1014.9778480318189 -180.77114170491694
-1014.7727916327119 -181.92846196591853
-1014.2427380767465 -183.4991592735052
-1014.814299890101 -185.38351148068904
-1014.8872854796052 -186.791322645545
-1015.1974047508836 -188.3495547145605
-1015.276559689343 -190.0981778472662
-1014.8696421769262 -191.98269885480403
-1014.77790810287 -193.94109302461146
-1014.4452948135138 -195.3451363414526
-1014.0200992387533 -196.92797034680842
-1014.0586222422123 -198.2191972106695
-1013.7301248323918 -200.0559768050909
-1013.5445745152235 -201.64621108472346
-1013.7634931963682 -202.93904310166835
-1013.7350950700045 -204.43363636434077
-1013.4045132559538 -205.6800275415182
-1013.1900172096491 -207.2085006803274
-1013.6615982216597 -208.87022608220576
-1013.681756810546 -209.49776345193385
-1014.3025876444578 -210.81675046384333
-1015.1389924448729 -212.2116107314825
-1015.7393953961134 -213.26065414845942
-1016.3350075644255 -213.97804307639598
-1017.8968304556608 -213.9047112137079
-1019.3526047629118 -214.57868691980838
-1020.9701999586821 -214.95972540676593
-1021.8002906006575 -215.41830157935618
-1022.5815033477545 -215.02325260341166
-1023.3806142371893 -215.69361948668956
-1024.666180805564 -216.42328941524028
-1025.4814384740591 -217.06315910518168
-1026.165050522685 -216.7241509526968
-1026.996784285903 -216.79824276715516
-1027.7527841490507 -216.8950630173087
-1028.7323079866171 -217.49857935756444
-1029.85326869905 -217.15348336547612
-1031.4770792287588 -217.14103033095597
-1033.1585381788016 -217.3185745820403
-1033.9389093083144 -217.74378619045018
-1035.0854517382384 -217.3089439317584
-1036.7525986593962 -217.70364577025174
-1037.9348251980543 -218.3689870879054
-1039.128603593707 -219.31759685724973
-1040.7303129595518 -219.44961291998624
-1041.4267081779242 -220.57100433558224
-1041.783652858138 -222.37431472986935
-1042.3945080798865 -223.81849331110715
-1042.265759126544 -225.29701549261807
-1041.9920326334238 -226.4354770824313
-1042.1334731441736 -227.3764417812228
-1042.4101941150427 -229.02871317118405
-1042.9688028854132 -230.24614924639462
-1042.5384361308813 -231.84567481726407
-1042.2298215192557 -233.14724344462155
-1042.39427277565 -234.67584675997495
-1042.6900573980809 -235.37206763476132
-1042.6700769674778 -237.28901118487119
-1043.2147326481343 -238.97288865298032
-1043.5175710332394 -240.47039682120084
-1043.2804100823403 -242.1497059509158
-1043.5100249660015 -243.64729100912808
-1044.0931909096241 -245.42696553915738
-1044.651456655264 -246.83317596167325
-1045.095988304615 -247.96036845892667
-1044.9595560741425 -249.49764448851346
-1044.5949957680702 -250.63164157122372
-1044.771247611642 -252.04440409392117
-1045.1598367851973 -253.671835963428
-1044.9891367268563 -254.88497132509946
-1044.6009435367585 -256.062155072391
-1044.3889982265234 -257.94394857138394
-1043.8890765172243 -259.70374471396207
-1043.600107358098 -260.764369790256
-1044.2508606177569 -261.9253178283572
-1044.7042066317797 -263.8602965518832
-1044.9181744915247 -265.35099155157803
-1044.9237554681301 -267.01710957735776
-1045.5135216128826 -268.1582507535815
-1044.984302879572 -269.55502218455075
-1044.452614606619 -270.99545437544583
-1044.511079223156 -272.84138185232877
-1045.214771361351 -274.14775807112454
-1044.925801486969 -276.1185403510928
-1044.8176595580578 -277.7222476646304
-1044.54499396801 -279.33008414953946
-1043.9055032444 -280.2474305078387
-1043.592762709856 -281.9474230453372
-1042.752883554697 -282.8489328071475
-1041.4449794304371 -284.1389513656497
-1041.2064101558924 -285.43813580721616
-1040.555839405656 -287.3476527377963
-1040.055202112794 -288.80387670248746
-1039.3464537125826 -290.5534301444888
-1039.4182124298811 -291.62626570910214
-1039.3711613987386 -292.4712701484561
-1039.5711695973575 -294.0410677835345
-1039.245238674134 -294.7187259837985
-1039.9712870840729 -296.2443882867694
-1039.51099438712 -298.12094015330075
-1038.5586002592743 -299.1838266298175
-1038.634107900113 -300.566793744266
-1037.8554592256248 -301.34088021963834
-1038.2870046024025 -302.8261225864291
-1038.569504929036 -303.79678553789853
-1037.5741458658874 -305.38062495440244
-1037.1204454426468 -306.0244121596217
-1036.4085769180954 -307.0194365426898
-1035.3025233273208 -307.0923620209098
-1033.4510793213547 -307.38638356775044
-1032.3526980404556 -308.3056900843978
-1031.0777695898712 -308.9192250713706
-1030.5390157227218 -309.68345854133366
-1028.895047378987 -310.00926846712827
-1027.5055893187225 -310.6391546174884
-1026.3973773245514 -311.7810753032565
-1025.6446048741043 -312.9801322862506
-1025.0344943527878 -314.25526303499936
-1025.0240795475245 -315.75223738402127
-1024.361159966588 -316.89896148890256
-1023.6948920351267 -318.0887734338641
-1023.6452821356058 -319.5686399385333
-1023.5623845395446 -320.811554376781
-1023.4903676968813 -322.0872209712863
-1022.9701338273287 -323.5187599107623
-1022.4381006222964 -325.48605484217404
-1022.234120221138 -326.5145158216357
-1022.2065646138788 -327.5692898675799
-1022.5938383129239 -329.02593857496976
-1022.8520556774736 -330.3863269731402
-1022.3176438894868 -331.9209858819842
-1022.0023047712446 -333.2889354869723
-1021.8667565968633 -334.2563043281436
-1022.5498336341977 -335.919741217792
-1021.9833761242032 -336.60666883438824
-1022.18843842417 -337.56794870346783
-1022.0055177596212 -339.1827318713069
-1021.500252404511 -340.6223685786128
-1021.3045380797982 -342.0564438149333
-1021.132989191711 -342.9851125523448
-1020.9052042451501 -344.1905256554484
-1020.9422805544734 -345.46651709526776
-1020.6627494928241 -346.5039852902293
-1020.4342844423652 -348.42988229244946
-1021.1206959423423 -349.4586015984416
-1021.3555773434043 -351.3728920266032
-1021.294343316257 -352.2980376526713
-1021.7245481845737 -353.87777328938245
-1021.2752880093456 -354.98988759964703
-1021.9017769929767 -356.2593768879771
-1021.6067747411132 -358.03400373905896
-1022.1412557896972 -359.49629235714673
-1021.7643715974689 -360.22806132286786
-1022.1947499749065 -361.2485002323985
-1022.5976889964938 -362.73452413529157
