-1075.47 -112.7
-1074.4223686170578 -113.30427510738373
-1074.0277684938908 -114.19084675312043
-1074.2152292740345 -114.96796102523804
-1074.6468382191658 -116.13198251724243
-1074.2318935704232 -116.89039022922516
-1073.3030748677254 -117.65432955026627
-1073.7300229978562 -118.89683188199997
-1073.6754602354765 -119.84307326078415
-1073.5314802241326 -120.64336241483689
-1073.316772581339 -121.29007799625397
-1073.49057389915 -122.75288553237915
-1073.1497653883696 -124.3867219209671
-1072.9165776234865 -125.25932140350342
-1072.837865331471 -125.87948442697525
-1072.7462662544847 -126.68698979616165
-1073.2036284890771 -127.49374712705612
-1073.3566080120206 -128.2069645643234
-1072.8050641801954 -128.92844058275222
-1072.43188185364 -130.06057621240615
-1072.4841192786396 -130.7052627325058
-1072.7587037210167 -132.3043974161148
-1072.5386681382358 -132.95180393457412
-1072.6270754759014 -133.74864007234572
-1072.100188535899 -134.48857737779616
-1072.1722858522833 -135.37777097225188
-1072.2866570030153 -136.4534966468811
-1072.888423589319 -137.197694671154
-1073.3831453298033 -139.003770840168
-1072.936354932636 -140.49907423257827
-1073.3080295597017 -141.75179423093795
-1073.7270056281984 -143.10400141477584
-1073.6640526776016 -143.692311835289
-1073.6723134939373 -144.2873818397522
-1072.7515886251629 -145.11523867845534
-1071.9767103616894 -146.17967606782912
-1071.5304529492557 -146.85329843759536
-1070.7341452662647 -147.5482885956764
-1070.0700589244068 -148.1154992699623
-1069.6261330966652 -148.9812960743904
-1069.0657168750465 -149.79120535850524
-1067.4808802728355 -149.51219726800917
-1066.486766589135 -149.36687819361686
-1065.4597352866829 -149.29727025032042
-1063.7572974090278 -149.06486396193503
-1062.8357336644829 -148.89110944867133
-1060.995843899697 -149.23855311870574
-1059.3364057664573 -148.9663493156433
-1057.5547839526832 -149.02922682166098
-1056.5980211620033 -148.88955969810485
-1054.851886523217 -148.90945250988005
-1054.0013162617386 -149.0954618424177
-1052.847216797322 -148.89499088823794
-1051.6136983160675 -149.1304176568985
-1050.4959414725006 -149.90900976657866
-1049.6467178587616 -150.40581385493277
-1047.6784117941559 -150.2314510166645
-1045.858024430722 -150.30998281836509
-1045.1174983505905 -150.40340286195277
-1043.505101633519 -150.42269459068774
-1042.3860587601364 -150.12781813442706
-1041.2432127718628 -150.94626906216143
-1040.41775281474 -150.77572710514067
-1039.064004970044 -151.3036176085472
-1037.920250249356 -151.51312763690947
-1036.3426242594421 -151.70280283391475
-1034.4720867399872 -151.37004330456256
-1033.0830358986557 -150.9592528015375
-1031.3869379286468 -150.78278909325599
-1030.6581629042328 -150.73204903006553
-1029.3820378307998 -150.78002805709838
-1027.6018044476211 -150.4976328730583
-1026.5767040972412 -150.76328907608985
-1025.0317621950805 -150.80131868720053
-1024.2294981007278 -152.05434064269065
-1023.0706942801178 -152.99612085223197
-1022.5300092820823 -153.6675426185131
-1021.167120230645 -154.9985059916973
-1020.3885032658279 -155.65570066571235
-1020.4309718732536 -156.7990050137043
-1019.678717327565 -158.34291158318518
-1019.3202377979458 -159.50674949288367
-1018.2066060726345 -160.61045668721198
-1018.1119918648899 -161.6732017815113
-1017.6773238305748 -163.22352133393287
-1016.9187734250725 -164.6376919567585
-1016.5749235276878 -165.26755718588828
-1016.0900957112015 -166.84514037966727
-1015.7618331436813 -167.4885754406452
-1015.7678111901321 -168.19159225821494
-1016.4014052262344 -169.56364170908927
-1016.6938698103465 -170.37423364520072
-1016.0072723438777 -171.18623207211493
-1016.1569577565231 -172.68821666836737
-1016.0723092069663 -173.4641552388668
-1015.7379802277126 -174.6890690743923
-1015.9490079244413 -175.59430740475653
-1015.7791464438476 -176.51066492199897
-1015.3795752933063 -177.99105415940284
-1015.6900355031528 -179.1386169016361
-1015.1242571284808 -179.96185718178748
-1015.4156806578674 -181.02082346081733
-1015.260744418744 -182.49805234074591
-1014.9371296724119 -183.15104447007178
-1014.8483945539035 -184.87229905724524
-1015.4066438486614 -186.18620644211768
-1015.7628072609939 -187.95521174073218
-1016.389152776245 -188.69323859810828
-1016.4212625508942 -189.7842410624027
-1016.6897750085034 -190.71226237416266
-1016.2493223136105 -192.0349701464176
-1015.5875704472699 -192.77586416602134
-1015.8538809900917 -193.79352979063987
-1015.7783995305933 -195.42525498270987
-1015.7748332165927 -196.7278007686138
-1016.4139658951015 -197.8027975976467
-1016.1362696432323 -198.8029025018215
-1016.1313189112395 -199.92809705138205
-1015.985432683751 -200.82822780013083
-1016.2683947675675 -202.05023364424704
-1015.8396707766503 -203.10641567111014
-1015.5575382702798 -204.6023068845272
-1016.0956746929139 -206.0634589612484
-1015.6899353855104 -207.43485216498374
-1015.1665580265969 -208.32670227885245
-1015.4241123192758 -209.02277515530585
-1015.6071149551124 -210.41309581398963
-1015.6988518082351 -211.3872052848339
-1016.1619095050544 -212.0982175886631
-1017.1041148149222 -212.8968224942684
-1017.6167777024955 -213.59203891158103
-1018.5758376561851 -214.98484949469565
-1019.1386466466636 -215.8703824698925
-1020.3893052779883 -217.4978900372982
-1021.3052233897895 -217.23131833672522
-1022.77620832555 -217.0946250975132
-1024.2319611751288 -216.81509597301482
-1025.9713007652015 -217.5089843392372
-1026.8905722343177 -217.7242936760187
-1028.5599031888694 -217.39590301811694
-1029.5268965207786 -217.8317106336355
-1030.8263270103187 -218.3012317687273
-1032.0697311603278 -219.06063887178897
-1033.6159748279304 -218.89551990926265
-1035.1993819915504 -218.81576269567012
-1035.7561241232604 -219.43893325030803
-1036.7027667605132 -219.57110437452792
-1037.3365872942657 -220.63409766256808
-1038.2657679759711 -221.21144774258136
-1038.8242049657554 -221.3591367870569
-1040.0957005464286 -221.64736416637896
-1041.1982231580466 -222.68227496445178
-1041.8215066634864 -223.6021206051111
-1042.5568381988257 -224.63165983259677
-1043.005316867754 -226.13376852571963
-1042.9733346842975 -227.00910338461398
-1042.675131990835 -228.4277847677469
-1042.9142034792155 -229.6851035028696
-1043.6706833385676 -231.27597924768924
-1044.1744572066516 -231.88988467752932
-1044.0647162713856 -233.4969223409891
-1044.293703845963 -234.14473107159137
-1044.7021151997894 -234.86658993065356
-1045.153399906382 -235.59988572895526
-1045.5220927216858 -236.51013651192187
-1044.7832834341377 -237.77919152081012
-1045.0958006002754 -238.59245672523974
-1044.8636247136444 -239.94629516899585
-1044.903341262862 -241.13324847519397
-1044.475873380229 -241.91147175133227
-1044.782553761527 -243.66213240921496
-1045.052922725007 -244.50420280992984
-1044.7893423431367 -245.28066071569918
-1045.2039780312032 -246.51736101210116
-1044.5541330271215 -247.17830052673816
-1044.1615625911206 -248.0074604421854
-1044.7735799842328 -249.5032336384058
-1045.2388065748662 -251.3364319473505
-1044.7489379339665 -252.1592694789171
-1044.197404890582 -252.85162850916385
-1044.2027850218863 -253.79701259434222
-1044.825245506391 -255.1307529479265
-1045.1526157625765 -256.08492138683795
-1045.3579720326513 -257.5399679213762
-1044.972894377336 -258.28509196341037
-1045.3430153199286 -259.413453784585
-1045.2793486633152 -260.1538243561983
-1044.7412082471699 -261.2747872143984
-1044.4351534762234 -262.06341758072375
-1044.6714340665192 -262.92111900150775
-1045.3625129082054 -263.6873109012842
-1045.419440246448 -264.5422423750162
-1045.3949212834984 -265.847340670228
-1044.9631751582772 -266.5936484605074
-1045.6198866770417 -268.2542275458574
-1045.714423719123 -269.2277707129717
-1045.504380139783 -270.8559501439333
-1045.3262436569482 -272.43655326664447
-1045.2421610087902 -274.08261230289935
-1045.5132093758136 -275.0685223609209
-1045.933135721162 -276.09635379612445
-1045.5927287668735 -277.4296094447374
-1045.1898594231159 -278.47576537430285
-1045.3024650842697 -279.6972275048494
-1045.8307761580497 -281.01250615417956
-1045.5577417046577 -281.7492031723261
-1045.0233842165023 -283.2284974724054
-1044.6098633737117 -284.1805025011301
-1044.9476173252613 -285.51539787352084
-1044.7850776792318 -286.1824651032686
-1044.4460102201253 -287.32388844788073
-1044.0373064161092 -288.5608707934618
-1043.6960025609285 -290.0678615838289
-1043.902386385277 -290.7054102092981
-1043.7187003076822 -292.065802064538
-1044.5383340895921 -292.86233302652835
-1044.9977548898012 -294.68438192903994
-1045.0821656466276 -295.90390428602694
-1045.5297967673093 -296.69738915264605
-1045.9973135770113 -297.33784147799014
-1046.4142561734468 -298.1105087071657
-1045.6346574605257 -298.75086286365985
-1045.6213295294717 -300.2652175694704
-1045.2158509625867 -301.7965886861086
-1044.8225463165716 -302.7784444361925
-1044.4189757241681 -303.4685458213091
-1045.1417681707815 -305.387972381711
-1044.5946888460592 -306.2145331174135
-1044.9071527256444 -307.0664116412401
-1044.7368523760513 -308.4758653908968
-1044.806167571135 -309.40107443630694
-1044.6850485785678 -310.56496002972125
-1044.3448845430091 -311.555790451169
-1043.8479060812667 -311.976062682271
-1042.7640652342513 -312.81152704060077
-1040.9933871908859 -312.65598374307154
-1039.8060055657104 -313.18899410665034
-1038.0917175694183 -313.88867348134517
-1037.045236913748 -314.22534548938273
-1036.3842657490447 -315.11496746242045
-1034.461536614485 -315.1124162644148
-1032.8745842858032 -315.0132299631834
-1031.6938066168502 -315.3471729427576
-1030.2919858380035 -316.57395979464053
-1029.0508929177001 -317.4282116562128
-1029.0703341050819 -318.5795124441385
-1028.1942051931098 -319.9433871179819
-1027.8192270382121 -320.7881009250879
-1027.5050674362853 -321.7290427953005
-1027.088764755316 -323.06970694363116
-1026.5873320384696 -324.1793985635042
-1026.1467491670326 -325.2600742846727
-1026.571081875153 -326.94517245590686
-1026.8362194581703 -327.82196119129657
-1026.3492652161792 -329.7413707047701
-1025.7323954685405 -330.5126892596483
-1025.3294726892188 -331.3807122379541
-1025.7083717568592 -332.8762573868036
-1025.5285288228467 -333.9978997379541
-1025.9974311127141 -334.7016944557428
-1026.5360012187436 -336.0093999773264
-1026.0292632712797 -337.8856366544962
-1026.217233373113 -338.49229463636874
-1025.8462844027952 -340.14567097723483
-1025.8392120136693 -341.1683615118265
-1025.3436966969446 -341.97231587469577
-1025.4733390941099 -343.2768441110849
-1025.2566422953084 -344.6016885906458
-1024.6761074795202 -345.4502638250589
-1023.874612285085 -346.7254959017038
-1023.7304187252 -347.5601716905832
-1023.3190052344278 -348.3826637536287
-1023.1848259105161 -350.30812862217425
-1023.6076954140142 -351.78715064823626
-1024.0996842517332 -352.5344175964594
-1023.4749894275144 -353.408287730813
-1023.729787154384 -354.58135232031344
-1023.1385732128099 -356.54296979010104
-1022.8752594425157 -357.6280750900507
-1023.0534933342412 -358.90596326887606
-1023.3286555542425 -360.0124480396509
-1022.803992225118 -361.7398721843958
-1022.9044462277368 -362.67306878864764
