-1075.47 -112.7
-1074.4831475925446 -113.1391591846943
-1073.1331902456284 -113.09310187101364
-1071.5273105812073 -112.73047153353691
-1070.8324029755593 -112.80474228858948
-1070.0974191141129 -112.68994163423777
-1069.1696170282364 -112.23547958284617
-1067.325013370514 -112.82885693460703
-1066.1591885995865 -113.40304647833109
-1065.4751344037056 -113.13604914098978
-1064.2513888192177 -112.46919189840555
-1063.4131636929512 -112.15568848401308
-1061.6804619145394 -112.47194163948298
-1060.5882896494866 -113.13220338970423
-1059.9649758052826 -113.26227920204401
-1059.2705070090294 -112.93121652752161
-1057.7958232474327 -113.45242487341166
-1056.3711672139168 -113.92697750478983
-1055.548470826149 -113.87385057359934
-1054.3821551513672 -113.62049757391215
-1053.5958558630944 -113.6783512428403
-1051.8426915717125 -114.06385447531939
-1050.2694503378868 -114.03338745683432
-1048.4987867188454 -113.74213210195303
-1047.7464512896538 -113.3433338150382
-1046.5675853800774 -113.62112719267607
-1045.3683719944954 -113.2751681253314
-1044.438102991581 -113.56824529618025
-1042.8499507021904 -112.91126859635115
-1041.6303130698204 -112.85691489353776
-1040.5817003560066 -112.57113803997636
-1039.5613813710213 -112.86613459959626
-1038.0518690657616 -113.34074778929353
-1037.0541295719147 -113.36011884436012
-1036.239268155098 -113.75509870871902
-1034.5404749822617 -113.23693866357208
-1033.8180929136277 -113.53296134695411
-1032.9442068052292 -112.85783056244254
-1031.3499440860749 -112.39117804989219
-1030.6021149468422 -112.472795971483
-1029.4705260109902 -112.95411247834564
-1028.726935954094 -112.91972997486592
-1027.5979743909836 -113.4035604864359
-1026.3746111106873 -113.20132724642754
-1025.0552435827256 -112.8105139553547
-1023.7245347213745 -112.54118548035622
-1023.0169559431076 -112.91518078446389
-1021.5987972927094 -113.56387732625008
-1020.13372859478 -114.47698507905007
-1019.2177945685387 -115.46308092474938
-1018.3824877452851 -116.1627489745617
-1018.116142244339 -117.79003886580468
-1018.2869772326947 -118.88478187918663
-1018.1994290810824 -120.05852727293968
-1017.5386790496111 -121.41329793334008
-1017.8451477152109 -122.79792670607567
-1017.082681940198 -124.30327896475792
-1017.4328498107195 -125.92149524092675
-1017.507206530571 -126.72635011076927
-1017.5314301115275 -128.23136906027793
-1017.5390444409848 -129.39817051291465
-1017.7200293850899 -131.09351567625998
-1017.3537057948113 -132.80408303141593
-1017.2925657939911 -134.12405626177787
-1016.882460654974 -134.84014634490012
-1017.1851310145855 -135.90375570654868
-1016.9553886812926 -137.44094375967978
-1017.1476584088803 -138.94333271384238
-1016.4893975865841 -139.79095695614814
-1016.6574944716692 -140.64795563817023
-1016.0708237153292 -142.0894808590412
-1016.5534964662791 -143.74944112896918
-1016.478048042655 -145.5222019970417
-1016.4076214966178 -146.4733749449253
-1016.5340864595771 -147.60755847096442
-1016.4895940583945 -149.12409208416938
-1016.08552990973 -150.3909637749195
-1016.3222650748492 -152.00543664097785
-1016.3133018401265 -153.2063991844654
-1016.2794531148672 -154.90157316327094
-1015.8379923862219 -156.11734912991523
-1016.0298961412907 -157.64857934117316
-1016.391115487814 -158.96350143551825
-1016.1904254865647 -160.38592599034308
-1015.9403180789948 -161.79529057145118
-1015.510782570839 -162.87189219594
-1014.9814989876747 -164.52268872857093
-1015.1966300022602 -165.80794141888617
-1015.3215416905284 -167.36106143593787
-1014.9257036682964 -168.4427923977375
-1014.9701363307238 -170.13828454613684
-1015.5231699210406 -171.0555116355419
-1015.7999122005701 -172.39710025191306
-1016.0083280664683 -173.22986499667167
-1015.5301631253958 -174.41392533183097
-1015.2434054476023 -175.83038381934165
-1015.8552752000094 -176.78227226138114
-1016.1562736493349 -178.04218713641166
-1015.8863963347674 -179.57061819434165
-1016.0363073211909 -180.85487548708915
-1016.333432571292 -182.67195729613303
-1016.9283829492331 -183.88119451403617
-1016.3891270917654 -184.91764108538626
-1016.2112268668413 -186.06387237906455
-1015.9755994987488 -187.09555701613425
-1016.3576758515835 -188.87462703585624
-1016.7898593854904 -189.96460036635398
-1016.6406943660975 -191.5408449590206
-1016.4619842034579 -193.17006174921988
-1016.8541119259596 -194.81518535017966
-1017.2961346668005 -196.30035344958304
-1016.7965513032675 -197.66842953562735
-1016.3057546776533 -198.49997619986533
-1016.8850674790144 -200.2676983296871
-1017.0640516144038 -201.60177282691
-1017.7346086364985 -202.99076895117759
-1017.8204109457135 -203.80609218478202
-1018.1669484463334 -204.92567960619925
-1018.1126614895463 -206.61855570673941
-1019.0984526363015 -207.08264140486716
-1019.9309603658319 -207.8895227730274
-1020.6765371051431 -209.34323833584784
-1021.3514885392785 -210.328308147192
-1022.4291586366296 -210.67864815592765
-1024.0751662936807 -210.86208270192145
-1024.8691566076875 -211.24546371102332
-1025.911172875464 -211.61391584277152
-1027.0724909392 -211.80220983624457
-1028.8277571287751 -211.40515665411948
-1030.5803937998414 -211.87809411883353
-1032.3098931398988 -212.63548652529715
-1033.9341597643495 -213.41613773703574
-1035.1966124859453 -214.7985663831234
-1036.1395921197534 -215.22625280618666
-1036.9411618795991 -215.0977209329605
-1038.2929415789247 -216.4413226366043
-1039.298648723662 -217.6393686056137
-1040.5485316601396 -218.7765869617462
-1041.6823988047242 -220.18379552364348
-1042.530741700232 -221.29123277664183
-1043.1295623865724 -222.1803991317749
-1043.0392037120462 -223.6287049770355
-1043.8604868140817 -224.6191974401474
-1043.7551182892919 -226.19007761478423
-1044.27313385278 -227.51698071956633
-1044.2538525101543 -228.53151376247405
-1044.8624345299602 -229.41918606758117
-1045.1082456794381 -230.59861595630645
-1045.092164402157 -232.07487387657164
-1045.2653515686095 -232.95764155387877
-1045.508673106581 -234.1253032207489
-1046.0516939510405 -235.31550545692443
-1045.4660264600814 -236.42498655319213
-1045.1173637260497 -237.69041640758513
-1045.4157066692412 -239.40242023468016
-1045.7187198747695 -241.20358271598815
-1045.608879518956 -242.62937862873076
-1045.6298023958504 -243.63077600002288
-1045.7891468305886 -244.9723661661148
-1045.5094388623536 -246.81969566345214
-1045.2832759220898 -248.3339931488037
-1045.284677271992 -249.7802354812622
-1045.8076141525805 -250.98678953647612
-1045.9414369215071 -252.3455589532852
-1045.6604999054969 -253.80119593143462
-1045.5983364705742 -254.7846760869026
-1045.6713305686415 -256.2089455246925
-1045.925582227558 -257.73391498327254
-1045.5804510687292 -258.6591456055641
-1045.329703000635 -259.7697941184044
-1044.880319980234 -261.1422054886818
-1045.066158709377 -261.9548133730888
-1045.5644756530226 -263.81189502477645
-1045.4418972854317 -264.51215971708297
-1045.912599605769 -266.04842413663863
-1045.8690905173123 -267.7921306014061
-1045.779433940798 -269.24232615232467
-1045.612758000642 -270.32248665094374
-1045.4348312665522 -271.69208456277846
-1045.3754226130247 -273.3170588135719
-1045.775888965726 -274.1863395690918
-1045.79568988204 -275.848806810379
-1046.0832033467293 -276.8278074979782
-1046.1363135811687 -278.0587186336517
-1045.4518360731006 -279.6636650085449
-1046.0333320137859 -280.93584151268004
-1045.4331419107318 -282.1265683889389
-1044.9896894034744 -283.09471769332885
-1045.1328182455898 -284.7210041999817
-1045.38617577523 -285.681308221817
-1045.6905496653915 -287.2364373922348
-1045.8252920147777 -288.11898041963576
-1045.8163014196605 -289.18944360017775
-1046.203775390312 -290.269547355175
-1045.9898014806956 -291.9920760512352
-1046.1434762173146 -293.2567882657051
-1045.7281878285855 -294.35726763010024
-1045.296231179759 -295.6322387576103
-1045.6458427601308 -297.5389118313789
-1046.1797986321897 -298.3086984872818
-1045.7484832101316 -299.4118639945984
-1045.9808035188169 -300.7308961868286
-1046.2108651541919 -302.3191552877426
-1046.4895512305945 -303.9646598815918
-1046.4661950983852 -304.82941801548003
-1046.237016073689 -305.91667540073394
-1046.4251188256592 -307.6120589494705
-1046.061786613688 -308.49770720005034
-1046.7687063433975 -309.49679465293883
-1047.5805857994408 -310.9672642469406
-1048.422521910891 -312.5671635389328
-1050.024630389437 -313.86246569156646
-1050.707269392237 -313.8616881340742
-1052.448688230738 -314.06143246293067
-1054.2254882671684 -314.3026977598667
-1055.3377366878838 -314.8775198280811
-1056.6532682993263 -314.5753133714199
-1058.2857107736916 -315.0908734023571
-1059.1593695499748 -315.9297081053257
-1060.803137145266 -316.11581696271895
-1062.5106445171684 -317.3757006049156
-1063.8576532223076 -318.1173414111137
-1063.6851670958847 -319.007107925415
-1064.1406715729088 -320.26884145736693
-1064.7676736929268 -320.58322114944457
-1065.3815781690926 -321.32413334846495
-1065.9932042577118 -322.9485443353653
-1066.9545473673195 -323.95085163116454
-1067.698627314791 -325.1079563617706
-1068.0937279679626 -326.33324093818663
-1068.7438738562912 -327.49902613162993
-1069.1722563721985 -328.4383145093918
-1069.8724776723236 -329.31136531829833
-1069.6254470863194 -330.11312873363494
-1070.1222181537003 -331.55197246074675
-1069.816631994471 -333.1830945730209
-1069.903138532564 -334.3169646978378
-1070.2558216594905 -335.60971291065215
-1070.5499608360976 -336.4540569901466
-1070.869066252634 -338.1264424443245
-1070.7002446793765 -339.0327459692955
-1070.5931265347451 -340.67938841581343
-1070.9481334679574 -342.3912561058998
-1070.2041445367784 -343.73882485628127
-1070.2309828542918 -345.3399467587471
-1069.8126256608218 -346.9114854454994
-1069.2996547364444 -348.76850653886794
-1069.6073772453517 -350.082535636425
-1069.2120636545867 -351.351724755764
-1069.5110149823875 -352.6192323088646
-1069.6142496608943 -354.2478348135948
-1069.568410209641 -355.6696664214134
-1069.5127150260657 -356.5044058680534
-1069.1610779904574 -357.9119372487068
-1069.2886059426517 -359.6671600461006
-1069.1414388858527 -361.5757224678993
-1069.439353152439 -363.38989545106887
