-1075.47 -112.7
-1074.9399531197548 -113.65214891433716
-1073.9413564515114 -114.52951128482819
-1073.5707174551487 -115.5702062368393
-1072.7944893848896 -116.41329963207245
-1072.2321125280857 -117.61290891170502
-1072.6511069846154 -118.23399443626404
-1072.6433716791496 -118.95071090459824
-1072.0919490235672 -119.95352686643601
-1072.0831228646264 -120.58914144039154
-1071.8306505235657 -122.08891649246216
-1071.4565200361237 -122.86658246517182
-1071.4768866452202 -123.71776444911957
-1071.266382947825 -124.35763092041016
-1071.299949094914 -125.11335475444794
-1071.908900067471 -126.17255551815033
-1071.6327202769742 -126.95543332099915
-1071.9956797811017 -127.76345558166504
-1071.8694067749009 -128.44057453870772
-1071.30557294216 -129.84474350214003
-1071.1097988041863 -131.256940972805
-1071.6366746577248 -132.21571947336196
-1071.8773121091351 -132.87838931083678
-1071.6652315112576 -134.05194754600524
-1071.4715541007743 -134.68252993822097
-1071.7295063140616 -136.2120170712471
-1071.3883695605025 -136.91384406089782
-1072.0887026789412 -137.68810416460036
-1072.0077914300189 -138.45276660919188
-1071.4794634881243 -139.18956847190856
-1071.7361473145709 -140.23732228279113
-1071.910004377626 -141.09314460754393
-1071.499350607656 -141.8632353067398
-1070.624527633451 -142.70241845846175
-1069.784596801065 -143.47655059099196
-1068.8455013635382 -144.5181808590889
-1067.738859117292 -145.5636935353279
-1066.1082535388693 -145.94984750151633
-1064.5141506793723 -146.71356747746466
-1062.7901738288626 -147.43331943154334
-1060.9579411151633 -147.48537829220294
-1059.3809425237403 -147.43637928068637
-1057.4475497606024 -147.0491488546133
-1056.1711451413855 -147.67918193042277
-1055.2622220518813 -147.25161301791667
-1053.657950878404 -146.96087237894534
-1052.1213648321852 -146.63674699962138
-1050.3504590990767 -146.54937001764773
-1048.7902798655257 -146.36896168887614
-1047.1604672672972 -146.810650613904
-1046.0217566492781 -147.06058230698108
-1045.654892862104 -148.3026988774538
-1045.158525675796 -149.62944736778735
-1043.935348242782 -150.30607947409152
-1042.8226049843058 -151.1153373390436
-1042.713899195455 -152.10968872606753
-1041.5769664647803 -152.95380177795886
-1040.2229108216986 -153.26219436228274
-1039.6553191545233 -153.8373342424631
-1038.2646399142966 -154.22537216246127
-1037.5472173097357 -155.1947582632303
-1037.1086906793341 -156.42068108618258
-1035.42612451341 -156.4631153911352
-1033.6512109639868 -157.2213810056448
-1032.6060593726859 -156.89899953901767
-1031.012820780538 -157.16757380664347
-1029.6060722472891 -156.88015156686305
-1028.0490512254462 -157.29011651575564
-1026.7310087087378 -157.36057419776915
-1025.0548109414801 -157.67839373350142
-1024.1916596296057 -158.68116594552993
-1022.851699054502 -158.50724385380744
-1021.7214632632956 -159.43882189393042
-1020.7790461781249 -160.5951076567173
-1019.9350363614783 -161.57377497553824
-1019.4506857099757 -162.69894675612449
-1017.7510018053279 -163.86092392802237
-1017.3564550581202 -164.6059102833271
-1017.750608474277 -165.542887789011
-1017.0961416068301 -167.29362772107123
-1016.3220649066195 -168.43108080029486
-1015.6174598636851 -169.99928436875342
-1015.0596718492732 -171.4261394560337
-1015.1235176923499 -172.1687946140766
-1014.6994677486643 -173.862761002779
-1014.8260789367184 -174.58892623782157
-1014.6366290154681 -175.67401985526084
-1014.7489171775803 -176.5285436928272
-1014.1931281837449 -178.19612298607825
-1014.1269633623585 -179.0202984035015
-1013.838546797894 -180.49890033602713
-1013.5177208038792 -181.1139456450939
-1014.089304551743 -182.44389919638633
-1013.8622299286351 -183.47010783553122
-1014.076822504662 -185.29422168135642
-1014.3724579962716 -186.29559831023215
-1014.8252058180794 -187.4010584771633
-1014.7674927714095 -188.34704290032386
-1015.1970735194907 -189.6546368420124
-1015.6865220072493 -191.1420123398304
-1016.1128566267714 -192.52788732647895
-1016.2736914458499 -193.21642283797263
-1015.6864471736178 -194.22731737494468
-1015.2364539208636 -194.9130601108074
-1014.7380976977572 -196.5692874610424
-1014.2666368785128 -197.2793053805828
-1013.8412601056323 -198.22731910347937
-1013.6285016390309 -199.45947573781012
-1014.2194817515835 -200.7223664343357
-1014.0786870124564 -201.53496180176734
-1014.859392583631 -202.26010553240775
-1015.6254869702086 -202.94111238121985
-1015.9129991235957 -203.5918246924877
-1015.8899475636706 -204.4622784078121
-1016.1293278637156 -205.01879231333731
-1016.3928097191081 -205.81170050501822
-1017.094849437736 -207.09572688937186
-1017.8817205133662 -207.94187704920768
-1019.4609493913874 -209.13650075793265
-1020.4562870564685 -209.50842640995978
-1021.7976019683108 -210.69703338742255
-1023.3179171385989 -210.7088228881359
-1024.23070421841 -211.17414341568946
-1025.624388605617 -211.84716497063636
-1027.3655232491717 -212.45303956866263
-1028.5426856580004 -212.38074616789817
-1029.5550799670443 -212.23612732887267
-1030.6475384536013 -212.11332933306693
-1031.6482776704058 -211.85194490551947
-1032.8757306637988 -212.147617739439
-1033.7328079047427 -212.24895228147506
-1034.5562284889445 -212.0691960275173
-1035.325251907371 -212.7578972995281
-1035.785943419002 -213.89604751467704
-1036.6148192587123 -214.30696998238562
-1037.5626944604144 -215.40871356129645
-1038.0828289690241 -215.64814857840537
-1039.354413360618 -216.94870452284812
-1039.7600323858485 -218.471228402853
-1039.8887888791785 -220.12836460471152
-1040.368042797111 -220.7146732032299
-1040.6283270719275 -221.79294578433036
-1041.6057235601172 -222.6281685054302
-1042.0354853871092 -223.9633223235607
-1042.0126171412692 -225.4671510875225
-1042.0023873152957 -226.9030538022518
-1042.9673686328158 -228.3219364106655
-1043.0097646566853 -229.19310263991355
-1042.8644520195946 -230.70696846842765
-1042.7516295614466 -231.66450147032737
-1043.3592179718241 -232.42011557221412
-1042.86212655928 -233.857443434
-1043.2129807474837 -234.65314303040503
-1043.7946813109145 -235.88556705117225
-1043.964918270968 -236.62464420199393
-1044.1173266771063 -237.69615463614463
-1044.550984651111 -238.3520411670208
-1044.7995069029555 -239.86770669817923
-1044.109272957109 -241.17936591506003
-1043.8661312016472 -242.5524714410305
-1044.1793764087186 -243.5177154958248
-1043.9631056341157 -244.25288544297217
-1044.4227135035023 -245.1211391508579
-1044.5289307984337 -246.67455874085425
-1044.5305880999938 -247.76628289818763
-1044.523711119108 -249.53914163708686
-1044.6956611762569 -250.29564438462256
-1044.2200333962962 -251.18648795485495
-1044.0488484690711 -252.7354124009609
-1043.6340753028915 -254.08718327879905
-1044.297541220002 -255.18059651255606
-1043.8883399258182 -256.187971752882
-1044.0609278718755 -256.8983073055744
-1043.5456916133687 -257.90367100834845
-1043.406958107166 -259.68594573140143
-1043.974469784908 -261.24668524861335
-1043.6034204403684 -262.4147002518177
-1043.3382871786878 -263.5180193006992
-1043.1575320998952 -264.4254443466663
-1044.0075956026838 -265.15771530270575
-1043.9632055948302 -266.6379016458988
-1043.943237442784 -268.14929590821265
-1044.0923288951442 -269.08633480668067
-1044.2188162396476 -270.6954458773136
-1044.4904855976627 -272.4693782150745
-1044.5425160641596 -274.23309300541877
-1044.665696557872 -275.5740749657154
-1044.1399443710968 -276.9600074112415
-1043.7421500648186 -277.9830962240696
-1044.459015008323 -278.7959060490131
-1045.2185951436684 -280.35207388997077
-1045.4555254394934 -282.3301524937153
-1044.9019387776777 -284.2115821659565
-1044.486471634619 -285.19797812104224
-1044.5110668654368 -286.0539024889469
-1045.1277189965174 -287.75962219834327
-1045.0996940324828 -288.58969233632087
-1044.81714366775 -289.8420021355152
-1044.816588502638 -291.38778839707373
-1044.8252827788517 -292.6356005489826
-1044.6425382609293 -293.6523425400257
-1045.370679747574 -294.5979862034321
-1045.1196882541105 -296.111455899477
-1044.7452635283396 -296.84240142703055
-1044.6367709453032 -298.4491830289364
-1044.8090008611605 -299.37886266112326
-1044.9900051469729 -300.45849029421805
-1044.9065408523009 -302.24701074957846
-1044.209810477011 -303.85743526816367
-1043.0849211032316 -304.4602022588253
-1042.8614282424376 -305.8184912621975
-1041.7917066628859 -307.29856697916983
-1041.256394665949 -308.13538215756415
-1039.8953252251074 -308.17865080833434
-1038.0227452928946 -308.6537771642208
-1037.3660987431929 -309.42660943865775
-1035.8369895036146 -309.8976655423641
-1034.4116943890974 -309.5765014708042
-1033.8360856587813 -310.23790590167044
-1032.7703424508497 -311.17494170069693
-1030.9366036469862 -311.94817672371863
-1029.935673933737 -311.6430579841137
-1029.0570735151693 -312.4012991607189
-1027.5272971804068 -313.38949273228644
-1026.9978711421415 -313.9802982032299
-1026.5704806263373 -314.88619391322135
-1026.269119274132 -316.32891897559165
-1025.4417109603808 -317.25393335223197
-1025.5663528258726 -318.7042106807232
-1024.6831755454466 -319.9500977218151
-1024.291253429167 -320.6585575759411
-1024.6632003600523 -321.80575732588767
-1023.7982425506041 -322.8894070804119
-1023.440512281172 -324.33512071967124
-1023.7730760092661 -325.25394253134726
-1023.8749996091053 -326.8245031058788
-1023.9730284477398 -327.98913435339927
-1023.7111761237309 -329.5500233590603
-1023.3378566170857 -330.90261868834494
-1022.920373495929 -332.06521181464194
-1023.2703452671692 -333.5815786540508
-1022.6440563763306 -334.9897308766842
-1022.0408022965119 -336.0911070525646
-1021.6735711659119 -336.9990945279598
-1021.7632608826086 -337.8255750954151
-1021.5395882840082 -339.3713455021381
-1021.0541227276251 -341.3227070391178
-1021.0127711112425 -342.4170878946781
-1020.6801980848238 -344.00604258179663
-1020.6092099512741 -344.8197283565998
-1020.7012703980133 -345.7583144724369
-1021.497463878505 -346.92081807255744
-1021.5088352675364 -348.37467311024665
-1021.0914701635763 -349.3716196835041
-1021.5692267234251 -351.0109449446201
-1022.3015015537665 -351.7424145758152
-1022.4749594296143 -353.4098012268543
-1022.9227978254482 -355.0453576862812
-1023.3345144952461 -356.3826033890247
-1023.7608956063912 -358.2870877802372
-1024.1192666257546 -359.80329034924506
-1024.3359800244496 -361.67633841633796
