-1075.47 -112.7
-1075.5413663548231 -114.67147607803345
-1075.0064987701178 -116.24221272468567
-1075.3058186334372 -117.91886217594147
-1075.0737419587374 -119.86174328327179
-1075.4640449744463 -121.72589190006256
-1075.095892445445 -123.58091588020325
-1075.1246188108623 -125.40470976829529
-1075.7233809058368 -126.46047170162201
-1075.0973923628032 -128.1226621389389
-1074.9831581537426 -129.86100060939788
-1075.077602890581 -131.57249505519866
-1074.7843836818636 -133.2796363353729
-1075.0350827549398 -134.3620054244995
-1074.4806719993055 -135.92499179840087
-1074.1978503142298 -137.00220246315
-1074.4897088085115 -137.70332051515578
-1074.2744763170183 -138.85402096509932
-1074.2075982813537 -140.7986151099205
-1074.2285500143469 -141.71721400022506
-1074.0355982606113 -143.48205865621566
-1073.945633468479 -144.57396258115767
-1073.9285903845728 -145.7543412566185
-1073.753089708537 -147.57218207120894
-1074.2910226409138 -148.82875479459761
-1073.6522544448078 -150.75135470628737
-1072.3758131091297 -152.29264403581618
-1071.0698655669391 -152.84238375425338
-1069.661728245467 -153.8339110136032
-1068.9633052770794 -154.46631426811217
-1067.365433973521 -154.98029441833495
-1065.435487074107 -155.28451524376868
-1063.8993956272304 -155.3252429112792
-1062.1460522834957 -155.85302433818578
-1060.277715844363 -155.66107732504605
-1059.1794870321453 -156.00671992152928
-1057.8040879194439 -155.84920660108327
-1056.4963510458172 -156.3490670070052
-1055.7771040026844 -156.68585584014653
-1053.8452325884998 -157.02869627326726
-1051.9195581500232 -156.2908314809203
-1050.0724881713093 -156.354222227633
-1048.7814132992924 -156.7913515165448
-1047.0977727000416 -157.05926718264817
-1045.7274845664203 -157.0481988236308
-1044.84498505041 -157.25370197445153
-1043.147506159991 -157.0606049194932
-1041.547382158488 -156.2679188147187
-1039.6582408373058 -156.41529515832661
-1038.3849357788265 -156.66758680790662
-1037.1193162624538 -156.97213113754987
-1035.7276498501003 -157.07585442513226
-1034.1532503788173 -157.10520118921994
-1032.9316865627468 -157.03387923985719
-1031.548224848956 -157.33792664557694
-1030.4475228016079 -156.79697813540696
-1028.8462554638088 -157.18007292300462
-1028.0971776668728 -157.20390656478702
-1026.2584263508022 -157.6949835706502
-1024.505105418414 -157.86217108257114
-1023.330894035548 -159.15186992175876
-1021.7295508806408 -160.04212120063602
-1020.2456748907268 -161.54232409484683
-1018.872199100703 -163.0639581967145
-1017.7837305490673 -164.29207423217593
-1017.2433041159809 -165.4918548155576
-1016.6765733782947 -166.48151138313114
-1016.4287987475097 -167.74559917934238
-1015.7441709761322 -169.5411333132535
-1015.2932632689178 -171.188228039816
-1015.138354075402 -173.0293735552579
-1015.5463368420303 -174.57708778865634
-1015.431184527725 -175.9285265494138
-1014.997310218662 -177.7014528799802
-1014.5310319636762 -179.27621188648044
-1014.3845786128938 -180.90472248084842
-1013.9819868777693 -181.6487840104848
-1013.5770151589811 -183.11453279741107
-1013.2376006220281 -183.97527107484638
-1013.2260550831259 -185.78313168771564
-1013.1188975547254 -187.6575638938695
-1013.9041573379934 -189.05353554971515
-1014.0975636665523 -190.48261007554828
-1013.9954234783352 -192.37636121995746
-1014.064524320215 -193.9067346740514
-1013.894633782357 -195.40027436502277
-1013.8860229228437 -196.13397881276904
-1013.6432249073684 -197.63630482442676
-1013.4279199366272 -198.46722528226672
-1013.4416181270778 -199.29571649320422
-1014.2428308551014 -201.21284147985278
-1013.973872346133 -202.91371938474475
-1013.8390066896379 -203.92257091291248
-1014.4574487482012 -204.97989627607166
-1014.2225848709047 -206.751244514063
-1013.8808945988119 -208.4188434768468
-1013.4588764284551 -210.00471624620258
-1014.1962698076666 -211.76783141382037
-1014.4574170683325 -212.55884191282092
-1014.5998787258566 -214.09233531244098
-1015.6464669083059 -214.78878208883106
-1016.709055480808 -215.65733429677783
-1017.0702676151693 -216.81144007928668
-1018.300451335758 -217.25895675905048
-1019.8702443216741 -217.47636851556598
-1020.97857969746 -217.38615611083804
-1021.5953263019026 -218.0249364066869
-1022.5042215560377 -218.60744461305438
-1024.133965370506 -218.7161111820489
-1025.2542458747328 -218.90879580266773
-1026.3321527217329 -219.15308833010494
-1027.9940253470838 -219.0687420208007
-1029.3966397021711 -218.8452873814851
-1031.0216600869596 -219.53811752684413
-1032.997398135513 -219.22029581554233
-1034.0273801063001 -220.03028139360248
-1035.2809710477293 -220.52001109607517
-1036.5313557361067 -220.7510047841817
-1038.3135172103346 -221.65128216035663
-1039.0948872540891 -222.36506923921405
-1040.1528305982054 -223.93209728486835
-1040.9329812501371 -225.3534365583211
-1041.5234519813955 -226.68144711740314
-1041.458982256502 -228.24534806497394
-1042.1730526958406 -229.38842317350208
-1041.9206015442312 -230.7498171020299
-1042.1083256576956 -232.17243119962512
-1042.0362745796144 -233.42069134004413
-1042.3348002706468 -234.52950367219745
-1042.272507903427 -235.8607037950307
-1042.0328499649465 -237.44769295938312
-1041.6975446020067 -239.3367576289922
-1042.4308827196062 -241.08034118898212
-1043.2349187408388 -242.54710766561328
-1043.4059931312502 -243.70075842626392
-1043.4251011286676 -244.65544548518955
-1043.1245132361353 -245.5251924086362
-1043.1574511502683 -246.7280915070325
-1043.4093241666258 -248.35247400291263
-1043.1492867444456 -249.1027229119092
-1043.2410305936635 -250.8500923205167
-1043.5418410499394 -252.40484574325382
-1043.653696154505 -253.86568847186862
-1044.0240104545653 -255.83191242702304
-1043.4595296134055 -257.1489855337888
-1044.162965630442 -258.7178492832929
-1043.7645191301406 -260.28491976745426
-1044.3802265276015 -262.0464442063123
-1044.2838575144112 -263.6503032732755
-1043.8336559434235 -265.1185819197446
-1043.5973060031235 -266.2002455282956
-1044.5137773056329 -267.44681945331394
-1044.7990943093598 -269.2116871166974
-1044.7431067277491 -270.9544260788709
-1044.274997716099 -272.6654806423932
-1044.1473807294667 -274.2332798529416
-1044.2317543451488 -275.41454031951724
-1044.5945225779712 -277.27206840999423
-1044.297227961272 -278.5683548737317
-1044.4622094456852 -280.26200726516544
-1044.111363274306 -281.0719032574445
-1044.8689541642368 -282.15923860557376
-1044.762755957693 -283.93399038799106
-1045.2130600188673 -285.02038314826785
-1044.7672322665155 -286.4418672610074
-1045.0755914722383 -287.2808941889554
-1045.630492118448 -288.7507794190198
-1045.2462793265283 -289.3943544913083
-1044.8276803766191 -291.09426417835056
-1044.9561085377634 -292.8463573742658
-1045.5885067854822 -294.3109137106687
-1045.204383251518 -295.5903221655637
-1045.3065230821073 -296.75804701335727
-1045.5387568299473 -297.67109301574527
-1046.0032265608013 -298.3726548243314
-1046.1282089178264 -299.8951121855527
-1045.4545521561802 -301.4203510571271
-1045.7418462459743 -302.6984182883054
-1045.459406209439 -304.5799480963498
-1045.8868539457023 -306.3040454674512
-1046.0681136970222 -307.70974495895206
-1045.5513163928688 -309.5667238522321
-1044.3833634977043 -311.211984186247
-1042.9907293443382 -312.00951823480426
-1042.3558257941902 -313.2399319101125
-1040.5522438411415 -313.72566002495586
-1038.883880508393 -313.8735403109342
-1037.9611726526916 -314.4716083694249
-1036.7904997591675 -314.8555203963071
-1035.3367979054153 -314.7687419641763
-1033.4524898056686 -315.06523179896175
-1031.9091337446869 -316.0716698158532
-1030.684744310826 -316.2790723133832
-1029.8824920777977 -316.67382448799907
-1028.789017212838 -317.7630265343934
-1028.1336351160705 -318.33192628510295
-1027.2059878830612 -319.39070480950176
-1026.6012123946846 -320.8963457930833
-1026.0613869552315 -322.3710840333253
-1025.6345174734295 -323.42157739289104
-1024.9342827026546 -324.4227904666215
-1024.1324462120235 -325.99707144387065
-1023.8704152528942 -327.3195119488984
-1023.1567216341198 -329.0498645890504
-1023.2353150670231 -330.34305530674754
-1023.7103825633228 -332.07110994942485
-1023.0160628382862 -332.983019291237
-1023.151931745261 -334.2506646502763
-1022.4840001885593 -335.2571012366563
-1022.6557846491039 -336.9762744296342
-1022.3134358946979 -338.389215766266
-1022.0109408919513 -339.1051541555673
-1021.5277728264034 -340.25475215800105
-1021.9961148326099 -341.18199306614696
-1022.3889905934036 -342.91689532883464
-1022.6944346551597 -343.87103789933025
-1023.3152483229339 -345.73615032322704
-1023.1832412008941 -347.30330234654247
-1022.8144014899433 -348.4800950873643
-1022.9884140168131 -350.1669611323625
-1022.7826643262804 -351.5958544600755
-1022.9868563090265 -352.7132913459092
-1023.2005735610426 -353.5386789429933
-1022.9389720235765 -354.7348658431321
-1022.3519797597826 -356.2684971679002
-1022.6177441154421 -356.94668859131633
-1022.4414436642826 -358.0035802710801
-1022.1975350950659 -359.156856476143
-1021.8054338072241 -360.8550520528108
-1021.9523136888445 -362.38756519444286
-1022.6138959203661 -363.8994497645646
