-1075.47 -112.7
-1075.5549289894104 -114.22648377418518
-1075.2478276205063 -115.84450466632843
-1075.4845969688893 -117.41985471248627
-1075.0537217271328 -119.073805642128
-1075.2447901380062 -120.53925211429596
-1075.2683349263668 -122.12810237407685
-1074.8931458604336 -123.14024658203125
-1074.6920051288605 -125.05031175613404
-1074.8918002259732 -126.49440450668335
-1074.241308273077 -127.44923890829087
-1074.6043768537045 -128.53273750543593
-1074.803497196436 -130.39671589136123
-1074.4005083751679 -132.02838577032088
-1074.3192849096656 -133.70483149290084
-1073.8272647795081 -135.48427773714064
-1074.2006790873409 -136.2626183748245
-1074.5256287690997 -138.2211591720581
-1074.3152661409974 -139.62872595787047
-1073.7262127485872 -141.29993422031401
-1073.3932641234994 -142.02271456718444
-1073.0610625234247 -143.30206282138823
-1071.9407014337182 -143.79846127033233
-1070.9532975640893 -144.30630398988723
-1069.4154762712121 -145.82500673532485
-1067.9704936233163 -145.7286584496498
-1066.4590626445413 -146.4235310077667
-1065.5764239516855 -146.51932482123374
-1064.846555658877 -147.21514038443564
-1063.8743984785676 -147.6128519296646
-1062.3027389135957 -147.43280753195285
-1061.6492769804597 -148.08186468183993
-1060.8389649477601 -148.9280524522066
-1060.0252528873086 -149.18495192825793
-1058.7266693797708 -148.73442956507205
-1057.6872189727426 -149.26652726233004
-1056.7944793191552 -149.88577922880648
-1056.0058543768525 -150.01690730154513
-1054.6128875103593 -149.44258811771869
-1053.1057746496797 -149.40350043848156
-1051.426903256476 -149.35723114088177
-1050.4361864414811 -149.28879179134964
-1048.7320349302888 -149.20354765728115
-1048.156586536467 -149.03960105851291
-1047.402157792151 -150.04752954915165
-1046.0934794035554 -150.85683944895862
-1045.573628076613 -151.57195577099918
-1044.6654042688012 -152.36932817175983
-1044.061772057116 -152.94758537486194
-1043.337904163897 -153.67873159125446
-1042.6937748876214 -154.15700829103588
-1042.197434553206 -154.49963155463337
-1041.30511248976 -155.20342335179447
-1040.0504850235582 -155.72970327809452
-1039.289349564612 -156.35312822535633
-1038.7052781668306 -157.42998901084064
-1036.9336810198427 -157.97019621804355
-1036.0933112588525 -158.27659133151172
-1034.5420734372735 -158.3978583447635
-1033.6638667669893 -158.5412010334432
-1032.354125508368 -158.77548977062105
-1031.1591305819154 -159.31791111156343
-1029.5723952141404 -159.7128689520061
-1027.719159373343 -159.2120806209743
-1026.8463453736902 -159.68243225738405
-1025.9626470294595 -159.88329041823744
-1025.0678029742837 -160.02034265622495
-1024.2922157135606 -160.01059953942894
-1023.4573574152589 -160.54165630117058
-1022.3154596176744 -160.08063714280723
-1021.4237623301149 -160.7929971076548
-1020.1283985462785 -161.8787360049784
-1019.5131676879525 -163.2398849584162
-1018.9773826685548 -164.46068321242927
-1018.5260746267438 -165.52686058059334
-1018.5297000792623 -166.5745619393885
-1017.605232038796 -167.81855629459022
-1017.7063238558173 -169.15755055919288
-1017.3906079468131 -170.59453962817787
-1017.8129774269462 -172.39520739093422
-1017.6486617413163 -174.22708557620643
-1017.5306435984373 -175.44972919002174
-1017.9404091995955 -176.7162787772715
-1017.8029625576735 -178.56366609111427
-1016.9556853932143 -179.8589538194239
-1016.5285821717978 -181.0887299634516
-1017.0198444885016 -181.78083662763237
-1016.7440608602762 -182.6892790056765
-1016.5541858834029 -183.4320889569819
-1015.9593477410078 -185.0771766759455
-1016.222699688077 -186.1255235530436
-1016.3138288867474 -187.9868357039988
-1015.6545058500767 -189.56514976993202
-1015.5373673450947 -190.3193447448313
-1016.0674834859371 -192.102737531811
-1016.6002540004254 -193.29422377124428
-1016.1000080120564 -194.6634336568415
-1016.2220361095667 -195.36355732455849
-1016.4172710639239 -196.49065946117042
-1016.9745743733645 -198.16618834510444
-1017.4651499253512 -199.99829827323555
-1017.5265879791975 -201.38573359027504
-1017.8307680052519 -202.34316168799995
-1017.6089375329018 -204.25177441611885
-1018.0305392158032 -205.13465641513466
-1019.1832759988308 -206.7346553660929
-1019.5138989400864 -208.40625344291328
-1020.7394025039673 -209.22009055390953
-1022.4254646015168 -209.74701957479118
-1023.172286362648 -210.971690223366
-1024.6256514501572 -211.51225249543785
-1026.501348347664 -211.75832538381218
-1028.0894566488266 -212.148822889477
-1029.166420431137 -212.73677240386604
-1029.9597085428238 -213.04438997879623
-1031.8599792432785 -213.60270328894256
-1033.43906208992 -213.97200234308838
-1034.7879687261582 -214.4193982042372
-1036.4398199033737 -215.35589005127548
-1038.0718960475922 -216.5804033435881
-1038.6752202820778 -217.21966512575744
-1039.4154753994942 -218.83917172327637
-1039.5012128663063 -219.97872527018188
-1039.9971618962288 -221.2876679457724
-1040.3939665567875 -222.64051027670502
-1040.6557737898827 -223.75831432715057
-1041.2591646027565 -224.17715241089462
-1041.6030981850624 -225.6976012147963
-1042.4780241560936 -227.1794389642775
-1042.4204761099816 -229.01123799458145
-1042.3304382276535 -230.87119926586746
-1043.0189011406899 -231.46110369339584
-1042.7954043459893 -232.71105720177292
-1043.331139714718 -234.1088264144957
-1044.1116242718697 -235.9266300357878
-1043.682170302868 -236.7477057136595
-1043.2643417429924 -238.37626220360397
-1043.2750746768713 -240.26579882279037
-1044.0214475554228 -241.9802668251097
-1044.3801228564978 -243.47164882794021
-1044.8607001763583 -245.2499259866774
-1044.5311535459757 -247.0999963440001
-1044.531626566574 -248.95243527069687
-1044.6734016679973 -250.5169178403914
-1045.196089997217 -252.12838448658584
-1045.396109476015 -253.74880756512283
-1045.3928294771165 -254.6385053552687
-1045.4417788305134 -256.48937048092483
-1045.8511828996986 -258.0196235336363
-1046.087052545771 -258.81971789970993
-1045.900058022961 -260.41025973930954
-1045.6922405280918 -262.3545404829085
-1045.6672184218467 -264.08372260704635
-1045.536342253238 -265.5361566700041
-1045.5917784546316 -266.1921345151961
-1045.4008491013944 -267.9265047468245
-1045.933627126068 -269.64916469231247
-1046.3153515134752 -270.8938512958586
-1046.7576406870783 -272.74323321953415
-1047.1819410596788 -274.466483489424
-1047.3780966375768 -276.1945436157286
-1047.8401176904142 -278.0286057151854
-1047.5533250544966 -278.9233741916716
-1047.5709764932096 -279.86574055328964
-1047.32684293136 -281.36659289970993
-1047.2102774579823 -282.3151790060103
-1046.5250971515477 -283.6973582662642
-1046.5718966697157 -285.05936922207474
-1046.2291780088842 -286.8806573309004
-1046.1140308205784 -288.4190105356276
-1046.5904140000046 -289.6419801868498
-1046.580419113189 -291.26524342671036
-1046.8337901730836 -293.1614525474608
-1046.8952598918975 -293.9357594408095
-1046.84945991382 -295.43812133446335
-1046.2972379599512 -297.20066262856125
-1046.7244944249094 -299.09429813995956
-1046.9941669975221 -300.6614580310881
-1046.1440538440645 -301.9043742574751
-1045.7660911355913 -303.47592319622635
-1044.7414366279543 -304.2877619422972
-1044.4983991657198 -305.0542245067656
-1042.941688684076 -306.55165316239
-1042.4901299153269 -307.67405821457504
-1041.3389560852945 -308.55920495167373
-1040.3274638329447 -308.5347936607897
-1039.1567366991937 -309.08340869918464
-1037.668127027601 -309.4667351104319
-1036.535355654806 -309.9046594955027
-1035.3591185484827 -309.88676621094345
-1033.4575315390528 -310.4646547593176
-1032.3367972050607 -310.1021620489657
-1030.6176136408747 -310.25754892900585
-1029.0003286276758 -311.24213969781994
-1028.0433311139047 -312.3647283323109
-1026.8742108021677 -313.5024361617863
-1025.714194265455 -314.0884903676808
-1024.5979892884195 -314.60000127628444
-1024.462134463042 -315.3810806877911
-1023.913417083472 -316.7652347691357
-1023.8622830484808 -317.56754362657665
-1023.79338276878 -318.90791916921734
-1023.7703339208663 -320.340068102628
-1023.7457128886879 -321.797641158849
-1023.936538053006 -323.5783127553761
-1023.5038084511459 -324.96079146936535
-1023.6239717353881 -326.37893581464886
-1023.8574028213322 -327.75966179445385
-1023.9524184961617 -329.15499949529766
-1023.7861578960717 -331.08312988355755
-1023.7300943185389 -332.17940104082226
-1023.447317724377 -333.23279166296123
-1023.3044771005214 -334.0442417271435
-1023.7519363214076 -335.7511993058026
-1023.545723040849 -337.4941223271191
-1023.5494208012522 -338.679431618005
-1023.693249655217 -340.33865994289516
-1023.1332475070656 -342.12691837623714
-1022.8422419850529 -343.5732606060803
-1023.023175073117 -344.8046260483563
-1023.0331053745747 -345.8165405400097
-1023.507135899067 -347.51688057258724
-1022.9995526385308 -348.437446654588
-1023.1135198038817 -350.26580101326107
-1023.0876323574037 -351.69190865829586
-1023.3896670036763 -353.5700228817761
-1023.3606388450414 -355.3810965426266
-1022.7232366681844 -357.16947180107235
-1023.2990280867368 -357.84551423862575
-1023.0262162268907 -358.9450023777783
-1022.812066751793 -360.4523548491299
-1023.2141377211362 -361.6722319729626
