-1075.47 -112.7
-1075.7495529961586 -114.11830158233643
-1075.9049606633187 -115.67248244285584
-1075.9460894104839 -117.63723869323731
-1076.3645375308395 -119.28827710151673
-1076.9637979206443 -120.02659405469895
-1076.4928858217597 -120.94141162633896
-1076.8965717193485 -122.77801967859268
-1076.8157301482559 -124.01072419881821
-1076.8658544954658 -125.17340720891953
-1076.9157604512573 -126.37587631940842
-1076.7956691023708 -127.53836513757706
-1076.9412835028768 -128.6050127863884
-1076.7367611166835 -130.53623188734053
-1077.1849114236236 -131.70214380025863
-1077.1660742250085 -133.0939713835716
-1076.3642123427987 -134.02737177610396
-1076.0629232016206 -134.99908263683318
-1076.5995581236482 -135.93399394750594
-1076.5854136545956 -137.23845781087874
-1076.4561909337342 -138.67341173887252
-1077.5052677293122 -140.45514501333236
-1077.5103217561543 -141.36345733404158
-1077.4230283994973 -142.69605125188826
-1078.228957464248 -144.24461282491683
-1078.5835968752206 -145.52037717103957
-1079.408565928489 -147.33681405782698
-1080.4121128816903 -147.99798060655593
-1081.1212221880257 -149.57048321962355
-1081.9012572665513 -150.47029144763945
-1083.457446565181 -150.5936578631401
-1085.204834689647 -151.0972342610359
-1086.4055176873505 -151.84275139570235
-1087.6752023597062 -151.9041512131691
-1088.5085423488915 -152.564237844944
-1090.1062690515816 -152.24279834032058
-1091.2285661001504 -152.30834163427352
-1092.3894876737893 -151.94778205156325
-1094.2717804212868 -152.56903983354567
-1095.4956990976632 -152.9674643397331
-1096.6981910963357 -153.2889553427696
-1097.4672824640572 -152.996637147665
-1098.967939068824 -152.50149894952773
-1100.498566557914 -152.97634650468825
-1101.8595384855569 -153.57735015153884
-1103.399657895118 -153.95278279185294
-1104.45933358863 -154.2290982723236
-1105.682713200599 -153.92474068403243
-1107.4211423893273 -153.62685627937316
-1108.1036021013558 -153.79915912151336
-1109.4254410763085 -153.6903020262718
-1110.79054098323 -153.02260394096373
-1111.4661762614548 -153.51507262587546
-1112.8462244172395 -153.95401204824446
-1113.8370331425965 -154.2264168679714
-1115.4192269940675 -154.61873770952224
-1116.290719499141 -154.47793815732
-1117.3939880032838 -153.9710246145725
-1118.9160903592408 -154.00867787078022
-1120.7224303384126 -154.19018173292278
-1121.454635192901 -153.84352901652454
-1122.306236793548 -154.29867783263325
-1123.9921585817635 -154.01416334584354
-1125.5137399931252 -154.26093471124767
-1126.380398323089 -153.89230254366993
-1128.10071699813 -154.20943355634807
-1129.1439734001458 -153.71644708588718
-1130.6665957470238 -154.26037529185413
-1131.5628392596543 -153.77399739697574
-1132.372304071933 -153.73477957472204
-1133.0752032895386 -153.27784857973455
-1134.4638779063523 -153.42477399930357
-1135.8062928815186 -153.36999685391783
-1136.5969522495568 -153.77072826847433
-1138.2000135679543 -154.16673866733908
-1139.7272444267571 -154.37840548977255
-1140.3757473130524 -154.64464751705526
-1141.3289121289552 -155.1562630318105
-1142.2321903009713 -156.02053193077444
-1143.204827119857 -156.84586916193365
-1144.3252776165307 -157.44199869856237
-1144.2048989136517 -159.15850279554724
-1144.156294246465 -160.32719598039984
-1144.0090439219773 -161.7097612403333
-1145.0058513779938 -162.50659553036093
-1145.779703309089 -163.5796155117452
-1145.7030195046962 -164.83213070854544
-1145.3572923888266 -166.46049336418508
-1146.1268907536567 -167.8553553007543
-1146.049589162022 -169.61477450355886
-1146.0511788477004 -171.04029444679617
-1146.314107810408 -172.82120493873953
-1147.2622222651542 -174.09095016941427
-1147.6107682336867 -175.14319447502493
-1148.0306350041926 -177.0345043323934
-1148.2962914158404 -178.1334507845342
-1147.9537293960154 -179.2911543034017
-1147.6267017175257 -180.36986426338552
-1147.4978751142323 -182.26755789741873
-1147.576991108507 -183.24890098795294
-1147.551912945956 -184.8529542468488
-1147.8678563658893 -186.2555444024503
-1148.3168204252422 -187.0876368664205
-1148.7915283863247 -188.1275605343282
-1149.0614132110775 -190.03759876713156
-1148.7571235124767 -191.05142024978994
-1149.4738582198322 -192.41151980385183
-1149.4263254453242 -193.27484659180044
-1148.9242258121074 -194.1161584638059
-1148.5580782343447 -195.8957849524915
-1148.8177468825877 -197.75691399797796
-1148.5453708221019 -199.15578303560613
-1148.914134388119 -200.7695919059217
-1148.9314932872355 -201.47993389591574
-1148.6488091994822 -202.3867388151586
-1148.8942364056409 -203.57175938114523
-1149.467312951833 -204.82705179676412
-1149.608620827347 -205.9759163044393
-1149.5474004496634 -206.82283703312277
-1149.0270449270308 -208.2292006395757
-1149.4167932321132 -209.1012071751058
-1149.9683883835376 -210.74359754547476
-1149.5410560120642 -211.75986401066183
-1149.1541528750956 -213.17538002952932
-1149.3244120676816 -214.23673347458242
-1148.9392376740277 -215.5891540430486
-1149.0713800539077 -217.41591493114828
-1149.2446710516513 -218.68732217773794
-1149.8133388210833 -220.05986122116445
-1150.1795734216273 -221.05941490158438
-1150.4121447701752 -222.3916545294225
-1150.1487339039147 -223.48747889026998
-1150.5621774096787 -224.48718968853353
-1150.0210461516679 -225.6299679659307
-1149.3438167472184 -226.7926158092916
-1148.5894099374116 -228.62205330356954
-1147.9747847218812 -229.29614237770437
-1148.2817799945176 -230.26175979599356
-1148.8409979243577 -231.5758746050298
-1148.4158405859769 -233.40298131927847
-1147.9207231600583 -234.48903194889425
-1148.040358414203 -236.31591037735342
-1147.721966882497 -237.21336630806326
-1148.129320820123 -239.1490393064916
-1148.8304056723416 -240.46624819263815
-1149.0009250093997 -241.75624052509664
-1148.3338925887645 -242.83889571651815
-1149.007913415581 -243.79453186020254
-1149.2992641080916 -245.36048940643667
-1148.9805588175357 -246.8561514995992
-1149.497568910271 -248.7558052919805
-1148.9691413094104 -250.60284165367483
-1149.490449552685 -252.49579814895986
-1148.9198925544322 -254.3590116880834
-1148.5541313637793 -255.85301236137747
-1149.1219866622985 -257.6463123939931
-1149.1248097990454 -258.66370884403585
-1149.4038724277914 -260.35965887531637
-1149.529155907482 -261.98965612873434
-1149.328849119395 -263.7912948511541
-1149.7793535713852 -265.35357932075857
-1149.6569687773288 -266.16574821695684
-1148.8882923771441 -267.39014301523565
-1149.0677287776768 -269.0241938613355
-1149.5771120984853 -269.8365342400968
-1148.922100146562 -270.751550950855
-1148.2684021790326 -272.4197458408773
-1148.1550937642157 -273.367171921581
-1148.589774285704 -274.9899942062795
-1148.094270234257 -275.66344181522726
-1148.6269670177996 -277.1279383085668
-1148.9315447856486 -278.96405307278036
-1148.8953486692906 -280.3116828583181
-1149.211187363863 -281.2421526096761
-1149.7225900900364 -282.1117052219808
-1150.0916995716095 -283.0840804956853
-1149.245952756405 -284.56479219421743
-1148.8071043801308 -286.2430792234838
-1148.6374335747958 -287.5117628954351
-1148.1944402319193 -289.4817906998098
-1147.6818373662234 -290.28949812874197
-1147.3503668767214 -292.12867025360464
-1148.0965760809183 -293.2975144766271
-1148.333958582282 -294.63191465362905
-1148.453502700925 -296.6019120596349
-1148.1434046489 -297.96621171459554
-1148.4029636842013 -298.7020174048841
-1147.8790232998133 -299.7420210622251
-1147.6224957865477 -301.7016043446958
-1146.7090475720167 -302.669468023628
-1146.4143189948797 -304.4968613170087
-1145.3831018966437 -306.13288853392004
-1144.023434714675 -307.0002008460462
-1142.576493934989 -306.84673736318945
-1141.2817731660605 -307.3115176938474
-1140.0971132081747 -308.0872851394117
-1138.448901848197 -308.82669190391897
-1137.1331527990103 -308.39099282845854
-1135.3268309396506 -307.9445925436914
-1134.2889792484045 -308.136537604779
-1133.0426681798697 -308.6065710119903
-1132.2630909842253 -308.9284318618476
-1131.4290402692557 -309.45925854966043
-1130.6030994218588 -309.471406436339
-1128.803045706153 -309.3965704355389
-1126.8714916270972 -309.8540890727192
-1124.9129981559515 -309.56178849078714
-1124.298231856227 -310.4840963397175
-1122.7874897879362 -311.2026423726231
-1121.8719597023726 -310.9117368970066
-1120.7364719074965 -311.16970293857156
-1119.232327477336 -310.99055748321115
-1117.8685691517592 -310.4811893019825
-1116.7814208430052 -310.50004033632575
-1115.5587504070998 -310.8402873713523
-1114.0211198490858 -311.5941220957786
-1112.4795335692168 -311.3806242484599
-1111.2301445168257 -312.0123397845775
-1109.2988224190474 -311.95907731242477
-1108.3746244472266 -311.9648688200861
-1107.2682455343008 -312.16809502877294
-1105.9543333810568 -311.6883392397314
-1104.9402372401953 -311.33684147037565
-1103.9643486303091 -311.5895064834505
-1103.1452940267325 -311.8072692815214
-1101.5534414809943 -312.2684588495642
-1099.846143798232 -312.8407079640776
-1099.2351880830527 -312.34463439024984
-1097.6669040483237 -312.35113314054905
-1096.0975734752417 -312.9637278046459
-1094.4428324264288 -312.81391087435185
-1093.3079623740912 -312.4916076686233
-1091.7141022247076 -311.8575053241104
-1090.945958749652 -311.75706482194363
-1089.4242423933745 -311.95104894302784
-1088.0909216564894 -312.30525490902363
-1086.2545410555601 -312.38980512581765
-1084.3576027315855 -312.2092059280723
-1082.557458536029 -312.9745364215225
-1080.912338630557 -313.8891379263252
-1079.7398861807585 -314.39691096805035
-1078.6936384600401 -314.93202966712414
-1077.3116831940413 -315.8576667930931
-1075.6726122063399 -316.31065160296856
-1074.52078522861 -316.9393588926643
-1073.4699927729368 -317.6545498397201
-1072.5610901874304 -318.76577401421963
-1072.2420289677382 -319.544736745581
-1072.0515878510475 -320.29985630773007
-1071.0773243021965 -321.27051985524594
-1070.8023948383332 -322.24337780736386
-1070.4029862594605 -323.1822118785232
-1070.7462901186943 -324.20276832841336
-1070.177915008068 -325.10955238603054
-1069.9490390729904 -326.3662681605667
-1069.5963591051102 -327.4376219537109
-1070.084449620247 -329.3603217627853
-1069.521208138466 -330.54258692525326
-1069.0705964875222 -331.6666393306106
-1068.5296879124642 -332.9554542329162
-1068.3283420068026 -333.7094601418823
-1067.93390850842 -334.91640043519436
-1068.6357130867243 -336.26119005940853
-1068.7441004824639 -337.5207805659622
-1068.8584783163667 -339.4794647719711
-1068.3839827862382 -340.7925786998123
-1068.6012878355384 -341.5348333146423
-1068.5134408560396 -342.2503604914993
-1068.6552309629321 -343.73545146249234
-1068.3778369662166 -344.9669142987579
-1069.1177882787586 -346.3127175595611
-1068.5106261608005 -348.0955981042236
-1068.7336572048068 -349.6524738099426
-1069.414981329143 -351.5567797448486
-1069.4080397237838 -352.85110450051724
-1069.7542130698264 -354.6846822526306
-1070.1514675070346 -356.39586770795285
-1070.58940285936 -357.8839312817901
-1070.380667899996 -359.16335332654415
-1069.8632528533042 -360.0732307460159
-1070.1213133086264 -362.02068877480923
-1070.1290500213206 -363.52443027757107
