-1075.47 -112.7
-1077.2910933208466 -112.70971813127399
-1079.0735196781159 -112.28133937045932
-1080.7294199180603 -112.1644114933908
-1082.2057434034348 -111.73951057419181
-1083.3997909736634 -111.41928682550788
-1084.3287975502014 -111.38264653906226
-1086.0907888126374 -112.15286145433784
-1087.5288276386261 -112.69955966696143
-1089.012031288147 -112.19660655483604
-1089.7746976327896 -112.43950841650367
-1090.9131655406952 -111.9690855525434
-1091.9299133729935 -111.88917871639133
-1093.020142645836 -112.43900748416782
-1093.610087723732 -112.11837532445789
-1094.8752721261978 -112.37538584396243
-1095.6841599655152 -112.63533540889621
-1097.034348936081 -111.72780301496387
-1098.7345267248154 -111.46034365221858
-1100.426368803978 -111.17173051163554
-1102.3373948049546 -111.52748894020915
-1103.7203477334976 -111.34124814793468
-1104.4485234928131 -110.63648103997112
-1105.3494005513191 -110.62775275278837
-1107.2518226218224 -110.12305417824537
-1107.9811526846886 -110.28871262241155
-1108.6382629585266 -109.94708821345121
-1109.35858127594 -109.66311916876585
-1110.7828056526184 -109.77628016639501
-1112.689348192215 -109.50792548228056
-1113.5981000375748 -109.14333149958402
-1115.3187559556961 -108.89831660855562
-1116.1745096158982 -109.0443675832823
-1117.8236887168885 -108.91475300658495
-1119.106017203331 -108.58041708339006
-1119.7572844338417 -108.18087725508958
-1121.1688304257393 -108.4079943465069
-1122.828587563038 -108.2745029496029
-1124.483297379017 -108.45489758420736
-1126.2356512856484 -108.24761727619916
-1127.2600781035424 -108.63391977716238
-1128.9130229067803 -109.04952287841589
-1130.752222211361 -109.80691617894918
-1132.0185851168633 -109.99732574988157
-1133.7136755299568 -110.40947973895818
-1135.0842322421074 -110.28456393051893
-1135.8993413758278 -110.50425270367414
-1137.3911713671685 -110.77084604073316
-1139.011063606739 -110.56507131624967
-1140.4773872208596 -111.6664977984503
-1141.655076534748 -111.59938085246831
-1142.8904798340798 -111.81408092547208
-1144.2524036478997 -112.62893292475492
-1145.7642457795143 -113.66890511084348
-1146.8754874777794 -114.90569946337492
-1147.0614415717125 -115.59863373804838
-1147.1257402908802 -117.29265734720975
-1147.0276154887677 -118.87606355715543
-1147.3619204175473 -119.89538964796812
-1147.8751941931248 -121.70054254103452
-1147.770012677908 -123.00720867682249
-1147.812244759202 -124.31840726900846
-1147.7787450563908 -125.14081928301603
-1148.322995365858 -126.86790773440153
-1148.4141828131676 -128.24395725298672
-1148.8076038372517 -129.95727095175533
-1149.7164002668858 -131.07165429163723
-1150.34027451396 -131.99888774920254
-1150.7955427777767 -132.51647558975964
-1152.011394919157 -133.71384003926067
-1152.7972450864315 -134.51212778855114
-1153.6504368197918 -135.37904492188244
-1154.3857987535 -135.82902649212627
-1155.7619569909573 -135.72533494401722
-1157.6084818255902 -136.72148794103413
-1158.6316823375225 -137.612810315378
-1159.3355231297016 -137.8412453399971
-1161.1017966282368 -137.98053957689552
-1161.884103358984 -138.5576854513958
-1162.4268557441235 -138.86554469335823
-1163.4142875087261 -139.46726562250404
-1164.5552846801281 -139.78634114731102
-1165.6952803742886 -140.2537314461544
-1167.1565395009518 -141.2267894314602
-1168.2651091229916 -142.8948961066082
-1168.2181734752655 -144.6454790400341
-1168.798690469265 -146.1388986872509
-1170.2231804442406 -147.13433231581
-1170.7387515616417 -147.8492573665455
-1171.9364712548256 -148.30761595238
-1172.4387539935112 -149.5585274266079
-1172.8660613012314 -151.1749139593914
-1173.7910377693177 -153.02950461376457
-1173.6820941877365 -154.22189922798424
-1174.3089335274697 -155.4155579375103
-1174.8222328734398 -157.05942805279045
-1174.446547241211 -158.96142395008354
-1174.1692741823197 -159.7017425464466
-1173.7201519024372 -161.42039860952644
-1174.4222373378277 -162.29714037645607
-1173.953293145895 -163.19908835161476
-1174.538405121565 -164.14528556335716
-1174.253609598875 -165.61894567478447
-1174.6236073982716 -167.18570263851433
-1174.3477358829975 -168.74906595218926
-1174.1661299926043 -170.64372165668755
-1174.6913939577341 -172.23416443336754
-1175.0813160401583 -172.94793458450584
-1175.0532624807954 -174.0093034075573
-1174.5513695564866 -175.3089003132656
-1174.3923812744022 -176.73066981304436
-1173.8474936124683 -177.44674666393547
-1173.2007882234454 -178.31152333486824
-1172.6735634443164 -179.12830723989754
-1171.165248119533 -180.14550723303108
-1169.92487164706 -180.12001462448387
-1168.8727774259448 -181.05402739513664
-1168.2413334485889 -181.860330359824
-1167.3973564741016 -182.94426252115517
-1166.0885259744525 -183.69983722437172
-1164.6559550401569 -183.22734432090073
-1163.3559606906772 -182.91480244863777
-1162.3957318899036 -182.61740215290337
-1161.5934387084842 -182.9575377570465
-1160.5545649167896 -183.14370690453796
-1159.687958085239 -183.6586235033348
-1158.1445107099414 -183.7360634671524
-1157.160913490951 -183.55918853152542
-1155.7614732024074 -184.75002961028366
-1154.7098431822658 -185.63952414859085
-1153.781375848949 -185.9240086244419
-1152.9908428427577 -187.39738561380653
-1151.7386406895519 -188.18720163572578
-1151.6402371761203 -189.4057165550068
-1151.3378153082729 -190.83130206335335
-1150.3863307473064 -192.27968217600136
-1149.6281163927913 -193.73898150194435
-1149.920322560966 -195.3063581155613
-1149.1382867333293 -196.8619127439335
-1148.4666875836253 -197.86148156393318
-1148.6401340600848 -198.94124163854866
-1148.4063854452968 -199.75841440428047
-1147.9699344572425 -200.55337269771843
-1147.7347527679801 -202.0333877371624
-1148.022613966167 -203.78919275272636
-1147.8105050560832 -204.81848843563347
-1147.4879696902633 -206.2911957072094
-1147.5553263884783 -207.22478194702416
-1147.5964936253429 -208.59471209514885
-1147.86916395396 -209.95190699566155
-1148.0636577394605 -211.81519611347466
-1147.9385216620565 -213.687228279002
-1147.4438908484578 -215.08400769699364
-1147.8739841070771 -216.87690754402428
-1148.457777389586 -217.70646782387047
-1148.979174503386 -218.86475105751305
-1149.5239887323976 -220.2754213379696
-1149.8707675126195 -221.01988955009728
-1149.1215061333776 -222.91672940719872
-1148.9526020672918 -224.56395621765404
-1149.5160221245885 -225.5504364537075
-1149.2457209017873 -227.2894981669262
-1149.805252352059 -229.17666681278496
-1149.0364601996541 -231.09433348644524
-1149.099598326981 -232.6208481358364
-1148.8292051640153 -233.478918270953
-1148.3958823469281 -234.31169040668755
-1148.3328555610776 -235.8500529097393
-1148.5571339514852 -237.5152393149212
-1148.0094268110395 -238.9350994395092
-1148.5812724021077 -240.039021329768
-1148.2704410341382 -241.8015409277752
-1147.847926684916 -243.64271624553948
-1148.3280680266023 -245.30509503353386
-1148.8970486012101 -246.51289780605583
-1148.5893722561002 -248.02703578937798
-1149.0689941433072 -249.29174800384789
-1148.4979694274068 -250.43551202286034
-1148.7096077290178 -251.53803403843193
-1148.5839897033572 -252.73307378757744
-1148.3180505272746 -254.54618282783775
-1148.853222155273 -256.3706508444622
-1149.0876919862628 -258.0054072903469
-1148.4864143368602 -259.72065909374504
-1149.064771258533 -260.69287713039665
-1149.351941817701 -262.09095318783073
-1149.5175727841258 -262.88734074104576
-1148.8885848161578 -263.85981537569313
-1148.563088708818 -265.8521478341892
-1148.1088583108783 -267.1979711221531
-1148.5536033150554 -268.85430850256233
-1148.1950630781055 -269.59837831724434
-1147.7895598945022 -270.9831601547077
-1148.1532106932998 -272.771379606612
-1147.6993314561248 -273.9906921552494
-1147.8807583090663 -275.9088649915531
-1147.3399771687389 -276.8009174035862
-1147.1335610684753 -278.41802121866493
-1147.0982915845514 -279.14576567877083
-1147.344116204679 -280.521285312064
-1147.1453290817142 -281.8565104173496
-1146.0538900730014 -282.594767110236
-1145.1899922725559 -283.2436793612316
-1145.2565784689784 -284.96961458195
-1143.9506670472026 -286.5061696337536
-1143.3217792746425 -287.60100634563713
-1142.0965907809139 -289.07729728687553
-1141.7450154063106 -290.56400378216057
-1140.7790642020107 -292.35938675869255
-1140.5472772356868 -294.3404199646786
-1140.9857633945346 -295.86175628174095
-1140.7563885983825 -297.57444258201866
-1140.3602228102088 -299.4682774113491
-1139.4819182094932 -300.3819785879925
-1139.5090963479877 -302.11777551639824
-1138.9770580169559 -303.85653467644005
-1138.2125672337413 -305.39938457477837
-1137.5784193512798 -305.74901284445076
-1135.7513600823283 -306.79625310171394
-1134.6003874775768 -307.6979382203892
-1133.346191072166 -307.90658430922775
-1132.5346537467838 -308.44897715914993
-1131.4736445781589 -309.2109273539856
-1130.6974681255222 -309.8042480813339
-1129.5649468538165 -310.51737766135483
-1128.7822966215015 -311.318572329171
-1127.5158593294025 -311.0018412934616
-1126.0026960012317 -311.9187711345032
-1124.0874770519138 -312.06066769529133
-1123.479731642902 -313.07243365217
-1122.285462462604 -313.83694321084766
-1121.4335898396373 -314.4136016981676
-1119.796223783195 -314.55307379532604
-1118.5396704909206 -314.0659430639818
-1117.0496716734767 -314.19744664598255
-1115.4452501770854 -314.6071390228346
-1114.1925679680705 -314.25380373168736
-1113.059121632278 -314.42780661750584
-1111.50603117913 -314.839607896097
-1110.8212398526073 -314.97625573147087
-1109.2413528200984 -314.67605938185005
-1107.367687010467 -314.39084921944885
-1105.7254507777095 -314.80251301992683
-1104.240430020988 -314.52226914633064
-1102.7388645645976 -314.6201485114172
-1100.8531745907665 -314.222266020067
-1099.9147718188167 -314.6987425999716
-1098.7846665617824 -314.8530372695997
-1097.7176580664516 -314.5904217975214
-1096.4926051136852 -314.8934124128893
-1095.574825489223 -315.3493341522291
-1093.8853563901782 -315.28828374464064
-1092.8565141794086 -315.34125926513224
-1091.6431357499957 -314.98041796106844
-1089.7298678991199 -315.10252744127064
-1087.8598440524936 -314.5243825333193
-1086.0870459911227 -314.49974774923174
-1084.1915655967593 -314.8037599882111
-1082.6696695920825 -314.9570750257
-1081.849968456924 -314.6877890488133
-1080.6152209278941 -314.6698803415522
-1079.1352944609523 -315.3588038196787
-1077.5536767479778 -315.61188955213873
-1075.8723669287563 -315.98916415479033
-1075.020532631576 -316.4707593431696
-1074.0791630980373 -317.7119965067133
-1072.7243004080653 -318.7633997907862
-1072.3484355446697 -320.5049722900614
-1071.7874596354366 -321.85076362993567
-1071.944873803556 -322.94344050791113
-1071.0310528811813 -324.57494552042334
-1071.2589038994909 -326.4233554115519
-1071.428246640861 -327.14900602009146
-1070.8615855214 -328.6567599883303
-1070.1617275115848 -329.47042460348456
-1069.7090848323703 -330.6236145010218
-1069.6498934936524 -331.2475314846262
-1069.8473634433747 -331.98304749634116
-1070.4670792531967 -333.2915725817904
-1070.85425719738 -334.98360181953757
-1070.905364663601 -336.7452919593081
-1070.7223700594902 -338.65556241180747
-1070.559287608862 -339.575148772262
-1070.087249339819 -341.4096776952967
-1069.6837164473534 -342.6492012253031
-1069.9879005265236 -344.4187976827845
-1069.9629760918021 -345.79729349520056
-1070.1631019350887 -347.12248320486395
-1069.5053321954608 -348.01766784098
-1069.4826852951944 -349.53474457170813
-1069.2803401325643 -351.14302976038306
-1069.0454356049001 -352.65099389459937
-1068.825129700154 -353.79078061487525
-1068.9280423943699 -354.732113074325
-1068.9496646125615 -355.7149859180674
-1069.0331550587714 -356.562882851623
-1069.2832797516883 -357.8509779682383
-1069.6624085952342 -358.7679050674662
-1069.480688457638 -360.30468494798987
-1069.0537735272944 -361.06057317163794
-1069.286375438124 -362.5155535450205
