-1075.47 -112.7
-1073.888768644333 -112.0525676727295
-1072.8558344554901 -112.06777452379465
-1072.1390837144852 -111.51856498867274
-1071.2572595191002 -111.0838903978467
-1069.5710419726372 -111.04073064476252
-1067.8169411730767 -111.0781175389886
-1067.0488338780403 -110.98072995692492
-1065.9363247466088 -110.84240231364966
-1065.147675306797 -110.9574546635151
-1063.7864691329003 -110.73556469082833
-1062.5262368035317 -110.80710875689984
-1061.2857305121422 -111.12887078225613
-1059.6590462040901 -110.79709419310093
-1058.2000612330437 -110.45568659603596
-1057.0370827031136 -110.46228126883507
-1056.3155178141594 -110.1412950873375
-1054.6694008421898 -110.37463713884354
-1053.526900560856 -109.9839457988739
-1052.4506700348854 -109.68331382870674
-1051.769818634987 -110.11431054472924
-1050.5999477815628 -109.85968102216721
-1049.6968851995468 -109.56197125911713
-1048.0625241708756 -110.23381025791168
-1046.3308003854752 -109.82559539079666
-1045.684444577694 -109.80316088795662
-1043.8230780673027 -109.72977851033211
-1042.391919286251 -109.74250699281693
-1040.7685119223595 -110.18789003491402
-1039.0654837203026 -110.47975609898567
-1038.197272450924 -110.49994378983975
-1037.0791539263726 -110.9091959565878
-1036.1407836985588 -111.13814598023892
-1034.783382923603 -110.74934258759022
-1032.8916482043267 -110.51008879840374
-1032.0505864930153 -110.26079107522965
-1030.381354124546 -110.28322539925576
-1029.040681989193 -110.03307358622551
-1028.4139961910248 -110.1034141600132
-1026.6693870735169 -109.74034322500229
-1024.9837161016465 -109.92835785150528
-1023.3539168548584 -109.86654646396637
-1022.4921193432808 -110.05797566175461
-1021.2147145581246 -110.22141463756562
-1020.1321473431587 -110.71851260662079
-1019.0283055615425 -111.34165037870407
-1018.1549237084389 -112.22431446313858
-1017.7376936984062 -113.42484642267227
-1017.3017367434502 -114.08703233003617
-1017.160827652812 -115.80377615690232
-1016.7548669737578 -116.95878995656967
-1016.6671832886339 -117.88673622608185
-1016.5920934614539 -118.78454477787018
-1016.5692459431291 -120.56377704143524
-1016.1817672339082 -121.61374707221985
-1016.7618718233705 -122.77972669601441
-1016.950056874454 -124.23742694854737
-1016.7614161756635 -125.17444206476212
-1016.6905943763256 -125.94375557899475
-1017.0570067179203 -127.08926410675049
-1016.2639654290676 -128.5145099878311
-1015.886730105877 -129.50337035655974
-1015.816720173955 -130.37289221286773
-1015.3239183288813 -131.5928447961807
-1014.8638385099173 -133.2123505592346
-1014.5540842276812 -134.2460122823715
-1014.7787051063776 -135.18239183425902
-1014.9316558402777 -136.29829211235045
-1014.8535086748004 -136.96613944768905
-1014.6130837735534 -137.64614964723586
-1014.5634305712581 -138.3495547890663
-1015.1085502740741 -140.18715430498122
-1015.0290587109328 -141.2631164908409
-1015.3721276682616 -141.9654309272766
-1015.1359963876009 -142.82423396110534
-1015.0827394288779 -144.51005096435546
-1015.4211203616858 -146.04236240386962
-1015.31420440346 -146.86992878913878
-1015.3746505242586 -147.64662052392958
-1015.0474010270834 -148.3607791185379
-1015.5053891700506 -149.27468211650847
-1015.9418914180994 -149.9648433446884
-1016.1117019665242 -150.63738293647765
-1016.0662841548026 -151.47205610275267
-1015.8422923882306 -152.4910554409027
-1015.9507379283011 -153.9075262069702
-1015.4170527805388 -155.2083302259445
-1015.9794039477408 -156.77661831378936
-1015.4919957567752 -157.7085819363594
-1015.3790817160905 -158.68863369226455
-1015.8189301390946 -159.9838241457939
-1015.1948085327447 -160.7118623971939
-1015.1409062941373 -161.81619305610656
-1015.2097757507861 -162.61666877269744
-1015.3967720766366 -163.30297149419783
-1015.524774928838 -164.42596770524978
-1015.3766124297679 -165.117276263237
-1016.0090133596957 -165.99881596565245
-1015.7580175150931 -167.29784734249114
-1015.6069513012469 -168.4872234582901
-1015.5507238407433 -169.1895320534706
-1015.9398729403317 -169.81884695291518
-1015.5449601610005 -170.85088254213332
-1015.2090075810254 -171.54567141532897
-1015.9388640125096 -172.2999531149864
-1015.5346370537579 -173.27789587974547
-1016.1118911702931 -174.43973155021666
-1015.7690008182824 -175.8096200942993
-1016.2371953924 -176.6155546426773
-1015.5966673095525 -177.43942536115645
-1015.4718770135939 -178.47995723485946
-1015.3486998651922 -180.29092038869857
-1015.4979904268682 -181.96637417078017
-1015.5911337335408 -182.84569002389907
-1015.3811446775496 -183.61624212265014
-1015.3746474397183 -184.29985023736953
-1015.8404319596291 -186.06779695749282
-1016.1994032275677 -187.47240175008773
-1016.7722944033146 -188.16812087297438
-1016.9116949599982 -188.96702886819838
-1016.2494712632895 -189.75768626928328
-1016.3696019884944 -190.46999056339263
-1016.0523724195361 -191.99681015014647
-1016.5392817792297 -193.33816952705382
-1016.6274628427625 -194.26050145626067
-1016.8928906705976 -195.56386013031005
-1016.1376695421338 -196.84003014564513
-1016.3183974710107 -198.1655622243881
-1016.6488601055742 -199.72107298374175
-1016.9479621735215 -200.34574921131133
-1016.623669692576 -201.33674998283385
-1016.0376494017244 -202.55007417201995
-1016.3880293157697 -203.42089326381682
-1016.1025765922666 -204.346000623703
-1016.6760984447599 -205.0331594467163
-1017.4259424594045 -205.92552865743636
-1017.5300725188852 -207.51639355421065
-1017.9961271968484 -208.47778267860411
-1018.7057184067369 -209.98688645362853
-1019.4007666793466 -210.86227853298186
-1020.5101191487909 -210.90235568284987
-1021.227063485682 -210.66532523632048
-1022.6119524922967 -210.55965970158576
-1023.3641678777337 -210.7418134331703
-1024.6667775598169 -210.50237996578215
-1025.915572115481 -210.55774210095404
-1026.9063214150071 -210.83093304634093
-1028.2934393969178 -210.56774691939353
-1029.7595636931062 -211.38677923083304
-1031.2100614395738 -211.25807375907897
-1032.872169264853 -212.16246945858
-1034.091345795691 -212.11430854797362
-1035.9919939127565 -211.76425672769545
-1036.8287074652314 -212.17328954935073
-1038.2602216091752 -212.88504256010054
-1039.522344955504 -212.59781433343886
-1041.3307808724046 -212.26234285235404
-1042.8426934567094 -212.5927028775215
-1044.0540899124742 -213.35465068817138
-1045.5401138153672 -213.27942980527877
-1046.9347514000535 -213.72113950252532
-1048.2840017166734 -214.99307329654692
-1049.1283385840059 -216.04327960014342
-1049.6245767560602 -217.11975605487822
-1050.0350362744928 -218.36845071315764
-1049.9672716346383 -219.83087093830108
-1050.62206489712 -220.48007411956786
-1050.9481644120813 -221.57808871269225
-1050.9698034462333 -222.6010566473007
-1050.7484691676498 -223.8594977378845
-1050.967992657125 -224.55691118240355
-1050.724471682012 -225.49911863803862
-1050.6436501380801 -226.45735986232756
-1051.3458274242282 -227.70456380844115
-1051.4940334644914 -228.65225131511687
-1052.2405567255616 -229.5097190260887
-1052.4167300847173 -230.50481684207915
-1052.7302652385831 -231.1908331632614
-1052.1004858401418 -232.0372458219528
-1052.361142822802 -233.96628863811492
-1052.2036063608527 -235.07436258792876
-1052.4984856185317 -235.85368622541426
-1052.3230203327537 -237.67242385149
-1052.389492840767 -238.8841165423393
-1052.065522403717 -239.6804253578186
-1051.5440789175034 -240.8274219751358
-1051.7137635064125 -242.51873846054076
-1051.6396741580963 -243.2206325650215
-1051.1272085022927 -244.8211375594139
-1050.900947586894 -245.8511794924736
-1051.1244966995716 -246.65528429746627
-1051.7792509806156 -247.51468522548674
-1052.1042062056065 -248.51473970413207
-1052.849674822092 -250.04246158599852
-1052.6507961314917 -251.46125788688659
-1052.7718358796835 -252.70972652435302
-1053.1849185687304 -253.67123610973357
-1052.477184997201 -254.9793412208557
-1052.431226399988 -256.2022391080856
-1052.5212941367924 -257.95704193115233
-1052.7827067573369 -258.94340909719466
-1053.3026190002263 -259.95104707479476
-1053.12414820984 -261.6856966137886
-1052.5112436015904 -262.48527629375457
-1052.5675884236396 -263.6606009721756
-1052.7739494641125 -265.28523535728453
-1052.3429345686734 -266.7903766155243
-1052.4872548629344 -268.47773451805114
-1052.3286406446994 -269.31877834796904
-1052.287170470953 -270.75914533138274
-1051.7134129416943 -272.05419273376464
-1051.7524519649148 -273.3445758342743
-1051.2333845582605 -274.9790174484253
-1051.0013077792526 -276.0800756931305
-1050.7593119379878 -277.5472114801407
-1051.5916488406062 -278.740424823761
-1052.0488857862354 -279.8660907268524
-1051.937280946672 -281.28261680603026
-1051.9557446476817 -282.53025991916655
-1052.4718600150943 -283.9740201950073
-1052.6886254933477 -284.73757697343825
-1053.685649791062 -285.81034899950026
-1054.1702307847142 -286.7697500705719
-1054.3226461198926 -288.23836488723754
-1054.163508721888 -289.07264108657836
-1054.42519400388 -290.54974431991576
-1054.161914267838 -291.4929219007492
-1054.4974196639657 -293.13039309978484
-1054.5046040949226 -294.3533718109131
-1055.27001809448 -295.52074975967406
-1055.6387818393112 -297.2598312616348
-1055.8224286970496 -298.8229108572006
-1056.5836051639915 -300.3063767671585
-1056.5438528892398 -301.11659665107726
-1056.5631199118495 -302.6218826293945
-1056.4144296583534 -303.6111009836197
-1057.1135374245048 -304.74730796813964
-1057.7592564758659 -305.3870120167732
-1059.14806019634 -305.5610263466835
-1059.7743781146407 -306.8834130883217
-1060.8005253610015 -307.0432275354862
-1061.7419601020217 -308.3727823317051
-1063.2634003695846 -308.83377034664153
-1064.5294523772598 -308.9968108654022
-1065.720300012529 -309.49833209514617
-1065.9915410515666 -310.94586844444274
-1066.285447472036 -311.4498332262039
-1066.6626304921508 -312.25713832378386
-1066.9576747056842 -312.76756526231765
-1067.196173363626 -313.9916299700737
-1067.8003011879325 -315.31456817388533
-1068.2232513067127 -316.8024810671806
-1067.8745326039195 -318.0367889523506
-1067.7911330845952 -318.8432549357414
-1067.7272348490358 -319.64844186306
-1067.4672274377942 -320.6333873987198
-1068.0837695387006 -321.66385526657103
-1067.957264893949 -322.83436472415923
-1067.867283501923 -323.9442189455032
-1068.660464861691 -325.28377051353453
-1069.2923666027189 -326.5777769804001
-1069.1631003555656 -327.9038688659668
-1069.3298859235645 -329.4359354496002
-1069.5161436137557 -330.7587340593338
-1069.1741073665023 -331.4997604012489
-1069.8504279789329 -333.0278369307518
-1070.3295435544849 -333.8242767572403
-1069.919799053371 -334.54808379411696
-1070.372184985578 -335.2560523867607
-1070.6812037166953 -336.80708540678023
-1071.0195535060764 -338.23856259584426
-1070.7863877800107 -340.09081555604934
-1070.6796741497517 -341.91045571565627
-1070.3416699182987 -343.6631851315498
-1070.0110470664501 -345.15360726118087
-1070.0129933220148 -346.4657894492149
-1070.608522937894 -348.0566576838493
-1070.241563962102 -349.39030290842055
-1070.8330417138338 -351.29623008966445
-1070.2051366430521 -352.7067647099495
-1070.483078764081 -354.5539726138115
-1070.4072723773122 -355.49025876522063
-1069.9854134109617 -356.2396273136139
-1070.5059399393201 -357.42045278549193
-1069.8729157236219 -358.3033166050911
-1070.068168052733 -360.03720713853835
-1069.4608604994417 -361.6019916653633
-1069.5646852862835 -363.354078066349
