-1075.47 -112.7
-1075.104756475687 -114.48787422180176
-1074.9469154191017 -115.76220436096192
-1075.4382100713253 -116.8456505060196
-1075.4385767628253 -118.46629412174225
-1075.497541436255 -119.6164696931839
-1075.5091544029117 -121.42817027568817
-1075.9001863238216 -123.163329911232
-1076.353766554296 -125.11117680072785
-1075.8166931805015 -126.98982436656952
-1075.743341178894 -128.26442296504973
-1075.4730038356781 -129.8269950866699
-1075.897974909544 -131.71131296157836
-1075.811353788972 -133.68659241199492
-1076.0082221341133 -134.34118444919585
-1075.4827711892128 -135.27886242866515
-1076.0249991726876 -136.8309390068054
-1076.561034591198 -138.12874348163604
-1076.560193234384 -139.07347149848937
-1076.7161635395885 -140.5269029855728
-1076.358450436294 -141.77885015010833
-1076.912255191505 -142.99243099689483
-1077.3840720888973 -144.4671661376953
-1077.4569078919292 -145.89890880584716
-1076.6076723572612 -146.99492688179015
-1075.254409455955 -148.4732479572296
-1074.6704120871425 -149.16247446537017
-1074.0627148386836 -150.3482195854187
-1072.9043382641673 -151.34441084861754
-1071.7472135064006 -152.11912192106246
-1070.8916598197818 -151.6276887476444
-1069.0559872028232 -152.25983385443686
-1068.236493909061 -152.43722127079963
-1067.4612938401103 -152.03456456661223
-1065.9786975619197 -152.6079496860504
-1064.5492278572917 -153.18996716737746
-1063.4421172377467 -153.60843346714972
-1062.7135954734683 -152.80673829913138
-1061.6591567632556 -153.0591206371784
-1060.3745889303088 -152.88329578638076
-1059.4357176062465 -153.02989405095576
-1058.0273168322444 -152.9719870507717
-1057.0919728514552 -153.37885625362395
-1056.0085759398341 -153.4797607257962
-1055.2078563806415 -153.39001104682683
-1054.131074154079 -153.11345047205685
-1053.3104207155109 -153.65489137619733
-1052.1732538577915 -153.98158508986234
-1051.4457994934917 -154.3050633713603
-1050.3237236973644 -154.03570405095815
-1048.7914711472392 -153.6876626357436
-1047.461743735969 -153.75397764593362
-1046.0808964011073 -153.43031140118836
-1044.835649752319 -153.886865337193
-1043.3229391810298 -154.23158561140298
-1042.6076535221935 -153.99880959540604
-1041.7208871480823 -154.10959229320287
-1039.872562610805 -154.43120560497044
-1038.6741503116489 -154.2892841592431
-1037.3701355096698 -153.75184672027825
-1035.4392027494312 -153.10172407776116
-1034.3680771228671 -153.55634002834557
-1032.6703658935428 -152.88693772703408
-1030.7236867782474 -153.2558432713151
-1029.2361657258868 -153.3386209577322
-1027.9992467996478 -153.95229357182978
-1027.164250933826 -154.02180357724427
-1026.369968676269 -153.74713226109742
-1025.3468512532115 -153.25759984999894
-1023.8733661410213 -153.4528768107295
-1022.6658933398128 -154.05208182781934
-1021.1977409359813 -154.97280979603528
-1020.353180372417 -155.26314798444508
-1019.6408340570331 -155.87220755666493
-1018.9269924399257 -156.36010063141583
-1018.3982826706767 -156.92678243368863
-1018.3362477061153 -157.8012841388583
-1017.8451566633582 -159.2405718013644
-1017.8743908342719 -160.73900264948605
-1016.9570301708579 -161.68671995848416
-1017.4050998327136 -162.76119417399167
-1016.760669374168 -163.73877025097607
-1016.1496694323421 -165.12384891957043
-1015.714106285274 -166.8865878626704
-1015.3870653149486 -167.7962378308177
-1015.3750892665983 -169.70540321320294
-1015.8622635093332 -171.34089208096265
-1016.4672415342927 -172.8462467238307
-1016.0425348070264 -174.26924014538525
-1015.8459690001607 -175.66190743893384
-1015.8175192189217 -176.8406577154994
-1015.5518313956261 -177.47680491656064
-1016.1389631342888 -178.35061961859464
-1016.2057690557838 -179.96983892172574
-1015.7286379572749 -181.71145946234464
-1015.611480371356 -182.53920585364102
-1015.907027618289 -184.28041750639676
-1016.1945960384608 -185.1253580495715
-1015.9901805979014 -186.52925307005643
-1016.2577078205347 -188.38264710158109
-1015.6892589789629 -190.24297637194394
-1015.5094068658352 -191.54614884108304
-1015.0508394551277 -193.5105605766177
-1014.8223497283459 -194.24589306563138
-1014.7891127106548 -195.95647269934415
-1014.7837620463968 -197.095645968616
-1014.8473716464639 -198.492742960155
-1014.5965286579728 -200.2459191724658
-1014.7125140962005 -202.19478434771298
-1014.5957398203016 -202.8965029761195
-1014.3426283982396 -204.5595605418086
-1014.1281472530961 -205.82926691025494
-1014.721595415175 -207.10160482376813
-1015.4321174708009 -208.73140418976544
-1015.7168630149961 -210.30778563469647
-1016.2374351409078 -211.09222221821545
-1015.9259432938695 -212.22988653630017
-1016.9441097167135 -213.07944739311932
-1017.6355640080571 -214.58678710907697
-1018.8796805527807 -215.43135881870984
-1019.0806429770589 -216.2263075158
-1019.7476375487447 -216.34657922834157
-1020.5299085763097 -217.03345939964055
-1022.1522787001729 -217.30488133877515
-1023.5166314032674 -217.65243080705403
-1025.1091347125173 -217.58674087077378
-1026.7803457167745 -217.33504246622323
-1027.8815793183446 -217.40638590306042
-1029.5440800574422 -217.13586643785237
-1030.6339373973012 -218.14247206300496
-1031.5971751597524 -219.07351151555775
-1033.1853349593282 -219.58481839746236
-1035.0427905705571 -220.00130010098218
-1035.9967592146993 -220.55472773760556
-1037.4370600369573 -221.42413640469312
-1038.1962509539724 -222.31817251890897
-1039.4367584374547 -223.00104451626538
-1040.3723060277105 -224.49460339993237
-1041.3598329213262 -226.28474164456128
-1042.4365547087789 -227.4851775214076
-1043.2345281031728 -229.2206521078944
-1043.6196431306005 -230.932025437057
-1044.288869896233 -231.9010480687022
-1044.6365600016713 -232.8975946947932
-1044.1439003434778 -234.00039911717175
-1043.7930002894998 -234.92543346136807
-1043.3757697430253 -236.43589789122342
-1043.016802200377 -237.22633558958768
-1043.5636880484224 -239.08905953615903
-1043.257222482264 -240.95619565695523
-1043.1605037239194 -242.80420977324246
-1043.2162571039796 -243.88752252310513
-1044.0010728922487 -245.8041818782687
-1044.6358823266626 -247.29048306196927
-1044.6096548058838 -248.87459046095609
-1044.1130808212608 -249.9536553069949
-1044.691986046061 -251.49659640043973
-1044.0397725322098 -252.30243039578198
-1043.6783227541298 -254.01937675923108
-1043.3612135269493 -255.15670955628156
-1043.0642357685417 -256.1396787211299
-1042.9531011053175 -257.7520152375102
-1042.7896227606386 -259.67265153378247
-1043.2583539255709 -261.4142670676112
-1043.330164290294 -263.0792719170451
-1043.3061210580915 -264.9297360226512
-1043.909405715093 -266.79414928406476
-1044.5074496337027 -268.04211855381726
-1044.6875492551178 -269.39866304844617
-1045.4993180253357 -270.51816118210553
-1045.1363138177246 -271.2592293664813
-1045.3604856499285 -273.102659766376
-1045.9872947701067 -274.71941429823636
-1046.3994163938612 -275.56454927176236
-1046.5266843803972 -277.1882186576724
-1046.9740203686804 -278.73790413588284
-1047.175750754103 -280.0729673549533
-1047.0581411638111 -281.37120706290006
-1047.0487941869349 -282.1749003574252
-1046.8879705884308 -283.08012313097714
-1047.0423431315273 -284.6836962148547
-1046.6358312883228 -285.60615689009427
-1046.6711880706996 -287.42312795370816
-1046.453181713149 -288.17769980877637
-1045.8471361690015 -289.5723766133189
-1046.4281000786275 -290.56914228647946
-1046.7511057250947 -291.34835011214017
-1046.9781489365548 -292.85520095080136
-1046.7411814474315 -294.2147076770663
-1045.9882616543025 -295.3101223155856
-1045.330952956602 -296.2156145021319
-1045.7591506385058 -297.87395328730344
-1046.101714148447 -299.3448566839099
-1046.0258167230338 -300.92855185717343
-1045.5498184704036 -302.7789809152484
-1045.221489860937 -303.4980996891856
-1045.719671323225 -305.34355938881635
-1046.2977542423457 -306.91639745682477
-1046.026549621746 -307.94533420056104
-1045.8417568647117 -309.41693139523267
-1044.661230012104 -310.00136250704526
-1043.314109011814 -311.05100864619016
-1042.527675195858 -312.4860915586352
-1041.782439871952 -313.3863453313708
-1040.3155560933799 -313.9367827221751
-1038.4267545186729 -313.7316360220313
-1036.674507065937 -313.6529038891196
-1035.4558197700233 -314.6797300323844
-1034.1007080518455 -315.20483372062444
-1033.1409366571158 -315.47581813186406
-1031.5056739293784 -316.16922435611485
-1030.8308923684806 -316.54259816259145
-1029.6827853166312 -317.7566610917449
-1028.566978140995 -319.2934495553374
-1027.1618601524085 -320.4838738784194
-1026.1150036298484 -321.2513910278678
-1025.1630565368384 -322.48020479530095
-1024.3640172921866 -323.3657593473792
-1023.9212091409415 -324.69904503673314
-1023.5653434240073 -326.1353455528617
-1023.4796216630191 -327.24604329913853
-1022.8249923729152 -328.6398848041892
-1022.3012387298793 -329.8431924328208
-1022.1322476708144 -331.545499061048
-1022.5499417924136 -332.74616954177617
-1022.4258478500694 -333.86770043224095
-1022.7968944825977 -335.544366453588
-1023.1150971271843 -337.0402947410941
-1023.3858452358097 -338.58458278030156
-1023.2727247395367 -340.42455217689275
-1023.0966679968685 -342.21736786216496
-1023.3466786064953 -343.9213495001197
-1023.0525439300388 -345.2575310215354
-1023.4696113982052 -345.93369123786687
-1023.6605726399273 -347.540341232717
-1024.0401436009258 -348.4676905617118
-1023.4793454923481 -349.75656530708073
-1023.2386310317368 -350.7883531793952
-1022.686221800074 -352.4236697897315
-1022.687178208055 -353.8998466476798
-1023.3493027822394 -354.9693674787879
-1022.7667231099028 -356.60860655158757
-1022.1953979269881 -357.6173482879996
-1022.4494073824305 -358.37428305000066
-1022.8925338820834 -359.0387645706534
-1023.5491716102977 -360.01601693481206
-1022.9162102774997 -361.7537262186408
-1022.5281395451445 -363.55489704459904
