-1075.47 -112.7
-1076.0349645328522 -113.55961377620697
-1076.5236943674088 -115.21126766204834
-1076.112926454544 -115.86245973110199
-1076.3374470335245 -116.52342064380646
-1076.545200483203 -117.27548642158509
-1076.8602149051428 -118.272121322155
-1076.3660736244917 -119.91643263101578
-1076.176928536296 -121.12482954263687
-1075.766144708991 -122.9561576962471
-1075.6256715071202 -123.77726174592972
-1075.2836018812657 -125.18531371355057
-1075.6315126729012 -125.9675067782402
-1076.2981428813935 -127.44241977930069
-1076.7727172982693 -128.4858708500862
-1077.182673932314 -129.95037270784377
-1077.2993563723564 -131.49940325021743
-1077.2873668533564 -132.56798053979873
-1076.852225945592 -133.66190685033797
-1076.1954620343447 -135.59009469747542
-1075.5870468479395 -136.42902286052703
-1075.7191142749787 -137.37666101455687
-1075.604371995926 -138.4147933244705
-1075.9164006125927 -139.03372062444686
-1076.2598833453656 -139.84267951250075
-1075.770514549017 -141.48614538908004
-1075.3777967107296 -142.99854172468184
-1075.7206304085255 -144.1055681824684
-1075.277476848364 -145.55395926237105
-1075.9761348378659 -147.24572230577468
-1076.0327406388521 -148.16696633100509
-1075.6747213166952 -149.29679216146468
-1075.3272911471129 -150.52739692926406
-1075.1534916621447 -151.56880534887313
-1073.9526125651598 -152.12284858226775
-1072.8166027528048 -153.3356267929077
-1072.1939722758532 -153.9065638899803
-1070.316378043294 -154.22563187479972
-1068.9933513861895 -153.94822720885276
-1067.968848631978 -153.8193055808544
-1066.2649015647173 -153.6343232512474
-1065.3239119511843 -154.31925703287123
-1064.0144622784853 -154.57942245602607
-1062.7872217160464 -154.19061024188994
-1061.9965646725893 -154.9591242790222
-1060.4988611203432 -155.3205275952816
-1059.6478511554003 -155.16763160824775
-1058.600275323987 -154.9093403339386
-1056.7455041867495 -154.7990242063999
-1055.9910311561823 -154.78561107516288
-1055.0822818142176 -154.75930158495902
-1053.5270162683726 -154.6436020553112
-1052.1245497328043 -154.53923086524009
-1051.1589051944018 -154.76147590279578
-1049.4854761821032 -154.887114238739
-1048.301410959363 -155.20115597248076
-1047.115938590169 -155.1027664065361
-1046.5320215684176 -155.13872401118277
-1044.7762957078219 -155.54500908851622
-1043.1060237151385 -156.09619600772857
-1041.5961812001467 -156.79247624874114
-1040.2178591948748 -156.76075489521025
-1039.4242134553194 -156.29336292743682
-1037.676327393651 -157.1491375684738
-1036.250505374074 -157.2557124763727
-1034.9465439778567 -157.01924188137053
-1033.0503719311953 -157.54859216213225
-1032.4133311372996 -157.63546487390994
-1031.3186503511668 -157.36252462565898
-1030.4053114515543 -157.03810015022754
-1028.5805708032847 -157.59565356075763
-1027.0114501577616 -157.95491012632846
-1026.1042592388392 -158.38362705409526
-1025.4601665002108 -158.5160083144903
-1023.5960755807162 -158.735873696208
-1022.9719336491823 -159.2687171667814
-1021.7155848008395 -160.26820730865
-1021.0510974389315 -161.39788579642772
-1019.9310774070025 -162.25469195544719
-1018.7463795405627 -163.53873312175273
-1018.4957840901614 -164.0897771090269
-1017.8705608707667 -165.282309409976
-1017.7328536522389 -167.179633256793
-1017.087259413004 -168.39640569388865
-1016.3949511063099 -169.28063481748103
-1015.91089615345 -170.12044197022914
-1016.4492445898056 -171.14537375867366
-1016.2278163444996 -171.76703446805476
-1015.5102911603451 -173.6251904338598
-1016.1498203289509 -174.41002422273158
-1015.4659517419338 -175.98221808373927
-1014.9906936299801 -176.80359178483485
-1014.4499360334873 -178.19826310575007
-1014.8059933793545 -179.0776676505804
-1015.207651437521 -180.14744597375392
-1015.6170791399479 -181.13966375291346
-1016.0423163485527 -182.67891829907893
-1015.9078513544798 -183.41889947354792
-1015.2438863676787 -184.61935227811335
-1015.268685964197 -186.101594504714
-1015.1822240029276 -187.8358817666769
-1014.9460069511831 -188.59586858451365
-1015.5174512241781 -189.4026397436857
-1015.29564054057 -191.09313964545726
-1015.5173482273519 -192.4648328989744
-1015.3638527069986 -193.3062614172697
-1015.8903628264368 -194.46598326861857
-1015.3297366772592 -195.81622695624827
-1015.940435615629 -197.43837988078593
-1015.427855399698 -198.1976529330015
-1015.3036896561086 -199.7665771216154
-1015.0486722563207 -201.12530255019664
-1015.0790728603304 -201.94886135756968
-1015.148097229451 -203.1598499983549
-1015.2756533448398 -204.83124327361583
-1015.3853556786478 -206.2737756937742
-1015.3057296548784 -207.2534735172987
-1015.1478402887285 -208.578451988101
-1015.6984043394029 -209.95254981219767
-1015.6884787383303 -211.05404150187968
-1015.3572918477282 -211.82799255549907
-1015.2986626627669 -212.88593864142894
-1016.3712489607558 -214.05440115630626
-1017.4824417832122 -215.4915742844343
-1018.0049797299132 -216.29288810193538
-1019.1678272488341 -216.42661827504634
-1020.9717037680373 -217.1230571836233
-1022.9090940954909 -217.16410550177096
-1024.5214979651198 -217.7148533731699
-1025.5119082930312 -217.78350294828414
-1026.608015656732 -217.3405209302902
-1027.488307059072 -217.71908475160598
-1028.5864616039023 -218.2759873986244
-1030.0741263034568 -218.870690536499
-1031.979213774465 -218.54543365240096
-1033.6770754459128 -218.68519195616244
-1035.1645352246985 -218.81925752460955
-1035.7438285949454 -218.88309940397738
-1036.3145509364829 -218.84089472591876
-1037.0300236346945 -219.17386209666728
-1037.4628442528472 -219.4925094515085
-1038.0970654490218 -219.99098300635814
-1039.3691368105635 -220.99892854392527
-1039.7631010117755 -222.06259846389293
-1040.5777720513568 -222.89797186553477
-1041.7833577695117 -223.85021280944346
-1042.3748566808924 -225.40288233458995
-1042.4186412396655 -226.3754626482725
-1042.5846565070376 -227.0045782893896
-1042.5740300121531 -227.73351752460002
-1042.7095228883252 -229.42458927333354
-1043.462614700459 -230.8132251471281
-1043.2231938394532 -232.129139778018
-1042.7660100015626 -232.9914649695158
-1042.6216388794408 -234.8877483576536
-1042.5559055658803 -236.41951095759867
-1042.7588797810301 -237.40024369657039
-1042.5004695954547 -239.20230227410792
-1042.923893958591 -239.99206173121928
-1043.398919970058 -240.9551256865263
-1043.7880744638667 -242.6069534987211
-1044.0538642707095 -243.37984859645366
-1043.6572947802767 -244.3125131100416
-1043.8992464246974 -245.90021693408488
-1044.2862985434756 -246.87893509566783
-1044.8285458388552 -247.85175686776637
-1044.674296558164 -249.54912906587123
-1044.4680375012383 -251.33786469399928
-1044.4240522461757 -252.2363625138998
-1044.1333521383629 -253.4382805198431
-1043.677976735197 -254.6333249181509
-1044.2097112017498 -255.8269281953573
-1043.8730716782436 -256.9165527194738
-1044.4027981239185 -258.5275751918554
-1044.8208530026302 -259.18894529044627
-1044.9781883138046 -260.6660085886717
-1044.813405998312 -261.8387387961149
-1045.1660822110996 -263.05513119399546
-1044.8086351531372 -263.79619395434855
-1044.302319564186 -264.6910682886839
-1045.1611192601547 -266.49319171607493
-1045.2384748535976 -267.45572864711284
-1045.2568739617989 -269.25209557712077
-1045.269525259994 -270.35198342502116
-1044.9559068682418 -272.0212968558073
-1045.5199316146598 -273.15120887458323
-1045.7317718866095 -274.5642870634794
-1046.1788630786166 -275.61822580993174
-1046.6193444135413 -276.8551955193281
-1046.4157794418559 -278.1584682434797
-1045.972034693025 -278.82353692948817
-1045.6360263529048 -280.26887029111384
-1045.298686236404 -281.3497862190008
-1044.8667685094103 -282.4916992753744
-1045.3373134138808 -283.6177217334509
-1045.271062106155 -284.51549428403376
-1045.4692336323485 -285.7892755836248
-1046.0567215683684 -287.07344478070735
-1046.148571796976 -288.66969769895076
-1046.7386198716983 -289.9075472921133
-1046.0400999265537 -291.7146337598562
-1046.3487168925628 -293.21221571862696
-1046.1704309063778 -294.41480558812617
-1045.9801524656639 -296.37340014874934
-1045.8103140371666 -297.614537653327
-1045.4850313740596 -299.48134201467036
-1045.7735982912407 -300.2747901648283
-1046.1236277895794 -301.0714384883642
-1045.8766578811035 -302.2593330711126
-1046.4491842764244 -303.06487577855586
-1046.093244500719 -304.04950809180735
-1045.6280431228504 -305.12972902953624
-1045.0883517342434 -305.9328618019819
-1045.484015830122 -306.5571200221777
-1045.4385118487105 -307.320321854949
-1045.0699431004748 -307.94017380177974
-1044.6423256697879 -309.7116233676672
-1043.4724605384097 -310.404048499465
-1043.4421494307742 -311.2355601161718
-1042.8265374603495 -312.6608659595251
-1041.0407820644602 -312.8568638831377
-1039.9871757927165 -312.97137607336043
-1039.1449820699916 -312.7309349000454
-1037.6140343847499 -313.3880992949009
-1036.8639888468012 -313.82815764546393
-1035.3124332132563 -314.65728024840354
-1034.5432192387805 -315.29944316744803
-1033.5192197861895 -315.1039105772972
-1032.494649082683 -315.3355715095997
-1031.2756365838275 -316.0195123374462
-1029.8470837178454 -316.740516346693
-1028.9484416547045 -318.350130957365
-1028.3231069150195 -319.44967607855796
-1028.0517824592814 -320.25423125624656
-1028.1042247119174 -321.0376627266407
-1027.6625835898146 -322.78849933743476
-1027.622967675589 -323.86208961606025
-1027.2621126326546 -324.83618025183677
-1026.8787202390656 -326.7472078025341
-1026.9107954802737 -328.44213501811026
-1026.7605300399289 -329.81953648924826
-1027.1809154602513 -330.81837419867514
-1027.5026895257458 -332.03152493834494
-1027.4441964777932 -333.4912822663784
-1026.7412485631928 -334.4545891702175
-1027.0241719635949 -335.88659421801566
-1026.2303290518746 -337.64316002726554
-1026.194726720713 -339.40710322260855
-1025.4162172826752 -340.422400277853
-1025.3094780298695 -341.2022802054882
-1024.6743722411618 -343.0031061589718
-1024.175894513987 -344.1619651734829
-1023.4737336787209 -344.9108617722988
-1023.3695367055759 -346.6085781276226
-1023.7870334463939 -347.2725328028202
-1023.4445690589771 -348.5905028402805
-1023.9197228926048 -349.6087988436222
-1023.4436472731456 -350.76108596920966
-1023.487269580625 -352.0756027519703
-1024.066362440847 -353.2751872360706
-1024.4286246600375 -354.5857879936695
-1023.972966224216 -355.43133876919745
-1024.4188333156333 -356.6411108791828
-1023.6821135881171 -358.0453952372074
-1023.3696353438124 -358.8405395567417
-1023.2560946794972 -360.1182749092579
-1023.6243668052182 -361.1164753258228
