-1075.47 -112.7
-1075.507168070674 -113.74773473739624
-1075.2668538701535 -114.92490060329438
-1075.5953824830056 -115.8588518023491
-1075.5592943441868 -117.63310576677323
-1075.8812990796566 -119.33328963518143
-1075.7976857212186 -120.77882577180863
-1075.716894158423 -122.37226964235306
-1076.056296506226 -123.98835016489029
-1075.6529139366746 -125.32042671442032
-1075.4863058564067 -126.34813786745072
-1075.6498571273685 -127.40271855592728
-1075.6239723295719 -129.01386917829512
-1075.2154625684768 -130.3074815392494
-1075.5392184288055 -131.3878836750984
-1075.8745346397907 -132.63555337190627
-1076.0307916731388 -133.92802239656447
-1075.761140915826 -135.0536893725395
-1075.9742872596532 -136.6718055129051
-1076.1418843299896 -137.4697792649269
-1075.5344253809005 -138.65121735334395
-1076.0101696879417 -140.6076604247093
-1076.3020172149688 -142.027928006649
-1076.2715291821212 -143.19936240911483
-1076.2641267695278 -144.56076527833937
-1076.7502152838558 -145.7498496890068
-1076.7058675953 -146.6799695611
-1076.8661711283773 -147.93026996850966
-1076.5853012569994 -148.7891105532646
-1076.2669220932573 -149.9509403824806
-1075.6800699599833 -151.36542655229567
-1074.7689374455065 -152.7383488535881
-1074.2242085107416 -153.15981392264365
-1072.7315305837244 -154.15287033915519
-1071.0399754413218 -154.2319057703018
-1070.0822376378626 -154.41203532814978
-1068.7239512570948 -154.5780935704708
-1067.6886725791544 -154.75594059824942
-1066.1158327230066 -155.29636691212653
-1065.2521214850992 -154.9934191226959
-1063.9302327998728 -155.63272185325621
-1063.0502537854761 -156.2947663784027
-1061.8374101289362 -156.60308907628058
-1060.1634215482325 -156.29004938602446
-1058.946468866691 -156.83259440660476
-1057.651708758697 -156.44121010303496
-1056.0586707957834 -156.8371042728424
-1054.2939403422922 -157.15917296409606
-1052.564213431701 -157.54073728322982
-1051.531693733558 -157.38727172911166
-1050.2918243774027 -157.6236092120409
-1049.277567184791 -157.78252495527266
-1048.5101852782816 -158.11811448335646
-1046.75303081356 -157.8569576859474
-1045.8763916858286 -158.05471954941748
-1044.6287198432535 -157.9829612493515
-1043.0523404248804 -158.5173930644989
-1042.331623113975 -158.0242566883564
-1041.423089779243 -157.63637660145758
-1039.9677400954813 -157.64872656464576
-1038.6269454129786 -157.78219633996486
-1037.7248242267221 -157.33652031123637
-1036.6323707469553 -157.33567231595515
-1035.5832406648249 -157.59379765093325
-1034.1039809354395 -157.18201183974742
-1033.163399971351 -157.6808626025915
-1032.3486472734064 -158.29111504256724
-1031.4159934290499 -158.50804961919783
-1029.9420826204866 -157.99940634965895
-1028.7664388187975 -158.12317256331443
-1027.3378106125444 -158.51857937574385
-1025.6988410719484 -158.72005249261855
-1024.3780723579973 -159.7663987994194
-1023.0828175314516 -160.30785388946532
-1021.8317311771959 -161.48253817558287
-1020.2854155071825 -162.54698140621184
-1018.9947123297304 -163.53569180965422
-1018.4479829438776 -164.79463918209075
-1017.6168053516001 -166.30192203521727
-1017.3720050372929 -167.997479391098
-1016.7848787822575 -168.8476912498474
-1016.3050399937481 -170.7104441642761
-1016.2654888623208 -172.1384387731552
-1015.950182049796 -172.879221868515
-1016.3019409471005 -173.7624920129776
-1015.8300102048368 -175.62854917049407
-1015.6431260400266 -177.3637703180313
-1016.2074173980207 -178.92886848449706
-1015.5159410529584 -179.58627940416335
-1015.041452466771 -181.2807963013649
-1014.5773296349496 -182.05723280906676
-1014.4546180658788 -183.21975750923156
-1014.485114499256 -184.81433911323546
-1014.2866393917054 -186.55370743274688
-1014.1391183727235 -188.32960803508757
-1013.879096358344 -189.74062688350676
-1014.2015120678395 -191.21731181144713
-1014.5529028468579 -192.87758536338805
-1014.2716822915525 -193.61576641798018
-1014.6208777122945 -194.5466870188713
-1015.0075175755471 -195.68228698968886
-1015.470633565709 -197.09794999361037
-1015.190940200612 -198.53976286649703
-1015.5277972214669 -199.90849293470382
-1015.092260896489 -200.88472176790236
-1015.6652341478318 -202.7326777100563
-1015.830558224842 -203.76216460466384
-1016.0959856354445 -205.43323410749434
-1016.0304536961764 -207.30368090867995
-1015.8309104137868 -208.41107631921767
-1015.5392188125104 -209.94343663454055
-1015.522309429273 -210.65809286832808
-1015.1941104599089 -212.52066851854323
-1016.0818389125914 -213.48832072019576
-1017.0310297676176 -214.5413502573967
-1017.818575508222 -215.6115404486656
-1018.8724306889624 -216.23689843416213
-1019.9324673482031 -217.3415700316429
-1020.8402971097082 -218.11762632131575
-1022.3887475796789 -218.84043831825255
-1023.2401322790236 -218.74270207136868
-1024.1172612973303 -219.0607929572463
-1025.5232120820135 -218.97334731072186
-1027.4419528313726 -218.84397650212048
-1028.5644917555899 -218.71289885491132
-1029.7035628625006 -218.82715618312358
-1030.7697798081488 -218.76908562779425
-1031.5284954377264 -219.15811036229132
-1032.5892745324225 -218.95840640068053
-1034.0217657157034 -219.53032011985778
-1034.7487337657064 -219.89192990660666
-1036.6319810219854 -219.97725273370742
-1037.3990233608336 -220.52245856523513
-1038.1182808347792 -221.39401842355727
-1038.9036677547545 -221.87913943529128
-1040.286347932443 -222.55049843788146
-1040.7964679666609 -223.7919017791748
-1041.1307002075762 -224.99723107814788
-1041.5342755385489 -225.64934821128844
-1041.862383730039 -226.75555272102355
-1041.8635269769281 -227.72688443660735
-1042.5076316364855 -228.93412334918975
-1043.0844447978586 -229.6900653362274
-1043.6319371827692 -231.44242305755614
-1043.6186439164728 -232.95895977020263
-1043.83318567954 -233.9803030014038
-1044.1172334917635 -235.38811333179473
-1043.7746892043203 -236.2512977838516
-1043.3426056274027 -237.8228071451187
-1043.0644331344217 -239.16252286434172
-1043.2302499779314 -240.88519747257232
-1043.0630529441685 -242.41157896518706
-1043.8560743846745 -243.1117287993431
-1044.0541786172241 -244.08605481386184
-1044.2931428768486 -246.00822020769118
-1043.7375323393196 -247.68238486051558
-1044.402747533545 -249.38646091222762
-1044.4591438242048 -251.07238615751265
-1044.3408003666252 -251.94721401929854
-1044.5926395275444 -253.02541221380233
-1044.9883845367283 -254.4175034880638
-1044.976237814203 -255.51958144903182
-1044.4225296781212 -256.8571803689003
-1044.5660834715516 -258.1366047978401
-1044.6714477495104 -259.73698831796645
-1044.7279483408481 -261.00380910634993
-1044.6900765926391 -262.8171186566353
-1045.1814432174713 -264.6258409142494
-1045.0277204544097 -266.02253342866896
-1045.1016337082535 -267.3966785788536
-1045.6406097815186 -268.846802008152
-1045.1303413317353 -270.1242666363716
-1044.9100968346745 -271.44531680345534
-1045.2399709627778 -272.68010009527205
-1045.2084317088872 -274.2163519978523
-1045.1989685625583 -275.20157994031905
-1045.5726740092784 -276.4095732092857
-1045.6404199481756 -277.53934289216994
-1045.7707356841117 -278.4403762936592
-1045.4221558899433 -280.1396530985832
-1045.5252233923227 -281.3807181239128
-1045.3494116545469 -282.2547085404396
-1045.843529450968 -283.6875300526619
-1046.207000869587 -285.2264385342598
-1045.8668418408186 -286.38159490823745
-1045.2175771475584 -287.20237149000167
-1044.9349645555765 -288.910136115551
-1045.3975347162038 -290.45486451387404
-1045.7843661487848 -291.9895213961601
-1045.2182612598688 -293.3971061825752
-1045.4551716626436 -294.89683200120925
-1045.0175194621831 -296.2349522233009
-1044.8135799200088 -297.8797962784767
-1044.6368682266027 -299.5347559571266
-1044.753333176747 -300.40352166891097
-1045.1135902360827 -301.68292034864425
-1045.0861193717271 -302.99827469587325
-1044.86683531411 -304.88012207746505
-1044.9707636416704 -306.28236068487166
-1045.2178262800724 -307.7875180363655
-1044.6816286177188 -308.8476098895073
-1044.3442699641735 -309.9297559380531
-1043.5525853962451 -311.5687270283699
-1042.7466008991748 -312.24405081272124
-1041.4784894318134 -313.5279217481613
-1040.1678797335178 -314.0376203775406
-1038.9456581205875 -314.6502757191658
-1038.2641855806858 -314.9530428767204
-1037.165316137746 -314.85229806303977
-1036.1174532503635 -314.9845122516155
-1034.7579620213062 -315.7592257082462
-1033.8902346224338 -315.7772594511509
-1032.5710437626392 -316.0872227370739
-1031.6116174191982 -316.9003121078014
-1030.7672329873592 -316.7871149599552
-1029.420122954324 -317.400850635767
-1028.5738407105953 -318.24800513386725
-1028.2927906841785 -319.67562673687934
-1028.0832639516145 -320.80485354065894
-1027.5163808644563 -322.41798768639563
-1026.8381162465364 -323.93476710915564
-1026.4761350036413 -325.5253343403339
-1026.3596343950182 -327.3527252495289
-1025.8152707771212 -328.2655862390995
-1025.315017457381 -329.1081288874149
-1025.5571863607317 -330.5191956579685
-1025.5759584785253 -331.34057967066764
-1026.1096651435644 -333.1401198327541
-1026.128059468493 -334.75596527457236
-1026.0770906650275 -335.47715268731116
-1026.1275800012797 -336.47366200089454
-1026.235930665657 -338.3337331831455
-1025.5660543286056 -340.1622904360294
-1025.2773529135436 -341.3042868196964
-1024.363324090168 -343.1111794531345
-1023.8519149266929 -343.93284009099006
-1023.8640505217761 -344.95938621163367
-1023.0719229721278 -345.81111363768576
-1022.8466542952508 -346.63415507674216
-1022.3437879674882 -347.6318649470806
-1022.2781124853343 -349.50508944392203
-1022.2716260769218 -351.02839891314505
-1022.0934540101141 -352.21095661520957
-1022.4131805666536 -353.7994540154934
-1022.3106845983118 -355.0981063067913
-1022.0790996023268 -356.07702390551566
-1022.3224974789471 -357.04529241919516
-1022.2095640071482 -358.7227061212063
-1022.4515210457891 -359.6383281171322
-1022.3251721032709 -360.8058239638805
-1022.8043607243151 -361.61917821764945
-1022.6314989098162 -363.38761655688285
