-1182.81 -312.31
-1184.4003596878051 -312.41023944079876
-1186.216188249588 -312.4782431548834
-1187.2538610076904 -312.98222295701504
-1188.2970753288268 -313.1073864078522
-1189.5027423477172 -313.15078119695187
-1190.617881951332 -312.9684172099829
-1191.6236831521987 -313.2397912865877
-1192.357784924507 -313.58735956013203
-1193.2013197517394 -313.1125901466608
-1194.542863664627 -313.4101491099596
-1195.7264119958877 -313.6603788560629
-1196.3650389885902 -313.47589054465294
-1197.5687394118308 -313.90355288743973
-1198.3772894120216 -314.8893403983116
-1199.0452882027625 -315.6875627017021
-1199.1921790218353 -317.3435254073143
-1199.0426106727123 -318.27995282173157
-1199.7199691808223 -319.80117386341095
-1200.5676112449169 -321.2360673522949
-1200.768826109767 -323.1365793323517
-1200.3876981860399 -324.8593178367615
-1200.4557680314779 -326.24826377391815
-1200.462973011136 -326.9843049621582
-1200.8469995981454 -328.40060883522034
-1200.940889877677 -329.59278481960297
-1200.9208616441488 -330.8652234649658
-1201.5151734775304 -332.3892931318283
-1201.3457556045055 -334.2541088438034
-1201.410535929203 -336.12546926498413
-1201.2644074982404 -337.98874121665955
-1200.8254188722372 -339.82801455020905
-1201.1417589014768 -341.4986180639267
-1201.2479641264677 -342.8411213731766
-1201.211835516095 -344.08031898498535
-1201.4870216375589 -345.70549112319947
-1201.4223708486556 -347.4661920642853
-1201.6811397349834 -348.23811864614487
-1201.0409062182903 -350.1267549967766
-1200.1639051115512 -351.3341580605507
-1199.9522298550605 -352.20874690771103
-1199.8061589425802 -352.9608269906044
-1199.5204629725217 -353.88146084308624
-1199.2385417348146 -355.5060657835007
-1198.6724383956193 -356.64265805244446
-1198.453542677164 -358.46568017959595
-1198.391337839365 -359.4281820631027
-1198.5614292001724 -361.1970232105255
-1198.6263016289472 -362.14309614658356
-1198.8946931785345 -363.4705373620987
-1198.6807959800958 -365.1113803958893
-1198.7938823229074 -366.4591495370865
-1198.4604007428884 -368.25386446475983
-1198.3772681629657 -369.9345528459549
-1198.3960936939716 -371.50731295108795
-1198.0354213690757 -372.32989233493805
-1197.7715152180194 -373.96946900844574
-1197.919092414379 -375.7029172754288
-1198.1553191667795 -377.5781028842926
-1198.2308751171827 -379.4167051887512
-1198.298378278911 -381.07032161712647
-1198.6960416933894 -382.0179339027405
-1198.802729909718 -383.5298188304901
-1198.5325464954972 -384.3543115234375
-1198.3108556172251 -385.3354453420639
-1198.5994369289278 -386.92216366291046
-1199.0119174620509 -388.39174872398377
-1198.4472613832354 -389.35417937994004
-1198.2656733742356 -391.0361102795601
-1198.8514019599556 -392.1734402155876
-1199.1388445547223 -393.2003173804283
-1199.0076012066006 -394.4852923130989
-1199.0933148315548 -395.9696581339836
-1199.329452355802 -397.24338638544083
-1199.414500181973 -398.0219171023369
-1198.9932152679562 -399.84769558668137
-1198.6418308368325 -401.5865433192253
-1198.4706127396225 -403.0211524939537
-1198.267408733666 -404.6345821595192
-1198.4949325075745 -405.8642523264885
-1198.5052943727374 -406.79168355226517
-1199.0799283286929 -408.4936012005806
-1199.517974486053 -410.22338545084
-1199.7165340682864 -411.1920076584816
-1199.424626429975 -412.1985529637337
-1199.2142680487036 -413.7860358929634
-1199.5927040180563 -415.54937946558
-1200.0351945659518 -417.32796513795853
-1200.415085991323 -419.0175052857399
-1200.1425727209448 -420.1490397429466
-1199.6701360544562 -421.01828688144684
-1199.8570566228032 -422.3264304971695
-1200.4239293387532 -423.8681167936325
-1200.3946545249223 -425.6553596830368
-1200.2566984570026 -427.2606403207779
-1200.2972112572193 -428.34897762298584
-1200.6168231642246 -429.5914419269562
-1200.0373510992526 -430.62102335453034
-1200.1000323942303 -432.2021459913254
-1200.5433621457219 -433.7006546831131
-1200.1136814704537 -434.7454113340378
-1199.6179857006668 -436.23016792297364
-1200.0587944737076 -437.2739687538147
-1199.4858240237832 -438.9337872838974
-1199.810877507031 -440.73436957359314
-1199.475562994778 -442.5437543964386
-1199.8959372392296 -444.00594037532807
-1199.638349597752 -444.8993807411194
-1199.6902305087447 -446.5295303440094
-1199.8858297666907 -447.2924419617653
-1200.4257617792487 -448.40959441423416
-1200.545193811357 -450.1594992852211
-1200.7878069332241 -451.6467550969124
-1201.223383550942 -452.3371359682083
-1201.7803221991658 -454.17114716529846
-1201.3859866014122 -455.78911381721497
-1202.0668736448883 -456.70704686403275
-1201.6632489910721 -458.10732698202133
-1201.2813709130883 -459.8836829638481
-1201.5143102160096 -461.3953083729744
-1201.4825541576743 -462.3418262577057
-1201.2064793905615 -463.8643885231018
-1201.6131884357333 -465.7771206474304
-1201.371768271029 -466.614101228714
-1201.508690392077 -468.0378211116791
-1201.888619427979 -469.5162714099884
-1201.4504273286461 -470.7717124795914
-1200.7911097159981 -472.06831604003906
-1200.4365312805771 -473.51839047431946
-1199.4048447361588 -474.53936725616455
-1198.2233621826767 -475.2110859131813
-1197.0050340643525 -475.75402092695236
-1195.96296343714 -475.82096177101135
-1194.630079125464 -476.6117535209656
-1192.8161264410614 -476.29984548449517
-1191.056233023703 -477.0119192278385
-1189.261082266867 -476.77761053800583
-1187.4927929392456 -476.9578732228279
-1185.5792736759781 -476.93742188572884
-1183.7908757677674 -476.9103667265177
-1182.3104192963242 -476.65416638314724
-1180.7355053177475 -476.53780050337315
-1179.9143286696076 -476.9019136852026
-1178.4338919869065 -477.58800337970257
-1176.78345880419 -478.10617635905743
-1175.7100820294022 -478.23543610930443
-1174.9029919853806 -478.0022450065613
-1173.9091829410195 -477.87976867467165
-1172.5501318326592 -478.18326476722956
-1171.235143815577 -478.8087010732293
-1169.352730666697 -478.2672540894151
-1167.9425756087899 -478.1870330622792
-1166.0356713882088 -478.35792553931475
-1164.6537102809548 -478.57772347837687
-1162.9944264045357 -478.7443248680234
-1161.5164034715294 -478.6229342570901
-1160.3659170022606 -479.1173998168111
-1158.7272755256295 -478.95705408364535
-1156.848737155497 -478.3865132382512
-1155.070405279696 -478.1660064509511
-1153.9390397420525 -478.6349541297555
-1152.1209285607933 -478.3535858145356
-1150.4781853309273 -478.75878897815943
-1148.7762073627114 -478.6871981596947
-1147.3295112004876 -478.9326931363344
-1146.540723120272 -479.306548846364
-1145.022324000895 -479.2805897271633
-1143.980074082911 -478.81069496035576
-1142.5636544576287 -478.6823720610142
-1140.940177117884 -478.0030618584156
-1139.306023632586 -477.7590837454796
-1138.3196176043152 -477.5189526504278
-1137.0987121811509 -477.77779526770115
-1135.4802860966324 -478.07970310509205
-1134.141042446196 -478.268477512002
-1132.6877121677994 -477.9346587783098
-1131.501323556006 -477.3607052689791
-1130.4549932232499 -477.11393294990063
-1129.0373922339081 -476.89480118215084
-1127.1175667992234 -476.93314715981484
-1125.742269014418 -477.1437194174528
-1124.8424025526642 -476.96387009084225
-1123.2579298964142 -477.19297522068024
-1121.963219498694 -477.36523732304573
-1121.0613771429657 -477.7070627784729
-1119.8523733368515 -477.6011639213562
-1117.8864347687363 -476.9540573334694
-1116.7778986445069 -477.0107150873542
-1115.7441638460755 -477.2535307458043
-1114.617780303061 -477.00856856018305
-1113.334913944304 -476.9211662685871
-1111.8678571930527 -477.37481006741524
-1110.0026740780472 -477.6391041254997
-1109.1000299802422 -477.7470966181159
-1107.8092698207497 -478.09971811383963
-1106.5514979711174 -478.5469710728526
-1105.193298613131 -478.9549476107955
-1104.1805675378441 -478.39571787923575
-1102.5362905612587 -478.17524241417647
-1100.629030381739 -478.423240249455
-1099.0495069375634 -478.41360553860665
-1098.0098914256691 -478.0636554336548
-1096.6280072084069 -477.43734258174896
-1095.6523147574067 -477.67261382699013
-1094.7638746252655 -478.1246202862263
-1093.3968131294846 -477.8141877925396
-1091.8823339691758 -478.1487195765972
-1090.659770821631 -478.29763678967953
-1089.3067853203415 -477.823743981719
-1087.9806096306443 -477.99564976751805
-1086.5836297026276 -477.92260733753443
-1084.8894053450226 -478.25995365291834
-1083.0781534662842 -477.95775789529085
-1081.8649615994095 -477.79762429505587
-1080.3903567543625 -477.84325801715255
-1079.0376156321167 -477.71599643811584
-1077.2296751490235 -477.4648358760774
-1075.7630648365616 -476.92635267362
