-1182.81 -312.31
-1182.7308923578262 -311.5838653421402
-1182.2970744645595 -310.8063221549988
-1181.2251233136653 -309.8322743153572
-1180.3409687554836 -309.0045713162422
-1179.6186042702197 -308.61612993240357
-1178.2771740829944 -308.05231493473053
-1177.277731565237 -307.0022082901001
-1176.1731336390972 -307.0847905552387
-1174.2757735526561 -306.9310684031248
-1172.8804806745052 -307.06327245891094
-1171.6791824376583 -307.34399305045605
-1170.7601183927059 -307.07110069453717
-1169.8056758916377 -306.4214258021116
-1168.186367777586 -306.65202636778355
-1166.8524885451793 -306.3958547836542
-1164.9347979104518 -306.5628255134821
-1163.1623450791835 -306.54237320780754
-1161.573675659895 -305.7678468501568
-1160.2187170064449 -305.54662696778774
-1159.083456543684 -305.7116700834036
-1157.3937417542934 -305.26424742996693
-1156.11771073699 -305.7942599183321
-1154.3245927369594 -305.04520632088185
-1152.91405883193 -305.29941035568714
-1151.3005022084712 -305.80306793510914
-1149.627015260458 -305.2697239047289
-1148.4078760421276 -305.4264408028126
-1146.6784839904308 -305.9540285742283
-1145.0115980184078 -306.0660934275389
-1143.080630210638 -306.8681045001745
-1142.0574590241908 -306.7384946471453
-1140.4307722127437 -307.0035487538576
-1138.571373847723 -307.2265870398283
-1137.723091033697 -307.7781820124388
-1136.1833322322368 -307.5971038764715
-1134.5312717235088 -308.3197305625677
-1132.710738209486 -308.431813647449
-1131.1303227221965 -308.76815547555685
-1129.9783975160121 -308.8131446926296
-1128.4016197001934 -309.4669041721523
-1126.8026358163356 -309.1120781390369
-1125.8314998424053 -309.3701303987205
-1124.4895836389064 -309.4158508269489
-1123.6269879615306 -308.85218078777194
-1121.871259239912 -308.17358727142215
-1120.4813359057903 -308.0471619157493
-1118.847606447935 -308.0549518851936
-1117.9545686519145 -307.88830215618015
-1117.0489636933803 -308.04539547249675
-1115.8046876466274 -307.41025141760707
-1114.941391197443 -306.9672504453361
-1113.3305574333667 -307.1222405074537
-1111.9920082962512 -307.1203404454887
-1111.0968545353412 -307.008527071625
-1110.142001119852 -307.10057462885976
-1108.5697707808017 -306.34767170384526
-1106.7413159286975 -306.6388834281266
-1104.8104303753375 -306.70756517484784
-1103.2168100750446 -306.5748139335215
-1101.3215413963794 -307.06745290890336
-1099.8252459442615 -307.28723818197847
-1098.262840834856 -307.5456495298445
-1097.161438075304 -307.695414917022
-1096.0739017403125 -307.97584207490087
-1095.0623891031742 -307.73161804810167
-1093.3627736246585 -308.13552031055093
-1091.4644725000858 -308.560835750252
-1090.0407578623294 -307.7386532141268
-1089.0742120420932 -308.1042808903754
-1087.9408220922946 -308.1270471303165
-1086.5152954733371 -308.4865474192798
-1085.2049997723102 -308.7247128276527
-1084.0789396440982 -309.037958958596
-1082.3200659430026 -309.01776046440006
-1080.9726407206058 -309.19969196006656
-1079.154103604555 -308.6309979645908
-1077.6583122885227 -308.2529366402328
-1076.525155750513 -308.8617628006637
-1075.4918316280841 -309.3780283717811
-1073.6959629929065 -309.544607052058
-1072.505377856493 -310.4461841671169
-1071.0440884506702 -311.44846607133746
-1070.1368454968929 -312.7164123146236
-1069.7578899538516 -313.9927233545482
-1069.8399629867076 -315.7108677713573
-1070.020773974657 -316.8716368763149
-1069.435201255083 -317.5653824298084
-1068.870541242361 -318.58859891578555
-1068.8656026548147 -319.69857628032565
-1068.18845800817 -320.5586511580646
-1067.711568904519 -321.8555284230411
-1067.4437403804063 -323.2130225388706
-1067.8692536479234 -324.24844498321414
-1068.2694171196222 -325.9166322438419
-1067.7551713114976 -327.37677807495
-1067.8704480803012 -328.89076645061374
-1067.2401750361919 -330.70212943241
-1067.074885365963 -332.38268239185214
-1067.0254974341392 -333.151261100024
-1066.9714988818764 -335.0401632873714
-1066.8882084837555 -336.5112884132564
-1066.45958781749 -338.2118009416759
-1066.379505251944 -339.9449781267345
-1066.6218031397461 -340.86593986436725
-1066.7021995535492 -342.60612190648914
-1067.0266611924767 -344.1882358877361
-1068.1237552514672 -345.10552395269275
-1068.7027811160683 -346.69764126226306
-1069.6318230977654 -348.4533096639812
-1069.4376379600167 -349.901523360461
-1069.4146174541115 -351.4673613397777
-1069.436305706799 -353.1530494777858
-1069.8155702999234 -354.4315272657573
-1069.7885892888903 -355.96873355790973
-1070.1994821330904 -357.63042069360614
-1070.260429148972 -358.9925681440532
-1070.26798484236 -360.57104552671314
-1070.1906787803769 -361.8057243911922
-1070.6188646009564 -363.5188548652828
-1070.33438352257 -364.79529882356525
-1069.9798549762368 -365.74357772752643
-1069.7126054516434 -367.0401473133266
-1069.6358067145943 -367.9406668035686
-1069.527834956944 -369.1865675537288
-1069.576526184976 -370.9434528438747
-1069.8732168874144 -372.46745086595416
-1070.5020870169997 -373.8760072080791
-1070.5302036380767 -375.6117318956554
-1070.743783262968 -376.99032724782825
-1070.0015139257907 -378.2603504745662
-1069.257257310152 -379.3961377231777
-1069.0809917277097 -380.7841110317409
-1068.6844478672742 -382.3194692222774
-1068.2472776001691 -383.31120193883777
-1067.4963031238317 -384.04904199525714
-1066.7228391593694 -384.66745234414935
-1066.1292077130079 -385.34100318834186
-1065.8136870390176 -386.56022680684924
-1064.7365660196542 -387.3949114768207
-1063.2942583090066 -388.0591438500583
-1062.759742808938 -389.06801027938724
-1062.8095139092206 -390.85953206703067
-1062.9336703842878 -391.9235125271976
-1062.316756350398 -393.28569907829166
-1062.6443534916639 -394.04766286298633
-1062.9452500766515 -394.7985906688869
-1062.1644021695852 -396.402947434634
-1062.3100237375497 -398.0505927889049
-1061.9107911115884 -399.8204115717113
-1061.1375820165872 -400.8296184627712
-1060.7578168040513 -401.98722399160266
-1060.6456135338544 -403.5583392469585
-1060.3654242283105 -405.48406041547656
-1060.7447614198923 -407.3126729814708
-1060.4554529315233 -408.6663568107784
-1061.0890929228067 -409.9041565744579
-1061.3337829834222 -410.837718257159
-1060.6633989340066 -412.4041254608333
-1061.0136454230546 -413.38802910730243
-1060.4116175895929 -414.70555210992694
-1059.87251783669 -415.7302917329967
-1060.0691641694307 -417.3425449220836
-1059.9332831329107 -418.4248422472179
-1059.6661699837446 -419.6384334652126
-1059.463478950262 -420.7349010793865
-1059.6401536440849 -422.6647936193645
-1059.5279655581712 -423.394409724921
-1059.230414045453 -424.29962266370654
-1059.3699292963743 -426.1627547828853
-1059.727557761073 -428.06741512700916
-1059.8076304098963 -429.54047883436084
-1059.8920012465119 -430.8373853056133
-1059.901292321682 -431.9513954012096
-1060.331500378847 -433.3007881729305
-1060.6882987892627 -435.27517307683826
