-1182.81 -312.31
-1180.9979711151123 -312.42159348487854
-1179.1736763095855 -312.41550094675273
-1177.4848003959655 -312.09834352921695
-1175.5475960350036 -312.73189029883594
-1174.0452707386016 -313.1738600213453
-1172.8992585515975 -313.3530848104879
-1171.0998950576782 -313.264453217797
-1169.1222428655624 -313.7874945853278
-1167.2607029056549 -313.57522301416844
-1165.4769110059738 -313.660979286246
-1163.6993654346466 -314.1766693745181
-1162.020563659668 -314.2531270537898
-1160.8168148374557 -314.59189756255597
-1159.167939839363 -314.51807625632733
-1158.2687967395782 -314.81629987102
-1156.3712552165985 -314.6680260751769
-1154.6793145513534 -314.7816261504218
-1152.8750020837783 -315.0227351341769
-1151.2088708257675 -314.63565422635526
-1149.289549884796 -314.88569231372327
-1147.6051210737228 -314.8686471138522
-1145.9794546937942 -315.1100179110095
-1144.3379108285903 -315.31040392857045
-1142.5022458410263 -315.2428729091212
-1140.7732980823516 -315.30640690069646
-1139.0225281095504 -315.26863814931363
-1137.4865140295028 -315.477682367377
-1135.6768082952499 -314.977296606116
-1133.8059318637847 -314.941053972058
-1132.6561388349533 -314.07278572063893
-1131.5884032821655 -314.36546082835645
-1129.7419019317626 -314.67355258803815
-1127.9432454681396 -314.666113451533
-1126.2816490507125 -314.6185882542655
-1125.290955839157 -314.69910897355527
-1123.6903404569625 -315.0587522540614
-1122.0484243011474 -315.1091259796545
-1120.2669795131683 -315.83251047920436
-1119.0264816856384 -316.03042059432715
-1117.5154934501647 -317.0889862109348
-1116.2232088422775 -317.42808943282813
-1115.319646832943 -319.06168895255774
-1114.5507470345497 -320.04532473575324
-1113.7923394417762 -321.8824968863651
-1113.5551686263084 -323.8384089995548
-1113.2396599328517 -325.2750682164356
-1113.1440592086315 -326.558546118848
-1112.8780289566516 -327.60978096019477
-1112.257920113802 -328.7101769972965
-1111.5806442177295 -330.11636631976813
-1111.8605122244358 -331.8672738600895
-1111.364847717285 -333.13707237731666
-1111.0224868631362 -335.07450860034675
-1111.2011426365375 -336.7680131722614
-1111.4341451501846 -338.1473825503513
-1110.569551525116 -339.6376741458103
-1110.1125509119033 -341.1682636071369
-1109.5368042564392 -342.8998524476215
-1108.8292486047744 -344.2026203204319
-1108.9928263103961 -345.3265122700855
-1108.0630706822872 -347.0260801840946
-1107.168689457178 -348.70214396011085
-1106.907981005907 -350.4841199446842
-1106.1559720313548 -351.40690302144736
-1105.8835065340995 -353.3278183866665
-1105.6710289245843 -354.9354578186199
-1105.2852389937639 -356.5285108019039
-1105.3702709501981 -358.3041298319027
-1105.1677752411365 -359.31366657506675
-1104.7473927116393 -361.23058664094657
-1104.7942521101236 -362.8952468563244
-1105.0889142280816 -364.23982106935233
-1104.6611979728937 -366.01311003457755
-1104.955280495286 -367.88500010263175
-1105.1535023277997 -368.82587372552604
-1104.939468023777 -370.32629334222526
-1104.5917363142967 -371.50002109300345
-1105.0599228715896 -372.6939732958004
-1105.053762038648 -374.44008468877524
-1105.2072027525305 -376.03543757688254
-1105.2664798511564 -377.71451329480857
-1105.2509278780221 -379.38675951253623
-1105.3466251170635 -380.77194797288627
-1104.5622436082363 -382.6140261818096
-1103.739553002119 -383.5437785316631
-1103.5136870867013 -384.8855277229473
-1102.8270388966798 -385.75055091869086
-1101.5154155617952 -386.20951037894935
-1100.9077221876382 -387.496467285268
-1099.9095264202356 -388.6538342763111
-1098.9534000879526 -389.92605631839484
-1097.9718163734674 -391.7086346675083
-1096.6829592710733 -391.7190402973816
-1095.7107278233766 -391.81109314452857
-1094.2396301156282 -392.6146768857166
-1093.5059895044565 -392.87000610720366
-1091.8267310386896 -393.15719839226455
-1090.1232193237543 -393.0996410031244
-1088.2815624004602 -393.6066792387888
-1086.5166066414117 -393.74919124733657
-1084.7300953394174 -393.7664524991438
-1082.9466988569498 -393.9137261290476
-1081.1156066185235 -394.3788678128645
-1080.296552849412 -395.078231282942
-1078.5490226274728 -395.32201439928264
-1076.8331865793466 -395.50332129787654
-1075.5773612982034 -395.14974565099925
-1074.1229258304834 -395.5237073976919
-1073.2976219183206 -395.5642808903381
-1072.0960480695962 -395.2394516099617
-1071.1220994120836 -395.04225520085544
-1069.521631849408 -395.66807667206973
-1068.3765790587663 -396.17143461894244
-1067.453758073449 -397.04606083821506
-1066.2792310243844 -397.7320728678629
-1065.4377957111597 -398.76944283436984
-1064.7763502126932 -399.86655370187015
-1064.5805928832292 -401.0254646916315
-1063.8275146013498 -402.3277656216547
-1063.4209168678522 -404.08084515523166
-1062.6963618522882 -404.9051671404764
-1062.4449380761384 -405.9138582129404
-1062.1386825567483 -407.1628029723093
-1061.520462346673 -408.53125051449985
-1061.7163914865255 -410.32575921010226
-1061.897647140026 -412.00816539715976
-1061.090572772026 -413.6394224543497
-1060.4795528030395 -415.202655829899
-1060.291484785676 -416.4120943922922
-1060.7666278010606 -418.33295945119113
-1060.8388491994142 -420.04659358453006
-1060.5334890311956 -421.7463744063303
-1060.447741908431 -422.97856835316867
-1060.4164668260514 -424.1838798899576
-1060.5513038574159 -425.76589564274997
-1059.9981844364106 -427.0061499257013
-1060.364182793945 -427.66611079167575
-1060.2263871072232 -429.1200495142862
-1060.439059638828 -430.3747945208475
-1060.20202099666 -431.6785568375513
-1059.9481061039864 -432.642658152096
-1059.554114305824 -434.42245153378695
-1060.1454123495519 -436.3025813479349
