-1182.81 -312.31
-1181.04109292984 -313.1321741914749
-1180.170803246498 -313.62283473968506
-1178.62445646286 -313.8321033990383
-1177.59298330307 -314.94755199313164
-1176.6091317510604 -315.41740861296654
-1176.0848773097991 -316.31774428248406
-1175.2156686162948 -316.9748843586445
-1173.9109443998336 -317.71537253022194
-1173.070975897312 -319.1954767382145
-1172.8160965418815 -320.3931600725651
-1172.0991209125518 -321.73890909314156
-1171.5467586493492 -322.91011103749275
-1171.2011980390548 -324.5681458389759
-1171.3306199884414 -325.50090965390206
-1171.0458721792697 -326.6151044046879
-1170.6962688243389 -327.2377796447277
-1170.4174945628642 -328.0993802821636
-1170.4476507431268 -329.59638979792595
-1170.11670543015 -330.25719699025154
-1169.715543372035 -331.1723551428318
-1170.2222992008924 -332.9021232998371
-1170.4525514668226 -334.06326803326607
-1170.707560045123 -334.97766569018364
-1171.0081164067983 -336.29675259947777
-1171.5012245601415 -337.7182166850567
-1171.0272936350107 -339.3606837069988
-1170.707434785962 -340.50744595885277
-1170.906126154065 -341.77719774603844
-1170.6812949901819 -342.7483626282215
-1170.1983655816316 -344.3012720024586
-1170.2887668138742 -345.5637514269352
-1170.417242077589 -346.5172778046131
-1170.7052960669994 -348.30051836133003
-1170.878105816841 -349.62105664372444
-1171.5277119255065 -350.26670607686043
-1171.3126351213455 -351.25133046269417
-1171.4182518100738 -352.50373467564583
-1171.36919906497 -354.11212596058846
-1172.0735245025157 -355.6769266998768
-1172.1086817210912 -357.09377559781075
-1171.8228035396337 -358.24786504864693
-1171.7638473039865 -360.1569527065754
-1171.5911780273914 -361.47901579499245
-1171.595747885704 -362.90896889328957
-1171.887587276697 -364.0357174551487
-1171.2904925620555 -365.3613667166233
-1170.9916473007202 -367.18417247891426
-1170.1369906044006 -368.54642590641976
-1169.2076510763168 -370.0906773483753
-1169.2354845678806 -371.8928881561756
-1169.2770280218124 -373.17120823025704
-1168.2516049718856 -374.596189943552
-1167.2811614847183 -375.3570645725727
-1165.826406059265 -376.7573779499531
-1165.6098334169387 -377.9698654091358
-1165.3620112514495 -378.7166666662693
-1164.2778943157195 -379.5730222737789
-1162.8824090337753 -380.41666540265084
-1161.2902557229995 -380.9960447227955
-1159.5942985391616 -381.7528026974201
-1158.6578063344955 -382.34675398230553
-1157.0340003347396 -382.08555495500565
-1155.3607379770278 -381.76458686351776
-1153.7703924751281 -381.93013095617295
-1152.7855304455757 -382.47981768608093
-1151.0315480208396 -383.07474237442017
-1149.601469156742 -382.65975188970566
-1147.7807266688346 -382.7144750928879
-1146.557764647007 -383.2480434155464
-1145.6823544478416 -384.3703042244911
-1144.5154106593131 -384.8569556450844
-1143.5786902284622 -385.80681174755097
-1142.599263665676 -387.3489236211777
-1142.4949704235792 -388.3531649684906
-1142.2847121930122 -390.0549276447296
-1141.5695389485359 -391.5313089466095
-1141.318035391569 -392.5798566913605
-1140.8939042961597 -393.64507454395294
-1141.3651971793174 -394.620396194458
-1141.2902328646182 -395.97277062892914
-1140.8304463899135 -397.19723611831665
-1140.2422154223918 -398.27228754520416
-1140.4614329910278 -400.00368183612824
-1140.5457225269079 -401.8501474237442
-1140.036857766509 -402.86211532115937
-1140.717066449523 -404.5806080675125
-1140.5562007701396 -405.51454800128937
-1141.0870659029483 -407.13842326164246
-1140.717908886671 -408.56046479701996
-1140.783750643432 -410.17295425891876
-1140.165598680675 -411.55921786785126
-1140.0838512679934 -413.44874769210816
-1140.2425304999947 -414.90786546230316
-1140.3378548821806 -415.60526340961457
-1140.541030844152 -416.85053723812103
-1140.3659856966137 -418.46174090862274
-1140.0323827317357 -420.2442135190964
-1140.3417595377564 -421.1180644607544
-1140.1431684693694 -422.6391230201721
-1140.2394608533382 -424.06052309036255
-1140.760287014246 -425.48510402202606
-1140.224243966341 -426.3728513097763
-1139.8599639213085 -427.71981566905976
-1139.756482680738 -428.6187748885155
-1139.6211716732382 -429.54956924676895
-1138.8372874459624 -430.7255861735344
-1137.7275210818648 -431.9835164523125
-1137.0628403624892 -433.6654899096489
-1135.5539025267958 -434.3078532791138
-1134.3909012278914 -434.8329697227478
-1133.2752498587965 -435.5324026918411
-1132.5696227750182 -436.0264811491966
-1130.7194516858458 -436.6447142934799
-1129.4266755780577 -436.3866703784466
-1128.0846891602873 -436.6174308335781
-1126.3244872292876 -436.01533511042595
-1124.8276882371306 -436.26341673493386
-1123.3131764134764 -436.6647653257847
-1121.7069809636473 -436.5703390067816
-1120.395480414331 -436.46592870116234
-1119.3903435668349 -437.1400584256649
-1118.5155850848555 -437.51108100771904
-1117.547914584577 -438.47091546416283
-1116.5901276668906 -438.61786216259003
-1115.798868497312 -439.4445099210739
-1114.75927944988 -441.0812196111679
-1113.8008015951514 -442.7962664937973
-1113.5738926580548 -444.4458116865158
-1113.0554275563359 -445.3646604394913
-1112.3401472619175 -447.1205138540268
-1112.317346291095 -448.0219199037552
-1112.8010988993942 -448.9363648867607
-1112.0753996534645 -449.7259160852432
-1112.2212704880535 -451.0912088727951
-1111.6380779011547 -452.10046976566315
-1112.052160398513 -452.7728504514694
-1111.8279523862898 -453.7664996957779
-1111.4005207432806 -455.67264395713806
-1110.8377445949614 -457.19523864746094
-1110.617762864977 -458.43502777576447
-1111.1219565881788 -459.5469519472122
-1110.6533326222002 -460.9049169397354
-1111.3858306123316 -461.9251579618454
-1111.0377512289583 -462.99791234493256
-1111.221238003522 -464.52326637268067
-1111.055189834386 -465.53465336322785
-1110.7866283221542 -467.4310391521454
-1110.3099280460178 -469.23367911338806
-1110.5254039628803 -470.86237674713135
-1110.7390284998714 -472.17003398895264
-1109.7995399697124 -472.65276497364044
-1109.2852280600368 -474.1236718273163
-1107.9397743208706 -475.373728928566
-1106.718526647836 -476.2489843940735
-1106.043075786382 -477.0966826057434
-1104.5849649770557 -477.3255955851078
-1103.7929127676784 -478.3652214682102
-1102.327471063882 -479.2801791703701
-1100.620426224023 -479.2968611395359
-1099.386714027673 -478.8959130322933
-1098.2988000376522 -478.94194915652275
-1097.5383214218914 -479.5626485025883
-1095.922552512437 -479.72528713703156
-1094.4661839468777 -479.6548200300336
-1092.7896475060284 -480.1587957790494
-1091.7394438250362 -480.20686427265406
-1090.48847668007 -480.442717050612
-1088.9680674536526 -480.42127641797066
-1087.219023631364 -480.93774696946144
-1086.150590585023 -480.9100884324312
-1085.2308446033298 -480.62170554459095
-1083.927540050298 -480.0136804109812
-1082.317761646062 -480.56753428041935
-1080.8285051448643 -480.5058024352789
-1079.7328008277714 -480.57615042984486
-1078.3839551074802 -480.088979614377
-1077.5113277299702 -480.23126655578614
-1075.6343232257664 -480.02779803931713
-1074.2828378541767 -479.72351096332073
