-1182.81 -312.31
-1181.183441696167 -313.2513146972656
-1179.2935352897643 -313.7124169743061
-1177.4147629117965 -314.2383621609211
-1176.0330542898178 -314.90175541996956
-1174.9342324113845 -315.4097310578823
-1173.220808444023 -315.93680622935295
-1171.3158594942092 -315.9434071755409
-1169.8922812318801 -315.87276086717844
-1168.2250955677032 -315.7787555581331
-1166.8033639764785 -315.9134476906061
-1164.9232872104644 -315.36113627016545
-1163.4143907403945 -315.6663605695963
-1161.578967270851 -315.70578542113304
-1159.8001766777038 -316.10943284392357
-1157.9875194406509 -316.3539160913229
-1156.167003211975 -316.12240747869015
-1154.2545433616638 -316.37897853314877
-1152.3715297555923 -316.61316929519177
-1150.7696016407012 -316.6613298779726
-1149.811205921173 -316.09317089378834
-1148.5689515447616 -316.070962292552
-1146.9141738986968 -316.4090633815527
-1145.226025519371 -316.72005800664425
-1143.4066166257858 -316.66516649484635
-1141.802662668228 -316.8313123559952
-1139.977079925537 -316.2681073522568
-1138.2811995124816 -316.4185144430399
-1136.3742756223678 -315.98943112552166
-1135.345677075386 -315.53124199569226
-1133.8752840137481 -316.08909974753857
-1132.6607096767425 -315.96012584626675
-1130.7934660291671 -316.2570073133707
-1129.3810777044296 -316.5715529745817
-1128.1642535305023 -316.9185466593504
-1126.535628376007 -317.3691381043196
-1124.8997942781448 -316.7539964145422
-1123.6917230463027 -316.3850114172697
-1121.860575017929 -316.1796595132351
-1120.2444146251678 -316.94328436017037
-1118.397107539177 -318.03936621308327
-1117.3692095851898 -319.43056866288185
-1117.1622298187017 -320.522144523859
-1116.5488275712728 -322.0679986155033
-1116.7386592304706 -323.74242064118386
-1115.9366568005084 -325.18401273846627
-1115.5413515245914 -326.27935227513314
-1114.8193338191509 -327.8602190887928
-1114.2202089703082 -329.04354664444924
-1114.575477746725 -330.4729506647587
-1114.3809823071956 -331.96079084038735
-1114.0959784662723 -333.4498152410984
-1114.4956868863105 -334.8331069624424
-1114.296905053258 -336.36956569314003
-1114.1329741603136 -337.4050919687748
-1113.8101816004514 -339.0987604534626
-1113.512835008502 -340.2140848314762
-1114.240645033717 -341.016213504076
-1114.2246656170487 -342.0868978178501
-1113.9514773836731 -343.22807666420937
-1113.593382333815 -344.73811039090157
-1113.0389417758583 -345.85101207852364
-1113.0770334987342 -346.90205010533333
-1113.049626187831 -348.3715328848362
-1112.928811983615 -349.80274185299874
-1112.8867177902162 -351.2504927790165
-1112.661642038673 -351.97904839873314
-1112.151908659786 -353.5116653716564
-1112.1227686046063 -355.2745226895809
-1111.530600809902 -356.6919077908993
-1111.1893327473103 -358.0209032571316
-1111.2853882326185 -359.70169999957085
-1111.2762461020052 -361.2308786189556
-1111.3723584799468 -363.01230957865715
-1111.3351827798783 -364.7489842450619
-1111.9657230316102 -366.03550734877587
-1111.549872034639 -367.70899238944054
-1111.5098481415212 -369.3506061112881
-1111.7810850976407 -371.2836109673977
-1111.3425271748006 -372.9929816997051
-1111.2372442124783 -374.11720016360283
-1110.8884612260758 -375.6423330581188
-1111.0917198596894 -377.13784005999565
-1110.7609225450456 -378.85922911524773
-1110.6506109772622 -380.4435695683956
-1110.8493968634307 -382.21098413825035
-1111.5006456165015 -383.89055552840233
-1111.9551878659427 -385.08743873000145
-1112.281404504031 -386.6465751206875
-1111.8239485411345 -388.3756577050686
-1111.0790307311713 -390.10858335852623
-1110.1488195447623 -391.90032532572747
-1108.9516624002158 -393.6231158053875
-1107.4788285283744 -394.29030146956444
-1105.6487163095176 -394.71657886862755
-1104.3289587287604 -395.3012961423397
-1102.72786782071 -394.9111647284031
-1101.405911424607 -395.0598614937067
-1099.6573415784537 -395.40760607779026
-1098.3138047246634 -394.94989032804966
-1096.422644713372 -395.29607440292835
-1094.6950297145545 -395.59869147598744
-1093.2495455531775 -395.1195282763243
-1091.6041759042441 -395.01269168913365
-1090.0811103372275 -395.39058370649815
-1089.0965454368293 -396.1685847169161
-1087.681317308396 -396.2427897876501
-1085.8719522742927 -396.8036662167311
-1084.2985367564856 -397.41373513400555
-1082.5336855439841 -397.9105816310644
-1081.7692662267386 -399.2991888946295
-1081.3335808305442 -400.89429454267025
-1080.014122107476 -401.47570983827114
-1078.7173656015098 -402.3454755371809
-1077.6794916181266 -403.3015439337492
-1076.5529004125297 -403.702073109746
-1074.9324186830222 -403.9616941636801
-1073.284907439202 -403.9561266428232
-1071.5410153655707 -403.91278755426407
-1069.8135742931067 -403.7830959236622
-1068.4348211078345 -403.77734938025475
-1066.692091205567 -404.96426847338677
-1065.2557290582358 -405.78716346383095
-1064.0898964194953 -406.3410432612896
-1062.9719890145957 -407.6290197646618
-1063.196534165591 -409.26826956629753
-1062.5974543182551 -410.24639585375786
-1062.607173257917 -411.5698859965801
-1062.1472350893914 -413.3123348033428
-1061.6528566120564 -414.30914249777794
-1061.635091022998 -415.5753360068798
-1061.3647650940716 -417.2819866216183
-1060.8953315480053 -419.06874814391136
-1060.3154862983524 -420.6207710778713
-1060.4869242174923 -422.17826023459435
-1060.7006824178993 -423.8246002471447
-1060.745464899987 -425.5389590537548
-1061.0511481849849 -427.135369566679
-1061.235014477223 -428.9496355330944
-1060.692690232247 -430.5348661220074
-1060.3337767212092 -431.91656866431236
-1059.9418473927676 -433.1317302262783
-1060.6281429617106 -434.9012900865078
-1061.0851607112586 -436.15826692938805
