-1182.81 -312.31
-1181.1991423940658 -312.7145484364033
-1179.8101740455627 -313.21419498085976
-1178.3914546346664 -313.03315435111523
-1176.669037041664 -313.207147372365
-1175.0905144786834 -313.06003507733345
-1173.9888111925125 -312.5332232987881
-1172.2829447364807 -312.8925773179531
-1170.5219903564453 -313.204308835268
-1169.2227904176711 -313.55627485871315
-1167.44139462471 -313.3523120558262
-1165.9473604536056 -313.15850741922856
-1164.2909099435806 -313.551850361228
-1162.5574279403686 -313.63439252734184
-1161.136682448387 -313.6356942629814
-1159.9131761169433 -313.58381094545126
-1158.1722401952743 -313.9586403569579
-1156.3595980978012 -313.3344373306632
-1154.6503602838516 -313.6056813797355
-1152.8330547189712 -313.26487716048956
-1150.8987962579727 -312.95814039319754
-1149.7734064435958 -312.2912485203147
-1147.8230742788314 -312.67812084168196
-1146.5816612815856 -313.1460666260123
-1144.7345975017547 -313.4574676951766
-1142.9875004863738 -313.6695018312335
-1141.0486496067047 -313.845557590425
-1139.140003261566 -314.2331190904975
-1137.6416665887832 -314.06983507186175
-1136.0455352640151 -314.3076628795266
-1134.264379439354 -314.70190319925547
-1133.2289562797546 -314.202212189734
-1132.002512154579 -314.4357896348834
-1130.5355529165267 -314.76459198206663
-1128.9028882360458 -314.1037887236476
-1127.3962164497375 -314.20598149061203
-1125.904518303871 -314.5796222960949
-1124.4082798337936 -315.18318482995033
-1123.1778416013717 -315.6619892394543
-1121.7222354984283 -316.92962482333184
-1121.068693575859 -318.1326295411587
-1120.091880557537 -319.5243377959728
-1119.2237378334999 -321.1344126737118
-1119.3497505313157 -322.6543671166897
-1118.6350108510255 -323.93563106417656
-1118.1408030813932 -325.7875693118572
-1117.422908348441 -327.1592461144924
-1117.690006596446 -328.67267444491387
-1117.6848300257138 -330.38023653388024
-1117.3312304475717 -331.90433647990227
-1117.0326201179437 -333.2114635980129
-1116.5323929050378 -334.4236092841625
-1116.134686456006 -336.1397917544842
-1116.125163302701 -337.8357119834423
-1115.8261281409673 -338.86701157450676
-1115.8155052521638 -339.7046574628353
-1116.1944959023408 -341.11558905005455
-1116.1521238097362 -342.8245545899868
-1116.677216292303 -344.6641122376919
-1116.9436820158176 -345.9370954310894
-1116.8155134329013 -347.7113749063015
-1116.6075555392913 -349.26718786120415
-1116.201672882717 -350.8188071525097
-1115.7789731332473 -352.57950868964195
-1116.5190559932403 -354.06676795840264
-1116.8395535954646 -355.4791814363003
-1116.4185954341106 -357.33127727866173
-1116.0433852085284 -359.0961940562725
-1116.42699322192 -360.19632902503014
-1116.4599223294667 -361.75557747244835
-1116.2194668063335 -363.0011595761776
-1115.8384345778636 -364.6090312278271
-1115.8455233582667 -366.2646727836132
-1115.8615499147586 -367.65613594412804
-1115.8904730686359 -369.4180035865307
-1115.8024526098184 -371.12794080138207
-1115.5904083409719 -372.70423629641533
-1115.6626790025643 -374.41518476366997
-1115.3065672972612 -375.75268426299095
-1116.144354567807 -376.85128631949425
-1116.4565119007043 -378.2452262914181
-1116.0382807114534 -380.1683708703518
-1116.4680805662088 -381.4083931720257
-1116.50437906472 -383.03838231921196
-1116.9634387203864 -383.6901431953907
-1116.6909149297885 -385.2077053463459
-1117.039331556242 -386.81565341115
-1117.2768262633494 -387.95452400803566
-1116.8205294915847 -389.03711446881294
-1117.429371208828 -390.39230617642403
-1117.816329033058 -391.78391989827156
-1117.42715388624 -393.57657620072365
-1117.8318741926364 -395.2786056673527
-1118.0079008796624 -397.12899896264076
-1118.0786694520525 -398.4764051115513
-1117.4935879939608 -400.32113668084145
-1117.3556612664274 -402.04280707001686
-1117.138958089929 -402.98437240481377
-1116.877259396892 -404.2861296212673
-1116.9798570060543 -405.78238847613335
-1117.4059436106495 -406.9907161271572
-1117.1441355728916 -408.5931881940365
-1116.9112505399994 -410.0273726260662
-1116.5598266207985 -411.55354550242424
-1116.2217507743649 -412.2993797338009
-1115.878592141848 -413.74416342139244
-1115.6224168622307 -414.9645078456402
-1116.1738874399475 -416.07079842448235
-1116.0873795831017 -417.9912660396099
-1116.2229730123095 -419.1692220246792
-1116.5422438019327 -420.6935352361202
-1116.1111439698748 -422.42453327536583
-1115.7502384716086 -424.3279214179516
-1115.7796426051668 -425.88646879553795
-1115.2423588269762 -426.8755491054058
-1114.9770455890707 -428.0575757300854
-1113.8506830268911 -428.34620371222496
-1112.7662048870138 -429.1257249391079
-1111.9232246213965 -429.3236937201023
-1110.267365985494 -429.66723531246186
-1109.0014246040396 -430.0520998811722
-1107.6043980651907 -430.4060970520973
-1106.5574559503607 -431.9001420712471
-1106.2473906510882 -432.65700828790665
-1105.5631696814112 -433.5563329434395
-1104.9573105805925 -435.2855200743675
-1105.0305529469065 -436.9435001587868
-1104.060768925529 -438.0485705113411
-1104.1101625495962 -438.91981571674347
-1103.8851631814055 -439.8698303079605
-1102.8867374592833 -441.7704135751724
-1102.6888839834742 -443.3244069194794
-1102.0773462289385 -444.9382993555069
-1101.9176072859577 -446.036087808609
-1101.4740018331818 -447.9823794937134
-1101.8553475522808 -449.09777611255646
-1101.3420393848232 -450.78939789295197
-1101.1068037533573 -452.6776096200943
-1101.3010330581478 -453.5635048723221
-1101.1610594773106 -454.4761688089371
-1101.2862191134504 -455.8760651922226
-1100.9166859024576 -457.1614600992203
-1100.8784383097104 -458.0940759754181
-1100.3816442349366 -459.33550756931305
-1099.9477086522988 -460.64865666389466
-1099.7976091959886 -462.53940289974213
-1099.4868551352433 -463.88246935367584
-1099.2380485990457 -465.35600405693054
-1099.684158728402 -466.2699994421005
-1099.33830620436 -467.439607796669
-1099.2690976419858 -468.98216515541077
-1099.838044599574 -470.193353471756
-1099.5892623075656 -471.8180451965332
-1098.935752333086 -472.93652242183686
-1098.0410242089442 -473.74094140291214
-1097.3329305657558 -474.3733177757263
-1096.492041588705 -475.32383858919144
-1095.3560056695155 -476.0295091843605
-1093.8880556830577 -476.693926153183
-1092.4356399783305 -476.7366497977078
-1091.0656093367747 -477.03719870880246
-1089.5038888463191 -476.92194482818246
-1087.9841017731837 -477.288219602257
-1086.4444849499873 -477.8184787942469
-1084.6913352021388 -478.01272164419294
-1083.048202992361 -477.60785560444
-1081.4520691641978 -477.21732373669744
-1079.7760279187373 -477.19656974211335
-1078.9235530504398 -476.95808386936784
-1077.7938949474506 -476.5643359734118
-1076.1174103626422 -476.70257027581334
