-1182.81 -312.31
-1181.1112708425521 -312.6862738108635
-1179.4092321968078 -313.3940172171593
-1178.0696793174743 -313.4079517400265
-1176.964160618782 -313.2466557300091
-1175.0934317684173 -313.7562893307209
-1173.4837313270568 -313.9600634998083
-1172.2161472415924 -313.4298225468397
-1171.0516522502899 -313.9626756733656
-1169.4666760540008 -314.5790424770117
-1167.5864723300933 -314.7930604791641
-1166.0048667764663 -315.11855080485344
-1165.1995144462585 -315.3412454998493
-1164.1750169372558 -315.0243928408623
-1162.5000194883346 -314.69024005293846
-1160.7867633676528 -314.87676641106606
-1159.0564640140533 -314.73495699226856
-1157.4398714876174 -314.51011277496815
-1156.1096020317077 -314.99607644736767
-1154.422397789955 -315.5831097191572
-1153.2774152135848 -315.42589159071446
-1151.9195378398895 -315.44968071341515
-1150.140334663391 -315.28435200214386
-1148.963243303299 -315.70331382513046
-1147.474581298828 -315.6675883805752
-1146.4044199562072 -315.8685964769125
-1144.9548068618774 -315.6276757991314
-1143.4466200447082 -315.8735178387165
-1141.5440013980865 -315.93413942813874
-1139.90072971344 -315.3611951446533
-1138.184568581581 -315.5952315604687
-1136.454619345665 -315.1557746207714
-1134.825964269638 -315.39327922225
-1132.978626308441 -315.52393367648125
-1131.989423213005 -315.87133115291596
-1130.2835972881317 -315.9477115994692
-1128.9527379846572 -315.9448939090967
-1127.6353722190856 -315.8018501228094
-1126.8917924141883 -316.55116872251034
-1125.0153897976875 -316.34337675333023
-1123.0874450182914 -317.1804734444618
-1122.5150084471702 -318.33970403432846
-1120.7226262068748 -319.4237129664421
-1119.8660500025749 -320.60818016290665
-1119.3673385357856 -321.5906835770607
-1119.2024079239368 -323.2225755429268
-1118.4644612944126 -324.44002544641495
-1118.594651711583 -326.00908529520035
-1118.678927963078 -327.82276952028275
-1118.085945968926 -329.7109012579918
-1118.3293789973854 -330.65568268060684
-1118.2387418052554 -332.3011738038063
-1118.7807153961062 -334.16564655065537
-1119.0116343399882 -335.8336580967903
-1118.8007741323113 -336.7823421931267
-1118.619727422893 -338.06992518663407
-1118.6139486184716 -339.21988582372666
-1117.8161636939644 -340.0614161467552
-1117.3492989888787 -341.15477013349533
-1116.9147557368874 -342.7413859343529
-1115.7924976697564 -343.602175590992
-1114.5211966386437 -344.9915066933632
-1113.95645049721 -346.2361789917946
-1112.297943984568 -346.4108892953396
-1111.2387256971 -347.48501816153527
-1110.258376752436 -348.37989738345146
-1108.643678819239 -348.9141696369648
-1107.5465467324852 -349.8372329747677
-1106.4448216310143 -351.3717159307003
-1105.5822812667489 -352.25756332039833
-1105.1984936645626 -353.62154850125313
-1104.5850132754445 -354.9004250442982
-1104.4319275668263 -356.69476541638375
-1104.348694910705 -358.54063161969185
-1104.4132047644257 -359.9714662706852
-1104.604097699225 -361.7106974995136
-1104.1864713183045 -362.96222349762917
-1103.9932452490925 -364.6385483419895
-1103.5665063908696 -365.4643429195881
-1103.4016477516293 -366.89473256230355
-1103.5044603994488 -368.37862154603005
-1103.4050694605708 -369.2123108780384
-1103.3516319295763 -370.86808117985726
-1103.1182801327109 -372.2610270655155
-1102.9813970676064 -372.96843614935875
-1103.2960636368393 -373.6627139723301
-1103.3289259424805 -375.03616544365883
-1103.8711704960465 -376.20256289601326
-1103.518125539124 -377.1249469792843
-1103.6422468325495 -378.09354331851006
-1103.3721073767542 -379.4542243754864
-1103.2861793389916 -380.48564556002617
-1102.8044313541054 -381.44785871863365
-1102.462028299868 -383.09965601325035
-1102.334185873568 -383.78824117541313
-1102.0394336631894 -384.95251920580864
-1101.6431143036484 -386.5066912448406
-1100.905889724791 -387.5639537847042
-1100.2375059476494 -388.8029696023464
-1100.0470794191956 -390.0343627011776
-1099.289240514338 -391.3788380897045
-1098.6423722854256 -393.18497851252556
-1097.064927136004 -393.02154510974884
-1095.245586310923 -393.1313541805744
-1094.5309796682 -393.56472220778465
-1092.8600883832573 -394.14837243914604
-1091.133637701571 -394.3176709985733
-1089.371630345881 -395.1938115930557
-1088.2874402156472 -395.9953600740433
-1087.7496909251809 -396.90399169683457
-1086.2196852317452 -397.5834962105751
-1085.4427098980545 -399.1196929192543
-1084.0042546740174 -400.0802705860138
-1082.223480080664 -400.9745163297653
-1080.848696207106 -402.2448853826523
-1079.702997778952 -402.4162462925911
-1078.704331075251 -402.41061410069466
-1076.8092087855935 -402.7896588420868
-1075.3689208379387 -403.2059976732731
-1074.1621923795342 -404.16635629296303
-1072.4856022945046 -404.115278763175
-1070.875120436251 -404.73931739985943
-1069.0432639470696 -404.96593092143536
-1067.444762264788 -405.4829221791029
-1065.930582319796 -406.6084240502119
-1064.2689543119072 -407.6012356108427
-1062.8537357202172 -408.4620529836416
-1063.1130058220028 -409.4168482249975
-1063.4192921569943 -411.2546148723364
-1063.0742116323113 -412.19375936448574
-1062.7333147874474 -414.02856604516506
-1062.8436593315005 -415.4486321634054
-1062.3956037661433 -416.80927996098995
-1061.5239524146914 -418.2516975826025
-1061.1783347031474 -419.88171128690243
-1060.946609710753 -420.6305682486296
-1061.0071077881753 -422.23513148486614
-1060.4461857019364 -423.18209187448025
-1060.2388101755082 -425.0357162183523
-1060.2150819203257 -426.76265506207943
-1060.2987093678116 -427.7358048981428
-1060.4944496801495 -428.56611095130444
-1060.4594704782962 -429.5542034929991
-1059.9669419205188 -430.58534656226635
-1059.9130267998576 -432.40433703124523
-1059.6058061024546 -433.08272050082684
-1060.2335122725367 -434.6666416949034
-1059.9382874271273 -436.6154916113615
