-1182.81 -312.31
-1181.5236869430541 -312.3010577069968
-1180.2628151750564 -312.8779708253592
-1178.4153165197372 -312.6920963334292
-1176.7822588062286 -312.87843437068165
-1174.8283947086334 -312.78449713759125
-1172.9159967279434 -312.9197274851054
-1171.3104614591598 -313.3722309278697
-1170.1181758022308 -313.74382634036243
-1168.6095861768722 -313.9872582065314
-1167.732898888588 -314.3049577283114
-1166.6207459545135 -314.5135704534501
-1164.9756239032745 -314.90472402743995
-1163.8927249288558 -314.84817303292454
-1162.9852189993858 -315.180600534603
-1161.733540174961 -315.41797820799053
-1159.9735590195655 -314.4587142276019
-1158.5235352492332 -314.0278635429591
-1156.7490328526496 -314.3692433344573
-1154.8149374699592 -314.3208423065394
-1153.2480783438682 -314.28611354105175
-1151.6771434521675 -314.4475397425145
-1150.5789651846885 -314.83842733077705
-1149.2978923296928 -314.98322695069015
-1147.490896103382 -314.60161119274795
-1145.6330391144752 -314.9655952113122
-1143.8621386265754 -314.7321049528569
-1142.3661485886573 -314.79003050498665
-1141.0564062571525 -315.0738570647687
-1139.3034532046318 -315.3816908853501
-1137.6750516867637 -314.8827993231267
-1136.3558795428276 -314.6485635893792
-1134.6501030898094 -314.8651980715245
-1132.8100676512718 -314.9466246622056
-1130.9387801861762 -314.87365304999054
-1129.5140703892707 -314.60597338847816
-1127.8988903737068 -314.4555590259284
-1126.1533507084846 -314.40163476340473
-1125.259394583702 -314.57026078872383
-1123.3418292379379 -315.1441238182038
-1121.5779249048232 -315.8973353164643
-1120.4826977825164 -317.3177228229493
-1119.7170303440093 -318.8974962490052
-1119.193574426174 -320.3855172651261
-1118.6316807246208 -321.9842571275681
-1118.1885790205001 -323.3578521268815
-1117.9616560018062 -325.05649628810585
-1118.4489393508434 -326.8389529245347
-1118.215476734042 -328.577846910283
-1118.0948714888095 -330.499611999318
-1117.8668001270294 -331.8307075756043
-1117.617838231325 -333.32409932784736
-1116.87003215909 -335.063234712407
-1116.2101950919628 -336.87452116183937
-1115.5722617185115 -337.6108474987
-1115.1000765836238 -339.5532839553803
-1114.5217240726947 -341.15471627883613
-1114.025413659811 -342.7304960744828
-1114.34942450881 -344.5084330099076
-1113.8418655669689 -346.2314750211686
-1113.4994967257976 -348.0126278655976
-1113.0787360942363 -349.1020200508088
-1112.970451248288 -350.716972495839
-1112.9528469270467 -352.02385320834816
-1112.9990685856342 -353.6723971622437
-1113.091593069434 -355.4971121805161
-1113.2632828778028 -357.423066283986
-1112.9782344526052 -359.2752346055955
-1112.9742881929874 -360.25620200805366
-1113.3296268260478 -361.96085920505226
-1113.133511376977 -363.53210952453315
-1113.2668768143653 -365.31231692008674
-1113.357958113253 -366.9906561630219
-1113.7161846509575 -368.47696116141975
-1114.2016157260537 -369.80492654018104
-1114.1757400906085 -371.0126760261506
-1114.1221004775166 -371.79247512988746
-1113.7063925614952 -373.4615875738114
-1113.8506815484166 -375.11105587653816
-1113.8396419113874 -376.99155690841377
-1113.9668597108125 -378.1421934621781
-1114.3292679613828 -379.9803223865479
-1113.9903413778543 -381.548594500348
-1113.6797715252637 -382.380013133809
-1113.3357804244756 -384.1040436284989
-1113.2412424510717 -385.4110071914643
-1113.0618377006053 -386.31168129615486
-1112.9540827995538 -388.21357896499336
-1113.3898249989747 -389.4701597946137
-1113.5092415636777 -391.15026107005775
-1114.0644858902692 -392.6443472164124
-1113.5704087740182 -393.8844849126786
-1113.4728882437944 -395.59231438808143
-1113.3453862047195 -396.7081629293412
-1113.1383904492855 -398.27880444698036
-1112.6738463318347 -399.97982599906624
-1112.9977184808254 -401.5975203769654
-1113.0603107190132 -403.35118630103767
-1112.7858583307266 -404.91437437705696
-1112.5645921504497 -406.06422426871956
-1112.7968182092904 -407.5125421541184
-1112.4923683530092 -408.9334966199845
-1112.9658151990175 -410.1189669626206
-1112.5306502705812 -411.2858358877152
-1112.8404896384477 -412.3314379709214
-1113.2343503957986 -413.450122262761
-1112.9954590028524 -415.09224143199623
-1112.8409438854455 -415.8166368263215
-1113.4485659724473 -417.72446849517524
-1113.699645770192 -419.40940287284553
-1113.3869499987363 -421.26390865020454
-1113.2378385341167 -422.47658684425056
-1113.167770293951 -424.2622422235459
-1111.888128784895 -425.3738166349381
-1110.3486132895946 -425.6391825335473
-1109.1095086610317 -426.15576102904976
-1107.8552013909816 -427.59404363803566
-1107.2096171057224 -428.8336184280366
-1106.6540896570682 -430.26096048526466
-1105.4750473177432 -431.7157060163468
-1104.9889372861385 -432.76600184611976
-1104.473053125143 -434.2576313274354
-1103.7831633365154 -435.3805378931016
-1103.2452786839008 -436.65344860725105
-1103.0208121812343 -437.9051262395829
-1102.6338296806812 -439.0989349143952
-1102.541750741601 -440.34092941455543
-1101.8827758556604 -441.7182151334733
-1101.6038281744718 -443.1718087451905
-1101.435611141324 -444.18760886363685
-1101.6487085944414 -445.8407711046189
-1101.1323136216402 -447.32452490501106
-1100.7492477720975 -448.2816529529542
-1100.473632377982 -449.9361025350541
-1100.9719004458188 -450.9926120298356
-1101.0047868540883 -452.2198654668778
-1100.8111161491274 -453.6016378658265
-1100.5069061121344 -455.1248781936616
-1100.480000784099 -456.7327335136384
-1100.2583941569924 -458.1105833309144
-1100.7250517359375 -459.5450768726319
-1100.2993494918942 -460.99278595618904
-1101.0385138443112 -462.4491923110932
-1100.5455925515294 -464.05875613860786
-1100.0357368043065 -465.54329683952034
-1100.107915406525 -466.79130485229194
-1099.5880070379376 -468.5499791162461
-1098.3128855875134 -469.896048213765
-1097.4200221350789 -471.3807577150315
-1096.1712212613224 -471.99134614638984
-1094.3509030392765 -472.0138210313767
-1092.9644875577092 -472.80000432901085
-1092.042048459351 -472.3900656359643
-1090.1840543797612 -472.27677096001804
-1088.4024571231007 -473.16540927760303
-1086.9280144026875 -473.05864475242794
-1085.2245563319325 -473.46518019907177
-1083.5896588614582 -473.57816920749843
-1082.0221582701802 -474.10886571876705
-1081.2534649422764 -474.54333088867367
-1080.5326054146885 -474.590537230894
-1079.0743640711903 -474.5686757671088
-1078.0794401815533 -474.9204576718062
-1076.5476322820782 -475.63117356173694
