-1182.81 -312.31
-1181.7416008090972 -312.1952122351527
-1179.9319261884689 -311.9798273792863
-1178.1540716266632 -311.68625823169947
-1177.0005207633972 -312.4736749878526
-1175.7521038627624 -312.86809516459704
-1173.9940070486068 -313.3854650309682
-1172.3733988380432 -313.39446134626866
-1170.7309810495376 -313.6144300675392
-1169.0354946231841 -313.67472491919995
-1167.3252922868728 -313.4989857649803
-1166.0096388435363 -313.3555382466316
-1164.9573696231841 -313.60550909996033
-1163.0869601345062 -313.5474327108264
-1161.8846383666992 -314.0509759089351
-1159.9995003318786 -314.41758274048567
-1158.3568153953552 -314.277266254127
-1157.319241938591 -314.54953234404326
-1156.5319960689544 -314.4600135883689
-1154.8780445432662 -314.4564796587825
-1153.9730541086196 -313.6551607748866
-1152.3480566120147 -313.71178618580103
-1150.8621686077117 -313.7238278737664
-1149.1475126123428 -313.7506567886472
-1147.7521172142028 -314.03682190686465
-1145.9141293144226 -314.1164993843436
-1143.9979758834838 -314.5051536163688
-1142.262067375183 -314.56658152252436
-1140.6944426870346 -314.2042702189088
-1138.9335655546188 -314.42918876320124
-1137.3877988433837 -314.54814522475004
-1135.9561511850357 -313.7244344255328
-1134.0885584926605 -314.013181438148
-1132.629615960121 -314.2186698368192
-1130.7866517877578 -313.94622538000345
-1129.7555198049545 -314.14218713849783
-1128.1582259511947 -314.26853332430125
-1126.9497974491119 -314.3859305432439
-1125.5559396123886 -314.6270902952552
-1123.9532555913925 -315.1885845860839
-1122.8334174728393 -316.14328499644995
-1121.2624474143981 -316.9771472415328
-1121.0001272535324 -318.6168734034896
-1120.4883606410026 -320.16887344926596
-1119.7125754332542 -321.8648642501235
-1119.7486515915393 -323.24262692540884
-1118.9327817833423 -325.061599393785
-1118.4657714045047 -326.10293628782034
-1118.5250829359888 -327.7450311383605
-1117.738735308349 -329.39913453668356
-1117.7474636411666 -330.8990436992049
-1117.3639729893207 -332.821316023767
-1117.0766161358356 -334.52562560647726
-1116.4905031597614 -335.91571929067374
-1116.57020334661 -337.7332120141387
-1116.4331010854244 -339.0559455356002
-1116.6689155077934 -340.6904715499282
-1116.5409308946132 -342.23811378091574
-1116.1070648109912 -344.07130040735007
-1116.4344879961013 -345.46283473581076
-1115.9886578595638 -347.0602432689071
-1115.4715371406078 -348.4387338361144
-1114.9105984842777 -350.06765105336905
-1115.1090848124027 -351.6523148021102
-1115.3350868499278 -352.6968816718459
-1115.1939939087629 -354.59489764779806
-1114.9394308155775 -355.8234607180953
-1114.8652323758602 -356.52300473064184
-1114.7899597784876 -358.48380299419165
-1114.5408504804968 -359.7579406103492
-1115.167175014913 -360.7617473205924
-1115.0234901508688 -362.38859029620886
-1115.5381916961073 -364.27338894218207
-1115.4375995448231 -366.2149271568656
-1115.504371201098 -367.2186591228843
-1114.9216544380783 -368.60407420009375
-1114.81431009382 -369.78502817958594
-1115.5250542363524 -371.35727330058813
-1114.9422586163878 -373.21485825389624
-1114.706833769977 -374.1109015545249
-1114.265768249929 -375.1946786245704
-1114.6084006926417 -376.5394016107917
-1114.5381839475035 -377.7260615429282
-1114.2771710059046 -379.2072755894065
-1113.925665309131 -380.86243553966284
-1113.757640903294 -382.58605571597815
-1113.6750869205594 -383.70317383617163
-1113.3940984657406 -384.71338625758887
-1114.0303869894146 -386.39643963187933
-1113.8685583224892 -387.54313715308905
-1113.6707132360339 -389.3333650431037
-1113.5490794977545 -390.96929510444403
-1113.5773875018954 -392.287728150785
-1113.3151418468356 -393.25558545202017
-1113.2395939728617 -394.500173946321
-1112.9077246686816 -396.2731155356765
-1113.073975135982 -398.0442517003417
-1112.9947727969288 -399.47005428880453
-1112.745053475201 -401.20890583604574
-1112.3109604170918 -402.3032359084487
-1112.2479157200455 -403.93618597596884
-1112.3205759873986 -405.6777215203643
-1112.525825535357 -407.040549775064
-1112.2256240299344 -408.0129330357909
-1112.3775618126988 -409.3307051858306
-1112.3624459853768 -410.43189158052206
-1112.7961202314495 -411.6290669640899
-1113.163948958218 -412.97353460401297
-1112.8143145492672 -414.70417596906424
-1113.0567939779162 -416.16318764299155
-1112.4385568401217 -417.11314411967993
-1112.4704204699397 -418.59728272765875
-1111.9590538045763 -420.30054791778326
-1111.4849148592352 -422.0619881948829
-1110.7724836072325 -423.7173471054435
-1109.8233818611502 -425.2087561687827
-1109.037662704885 -426.14230295032263
-1107.9284897646307 -427.020842512548
-1107.0913782915472 -428.16437168926
-1106.4377768239378 -429.56329794734717
-1106.233569522798 -430.39283945173025
-1105.5807231864333 -432.1836208304763
-1104.7634270390868 -433.6244963607192
-1104.319600482881 -434.95032205194235
-1104.3562535247206 -436.33425690740347
-1103.6201316317915 -437.9648499688506
-1103.0012170276045 -439.54133739084006
-1102.6167135438322 -441.2284983596206
-1102.7032080194354 -442.0668349465728
-1102.9743477603793 -443.60931565374136
-1102.8660272336006 -444.74207462877035
-1102.3766694641113 -445.88319482415915
-1102.1495707905292 -447.0277050933242
-1102.1256300913542 -448.6406859359145
-1101.5096294986456 -450.23285784333945
-1101.409782532081 -451.6799823245406
-1100.9578072162717 -452.85746755212546
-1101.0436228173226 -453.69743778318167
-1101.3204566793888 -455.6163294515014
-1101.3351047145575 -456.9052499732375
-1101.6481556998938 -458.1199583014846
-1102.1213891314715 -459.7106929025054
-1101.7944687413424 -461.12075748056174
-1102.0683070229738 -462.3781782588363
-1101.5739359664171 -463.8390517434478
-1101.4645515488833 -465.045189281404
-1101.855244557783 -466.4465347728133
-1101.9269290374964 -468.18172039598227
-1102.0164341735094 -469.82322420686484
-1101.2063045310229 -470.49275364488363
-1100.2596286343783 -470.8993209204078
-1099.8936902987211 -472.10796233028174
-1098.4864835249632 -473.27092011779547
-1096.7768010603636 -473.4561178585887
-1095.6515185343474 -473.6620934507251
-1094.1713764178007 -474.26284800976515
-1092.457945297882 -474.7322996160388
-1090.7563261496275 -475.2528362175822
-1089.8290542470663 -475.770662715137
-1088.5854623424261 -475.7059662988782
-1087.1183921205252 -475.7064060023427
-1085.6611217366903 -476.08003694325686
-1084.126206170246 -476.6350148370862
-1083.1275583612173 -476.2899762740731
-1081.2807923661917 -476.2663881084323
-1079.421496997997 -476.66748421400786
-1077.6166629897803 -477.41498832911253
-1076.096823702976 -477.6648755720258
