-1182.81 -312.31
-1181.1604610061645 -312.4967376714945
-1179.3712154006957 -313.1076839095354
-1177.5936396694183 -313.57566611230374
-1175.9548214054107 -314.3197681134939
-1174.6897147274017 -314.59982900083065
-1173.1826445436477 -314.94862966001034
-1171.3862997865676 -314.4230527108908
-1170.2155404663085 -314.94580648601055
-1168.4741824245452 -315.06854408741
-1167.137997803688 -315.4968015229702
-1165.7387959337234 -315.35380720853806
-1164.418506321907 -315.8014445877075
-1163.4863015985488 -315.6881660050154
-1161.8452663993835 -315.94411451876164
-1160.2648243284225 -315.43114848196507
-1158.6229603862762 -315.8834778791666
-1157.2221339321136 -315.8532980954647
-1156.5131876444816 -316.0946057713032
-1154.9467884278297 -316.49993377685547
-1153.5075068449974 -316.2154877460003
-1152.0134549117088 -316.5299684083462
-1150.5824937796592 -316.61767580866814
-1148.7132272696495 -316.7774986898899
-1146.7989318346977 -316.84375312685967
-1145.2700695967674 -316.30964597821236
-1143.7026745057105 -316.13934030890465
-1142.316989777088 -316.54601934313774
-1140.3631581044197 -316.5294640338421
-1139.2664027190208 -316.7337893819809
-1137.7829583859443 -316.91492393374443
-1136.4227455830573 -317.25587075710297
-1135.0774699425697 -316.67625307798386
-1133.319099304676 -317.042470870018
-1131.9093869900703 -317.0862407064438
-1130.8537307953834 -317.45241126179695
-1129.6631051278114 -317.39790227770806
-1128.0473834252357 -316.85090812802315
-1126.7235772585868 -317.2859943187237
-1124.771382329464 -316.8683597123623
-1123.476473686695 -316.37713804602623
-1121.6427973484992 -316.69821229338646
-1119.915501949787 -316.71309845097363
-1118.0590028738975 -317.41613773949445
-1116.3790252184867 -318.15274874813855
-1115.5978825068473 -319.3523077214509
-1115.2597445821762 -320.5140623296052
-1114.2775105214118 -321.8969939196855
-1113.617360947132 -323.2865235055238
-1112.7139705395698 -324.8111259187013
-1112.008667049408 -326.4892582143098
-1111.583900002241 -327.4723638737947
-1111.3513764715194 -329.01098839886487
-1111.4574091112613 -330.9578634942323
-1110.9942549443244 -332.66911856777966
-1110.4512083506584 -333.7999604190141
-1110.2125494158267 -335.3484813416749
-1109.6168478405475 -337.0219845021516
-1108.8624816215038 -338.82888834126294
-1108.314040390253 -339.95051376469434
-1107.4536208188533 -341.2598845208436
-1106.133591440916 -342.21591465123
-1105.2100179469585 -343.93120913155377
-1104.517409530878 -345.15259019978345
-1103.7040359652042 -346.8334726537019
-1103.0952623164653 -348.6633124793321
-1102.7312011098861 -349.770798131302
-1102.406778333187 -350.93523447163403
-1101.8692357516288 -352.4889320576936
-1102.2168883061408 -353.3880534017831
-1101.9121078526973 -355.06392072089017
-1101.475853112936 -356.40024183638394
-1101.2286725467443 -357.40943907149136
-1101.7366769140958 -358.65772806055844
-1101.2621584957838 -359.671244129017
-1101.543349725604 -361.1578572834283
-1101.346294877529 -362.9940333212167
-1101.209268940091 -364.905752524212
-1101.1439927792549 -366.21724556334317
-1101.0101339495181 -367.41211114771664
-1100.8102744495868 -368.87828157790005
-1100.6822567260265 -369.6495238984376
-1100.4432898437976 -370.55696897156537
-1100.810310152769 -372.4621224845201
-1100.5556328868865 -374.1393195832521
-1100.942014811039 -375.6571196759492
-1100.8189074969291 -377.47701291687787
-1100.6037337011098 -379.14639763481915
-1100.3027407354116 -380.38317875511945
-1100.0181950753927 -381.7904147351533
-1100.8083101934194 -383.40113238938153
-1101.2449382072687 -384.79694001324475
-1100.7976758009195 -386.6606039250642
-1100.095271719098 -387.83484820969403
-1099.1866952902078 -389.2820058310777
-1097.607986999154 -389.88843934185803
-1096.4660607105493 -390.1690897191316
-1095.448072028756 -390.13720339484513
-1093.687292767167 -390.6097139710933
-1091.7750291353464 -391.28857368178666
-1089.9075169092416 -391.77231529302895
-1088.7496864324808 -392.340910583213
-1087.7231943136453 -392.47371894069016
-1086.114734006524 -392.877013444379
-1084.3468257910013 -393.7469283337146
-1083.605104458928 -394.65956598468125
-1082.6681350594758 -396.07732611842454
-1081.7808270579576 -396.5658981794864
-1080.7524267560243 -398.1388903851062
-1079.9613188630342 -399.2672238344699
-1078.4657160168886 -400.84663784451783
-1077.113063467145 -401.7228891248256
-1075.4852296239137 -402.0764296645671
-1074.5129701024293 -402.64001637645066
-1072.761801136136 -402.88568444497884
-1071.080588234067 -403.14834292180836
-1070.3162406808137 -403.5645127142221
-1069.4694451218843 -404.2182819689065
-1067.7686640149354 -404.3131281579286
-1066.5055458670854 -405.4354399884492
-1065.1250703459978 -406.4282318199426
-1064.2488787299394 -407.7948708380014
-1062.9320732480287 -408.7404723609239
-1062.4048726683855 -410.0546434367448
-1062.5798794752359 -410.90286736138165
-1062.6417177444696 -412.25470487721265
-1062.0093047147989 -413.09815512545407
-1062.0731623893976 -414.9534354055673
-1062.0178769207 -415.7735493028909
-1061.8800961500406 -417.36071513541043
-1061.340172124505 -418.7113940561563
-1061.4218364557623 -419.97960112936795
-1060.9334078630804 -421.45287321455777
-1061.4888240894675 -423.0014204824716
-1061.0539666315913 -424.3312475527078
-1060.7660630843043 -425.1069595063478
-1060.946521629989 -426.05296938069165
-1061.1649838289618 -427.23330728657544
-1060.816039790809 -428.25478701241315
-1060.9970329007506 -429.58236674912274
-1060.7184111973643 -431.0846857274324
-1060.8327377042174 -432.4092772448808
-1061.0939834317564 -433.51077203400433
-1060.669978877008 -434.8529192651063
-1061.2941549620032 -436.6099160159379
