-1182.81 -312.31
-1184.095447716713 -313.44664174079895
-1185.2979641532897 -314.4270344352722
-1186.723262963295 -314.67673507094383
-1187.4688534116744 -315.17341485381127
-1188.9618753767013 -315.77857795119286
-1189.9349626874923 -316.4581573879719
-1191.4630373096466 -316.5666827684641
-1192.3843334293365 -317.2809488898516
-1194.118891892433 -317.3666318631172
-1195.2053969478607 -318.36385488271713
-1196.0591225004196 -318.38691141963005
-1196.8458330607414 -319.4477200782299
-1197.679835615158 -320.45683243632317
-1198.9135323143005 -321.19258334994316
-1199.6890854215621 -321.92714681982994
-1199.4501931643485 -323.5112557685375
-1199.9352069473266 -324.1599774634838
-1199.9309316253662 -325.64275124430657
-1200.4056272780895 -326.8119039809704
-1200.8115451014041 -328.49788143992424
-1201.1093158996105 -330.3484127795696
-1201.4565068757533 -331.6166025674343
-1201.1094916439056 -333.249201682806
-1200.9359872615337 -334.00977006316185
-1200.9808263754844 -335.30704870581627
-1200.9954997500777 -336.69594779372215
-1200.9291644072532 -337.955890802145
-1201.0868891751766 -339.1213358914852
-1201.0133107206225 -340.82502391695976
-1201.3548067709803 -341.6234000003338
-1200.9165288707613 -342.6250175511837
-1200.4610054692625 -343.3555015003681
-1200.5078030726313 -345.0689117586613
-1200.8849719962477 -346.46327349305153
-1201.0224729976057 -348.00296076893807
-1200.8538858196139 -349.72462936997414
-1201.0713138481974 -350.94785126805306
-1201.0357233262062 -352.4123831665516
-1200.9034785604476 -353.3596003329754
-1200.9208749136328 -354.4306209361553
-1201.2145582339167 -356.1150956428051
-1201.8777413269877 -357.76472607016564
-1202.04458211869 -358.5622559463978
-1201.8000980219244 -360.2178957140446
-1201.3815375766158 -361.59261306881905
-1201.302478199303 -363.0171264088154
-1200.6966220787167 -364.62969848275185
-1201.0737535110115 -366.0845968401432
-1201.5472346296906 -366.89297088742256
-1201.1015387526154 -368.13774260640145
-1200.7182017317414 -369.83761831879616
-1200.7921414873003 -370.91143449902535
-1200.6044828793406 -372.20697340130806
-1200.9024463197588 -372.95345809817314
-1200.802296680808 -374.35610976576805
-1200.7595401009917 -375.0913203036785
-1200.5833884081244 -375.75583943486214
-1200.1203953525423 -377.00120028615
-1200.3169398507475 -377.76557484030724
-1200.9330377182364 -378.9317394769192
-1201.514179726541 -380.10297956824303
-1201.7889570197462 -381.7964340722561
-1201.598811199367 -382.82916310191155
-1202.0578169426321 -384.2628361260891
-1201.6723340651392 -385.6725564277172
-1202.1994882723689 -387.1475787436962
-1202.1215463033318 -388.5234220302105
-1201.8338895192742 -390.1216861283779
-1201.4165296605229 -391.2204790389538
-1201.216471349299 -392.92072847247124
-1201.721452807486 -394.74801018595696
-1201.6819021379947 -395.7417252933979
-1201.9746963953971 -396.59365126252175
-1201.510997620821 -397.6672203218937
-1201.4102255529165 -398.82504412293434
-1201.1114381974935 -399.97473188996315
-1201.3650922304391 -400.807927993536
-1201.38690837048 -401.9910548007488
-1201.7710802140086 -403.4267332828045
-1201.4959520282596 -404.4128555929661
-1201.2639075102657 -405.33109733223915
-1201.3784671308845 -406.1450352346897
-1201.4701410489529 -407.4837243235111
-1200.9357461290806 -408.3409660732746
-1200.7510082083195 -409.77238961815834
-1200.7136191981285 -410.63152089476586
-1200.405476983115 -411.9911783015728
-1200.1460382597893 -413.1751796281338
-1199.6964296954125 -415.01805129408837
-1200.4472410338371 -416.8947540795803
-1201.0031488197296 -418.09691443800926
-1200.734489883706 -419.2592503106594
-1200.7077948036044 -420.6655823266506
-1200.610223937258 -421.66436496138573
-1200.612183335647 -422.75543704390526
-1201.3181486757844 -424.24234917521477
-1201.2241512494534 -425.40657034277916
-1201.9049172955006 -426.70984688162804
-1202.1852927761524 -428.0698133981228
-1201.7140942769497 -429.5843291556835
-1201.1509249763935 -431.38672545313835
-1201.343519146964 -432.99713876605034
-1201.6635484652966 -434.67365231871605
-1201.1414323406666 -436.056316999197
-1201.6256646769493 -437.34970858454705
-1201.8844586866348 -438.85747185111046
-1201.9855471285432 -440.64723029494286
-1202.4011828633397 -441.9371388232708
-1202.7744690807908 -442.71260168910027
-1202.593860599622 -444.16198017954827
-1202.9743122788518 -445.07139506697655
-1202.6962132783979 -446.059548882246
-1202.0710257025808 -447.53584769129753
-1201.8639469923824 -449.38139560580254
-1201.4086634995788 -450.2196229970455
-1201.5970963867753 -451.62446585059166
-1202.3693413170427 -453.2174238240719
-1202.4924367996305 -454.70534518122673
-1202.2339509459584 -455.9561280286312
-1202.3557726623862 -457.854314712286
-1202.6527367415279 -458.8843918120861
-1203.2045470061153 -460.4488781964779
-1202.6331883849948 -461.5499819791317
-1202.9155888738483 -462.6450755870342
-1202.8400924833863 -463.9413750445843
-1202.182299319133 -465.7660155570507
-1202.2145641776174 -466.88135877013207
-1201.3163553806394 -467.9651943719387
-1200.6482552620023 -468.6772349154949
-1200.3508486481755 -469.91852870345116
-1199.7235196562856 -470.9159251129627
-1198.4036434622853 -472.0351127064228
-1197.4742079707235 -472.98623499035835
-1195.81753906928 -473.68770679593086
-1194.1088708373159 -473.88349517941475
-1192.7285065384954 -474.39160760998726
-1191.3299522133916 -474.35775266349316
-1189.7310884924977 -474.3693717098236
-1188.5847390624135 -474.2989386892319
-1187.132074091062 -474.8666214323044
-1186.2187293501943 -474.45505913853646
-1184.5966590376943 -474.59896793723107
-1183.5614585610479 -474.4564659869671
-1182.1385500165075 -474.6952847069502
-1181.0983980628102 -474.53975866496563
-1179.2608107062429 -474.4458731389046
-1177.9197523327916 -474.9515848135948
-1176.4064318867772 -475.00926845282316
-1175.3852288457006 -474.90414457529783
-1173.9415720435231 -474.73485148459673
-1172.8803252907842 -474.40215132147074
-1171.4157213898748 -474.53711908072233
-1169.8966626854985 -474.75752836972475
-1169.09938976489 -474.7486874511838
-1167.916385147199 -475.075975125134
-1166.6593501301854 -474.62030640751124
-1165.6285682650655 -475.1384196034074
-1164.2460370989888 -475.2019374719262
-1162.874803397283 -474.8492287746072
-1162.0542199345678 -475.02470280736685
-1161.180150661096 -474.9881157180667
-1159.422623548135 -475.5850078365207
-1158.2442630859464 -475.8293138793111
-1157.0968442293256 -475.79668728396297
-1155.3463546367734 -475.43984408065677
-1153.5054961773008 -474.91944141075015
-1152.2595452400296 -474.6723910062015
-1150.8243347736448 -475.15989289566875
-1150.0595286222547 -475.14950040116906
-1149.038713011369 -474.94947558775544
-1147.6510517927259 -474.53275817766786
-1146.4680170150846 -474.2304947985709
-1145.459753427133 -474.57520613208413
-1144.5227054687589 -474.45013040438295
-1143.0909570785611 -475.16889768972993
-1142.082043203935 -475.290498213321
-1140.509007248506 -475.5444110198319
-1138.7024402948468 -476.1912978453934
-1137.2987172933667 -475.79497604206205
-1135.6730382772535 -476.1445097191632
-1134.642424139604 -476.1448221220076
-1133.7144627901166 -476.1121327778697
-1132.6467988821119 -476.10625909775496
-1131.5091861816495 -476.4437069198489
-1130.0970545145124 -475.8065066239238
-1128.6283330055326 -475.7234703949094
-1127.7069804998487 -476.3820436051488
-1126.2217310997098 -476.81945103913546
-1125.071602019891 -476.2351841381192
-1123.9408613773435 -476.42734936386347
-1122.6155393453687 -476.95287403970957
-1120.9941323133557 -477.0778046002984
-1119.6550720068067 -477.51451540499926
-1118.2427606912702 -477.3501262715459
-1116.9471518131345 -477.29150613904
-1115.363821420297 -476.7071510231495
-1113.5161946149915 -476.4057880616188
-1112.228210601434 -476.2540269321203
-1111.2004241081327 -476.0491923815012
-1110.1377370687574 -476.28040425240994
-1109.1453699799627 -476.357548905015
-1108.1937969657033 -476.35227044060827
-1106.46861932002 -477.0157098932564
-1105.731279584989 -477.13428320869804
-1104.2059262724965 -477.31048872455955
-1102.2905443640798 -476.98504331097007
-1101.501108977422 -477.0064154057205
-1100.5818935962766 -476.51684940740466
-1098.9404126735776 -476.36491219088435
-1098.1732685896009 -476.68022845074535
-1096.55305591546 -476.4930121688545
-1095.7744571300595 -476.7668626694381
-1093.9095785947889 -476.9608261822164
-1092.5229469867795 -477.2889325557649
-1091.515544328317 -477.62031876429916
-1090.3765508266538 -477.7380133135617
-1089.1224476429074 -477.9244988723099
-1087.787470016107 -478.01573787763715
-1086.1793104740232 -478.15745537117124
-1085.292848322019 -478.884058521539
-1083.977174493894 -478.8320554061234
-1083.278228554353 -479.59765638545156
-1082.2314267488568 -479.4456159634888
-1080.8190014692395 -480.265657441169
-1079.1644524665921 -481.36095310881734
-1078.4762983652204 -481.8053070767224
-1077.1033410163968 -482.24038438633085
-1076.4168672891706 -482.907882617265
-1074.951100263223 -483.7683084471524
-1073.31058481656 -484.20631025865674
-1072.3735754819959 -484.17177910491824
-1070.518259081468 -484.3372974781692
