-1182.81 -312.31
-1181.57136469841 -313.0360698080063
-1179.6933944797515 -313.8387594795227
-1177.849523601532 -314.55119210243225
-1175.918432173729 -315.1113696074486
-1174.2782970046997 -315.7926020002365
-1172.645360765457 -315.96362213552
-1170.7307323789596 -315.6851941174269
-1169.309807357788 -315.9123200452328
-1167.4554951763153 -316.1163395768404
-1165.6712408638 -316.6213398104906
-1163.7400899505615 -316.83305625379086
-1161.8169547891616 -316.9207775121927
-1159.8863688087463 -316.66462944209576
-1157.9518409347534 -317.05196372926235
-1155.9956044530868 -317.58178321778774
-1154.6942204809188 -317.9934782809019
-1153.0949541902542 -318.0643039470911
-1151.590322909355 -318.1956356590986
-1149.7353621101379 -318.3181183388829
-1148.0088800764083 -318.30121061712504
-1146.2337852096557 -319.29394820839167
-1144.6048729991912 -320.84143499046564
-1143.5248530483245 -322.64645198494196
-1142.8306726789474 -324.41430750995875
-1142.1114595508575 -325.75001696258784
-1141.4564892625808 -327.37062898784876
-1141.0122294104099 -328.58594766765833
-1140.8586074388027 -330.3372338166833
-1140.9373934915661 -331.78344122081995
-1140.4173882058262 -333.0918635478616
-1140.3448974987864 -334.8141224732995
-1140.1066145649552 -335.73859337478876
-1140.2974906912445 -337.5408118119836
-1140.8670706501603 -338.754381095469
-1140.435840254128 -340.4499522796273
-1140.1648900559544 -341.71488085895777
-1140.1391502818465 -343.1010108342767
-1139.8218287727236 -344.5910648456216
-1140.0783274075388 -346.35524002224207
-1140.063442697227 -348.0432256808877
-1140.7105852863192 -349.28302613407374
-1140.9061043164133 -350.4369204393029
-1141.4494448801875 -351.43395099550486
-1141.4793270727992 -353.18756089121104
-1141.4719421765208 -355.0119441500306
-1142.5830490490794 -356.67874333769083
-1142.3450413247942 -358.4503957977891
-1142.0835687419772 -359.6793583384156
-1141.8757711550593 -361.0116089335084
-1142.3694031736254 -362.3977641811967
-1142.0294442376494 -363.95538089185953
-1142.0609354874491 -365.5950913181901
-1142.4685751995444 -367.1131393662095
-1142.2756400606036 -368.5586616745591
-1142.149957498014 -369.94484040647745
-1141.9100365242361 -371.75126073271036
-1141.5894085368514 -373.1296643963456
-1141.5509288734197 -374.65937278181315
-1141.2621710723638 -376.3359385481477
-1141.054067594409 -377.2644519558549
-1140.6911471909284 -379.09678742796183
-1139.9694767421483 -380.9865468493104
-1139.7597329741716 -382.00371727854014
-1139.1414917236566 -383.322214101851
-1138.5924452072381 -385.0015274038911
-1138.2681337124109 -386.47221264749766
-1138.6031766062974 -388.19474229723215
-1138.8159079676866 -389.28868398576975
-1138.6021586036682 -390.9346372833848
-1138.3662971383333 -392.67354891210795
-1138.4084014756977 -393.96730825811625
-1138.4900168044865 -395.4956757774949
-1137.833649919778 -396.8526314249635
-1137.7957482500374 -397.8208085051179
-1137.571785198003 -399.3955334177613
-1137.2217591567337 -400.89037082105875
-1137.6128387613594 -402.475979065001
-1138.1590442819893 -404.2347651472688
-1137.6771907372772 -405.84412798792124
-1137.674625442773 -407.5743212452531
-1137.2257761223614 -409.20779452234507
-1137.0555880977213 -410.62686893850565
-1136.8957843793928 -412.28381929308176
-1136.9138993932306 -413.6858958950639
-1137.1806285394728 -415.4543522349
-1136.913614334017 -417.15799233824015
-1137.3483624471723 -418.799974655211
-1137.7538887871801 -420.04690012842417
-1137.9349231137335 -421.6884933462739
-1137.407551409155 -423.52082500368357
-1137.28687580809 -424.53328678518534
-1136.7106511233746 -426.1429143896699
-1135.7255525825917 -427.8990968218446
-1134.985472524017 -429.29739079385996
-1133.8053128360211 -430.6500136604905
-1132.5767204402387 -431.3549790135026
-1130.8949604867398 -431.91934791713953
-1129.1835959790646 -431.9172824969888
-1127.5190029977261 -432.69300535827875
-1126.716315948814 -432.4986043921113
-1125.1394936679303 -432.3737157037854
-1123.4217955707013 -433.2747855833173
-1122.0030554173886 -433.5548838725686
-1120.599824988693 -434.12531063467264
-1118.9391654370725 -433.6790368309617
-1117.0885380147397 -434.23254016548395
-1115.7519778846204 -434.38216111570597
-1114.0640318034589 -434.18718170136214
-1112.2897059558331 -434.80459498375654
-1110.857153737396 -435.4619980356097
-1109.6192789910733 -436.1470891734958
-1108.5128868459165 -436.97745053976774
-1107.3212970136105 -438.05617563933134
-1105.762444460243 -439.0306177636981
-1105.3118587075173 -440.86887746065855
-1104.9557326374947 -442.48832636088133
-1104.8381557701528 -443.9172304174304
-1104.2579288123547 -444.9669746658206
-1103.8290274976193 -446.1654897233844
-1103.34756153211 -447.60205440729857
-1103.4111567153036 -448.69806115835905
-1103.69510126248 -450.0849687358737
-1103.7803197292983 -451.5067447921634
-1103.980293327421 -453.2040457031131
-1103.503140681833 -454.861585547626
-1103.4450953243672 -456.55706100672484
-1103.5456301359832 -458.27530341356993
-1103.0205582170188 -459.66955261439085
-1103.563943067044 -461.5576192638278
-1103.2704205600917 -462.36823516100645
-1103.412416794747 -463.1102086803317
-1102.7502932934462 -463.91923474282027
-1102.6424648328125 -464.98214577645064
-1102.1290254755318 -466.4211530587077
-1101.6094685955345 -467.1853901645541
-1100.340590135604 -468.37950544565916
-1099.351761893779 -469.6656171581149
-1098.0654813809692 -470.3569408556819
-1096.9001918597519 -471.0683296224475
-1095.884687141925 -471.8624843260646
-1094.606439308673 -471.6396742513776
-1093.1028204722702 -472.44327039033175
-1091.4429865641891 -473.206226413548
-1089.9282862706482 -473.9690600088239
-1088.1479754014313 -473.8068842342496
-1086.5127291245758 -474.3131938031316
-1084.9022515578567 -475.13985896617174
-1083.36630614236 -475.0147307267785
-1082.29641480878 -474.9367031505704
-1081.0174912972748 -475.10238622635603
-1079.205764965564 -475.5372406741977
-1077.7795068784058 -475.90463342279196
-1076.9650852842628 -476.18459190934897
