-1182.81 -312.31
-1180.8640072917938 -312.6160610294342
-1179.293232975006 -312.710358684361
-1178.4843249893188 -313.3392782858014
-1176.9127269363403 -313.8429551771283
-1175.5908076143264 -314.3172008445859
-1174.7430784082412 -314.1382931521535
-1173.1929699754714 -314.01996814221144
-1171.811012802124 -314.49616645783186
-1170.4827066040039 -314.7639690837264
-1169.2198671674728 -314.90359510988
-1167.8315512514114 -314.9082262417674
-1166.0405989265441 -315.39244409412146
-1164.7117775058746 -314.8997570177913
-1163.2986486530303 -314.8104773065448
-1161.8000921583175 -315.4022571346164
-1160.4653369760513 -315.52383787691593
-1159.012986717224 -315.9737988239527
-1157.7408998584747 -316.263239813447
-1156.755352435112 -316.55255307018757
-1155.5857308483123 -316.5837987488508
-1153.6557055091857 -316.4773536747694
-1152.0415632104873 -315.9732368415594
-1150.3243839120864 -316.1662589734793
-1148.6197392320632 -316.36762526392937
-1147.544167098999 -316.56969645380974
-1146.1843896484374 -316.45554142951966
-1145.0061308717727 -316.3533588773012
-1143.4270459985732 -316.41890932381153
-1141.959643778801 -315.9204280501604
-1140.7475356435775 -316.16818785429
-1139.329809126854 -316.6287586963177
-1138.03421169281 -316.80638029932976
-1137.0692896223068 -316.67258463561535
-1135.1892004585266 -316.76529748499394
-1133.8749765729904 -316.6278612589836
-1132.3532735681533 -316.67526641249657
-1130.3986511802673 -316.6118532022834
-1128.7284674024581 -316.85607789963484
-1127.3245055055618 -317.44251607865095
-1125.4099037027358 -317.75094382971525
-1123.7381789064407 -317.6790280392766
-1121.9427518224716 -318.4139112880826
-1120.801758942604 -319.48911637574435
-1119.9243866181373 -321.245337908566
-1119.6656377291679 -322.92449445039034
-1118.8984404182434 -324.41787630826235
-1118.165264365673 -325.9476184299588
-1118.0502914017438 -327.88498694211245
-1117.9506008452177 -329.55408031255007
-1118.0005292794108 -331.35082453995943
-1117.7091351947188 -332.71467727929354
-1117.1480547389388 -334.6342849186063
-1116.700477322042 -335.88612908631563
-1117.0771796903014 -337.7535030296445
-1116.9078342965245 -339.36407548695803
-1117.3832278898358 -341.0737504413724
-1117.1577173671126 -342.3627384355664
-1116.8916374644637 -344.18707091122866
-1115.9701591929793 -345.7386739900708
-1115.2431858977675 -347.51570958405733
-1114.7918387255072 -348.93287271767855
-1114.1397345861792 -349.8107987692952
-1113.8881112536787 -351.6348054459691
-1113.661883597672 -353.3138907006383
-1113.469202285111 -355.2261657765508
-1113.0366593053936 -356.9565028002858
-1113.6224686554074 -358.89049304038286
-1113.3397998264431 -360.6966506293416
-1113.173336496055 -362.51407492667437
-1113.0541363856196 -364.34860933333636
-1112.801485737264 -365.7199729731679
-1112.9923591664433 -367.5458701899648
-1112.872788851559 -369.11094177275896
-1113.1417967131733 -370.23603773623705
-1112.8837838223576 -371.1373665383458
-1112.1806361725926 -372.3204159787297
-1111.6832146397232 -373.3817606022954
-1111.2154507389664 -374.22005916148424
-1110.4246952882409 -375.924211268723
-1109.6566319218277 -377.04645813018084
-1109.0896737924218 -378.41356540232897
-1109.0096233463287 -379.8523145964742
-1109.0280049493908 -381.8295341780782
-1108.7019559791684 -383.75303042441607
-1108.1946663311123 -385.243733291924
-1107.2073235562443 -386.383461599648
-1106.0159943154454 -387.8606867840886
-1104.9562976410984 -388.8687038472295
-1104.1770551255345 -389.80457067996264
-1102.3476858189701 -389.8159169009328
-1100.8214823058247 -390.3779090693593
-1099.6046026995778 -390.6724026849866
-1098.46842217952 -390.699379568398
-1097.5882313302159 -391.15657008200884
-1095.8844655802845 -391.7070626667142
-1094.9702280810475 -391.7326763211191
-1093.4847939065098 -391.4708792208135
-1092.2331169894337 -391.6565611152351
-1091.268262272179 -392.1940118460357
-1089.353505974114 -392.72764591261745
-1087.6724680712819 -392.9536950676143
-1086.1486614993214 -393.37560976430774
-1084.650101905167 -393.8285844115913
-1083.3139122775196 -394.03070376202464
-1081.9429013779759 -394.1328612355888
-1080.4264445355534 -394.1470497338474
-1078.9449734738469 -393.7774066416919
-1077.8892993977665 -393.7197483865917
-1076.1917215636372 -393.89633537217975
-1075.1407972624897 -393.77270686015487
-1073.611759429276 -393.982709133476
-1072.2499721100926 -394.03203087434173
-1070.5148793509602 -393.43684148177505
-1069.5555578520894 -393.4018117724359
-1067.9775629094243 -393.4533436088264
-1066.1694240620732 -392.8966325311363
-1064.753790026009 -392.9431185363233
-1062.994251613915 -393.4646331308782
-1061.7230441620945 -393.4926777718961
-1059.7733870795369 -393.5250719128549
-1058.5331600955128 -393.59621354326606
-1057.0940358689427 -393.5674602179229
-1055.2454832842946 -393.9534160284698
-1053.658372168839 -393.81703924521804
-1052.1388340047001 -394.1890341578424
-1050.4511698535084 -394.56261225923896
-1048.919490700066 -394.7369179664552
-1047.317166571915 -395.09274499997497
-1046.4907852461934 -394.7981427846849
-1045.535347943604 -394.84344466909766
-1043.7169668725132 -394.9993692277372
-1042.7351551106572 -394.8254613517225
-1040.9700299552082 -394.2822114466131
-1039.243966346085 -394.3049174337089
-1037.5118312886357 -394.6469968049228
-1035.7637711814045 -394.18618170306087
-1034.066536670029 -394.2673294632137
-1032.7639645388722 -394.5621900944412
-1031.045029168427 -395.3467817096412
-1030.0930920889973 -396.4158729104698
-1028.669820432961 -396.360658326596
-1027.79097474128 -397.55064729735255
-1027.507305239737 -398.7769409804046
-1026.7803268781304 -400.1846905140579
-1026.6832339516282 -401.35443023726344
-1025.9312227120995 -402.31947777554393
-1025.3423769822716 -404.03187666222453
-1024.695138131678 -405.61449632927776
-1024.027182137072 -406.5708514241874
-1023.6664919307827 -407.5396185903251
-1023.8173421671986 -408.5453277616203
-1023.4012921205162 -410.3081975965202
-1023.3719226023554 -411.73945627495647
-1023.9138604304194 -413.3849557428062
-1024.0545450350642 -414.557491043061
-1023.9914208477735 -416.393836954087
-1023.7569664245843 -418.20519469067455
-1023.5600469237565 -419.57462845131755
-1023.9474572962522 -421.13474641129375
-1023.5162581926584 -422.8062191991508
-1023.2047731107473 -424.7161985425651
-1023.3180281421542 -426.2694474248588
-1023.1127242049574 -427.59594986721874
-1023.6025388440489 -429.1299757747352
-1023.490727019906 -430.553318002671
-1023.7879452830553 -431.2926205186546
-1023.0569883710145 -432.3641320256889
-1023.4000819152593 -433.10392574355006
-1022.7128364270925 -434.97554556414485
-1022.7484177625179 -436.3743212608993
-1022.6595031520724 -437.3558775572479
-1022.6987469843029 -438.9252072958648
-1022.7145709446072 -439.94779089972377
-1023.1351157477498 -441.4623588709533
-1023.8338509848713 -443.3034817366302
-1024.1455571106076 -444.11821631476283
-1024.5635647526383 -445.61454037711025
-1023.9797435751557 -446.37410900875926
-1024.3048549345135 -447.92476365849376
-1024.4441606006026 -448.98874900624156
