-1182.81 -312.31
-1181.9685935354232 -312.26688956975937
-1180.3181346035003 -312.4782635843754
-1178.5771786546707 -312.9213750934601
-1177.071616230011 -313.1601985222101
-1175.6527711725234 -313.65066204726696
-1173.9981136894226 -314.1487600928545
-1172.4623370742797 -314.5336110717058
-1170.9845653152465 -314.84568153083325
-1169.6113880252838 -315.18040261924267
-1168.7928748703002 -315.33839754521847
-1167.053651986122 -315.235536736846
-1165.7199487066268 -314.97666881740093
-1164.3558348989486 -315.286021155715
-1162.993613538742 -315.57975752413273
-1161.6550503349304 -315.87452329456806
-1160.0060661411285 -315.9815865880251
-1158.9065979099273 -315.63689313590527
-1157.210976061821 -315.76743606984616
-1155.3651711320877 -315.6084404116869
-1153.6364218568801 -314.9439098364115
-1151.9806784963607 -315.1664378172159
-1151.295248863697 -315.2493537193537
-1149.5055787539482 -315.20623235166073
-1147.7261705374717 -315.4437899118662
-1145.8789515471458 -315.672720862031
-1144.6153033947944 -315.4077517515421
-1143.1406129574775 -315.55978952109814
-1142.0531287169456 -315.4602581387758
-1140.4858696436881 -315.503576797843
-1139.1248391842842 -315.3955907946825
-1137.582357046604 -315.23846965789795
-1135.9526584124565 -315.39386409282685
-1134.3614058470725 -315.6046830391884
-1132.9699438786506 -315.8450123345852
-1131.5802586054801 -316.0763500607014
-1129.8565702414512 -316.2924198782444
-1128.4443693137168 -316.2249541556835
-1127.1500179743766 -315.8587731695175
-1125.4682933068275 -316.0483954524994
-1123.9157787537574 -316.0955407744646
-1122.8438731408119 -317.0587282305956
-1121.241815445423 -318.29859114944935
-1119.9632828211784 -319.71789337456227
-1118.40946590662 -321.26996530354023
-1116.8796728825569 -322.0327587848902
-1116.64576759696 -323.86212546885014
-1115.7619972503185 -325.4354800707102
-1116.0519777214527 -326.9850999838114
-1115.6551455533504 -328.8286362415552
-1115.1136155998706 -330.4722435003519
-1114.6540510630607 -331.4835676676035
-1114.0834405398368 -332.4424700266123
-1114.0785175538063 -334.17867775022984
-1113.3116348361968 -335.59856886923313
-1112.3487205481529 -336.89623327314854
-1111.6721522784233 -338.34204645216465
-1111.354457346201 -340.3170729404688
-1110.9433867311477 -342.1715386635065
-1111.1983920907974 -343.93983156740666
-1110.738355872631 -345.67949910223484
-1110.4253554916381 -346.74826247751713
-1111.2195355272293 -348.367328119874
-1111.173490179181 -350.30238504469395
-1110.7728604501485 -351.93854017317295
-1110.3863011425733 -352.8279165750742
-1110.1679925596713 -354.1375270611048
-1110.8820649063587 -355.43542451918125
-1111.0223200595378 -357.3024611002207
-1111.1572632467746 -358.80453331530094
-1111.3141701197624 -360.1414875513315
-1110.9203835403919 -361.8070919042826
-1110.5399699485301 -362.9812677627802
-1110.5885626873373 -364.7535937553644
-1111.2342122992873 -366.3909502750635
-1111.72280182451 -368.3722131973505
-1111.1301797828078 -370.1728199249506
-1110.5626504024863 -371.79851431906224
-1110.5184429189562 -373.6193277364969
-1110.4356265118718 -375.2144482856989
-1110.2164554199576 -376.8438406711817
-1110.3077490752935 -378.5350435501337
-1110.3281048810481 -379.6376078850031
-1109.9225064790248 -381.33798606455326
-1109.627056030035 -383.03672702372074
-1110.0088886892795 -384.9365628486872
-1109.9934537386894 -386.7656319862604
-1110.1269568926095 -388.33691055834294
-1110.3384635424613 -389.5700387483835
-1110.122443882227 -391.2655546194315
-1110.0416821590065 -392.2121321684122
-1109.326414500773 -394.1264776712656
-1109.4274007430672 -396.0667052990198
-1109.3109789094328 -397.2770965820551
-1108.9369776448607 -399.0985189205408
-1108.6326506337523 -401.0480101829767
-1108.99730147928 -402.9800205951929
-1108.363828381002 -404.41692812502384
-1107.8898826441168 -405.670319390893
-1108.0740904709696 -406.9283254867792
-1108.1991527429223 -407.8397092348337
-1108.0414764931797 -409.5958072668314
-1107.3474324992299 -411.13273329794407
-1107.9099197438359 -412.6922369724512
-1107.3019672086834 -414.5032480484247
-1106.7232919386029 -416.1690964227915
-1106.518129324019 -417.7288231378794
-1107.0297974100708 -419.01096649229527
-1107.125301068127 -420.2119667059183
-1106.76494440943 -421.93390030920506
-1106.7094768634438 -422.9013230329752
-1106.4048183909058 -424.7703504091501
-1105.894456898272 -425.6942551857233
-1105.1660151234269 -427.3343408828974
-1105.230505337417 -429.114394736886
-1105.409252961576 -429.9366219764948
-1105.8480618795752 -431.2111840969324
-1105.3243567547202 -432.05830509722233
-1104.7675318917632 -433.05300415813923
-1104.915415008962 -434.06718589127064
-1105.0126280909776 -435.6441204673052
-1104.6531262522935 -437.3730502253771
-1104.9679627245664 -439.25807620346546
-1105.2449948614835 -440.88298643887043
-1105.1798727041482 -442.271143091321
-1104.8511641150712 -443.5010250931978
-1104.246423614621 -444.4747606045008
-1104.1436023539304 -445.911882353425
-1104.1471850922703 -447.2181900268793
-1104.8049966147541 -448.67433543264866
-1104.2864726832508 -450.3026573187113
-1104.1268374672532 -451.8480592495203
-1104.1244987374544 -453.69646234571934
-1103.801994395852 -455.5370859628916
-1103.8084474107623 -457.25030655920506
-1103.6596965393423 -458.38367135584355
-1103.6855627349019 -459.6352644687891
-1103.7431837892532 -460.55524857103825
-1103.2659684991836 -461.9999511963129
-1103.1826065456867 -463.2567835575342
-1102.9830282753705 -465.0527436262369
-1102.714050245881 -466.8960897451639
-1102.7964980876445 -468.3341658836603
-1103.2511093890666 -469.1913696652651
-1102.9468722617626 -470.4806422120333
-1102.7489143586158 -471.46055222809315
-1102.43598156929 -472.44368548452854
-1102.2672795331478 -474.04494924604893
-1102.8516729748249 -475.5977329736948
-1102.447874096632 -477.31685228407383
-1101.7322459495067 -478.6268300539255
-1100.7250989949703 -480.0724224573374
-1099.0498184239864 -479.97463290154934
-1098.010090020895 -480.5410206145048
-1096.4677099263668 -480.7250592535734
-1094.928030756712 -481.52775691211224
-1093.174171475172 -481.4838014817238
-1091.9588520801067 -482.01684438943863
-1090.6463883197307 -482.31968635082245
-1088.77058639884 -482.48938174307347
-1087.5605191266536 -483.09971810638905
-1086.2255733287334 -483.63563032209873
-1085.052843836546 -483.5114567553997
-1084.1419017589092 -483.055245218277
-1082.7172426259517 -482.690823969841
-1081.2458849227428 -483.10523852467537
-1079.824117449522 -483.23385974526406
-1078.5116744315624 -483.8018113052845
-1077.1506382501125 -483.51707553625107
-1075.8330365693569 -483.5947679704428
-1074.5178849971294 -483.7158983847499
-1073.0215482985973 -483.8763010701537
-1071.8354463851451 -484.18257554382086
-1071.025638488531 -484.0457452735305
