-1182.81 -312.31
-1181.354797539711 -312.13326498627663
-1179.8928938484191 -311.7829327261448
-1178.4126332378387 -311.8626413023472
-1177.560145792961 -312.21885350108147
-1176.1161693906784 -312.4239067709446
-1174.3934616422653 -311.5407411134243
-1172.9843680238723 -311.4046274548769
-1171.862879691124 -311.10958064854145
-1170.1837612962722 -311.2819793051481
-1169.0934870815277 -311.4981479024887
-1167.3569542741775 -310.9221361851692
-1165.4191986894607 -311.37098634004593
-1163.9083440876007 -311.72048166155815
-1162.4715105867385 -311.62824937462807
-1160.9646216011047 -311.894638684988
-1159.465501127243 -312.06895047187805
-1158.0527479028701 -311.70863842725754
-1156.3511583185195 -312.00875755906105
-1154.9963253116607 -312.1464573419094
-1153.9804198122024 -311.67529529094696
-1152.3526602363586 -311.3080378448963
-1150.8947789049148 -311.6388443386555
-1149.6276757097244 -311.85688039422035
-1148.3565495586395 -311.0773819363117
-1147.071616230011 -310.3017450249195
-1145.3830395317077 -310.76384910702706
-1143.5424635982513 -310.8558438247442
-1141.9174793338775 -310.25440673291683
-1140.9516414380073 -310.7772947973013
-1139.4287652945518 -310.67378848552704
-1138.039853451252 -310.91304310917855
-1136.2192126488685 -311.32999494433403
-1134.4817370152473 -311.5348547822237
-1132.8551880097389 -311.55042741954327
-1131.154462096691 -311.53634522616863
-1129.5180542445182 -311.31349843502045
-1128.0310130095481 -311.6684495186806
-1126.8340654349327 -311.22849824786186
-1125.762105820179 -310.68234380841255
-1124.242965695858 -310.47090600192547
-1122.7247130846977 -310.5244963145256
-1120.8457137322425 -311.0375908589363
-1119.7546509480476 -310.73898601293564
-1118.496453640461 -311.0038675045967
-1117.2633068537712 -310.86702990293503
-1116.317059276104 -311.30962678551674
-1114.9452753043174 -311.56327479839325
-1113.10794973135 -311.3835581070185
-1111.4602875685691 -312.07537527143955
-1110.0571578717231 -313.1126813417673
-1109.0136922574043 -314.8424968248606
-1108.5103399729728 -316.4368602758646
-1108.009948310852 -318.23591966688633
-1107.5183876132965 -319.0947200781107
-1106.8568230247497 -319.84087086975575
-1107.1901097273826 -321.5970196849108
-1106.4640893912315 -322.5729192620516
-1106.4779621338844 -323.5469497567415
-1106.2853331542015 -325.33191288769245
-1106.1654865270852 -326.41953183472157
-1106.4127717739343 -327.8953743106127
-1105.8662238842248 -329.46552277863026
-1105.5981428748369 -331.1282123452425
-1106.067553860545 -332.09127367794514
-1106.242824268937 -332.98494674026966
-1105.7927755838632 -334.227006328702
-1105.267107976079 -336.098339689374
-1104.7779898768663 -337.3761850720644
-1104.4463126784563 -338.8419441109896
-1104.3881718939542 -340.191450727582
-1104.3633269196748 -341.56986786186695
-1103.4267116910219 -343.3280696994066
-1102.8012529736757 -344.5758725529909
-1102.4471005624532 -345.8854191428423
-1102.6108692264556 -346.9799149161577
-1102.2647852873802 -348.90229941666126
-1101.7841292595863 -350.6293475753069
-1102.1773003613948 -351.972813141942
-1102.658579287529 -353.2045772200823
-1102.2699063396453 -354.89144803345204
-1101.8011004006862 -356.2795679694414
-1101.9776114946603 -357.69646633923054
-1101.7973761385679 -359.0194651013613
-1101.479474825263 -360.96983302891255
-1101.503370386958 -362.40416241943836
-1101.3728547221422 -363.9434753781557
-1101.5208199298381 -365.5634250766039
-1101.1211868798732 -366.7314059859514
-1101.057401714325 -368.4968100911379
-1101.5128916180133 -370.43616689503193
-1101.326947671771 -371.2346897250414
-1101.2424094951152 -372.83372463047505
-1100.9376023089885 -373.5358447557688
-1101.3750151669979 -375.29029996454716
-1101.5097177749872 -376.1234621530771
-1101.1646553403139 -377.3473987108469
-1100.709537757039 -378.959395480752
-1100.4376885718107 -380.07722694933415
-1101.0243195718526 -381.5201533561945
-1101.014407788813 -383.23681981623173
-1100.7391945770382 -384.3900848156214
-1100.0418338230252 -385.4290157085657
-1099.4488519480824 -387.19035203516484
-1098.2550103715062 -388.75099582731724
-1096.594388013184 -389.0157967931032
-1095.426838760674 -389.1477360403538
-1093.705739980042 -389.9433701312542
-1092.390451913178 -390.35058372974396
-1091.0337259820103 -390.61538791418076
-1090.1940378001332 -391.4011328792572
-1088.841405992806 -391.68114277482033
-1087.3184818080067 -392.0719164288044
-1086.2196607640385 -392.9230554974079
-1085.4006468108296 -393.95976516366005
-1084.690540139973 -395.26385614037514
-1083.8805803707241 -396.4659834778309
-1083.4736631563305 -397.3427133834362
-1082.8612995794415 -398.6136482036114
-1081.8178957155346 -399.4945456659794
-1080.755217616856 -400.9638672745228
-1079.8645828416943 -402.1834646141529
-1078.9197483709454 -402.6468353545666
-1077.8635277202725 -403.2492279088497
-1076.5331555059552 -403.23558996379376
-1074.6602702787518 -403.52967689692974
-1073.584651415646 -404.1200703805685
-1072.1481130769848 -404.6716124242544
-1071.4798482111096 -405.16617761313915
-1069.5496016195416 -405.80081836640835
-1067.7547369650006 -406.0329508012533
-1066.2177205732464 -406.5628170198202
-1064.8225097110867 -407.3183256214857
-1063.5209738662838 -408.65652380645275
-1062.7518279007077 -409.9772671288252
-1062.1044043949246 -411.41038451850415
-1061.6188330700993 -412.6994553631544
-1061.2048544040322 -413.9248714274168
-1061.0566223463416 -415.50990603625775
-1061.2191571196913 -416.65211580455303
-1060.9464196464419 -418.3650934523344
-1060.3811959525942 -419.40624986350537
-1060.874632050693 -421.1748238629103
-1060.317563702762 -422.60446737468243
-1059.869899739921 -424.08475659549237
-1060.5837453505396 -425.5085341757536
-1060.8461848399043 -426.6062897270918
-1060.640309279263 -427.5246720737219
-1060.1047006300091 -429.2394314235449
-1060.0286698317527 -430.0478218024969
-1059.789350656271 -431.24908475339413
-1059.793773522079 -433.01615492761135
-1060.186987092197 -434.8163093751669
-1059.9480068436264 -435.6784763163328
