-1182.81 -312.31
-1181.1098185157775 -312.83872800827027
-1179.4816165542602 -312.8541382601857
-1178.0820420360565 -313.41339415818453
-1176.9753954982757 -313.97006649285555
-1175.5174134349822 -314.0321601083875
-1173.762100276947 -314.2319320639968
-1172.3441073274612 -314.599071790874
-1171.0148140764236 -314.4365842244029
-1169.8151412582397 -314.81931598991156
-1168.1642172908782 -315.1543398103118
-1166.5075787878036 -314.59892793506384
-1164.6772077655792 -314.32072009652853
-1162.953930196762 -314.7215176424384
-1161.7777278995513 -314.6671700975299
-1160.0917301750183 -314.50438242167235
-1158.365672764778 -313.9577023884654
-1156.535824713707 -314.19380489498377
-1154.6452724313735 -314.23918317765
-1152.9969419813156 -314.0121859064698
-1151.87887447834 -314.11126225203276
-1150.8988481140136 -314.0803241482377
-1149.1415225839614 -314.462589507401
-1147.7855517244338 -314.0063809207082
-1146.223531422615 -314.40259370714426
-1144.3915554857253 -314.40692952781916
-1142.8064135885238 -314.38340662926436
-1140.9083176231384 -314.7128580710292
-1139.6101116514205 -314.86462154001
-1137.8729690885543 -314.52956261247397
-1136.5932709550857 -314.6820466122031
-1135.5256106233596 -315.0102941891551
-1134.1004821634292 -315.04439779132605
-1132.836359796524 -314.22944601386786
-1131.7550809955596 -314.1280539980531
-1130.325754699707 -314.4411030164361
-1128.676584420204 -314.6732035031915
-1126.8746342039108 -314.1163744083047
-1126.147105154991 -314.4127996316552
-1124.7446369504928 -314.2526473155618
-1123.5988886928558 -314.66036490112543
-1121.9888945198059 -314.9235454252362
-1121.0245334482192 -315.14693877607584
-1119.628515062332 -315.1022574207187
-1118.0362127399444 -315.1449165543914
-1116.5157559490203 -315.7823686799407
-1114.7206785058975 -316.83207716554404
-1114.2880304133892 -318.54509176820517
-1114.235923883915 -320.0549959143996
-1113.4495130753517 -321.890080114305
-1112.6125553822517 -323.32727541536093
-1112.324973938465 -324.68073393911124
-1112.4571837759017 -326.4651731452346
-1112.1701499795913 -328.1733255586028
-1112.040293661356 -330.03990699857474
-1111.7513542449474 -331.7104784449935
-1111.2010801708698 -332.97877480596304
-1110.812035409212 -334.65122475236655
-1109.7712262547016 -335.7371068200469
-1109.3347657597064 -336.68307842820883
-1109.2259546718 -338.39561154454947
-1108.5466035804152 -340.10867478460074
-1108.4083727648854 -341.59027185052634
-1107.8683972409367 -342.7538490495086
-1108.3026272705197 -344.4912409982085
-1108.3810921064019 -345.86648478120566
-1107.7882241359353 -347.1150889596343
-1107.6697778901457 -348.2657169303298
-1107.87657268852 -350.18239607423544
-1107.5422944030165 -351.41991057008505
-1107.3526150783896 -353.1863143643737
-1107.259366144836 -354.7670276364684
-1107.0908110937476 -356.6916136941314
-1106.9148106774687 -357.92496015638113
-1107.0062754502892 -359.46654369443655
-1107.1733502796292 -361.35384096711874
-1106.8300880542397 -362.8277787169814
-1106.5443583479523 -364.4059847792983
-1106.3984135141968 -365.6960869035125
-1106.8240868797898 -367.37698425859213
-1106.6271048387885 -369.07644440740347
-1107.162649591863 -370.0880918702483
-1107.2239576032757 -371.2024296721816
-1107.8599832108616 -372.79132141679526
-1107.5375361791253 -374.56044890493155
-1107.2351601472496 -376.2741112908721
-1107.0969527563452 -378.1038197478652
-1107.2065081125497 -378.965267380178
-1107.7882026559114 -379.80727293103934
-1107.8884283876419 -381.5833784541488
-1107.909007628858 -383.1055472096801
-1107.4484701058268 -384.1591291627288
-1107.6642548641562 -384.9102716049552
-1107.7953265807032 -386.51443358272314
-1107.5555086931586 -387.72944482177496
-1106.8750403127074 -389.37895150989294
-1106.5120322307944 -390.6447141966224
-1105.8509362539648 -391.97833855956793
-1105.0252451500296 -393.60115798324347
-1104.328422923982 -395.491315921247
-1104.3529060310125 -396.20317800849676
-1103.7489101117849 -397.2693774303794
-1103.1083882278203 -398.18298168987036
-1103.3439436531066 -399.8432308039069
-1102.9222918725013 -401.28655680030585
-1102.3846738314628 -402.59610219806433
-1102.1636559045314 -403.89846654742956
-1102.5939395701885 -405.3308014473319
-1102.705519286394 -406.8402273258567
-1102.889365313053 -408.49010845035315
-1102.661224452257 -409.68446274608374
-1103.071038005352 -411.39936443179846
-1102.8293079710006 -412.8056584200263
-1102.3234813189506 -414.2329367002845
-1102.0556316947936 -415.2921529611945
-1102.0064038163423 -417.10626800864935
-1102.354983819127 -418.8109944662452
-1101.994592500329 -420.1735658249259
-1101.7865358120202 -421.88323779910803
-1101.4756819730997 -422.9071423611045
-1102.3326776748895 -424.11648186057806
-1102.2683749473094 -425.55762918800116
-1101.8301004743576 -427.37595923751593
-1101.9703288054466 -429.1698363623023
-1102.359788057804 -430.6423931917548
-1102.1782086467742 -432.1422358354926
-1102.151795451939 -433.53136726230383
-1101.8242630711197 -434.8508439859748
-1101.747603920698 -436.3618108829856
-1101.5223962789773 -437.84126158565283
-1101.0582567876577 -439.50678654521704
-1100.6708611673116 -440.18904950231314
-1100.3976118987798 -441.9578782519698
-1100.1532690501213 -443.4865604838729
-1100.36056078732 -444.3958964547515
-1100.7132702296972 -445.4752077063918
-1100.6229572421312 -446.37979962438345
-1100.9457211023569 -448.2209127148986
-1100.604584468007 -450.12445380300284
-1100.9571571475267 -451.75107135385275
-1101.2711946493387 -453.25711669534445
-1101.7142341858148 -454.5731185874343
-1101.6299463412165 -455.8255942067504
-1101.0837021371722 -457.3710661134124
-1101.7847083112597 -458.7818243703246
-1101.5101413330435 -459.9419180354476
-1101.2754989764094 -461.0451026162505
-1101.2863064086437 -462.29530098050833
-1101.2959950467944 -463.1426243981719
-1100.8121500512957 -464.7921973666549
-1101.1122222742438 -466.0239398679137
-1100.8569478294253 -466.7972815236449
-1100.0278898975253 -468.3892193040252
-1099.5372872254252 -468.8407238921523
-1098.100316157043 -470.15485348314047
-1097.0136411091685 -471.1051224669814
-1096.0055472752451 -470.9988251826167
-1094.663375248611 -471.3253736397624
-1093.5784908434748 -471.24620597571135
-1091.9879282614588 -471.08148558944464
-1090.7858841320872 -471.58879222482443
-1089.591837157905 -472.3562194904685
-1088.7727205654978 -473.2000413736701
-1087.8011572262644 -473.6123818656802
-1086.2752396962046 -474.34734528273344
-1084.802119602859 -474.69568525761366
-1083.6397271057963 -474.8524591228366
-1082.9033788344263 -475.5844450494647
-1081.3140534064173 -476.0011616548896
-1080.3783489367365 -476.67201985925436
-1078.8186677595972 -476.67325453966856
-1077.454729785621 -477.2579193016887
-1076.0155357024073 -477.04835092037916
