-1182.81 -312.31
-1182.0067215538024 -312.14566066622734
-1180.9758577919006 -312.2848924821615
-1179.2642441368102 -312.45835718274117
-1178.0660065984725 -313.42616054177284
-1177.059193906784 -313.4770028269291
-1175.234130320549 -313.75709342718125
-1174.4076741313934 -314.5488622164726
-1172.7483274316787 -314.22265964508057
-1171.513761100769 -314.4415807700157
-1169.9925149059295 -314.5560593357682
-1168.6091223335266 -314.33902818471194
-1167.5825112438201 -314.8362799933553
-1165.9423162317275 -314.1740700057149
-1165.0763285732269 -314.6067889085412
-1164.179534432888 -315.10881224781275
-1162.3950062966346 -315.576913510859
-1160.4575113034248 -315.4359080693126
-1159.6187432980537 -314.6854043504596
-1157.7504373764991 -314.366043677032
-1156.0030966973304 -314.71785517543555
-1154.1194106316566 -315.1440745791793
-1153.3609386658668 -314.9910132935643
-1151.8864358639717 -315.5587338259816
-1151.0197088694572 -315.29124266415835
-1149.8917587971687 -314.70021975547075
-1148.616739270687 -315.0018495371938
-1146.7558373188972 -315.38996464520693
-1145.3329514241218 -315.40214963018894
-1143.4389265751838 -315.5207875496149
-1141.736439344883 -315.7143325185776
-1139.8597129559516 -315.05018585681916
-1139.113760409355 -314.873543766737
-1138.2152918553352 -315.282669839859
-1136.8185980296134 -314.6698818182945
-1135.7497763609886 -314.35310634732247
-1134.3223868584632 -315.0317538058758
-1133.1415423130989 -314.9944096556306
-1131.4442722773551 -315.1104034757614
-1130.4630349850654 -315.45694356918335
-1128.8067928528785 -315.62565460562706
-1127.5199540829658 -316.2520742690563
-1126.0487382388114 -316.30115642905236
-1124.6861139512062 -316.17125764250756
-1123.6755781149864 -316.4848096048832
-1122.8619524216651 -316.9894910132885
-1121.9167818403243 -317.4588389670849
-1121.2990494346618 -318.09525254130364
-1120.7372164106368 -318.54339316248894
-1120.171222088337 -319.2888896739483
-1119.9795475429296 -319.9676504409313
-1119.5854802554845 -321.63299146056175
-1119.7144629484415 -322.7041718041897
-1119.8038556104898 -323.6741882836819
-1119.483122987151 -325.23164024710655
-1118.7233485406637 -326.5014548575878
-1118.6799559494852 -327.3090182220936
-1118.882239689529 -328.41765996575356
-1118.787055184543 -330.2416110908985
-1118.3961074253916 -331.3388590490818
-1118.0726081332564 -332.4879219210148
-1117.888447021544 -334.15185031056404
-1117.4792050471901 -336.0388122475147
-1117.768954848349 -337.6934730684757
-1117.4275472810864 -338.60647997021675
-1117.6731416335701 -339.4557212269306
-1117.610730884075 -340.95578941464424
-1117.715292443931 -341.9333192384243
-1117.32772146672 -342.76129641890526
-1116.947523882091 -344.0341198718548
-1117.164672960937 -345.85620203375817
-1117.5726478895544 -346.9562831199169
-1117.2665709158778 -348.6155293262005
-1117.7741817733645 -350.38611081004143
-1117.583956052959 -352.05184569716454
-1117.583740319535 -352.8360683000088
-1117.8917047636955 -353.96209302306175
-1117.266903008744 -355.2690593278408
-1116.9555767732113 -356.5210207974911
-1117.1589226084202 -357.72359409689903
-1117.1275068628042 -359.2014984166622
-1117.198864999637 -360.01535758137703
-1116.9535298677533 -361.44784781098366
-1117.054971608743 -362.598297444582
-1117.3873082133382 -364.3032189285755
-1117.8483279379457 -365.6761643564701
-1117.4985556038469 -367.4107504761219
-1117.65716928564 -368.3461970961094
-1117.7445177914947 -369.3683056509495
-1118.2342057111114 -370.78255209088326
-1118.4219156684726 -371.83949741482735
-1118.4655071379989 -372.77244207024575
-1118.2820760788768 -373.69885644078255
-1118.4963249447196 -375.3703854954243
-1117.8141279699653 -376.48882457375527
-1117.3257895889133 -378.15503331780434
-1117.576449889168 -379.1503004705906
-1117.7930661024898 -380.35089465737343
-1117.729383091852 -381.8603057539463
-1117.366169791147 -383.3708895123005
-1117.4527878197282 -384.6238348162174
-1117.5563117297738 -386.3758953487873
-1117.9738619359582 -387.64825770020485
-1117.5915774139016 -389.5723030245304
-1117.2411673697084 -390.339160708189
-1117.02159071289 -391.25320890307427
-1116.4075729878991 -392.20813736081124
-1115.408162299022 -392.87194946169853
-1114.6312743457406 -393.52373042464257
-1113.1273083718866 -393.528936920166
-1111.9744260343164 -394.34199434280396
-1110.2969939740747 -395.0218642926216
-1108.787130955085 -395.1745579814911
-1107.4665546449273 -395.8055603480339
-1105.732469323501 -395.57054169237614
-1104.0117683442681 -395.8501596277952
-1102.3821913035958 -395.7991698732972
-1100.6390099557489 -395.99511236459017
-1099.2306307586282 -395.76693416148424
-1098.5102705391496 -395.3292311182618
-1097.5709807308763 -395.324881528914
-1096.6528129609674 -395.51366436988116
-1095.4737887414544 -395.56712629407644
-1093.5565426381677 -395.49848342448473
-1091.8137404950708 -395.67755660921335
-1090.2644764216989 -395.6273596635461
-1088.6550724538415 -395.87109403818846
-1088.1090279849618 -396.21312694758177
-1086.9183324607461 -397.27836733072996
-1085.6707819732278 -398.1367644569278
-1084.5760271581262 -399.2105186483264
-1084.0691888364404 -400.1268482705951
-1083.574015501365 -400.60305129498244
-1082.763496998176 -400.88511668652296
-1081.090913894996 -401.80736189097166
-1079.4420549901574 -401.67466281861067
-1078.6472253831475 -401.97397389024496
-1077.3212420972436 -402.3821506103873
-1075.9410827191919 -402.1163816651702
-1074.580691698417 -402.39859940618277
-1073.0863182576745 -402.84972052782774
-1071.7769261630624 -403.6196441552043
-1071.0513061317056 -404.43977956980467
-1069.7539159091561 -404.9178857406974
-1068.516754034385 -405.60982163757086
-1067.2783656152337 -406.3849000534415
-1067.1525440844148 -407.72220989078284
-1066.6688418420404 -408.63479437440634
-1065.9762929113954 -410.3303072652221
-1065.5009700687974 -411.984374781549
-1064.9910161527246 -412.6690265735984
-1064.9096094029396 -414.40834303706885
-1064.273001994416 -415.32699151843786
-1064.5023322957009 -416.75908990710974
-1065.01609155111 -418.0088576874137
-1064.3885683076828 -419.7534293732047
-1063.984541560933 -421.0114768347144
-1063.641465927884 -422.50098188728094
-1063.3598276036232 -424.0244224867225
-1063.467098872587 -425.4069802364707
-1063.8915048646181 -427.04892917484045
-1064.0227926778048 -429.01772709697485
-1064.2491370695084 -430.3424105247855
-1063.8175721424072 -431.4021228155494
-1064.2258322196453 -432.4103948673606
-1064.6802499251812 -433.8997928699851
-1064.5383838968723 -434.7572125992179
-1064.198261852786 -435.7366491159797
-1064.1750362808257 -437.2685088714957
