-1182.81 -312.31
-1181.7169358110427 -312.7932406640053
-1180.5231812572479 -312.91043451189995
-1179.428364572525 -313.1488244956732
-1178.1869072294235 -313.20398574084044
-1176.951037583351 -313.3332975408435
-1175.3565072393417 -313.4936537197232
-1173.604719338417 -313.4953576526046
-1172.0110715007781 -312.9793286523223
-1170.5594013309478 -312.7802585861087
-1169.0594285106658 -313.3556759259105
-1168.1648827767372 -313.8330335816741
-1167.0249599194526 -313.03447457164526
-1165.3915767645835 -313.6206192573905
-1163.6645876145362 -312.93973388284445
-1162.3484539961814 -312.5152346691489
-1160.9038734412193 -312.86200519412756
-1159.8695163702964 -312.78657531499863
-1158.759199259281 -313.16116240382195
-1156.9058121418952 -313.28922648489475
-1155.947075126171 -313.34008488565684
-1154.2483527636527 -313.20842354506254
-1152.6260352110862 -312.85756044596434
-1151.1751655316352 -313.0901827862859
-1149.4719470715522 -313.2425584843755
-1147.6878005242347 -313.0825530937314
-1146.3344086384773 -313.6280350139737
-1145.0545371747016 -313.5366093790531
-1143.5618423199653 -313.62902647018433
-1142.2862536883354 -313.6877719736099
-1140.3576527810096 -313.3162277317047
-1138.460937616825 -312.67110240221024
-1137.1771627640724 -312.4486624574661
-1135.9522917246818 -312.40352472797036
-1134.4055005288124 -312.560212687999
-1132.927917716503 -312.9786060614884
-1131.5705008482932 -312.42035354807973
-1129.8024302697181 -312.4588323248923
-1127.8695143437385 -313.0851433290541
-1126.2715359902381 -312.76364585891366
-1125.2015964961051 -312.3947283937037
-1123.4788997149467 -312.970798702389
-1121.712647435665 -313.57564863696695
-1120.8211934542655 -313.8343616439402
-1119.388930914402 -314.7942955209315
-1118.580848095417 -316.04439160361886
-1117.3015741086006 -316.82902321353555
-1116.1509896492958 -318.43912014499307
-1115.7545241689681 -319.9186573936045
-1114.698715982437 -321.03977796569467
-1113.99972915411 -322.592806430012
-1113.2186237549781 -324.3316999389231
-1112.6305394744873 -325.6782006932795
-1112.5553881129622 -326.94356522098184
-1112.003917416036 -328.61966595187783
-1111.6357528170943 -330.32879158988595
-1111.1257229050993 -332.1702457381785
-1111.0782805433869 -333.1103310896456
-1110.71314591676 -334.0711370421946
-1110.829473671913 -335.038127989918
-1110.31673443079 -336.1528716994822
-1110.399448183775 -337.5308347655833
-1110.4027609987556 -338.9707985831797
-1110.1753051294386 -340.5411909534037
-1109.7880236519873 -341.44705084100366
-1109.7918433411419 -342.8294182135165
-1109.2093649967014 -344.2636163546145
-1108.505173550397 -345.83984330430627
-1108.2107114060223 -347.302924425751
-1108.055974380523 -348.1782435490191
-1107.9489384455978 -349.5486928535998
-1108.093778551966 -350.58227422967553
-1107.8238731636106 -351.77338841691613
-1107.6479807509481 -352.9258092953265
-1107.0849388255178 -354.72710076108575
-1107.0919913513958 -355.5973663045466
-1107.6702599985897 -357.03738567367196
-1107.8206694437563 -358.8373006297648
-1108.2555619193613 -360.7505074454844
-1108.3007445125281 -362.42464980617166
-1107.6617072610557 -363.1601777984202
-1107.109597006291 -364.4594837142527
-1107.5736868171393 -366.28255328670144
-1106.9858298687636 -367.7098926021159
-1106.7301216213405 -368.8732716752589
-1106.5410616783797 -370.0763270570338
-1106.3256788043677 -371.4437572671473
-1105.913306096047 -373.0838565541804
-1105.8719554333388 -374.5117618753016
-1106.3867414979636 -376.0910893394053
-1106.581061014384 -377.4431184245646
-1106.9547630040347 -378.7841462804377
-1107.088676252812 -380.02910682693124
-1107.0257886661589 -381.6020413352549
-1107.0918422354757 -382.756065697819
-1106.5200175656378 -384.0828271819651
-1106.4286421103775 -385.9629016830027
-1106.98097421363 -387.2372904731333
-1106.5844361646473 -389.0635492517054
-1105.8330081565678 -390.7049058391154
-1104.7306233508884 -391.7724038077891
-1103.4070525033771 -392.55109200015664
-1102.2992696626484 -392.62184597685933
-1100.388777719289 -393.39949794247747
-1098.8665313585102 -392.91071532800794
-1097.3902820213139 -393.5832859738171
-1096.1587905748188 -393.4238184852898
-1095.4448630674183 -393.2694815261662
-1093.9131687743961 -393.5670791132748
-1092.5717093808948 -393.6941227479279
-1091.6147285564243 -394.3194704814255
-1090.0673514468967 -394.29601769283414
-1088.3771446807682 -395.029446528703
-1086.9504495723545 -395.27136881783605
-1085.1266645057499 -394.99481497839093
-1084.2439656122028 -395.44545494154096
-1082.998012290746 -396.1147153837979
-1081.573794708997 -396.91422306135297
-1080.2858307226002 -397.5364959104359
-1079.6735023124515 -398.17959378793836
-1078.753904209882 -399.25586961343885
-1077.5079046352207 -400.80957602098584
-1076.1680234535038 -402.0597212179005
-1074.3852257592976 -402.3536393506825
-1073.163254724294 -402.67742698028684
-1071.887466417104 -402.8791755004227
-1070.3342510326206 -403.250097797662
-1068.8453177078068 -404.034254000932
-1068.1422513587772 -405.0733219845593
-1066.9315777881443 -406.6508011086285
-1065.7515317066013 -407.8357620699704
-1064.9776560528576 -409.3821006281674
-1064.8684443695843 -411.20145516231656
-1064.7171726389229 -412.37245635822416
-1064.943168745786 -413.31469325855375
-1064.1475156410038 -415.0034244520962
-1064.3151151551306 -416.20921091869474
-1064.0388863398134 -417.69078521564603
-1063.9451569928228 -418.66605262592435
-1063.6458973301947 -419.9975013001263
-1063.162726522833 -421.10530822113157
-1062.506527723223 -422.1993588669598
-1062.6960652782022 -423.68436531856656
-1062.5609071715176 -425.1481647951901
-1062.6738183064758 -427.098317669183
-1062.1999350948631 -427.9295242293179
-1061.884468512088 -428.8500808341801
-1061.6310516162216 -430.2866294248402
-1061.4751774086058 -431.24413167074323
-1061.3754217489063 -433.18736289575696
-1061.6147710992395 -434.7853140695393
-1061.908607752472 -436.12966118887067
