-1182.81 -312.31
-1181.40614777565 -312.64439779281616
-1180.0642316913604 -312.5860182991624
-1178.7043531513214 -312.9924643984437
-1177.1957303857803 -313.07745062321425
-1175.5310772037506 -313.15600937366486
-1173.668653306961 -313.7194448685646
-1172.4447439289092 -313.8906630849838
-1171.3545302724838 -314.18818664312363
-1169.6195725774764 -313.4679476594925
-1168.4260278320312 -313.89423137664795
-1166.9880735254287 -313.9765604263544
-1166.1528260087966 -313.8122273361683
-1164.9290296411514 -314.3220214521885
-1164.1503138518333 -313.76482006669045
-1162.7046833014488 -313.7566406852007
-1161.261897084713 -314.1164968138933
-1160.2723283743858 -314.16932543873787
-1159.274099228382 -314.26009246468544
-1158.1972259259223 -314.5384670174122
-1157.1451482748985 -314.2319701588154
-1155.9693052744865 -314.5864895260334
-1154.9571056342124 -314.16485780239105
-1153.1623665070533 -313.9712207442522
-1151.6863688206672 -314.1744530326128
-1150.172333714962 -313.9351411587
-1149.1188540434837 -313.858819899559
-1148.035220143795 -313.8423158353567
-1146.67935287714 -314.29393674194813
-1144.9348875260353 -314.3467042720318
-1143.4535921788215 -314.3306413716078
-1141.7174426293373 -314.69309668004513
-1140.2992033934593 -314.9833732074499
-1138.400365588665 -314.5951243764162
-1136.579983947277 -314.94162030279637
-1135.525178310871 -315.2911297804117
-1133.957336423397 -315.0900895422697
-1132.1223175501823 -315.3845850354433
-1131.0365601754188 -315.60505018889904
-1129.390715239048 -315.7701717442274
-1127.512871620655 -315.7986590987444
-1126.4539798474311 -315.7137054628134
-1125.5761362290382 -315.7664006179571
-1123.996743080616 -315.65768529236317
-1123.082796690464 -315.50879673421383
-1121.5262454724311 -315.56207628309727
-1120.5121583914756 -315.8796829408407
-1119.3245352482795 -315.8369083082676
-1118.498738822937 -316.1592892086506
-1117.1429285383224 -316.3019299632311
-1115.4758004522323 -317.0878399735689
-1114.7735980129241 -318.7757955914736
-1113.794073460102 -320.34345949947834
-1113.9398383772373 -321.5837835198641
-1113.6854487335681 -323.349219930768
-1113.624328417182 -324.9391268616915
-1112.9807727760076 -326.14400447666645
-1113.1279672807455 -327.154394877553
-1112.9900182163715 -328.6483516818285
-1112.3261676704883 -330.11128951370716
-1111.6971220648288 -331.83906484901905
-1111.3283921456336 -333.05119444191456
-1111.2065731114149 -334.7526564723253
-1110.8975502079725 -336.69011987507344
-1110.641592157483 -338.33834041416645
-1110.2758399969339 -340.10468877613545
-1109.8508222228288 -341.96230806171894
-1109.864434850812 -343.6257997876406
-1110.1691408878564 -344.9705956107378
-1110.4680424159765 -346.35355223476887
-1110.3883115327358 -347.20884455502033
-1110.892064062357 -348.74597324192524
-1111.0748773938417 -350.49879766762257
-1110.90082891047 -351.6852033263445
-1111.1800977414846 -353.2997532016039
-1111.4580018943548 -354.23140950262547
-1111.0920478528737 -355.8212389475107
-1110.974408929646 -357.42750806868077
-1111.563613717854 -358.7821844345331
-1111.9097024551033 -360.2497355467081
-1112.3721534660458 -362.1694969660044
-1112.1250389268994 -364.0340876108408
-1111.5583460977673 -365.94535322248936
-1111.1346382251381 -366.84123880922795
-1110.7954608550667 -368.81250305235386
-1110.373892699778 -369.712497664094
-1110.003845309317 -371.5346588617563
-1110.5684562674164 -372.75518686831
-1110.5777201852202 -374.22305638849735
-1111.029654969871 -375.85724813997746
-1110.9748456528782 -377.6755010610819
-1110.8245756229758 -379.18862898409367
-1110.574866285026 -380.9446349865198
-1110.5550924292206 -382.5246675735712
-1110.921209578812 -384.3183425194025
-1110.708014359176 -385.2987846261263
-1110.4905191114544 -386.6755128031969
-1110.230761950314 -387.90645934402943
-1109.8739607086777 -389.6659708148241
-1109.762814169228 -391.3988652354479
-1109.6573499342799 -393.23235369980335
-1109.8968305638432 -394.3748295432329
-1110.3089726617932 -395.8455443507433
-1109.8942476263642 -397.26938213169575
-1110.7128532281517 -399.02561236679554
-1110.2501099458336 -400.0979365235567
-1110.4582965573668 -401.8461637622118
-1110.7558713456988 -403.45698119461537
-1110.4812384447455 -404.8986895209551
-1110.3541985204815 -406.09687603771687
-1110.7728449752926 -407.2367841130495
-1111.129995470345 -408.7126371985674
-1110.8517300537228 -410.50590659439564
-1110.6289299479126 -412.08301628887654
-1109.880393718779 -413.5593359595537
-1109.1249738684296 -415.2115769511461
-1109.365713661015 -416.95596123993397
-1108.6283029964566 -418.07245768368244
-1107.858205204308 -419.2330477362871
-1107.3604753962159 -420.19870783150196
-1106.4733427515625 -421.73373175919056
-1105.9909821501374 -423.6059770709276
-1105.163531755507 -425.4816033965349
-1105.4877828112244 -427.0019599324465
-1105.1553146293759 -428.24744046986103
-1105.246946682632 -429.5465121394396
-1105.4481508931517 -430.60734666645527
-1105.503017207086 -432.4578966027498
-1105.1668163737654 -433.8936363583803
-1104.2895001372694 -434.6459444886446
-1103.366968472898 -435.5734927779436
-1103.2763825705647 -437.29487420380116
-1102.913276439011 -438.3193428641558
-1102.5107025256752 -440.05035127460957
-1102.5374538129568 -441.88202799618244
-1101.8735409802198 -443.1116794472933
-1101.8185561424493 -444.1797512894869
-1101.8267338009923 -445.45954502880574
-1101.6879032435268 -446.435237300992
-1101.1446533384174 -447.74131037056446
-1100.7946253897994 -448.5849034911394
-1101.27630888246 -449.51790679752827
-1101.517719227299 -451.42872060596943
-1101.182784545645 -452.5678174620867
-1101.071964334175 -453.514195573926
-1101.1193977924436 -455.4497660523653
-1101.3435818286985 -457.2286006337404
-1101.5449136229604 -459.1333791142702
-1101.2225278647988 -460.38529516518116
-1101.0296129020303 -461.98622919380665
-1101.1705663385242 -463.46633650124073
-1100.9330389680713 -464.8678343421221
-1100.5821551265567 -466.5233323699236
-1100.1093104662746 -467.7733199721575
-1099.3214166941493 -469.4287086850405
-1098.1790512385219 -470.66201747715473
-1097.3902594628184 -471.21887017548084
-1095.7613874258845 -471.2167562967539
-1094.5770215573161 -472.09763027489186
-1093.0414392533153 -472.9260838752985
-1091.5670771183818 -472.6279797679186
-1090.002627331242 -472.99623392283917
-1088.6369456829875 -473.4323441809416
-1088.000491458401 -473.32987470686436
-1087.2481531085818 -474.09987826406956
-1086.3533056559413 -474.9100183969736
-1085.5867527308314 -475.63461000978947
-1083.935330230221 -476.1852933293581
-1082.4517639460414 -476.438844037652
-1080.6116052450984 -476.55292324483395
-1078.795781809315 -476.2471868222952
-1077.1408971133083 -476.57626677811146
