-1182.81 -312.31
-1180.989213285446 -312.6497192955017
-1179.898490486145 -312.76955473929644
-1177.94126206398 -313.1807774952054
-1176.2718204832076 -313.6505802324414
-1174.78203540802 -313.6033737412095
-1172.956559357643 -313.2691553583741
-1171.6884486055374 -313.0896959504485
-1169.8292977190017 -312.8523299893737
-1168.5219348049163 -312.7831852039695
-1166.6726351356506 -313.29875489085913
-1164.7169066047668 -313.8014136752486
-1163.1031764125823 -313.3952727815509
-1161.9745139455795 -313.3445331989229
-1160.2271668291091 -312.97371538862586
-1158.513517794609 -313.02081065759063
-1156.9746453142166 -312.7171537218988
-1155.4623411273956 -312.7853381870687
-1153.7958276844024 -313.37665578112006
-1152.002959189415 -313.5712837217748
-1151.003078160286 -313.93683564051986
-1149.3257951116561 -314.3952890573442
-1148.5605803704261 -314.4011251269281
-1146.6640647625923 -314.5943291275203
-1144.9154139733314 -314.5911941616237
-1143.9569925045967 -314.9122329442203
-1142.0619164681434 -314.7310443906486
-1140.512142059803 -314.38058350369334
-1138.9587031579017 -314.48465057596565
-1137.4329937672615 -314.28259187325835
-1135.6793369030952 -314.36049104616046
-1134.2312710261344 -314.33469488605857
-1133.5383979058265 -313.7439588545263
-1131.6301358914375 -313.72513846442104
-1130.041956899166 -314.1529964594543
-1128.981675145626 -313.6129788546264
-1127.1252548670768 -313.86190355703235
-1125.1965994811057 -313.8371598510444
-1123.5925226187705 -313.3826420991123
-1122.0854525542259 -313.9017928926647
-1121.1464951014518 -314.4684612838924
-1119.3774113631248 -314.4004734544456
-1117.7943401312828 -315.5532859353721
-1116.8074571466445 -316.36603305622936
-1116.539187875986 -317.8505008010566
-1116.3388315713405 -318.8979339389503
-1115.8095503127574 -320.74410412594676
-1115.1063997423648 -322.0391340045631
-1114.848056999445 -323.4656874923408
-1114.9477300173044 -325.1969353942573
-1115.4138766056299 -327.14164505288005
-1115.4975616386532 -328.72764287278056
-1115.5192259153723 -329.8496489314735
-1114.7613219818472 -331.3069457797706
-1114.1885485252737 -332.6047658710182
-1114.2755040130019 -334.31098625943065
-1114.1457992097735 -335.79559753224254
-1114.131071177721 -336.66290698334575
-1113.8653884208202 -337.8732234029472
-1114.266142693758 -339.65155325219035
-1113.9286811625957 -341.4495242623985
-1113.7654126411676 -342.6318790702522
-1113.8509493893384 -344.30540392681957
-1113.9405199041962 -346.2207176475227
-1113.4859215667843 -347.8214303044975
-1113.150089984238 -349.53565392777324
-1113.0387059053778 -351.02922163292766
-1112.577763070762 -352.8806375055015
-1112.3681489428877 -354.78970608994365
-1112.6699978610873 -356.3064874200523
-1113.0160913965105 -357.28942320629955
-1112.9947627833485 -359.07059238240123
-1112.7739111682772 -360.52512059494853
-1112.6250252476334 -362.23843405529857
-1112.9246053746342 -363.8720744638145
-1112.7806421270966 -364.9338923482597
-1112.7801692834496 -366.8070283918083
-1112.7562731555104 -368.00123987481
-1112.3708267858624 -369.5883730439842
-1112.0460290661454 -370.92954168602824
-1112.5011571100354 -371.9453120021522
-1112.330667053759 -372.7967842011154
-1112.1600406816601 -374.4299842505157
-1112.3642300716042 -376.32880441233516
-1112.3067460408806 -377.2540272860229
-1111.9666699817776 -378.8685545115173
-1111.9032108536362 -379.7936911968887
-1111.6256280890107 -381.4060563234985
-1111.4614994576573 -383.2220046906173
-1111.9485388448834 -384.65808061644435
-1112.0460387519001 -386.5355046181381
-1112.044738536179 -388.2695202021301
-1112.6084064295887 -389.51931718871
-1112.9506214609742 -391.1816999106109
-1112.6935434690117 -392.6113034872711
-1113.095789348185 -394.2228585867584
-1113.05347332865 -395.0196870355308
-1112.5937403193116 -395.9355511455238
-1112.2200799933075 -397.49138698861003
-1112.5252829542756 -398.95368073269725
-1112.7374409636855 -400.5024592666328
-1112.2025214037299 -402.03643856331706
-1111.9803712418675 -403.5202772407234
-1111.5785423865914 -405.1180735616386
-1111.5911975553631 -406.57324037835
-1111.8806792548298 -408.09333012387157
-1112.6812612465023 -409.9247083453834
-1112.9516234448552 -411.5841251401603
-1113.1094301095604 -413.15547654911876
-1113.5488911619782 -414.6251983432472
-1113.1310166171193 -415.54540840670467
-1112.8842935761809 -416.7048806338012
-1112.7512790760397 -417.4721687822044
-1112.9427432319521 -418.84123668953777
-1112.9215019991993 -419.77941981837154
-1112.5584898939728 -421.0524526028335
-1111.882249211371 -421.8019209294021
-1111.5107801309227 -423.65163234755397
-1111.2102960696816 -424.53521291300655
-1111.2676765373349 -425.9444721131027
-1110.8259801617264 -426.7952428846061
-1109.7068893662095 -427.8173528699577
-1108.3386656990647 -428.9105415134132
-1106.9659743061661 -429.7554788379371
-1106.7523867985606 -430.6197548298538
-1106.2739007374644 -431.5386665253341
-1105.6863921186327 -433.30293242022395
-1105.167016555965 -434.5653771547973
-1105.048340191543 -435.92571929976344
-1104.3394698402285 -437.29078821226955
-1104.4427075585722 -438.2713707475364
-1104.3612821301817 -440.0039539127052
-1103.74612691015 -441.7181665687263
-1103.049782296121 -443.42692444607616
-1102.471375902593 -444.83605263516307
-1102.764940520227 -446.72878501698375
-1102.2139318189024 -447.93213913723827
-1101.837500592172 -449.21806571766734
-1101.391908993423 -450.796881416291
-1101.3269888734817 -451.7348241595924
-1101.1380174285173 -453.4449231414497
-1101.078730983138 -454.16200909897685
-1101.6358414119481 -455.96410141274333
-1102.0729578262567 -457.54138872906566
-1102.542266202569 -459.25014612957835
-1102.1186265176534 -460.76721093937755
-1102.044339788556 -461.9964947490394
-1101.710108769536 -463.49084148690105
-1101.3525637811422 -464.6841953782737
-1101.0917631810903 -466.3572958497703
-1100.8245552903413 -467.7273107556999
-1099.93360329926 -469.0650286464393
-1098.7484616166353 -470.2524921683967
-1097.674848807454 -471.1798991946876
-1096.6924065476655 -471.63557306811214
-1094.8848947411775 -472.14372555300594
-1093.6607238179445 -472.8949168114364
-1092.8823042041063 -473.7660756497085
-1091.4222005730867 -474.9057450680435
-1090.7414008504152 -475.90082279726863
-1090.2179236537218 -476.9120945124328
-1089.0650640851259 -477.8698072819412
-1087.8456639176607 -478.01602778717876
-1086.7103501683473 -478.6343216685951
-1085.3473303443193 -478.7095968513191
-1083.5751093751192 -479.31602440163493
-1082.5247047072648 -479.16432341322303
-1081.4773115044832 -479.4818354485929
-1080.4821906214952 -479.56793704017997
-1078.7308936244249 -479.9547853706777
-1077.06632186234 -480.0753796635568
-1076.2722363001108 -480.4847633777559
-1074.6711029535531 -480.19791393861175
