-1182.81 -312.31
-1181.0949187850952 -313.47162645816803
-1180.5221032476425 -314.42640948057175
-1178.7360638952255 -315.5329190468788
-1177.6655017709732 -316.328197119236
-1176.5194970941543 -317.69498026132584
-1175.4925267076492 -319.13347947359085
-1174.2832271432876 -320.91791701078415
-1173.8285422599315 -322.741523501873
-1174.1015604710578 -324.52677857637406
-1174.0539259588718 -326.4047855114937
-1173.3971758759021 -328.046810028553
-1172.6585861718654 -329.4486099457741
-1172.9983789598941 -330.9757195687294
-1172.4801846420764 -332.25867557287216
-1172.6706171309947 -334.21478748083115
-1172.1324003016948 -336.1008551096916
-1171.492314902544 -338.0619716620445
-1171.6024327850341 -339.3539619421959
-1171.6123062758147 -341.3029479956627
-1171.0443563847243 -342.92211317777634
-1170.7315124361216 -344.5118741965294
-1171.1455009667575 -345.9882504916191
-1171.416933724135 -347.4975165104866
-1170.7833927361667 -348.86479842424393
-1170.503483453244 -350.009473798275
-1169.8608490614592 -351.5845161652565
-1169.0636311559379 -353.4481192803383
-1168.3847429542243 -355.3075524544716
-1167.9318761019408 -357.13978051900864
-1167.3900549201667 -358.75853085279465
-1167.0005702166259 -360.5530457472801
-1167.13089490816 -362.41478109121323
-1166.9580127684771 -364.1444113230705
-1167.1394898085296 -365.021316883564
-1167.3167970715463 -366.8498181080818
-1167.2371189905703 -368.36716425180435
-1166.6968852593004 -369.31409322977066
-1166.1142562939226 -371.02425300836563
-1165.7990815652906 -372.59233498334885
-1165.1911064399778 -374.2735497927666
-1164.0686172260343 -375.70662128686905
-1163.4724088920652 -376.425542948246
-1162.3386211408674 -377.8916403031349
-1161.8095036758482 -378.69803708553314
-1161.0537244094908 -379.83795016765595
-1159.6436804546415 -381.1970737552643
-1158.0540953887999 -382.38362842559815
-1157.384844483286 -382.6011949902773
-1155.7966374768316 -382.7037764763832
-1153.9858776940405 -382.4778575575352
-1152.1584118022024 -383.14064636588097
-1151.376999796778 -383.7059778249264
-1149.6745739592611 -384.87548818945885
-1147.908112348467 -386.1298042809963
-1146.402337373644 -387.1978012597561
-1145.564971448332 -388.8683868920803
-1145.4609538330137 -389.6400051391125
-1144.8890948309004 -391.0468390262127
-1144.721184195429 -392.839164403677
-1143.9276597513258 -394.5052812373638
-1143.7137902243435 -396.1272629773617
-1142.9247926338016 -397.94040432333946
-1142.7491735084354 -399.4200053489208
-1142.1971790654957 -401.1352988755703
-1141.9598006619512 -402.4868705546856
-1142.400500537306 -404.27299263834954
-1141.30090057984 -405.74207320570946
-1141.0148148550093 -407.10582008719445
-1140.4375598444044 -408.1469607627392
-1140.6274804486334 -409.91602256655693
-1140.7080521000921 -411.6469548022747
-1139.9444021596014 -412.6469887769222
-1139.3478256477415 -414.37371054053307
-1139.333228380829 -415.9660476720333
-1139.167143793255 -417.06124594569206
-1138.9111101044714 -418.7762601649761
-1138.3807816518843 -420.47878125071526
-1137.9862663163244 -421.86819246172905
-1137.8154724700748 -423.8114952123165
-1138.0847871764004 -425.72907677054405
-1137.0582701428234 -426.66966470837593
-1137.195753262788 -428.46513041615486
-1135.572960780412 -429.1535110151768
-1134.1395427449047 -430.23105117440224
-1132.7034959061443 -430.9993615424633
-1131.0430706007778 -431.5740740573406
-1129.321838901788 -431.49248307704926
-1127.9362595541775 -432.29686504364014
-1126.1825499995052 -432.72796013712883
-1124.5183477862179 -432.9297367608547
-1122.7229090197384 -433.6466548717022
-1121.387777851373 -433.8008405840397
-1120.0759196741878 -433.64379700779915
-1119.0621853335201 -434.08173575758934
-1118.0015067322552 -434.75593396782875
-1116.526797698289 -435.05564480781555
-1114.587429331094 -435.37444814801216
-1113.5736426575481 -435.9441568529606
-1112.3700165016949 -435.7177442288399
-1110.8336450321972 -436.4311115717888
-1109.4657931788265 -437.784363386631
-1108.9569575054943 -439.2166931605339
-1108.2918644411861 -440.82674658060074
-1108.1852416111528 -441.6090429997444
-1108.1888246400654 -442.471848962307
-1108.0606990022957 -443.9239060854912
-1108.4712678952515 -445.6761693930626
-1107.8825721903145 -446.6002379631996
-1107.7440498931705 -447.43744921445847
-1107.9000360532104 -448.6885176873207
-1107.5955884619057 -450.45417999982834
-1107.1226162476837 -451.9964501833916
-1106.7141950292885 -453.92153477430344
-1106.7238968298211 -455.69877362012863
-1106.1468197986856 -457.5754327750206
-1106.1641549453511 -458.750688431263
-1106.4620836064591 -460.08309089899063
-1106.8809044346585 -460.86518501996994
-1107.1602834746614 -462.4793517565727
-1107.1089040361717 -463.92507815122605
-1106.6619139634445 -465.3001074767113
-1106.6174359083548 -466.38130521535874
-1106.0376479983702 -467.3296198821068
-1106.5502987862005 -469.0370990014076
-1106.9727866113558 -470.9168951487541
-1106.3153594196215 -472.54046654462815
-1106.0161139428988 -473.89757108449936
-1105.9423976600542 -474.55368900060654
-1104.860622829236 -475.5323604917526
-1103.5865246713533 -476.8532356595993
-1102.6204527676477 -477.791536090374
-1101.8049444020166 -477.95748506248
-1100.512625461854 -477.8553692525625
-1099.4345898688211 -477.6707419282198
-1097.6787103474512 -478.55192829430104
-1096.0493744671717 -478.8237393027544
-1094.884559875764 -478.8952656811476
-1093.6534596741571 -479.2577968066931
-1092.58301413659 -479.3698002076149
-1091.92755360011 -479.7511990046501
-1090.2594478786364 -479.9687413549423
-1088.513146108426 -479.6366808986664
-1087.4748895824328 -479.804493663311
-1086.3530339658632 -480.55274253845215
-1084.9637104928865 -481.10406809806824
-1083.83968645934 -480.8744968152046
-1082.6192435682192 -480.717295152545
-1080.9262117803469 -480.2830956405401
-1078.9872447908297 -480.62347788870335
-1077.180373734273 -481.18382788956166
-1075.6012809932604 -481.5948894149065
-1074.914968377389 -481.466315729022
-1073.0065650999918 -481.37427654623986
