-1182.81 -312.31
-1181.3206781721115 -313.070525226593
-1180.3134279823303 -313.3601720607281
-1178.894459066391 -314.5400073802471
-1177.4951731538772 -315.99826791644097
-1176.3532844161987 -317.66055205225945
-1175.4454621648788 -318.49885841965676
-1174.4089221334457 -320.0019906437397
-1173.3134828186035 -321.6269905245304
-1172.964154419899 -322.82114800572396
-1172.2516384100913 -324.31222650170326
-1171.8373239612579 -326.10105654358864
-1171.255797741413 -327.3934462940693
-1171.257037629783 -329.2535341656208
-1171.555397530496 -330.15534099698067
-1171.4138413122296 -331.9128917133808
-1170.9734190157055 -333.25433346390724
-1170.5128436735272 -334.6743448650837
-1170.1048805764317 -336.50889095425606
-1169.995933791101 -338.20704659581185
-1170.6575136384367 -339.94187232613564
-1170.513413002193 -341.7624878561497
-1170.120070477426 -342.7393649494648
-1169.9936280450224 -343.65671607613564
-1169.627420862615 -344.65320309758187
-1169.9946615299582 -345.8586036837101
-1170.687483509481 -346.78262862324715
-1170.4138171872496 -347.6483095562458
-1169.6465288600325 -349.382006136179
-1168.6471529206633 -351.12571808457375
-1168.6827579638361 -352.4650568640232
-1168.7766244909167 -353.6046423590183
-1168.8692712387442 -355.24951573967934
-1168.019650658071 -357.035918084383
-1167.3067171773314 -358.67952260136605
-1166.8625912865996 -360.4853272116184
-1167.0623543462157 -362.30666169285774
-1166.5606880387663 -363.93023547291756
-1165.8673695525526 -365.60728105664253
-1165.2179330787062 -366.3925320780277
-1164.6481525501608 -367.72558507084847
-1164.4059630534052 -369.4419306194782
-1164.166070779264 -370.7474262392521
-1163.7152850231528 -372.09949251770973
-1163.714459439218 -373.0570215857029
-1163.2287972173094 -374.68348690629006
-1163.237256554365 -375.92636593937874
-1162.5871497666835 -377.83832558751106
-1161.8759328401088 -378.674520996809
-1160.1854231631755 -379.4872412955761
-1158.911425498724 -379.76955163240433
-1157.715401200056 -380.2488756453991
-1156.245566395521 -380.42275063455105
-1154.547565845251 -380.98883501946926
-1153.7779385721683 -380.9931297278404
-1152.7491030371189 -381.39674919605255
-1150.8642861521244 -381.024705735445
-1148.9373356974124 -381.8483790433407
-1147.223098603487 -382.6917563354969
-1146.2434204494953 -382.87549668312073
-1145.6404247558116 -383.7620901441574
-1144.2430396354198 -384.84834080696106
-1143.7208953773975 -386.13529520988465
-1143.6154448068141 -387.8749139881134
-1143.811347452402 -389.193833527565
-1143.1645154631137 -390.77798372268677
-1142.3450125730037 -392.6888769245148
-1142.2248470759391 -393.68404787540436
-1141.9122591888904 -395.5116817331314
-1141.4966124868392 -396.73600202560425
-1141.5350487059354 -397.6053119277954
-1141.699035835862 -398.93488973140717
-1141.2753102010488 -400.50658267498017
-1140.9252981370687 -401.68575232982636
-1140.6591966873407 -403.25515895843506
-1140.1419802433252 -405.19300919532776
-1140.14996938169 -407.1327982521057
-1139.8875018781423 -408.38551872730255
-1139.9433568394184 -409.71096867084503
-1140.1090856915712 -410.83658092975617
-1140.1808320111036 -412.0616016960144
-1140.003944171071 -413.7387999868393
-1139.8400012677907 -415.0512120103836
-1140.378660840392 -416.58122819423676
-1140.4859542375802 -417.29580795526505
-1140.423816410303 -418.7393003678322
-1140.3445688611268 -420.4173719859123
-1139.9390912777185 -421.2032651281357
-1140.4171025282144 -422.7619945383072
-1140.5705030089616 -424.2001079893112
-1140.3418723618984 -425.3255311822891
-1140.0261570489406 -426.6563706970215
-1139.490140286684 -428.52105575561524
-1138.744368520975 -430.2104040956497
-1137.3966272747516 -431.0601826286316
-1135.6716934120655 -431.8711095428467
-1133.9038346683978 -431.99065793812275
-1132.4030674374103 -432.47392727196217
-1131.296694842577 -433.00236935675144
-1130.2824082052707 -433.583449793458
-1128.7282278215885 -434.0461427694559
-1127.3041386282443 -434.1567698544264
-1126.1215735352039 -434.62654615700245
-1124.6925129568576 -434.99896253407
-1122.903508273363 -435.4064310616255
-1121.3214987194538 -435.89175675570965
-1119.54949816823 -435.4761272794008
-1117.7958763515949 -435.3753488636017
-1116.9389838850498 -435.42597813665867
-1115.249299494028 -435.4762162691355
-1114.0843671238422 -435.2389004057646
-1112.3818082487583 -434.9488529986143
-1110.9646987593173 -435.0069926506281
-1109.7112387096881 -435.5333312278986
-1108.5570840513706 -436.10656697809696
-1107.0018237507343 -436.57381991803646
-1106.4865412390232 -437.4110716408491
-1106.4089152789115 -438.84319434821606
-1105.9207761263847 -440.2148754423857
-1105.8400675928592 -441.9404632872343
-1105.3785616135597 -443.44193802535534
-1104.8931238627433 -444.7494247978926
-1104.3996419882774 -445.866248113513
-1103.7482348656654 -447.5835368460417
-1103.316303936243 -449.4789283102751
-1103.138852057457 -450.6935369795561
-1103.4049088335037 -451.6840053623915
-1103.7476839995384 -453.6126280850172
-1103.3279650187492 -454.40953628480435
-1102.9167884862422 -455.2653031772375
-1103.0146858221292 -457.02456836164
-1102.676645231843 -458.8833489841223
-1102.3728265589475 -460.3510276502371
-1102.2613054043054 -461.21011040866375
-1102.557722491622 -462.17581902205944
-1102.604394262135 -463.32929669082165
-1102.6800897693633 -465.2462223595381
-1102.3311373269557 -466.4256691759825
-1101.9723668968677 -467.48718271911144
-1102.5454018390178 -468.98608861625195
-1102.9595603621005 -470.8636745041609
-1102.4707426702976 -472.09564374148846
-1101.9540621912479 -472.8478997772932
-1101.1626873886585 -473.5953666394949
-1100.8596574938297 -474.4476480907202
-1100.0683988010883 -475.62306336820126
-1098.8920287764072 -476.6518704122305
-1097.2865099585056 -477.4239919012785
-1096.0533058321475 -477.5268224900961
-1094.830209223032 -477.2953767156601
-1093.7867141640186 -478.08857434749603
-1092.701383677721 -478.3268970823288
-1090.867255655527 -479.2127464389801
-1089.1458148634433 -480.0056889629364
-1088.4258800423145 -481.068944272995
-1087.2707248604297 -481.41792568325997
-1085.5382281219959 -481.54277439922095
-1083.7065654671192 -481.92314430087805
-1082.6651156818866 -482.33984520047903
-1081.2246942198276 -482.38184647768736
-1080.063031283617 -483.17503046005965
-1078.6688040173053 -482.7714490196109
-1076.910589185953 -482.4496936699748
-1075.7942504560947 -483.07015263050795
-1074.9499073302745 -483.53257163375616
-1073.4319719350337 -483.59738455474377
-1071.8818904435634 -484.4353467053175
-1070.2758709466457 -484.7438573664427
