-1182.81 -312.31
-1181.357329545021 -313.58639627456665
-1179.8528314208984 -314.87506621837616
-1178.7465954399108 -315.7959884977341
-1177.5067515945434 -317.17874747276306
-1175.9906570291519 -317.8194204545021
-1175.3851116275787 -319.16217863321305
-1174.1482959365844 -320.292264816761
-1173.1256585693359 -321.97164189577103
-1172.4653481817245 -323.85146081209183
-1172.5099447122216 -325.8024378991127
-1171.9783642044663 -327.260023829937
-1171.657923375666 -329.0955798602104
-1171.163677816689 -330.91618764162064
-1171.4806459894776 -332.06243109464646
-1171.3859372934699 -333.6857547736168
-1171.3462129732966 -335.41130351781845
-1171.3575974343717 -337.1041045165062
-1171.0305119989812 -338.88394486665726
-1171.3384300111234 -340.4713124012947
-1170.7258128164708 -342.1011157011986
-1170.5443446873128 -343.81175100564957
-1170.0483992038667 -345.2718988633156
-1170.0015598623454 -346.8448330140114
-1169.5958308665454 -347.7699429965019
-1169.3071324019133 -349.62883853673935
-1169.1915340660512 -351.5024641728401
-1168.7380310235917 -353.31051909685135
-1168.5323280034959 -354.96986067056656
-1168.1291987536847 -356.0240091061592
-1167.9590715704858 -357.30651461839676
-1167.4094980297982 -358.7512471652031
-1167.8082572756707 -359.9857225394249
-1167.4866900084912 -361.3955670571327
-1167.301800110787 -362.63529920339585
-1167.1534515707194 -363.99709057569504
-1167.0799977122247 -365.2358306622505
-1166.9403465925157 -366.32459735631943
-1166.6461718319356 -367.7624407982826
-1166.2771541713178 -369.44018637895584
-1166.3352529792487 -370.87214052438736
-1165.8966909138858 -372.7619334435463
-1165.2225052206218 -374.35407542943955
-1164.4063664166629 -376.0225590443611
-1163.8653662888705 -377.1804442381859
-1162.9401233284175 -378.76117431879044
-1161.7247426597773 -379.4548429822922
-1160.808708616942 -380.54209619522095
-1159.7465396611392 -381.4279530620575
-1157.8611994473636 -382.26343482494354
-1157.0120954601466 -382.849027094841
-1156.1601976840197 -383.3819039440155
-1154.2459003417193 -382.9068934893608
-1152.4146704165637 -383.7849432206154
-1150.7065456597506 -384.31114220380783
-1149.4002003161609 -384.52077966690064
-1148.1842221705615 -385.310158905983
-1147.3247134177386 -386.70555656909943
-1146.1213718144595 -387.6105865216255
-1145.3924813358485 -388.5139158344269
-1144.0846281139552 -390.1525278663635
-1143.7992230145633 -391.87810545921326
-1143.8274648575484 -393.6946905231476
-1143.4114432422816 -395.2478308057785
-1143.391125345081 -396.4558089351654
-1142.9301955340802 -398.2478056526184
-1142.840278097838 -400.1096644973755
-1142.2877841679751 -401.7571311569214
-1142.5464525310695 -403.7410384988785
-1142.945136526078 -404.9102541780472
-1142.3821123628318 -406.77486818790436
-1142.580633470267 -408.38887148857117
-1142.31973681733 -410.01027351379395
-1141.7972788600623 -411.92068534851074
-1141.8808285532891 -413.53600519657135
-1141.8805883465707 -414.8964083766937
-1141.4690566895902 -416.45180195331574
-1141.5105345784127 -417.4563528871536
-1141.0717971263825 -419.2709419107437
-1140.9135852245986 -420.86176317691803
-1141.1529870717227 -421.73309123277664
-1141.1140474168956 -423.41256546735764
-1141.047222213298 -424.25445341825485
-1141.4322492046654 -425.33272659540177
-1141.4316815300285 -426.90538143873215
-1141.1178471012413 -428.4089746451378
-1140.5778125686943 -429.8236871933937
-1139.6564798517525 -430.93648075819016
-1139.029643075019 -432.67634904146195
-1137.9272746010124 -432.94154035806656
-1136.0071674747765 -433.2402786588669
-1134.5270168943703 -433.4265493428707
-1132.8893788023292 -433.5912496125698
-1131.3659324808418 -434.12833693385124
-1129.5246656103432 -434.4086477136612
-1128.1364700956642 -434.6949759697914
-1127.4711133404076 -435.2255805706978
-1126.110377804786 -435.5609117424488
-1124.6205822391807 -435.9123744940758
-1123.2547735138237 -435.86172155052424
-1122.2164130373299 -436.00771755486727
-1120.973732368499 -436.627867167294
-1119.3454715175926 -436.60050571471453
-1117.8650480671226 -436.31093258172274
-1116.0346192283928 -436.1674504926801
-1114.826842443496 -436.9307187846303
-1113.2077381773292 -436.78513700276613
-1112.4232285781204 -437.43215638905764
-1110.7167902751266 -437.94331324607134
-1109.752914981395 -439.2971705248952
-1109.2769962115585 -440.31466353446245
-1108.6186340017616 -442.2080930522084
-1108.2795460386574 -442.92022175103426
-1107.870363996774 -444.74233216553927
-1107.3097561462223 -446.61708492547274
-1106.951730684787 -447.8296292474866
-1106.536726669818 -449.49785656243563
-1106.8249688906967 -451.145959084332
-1107.2327611012756 -452.9116943529248
-1107.6722435219585 -454.25006861001253
-1107.745651499778 -455.7207048586011
-1107.925001026541 -456.88410181313753
-1108.43531382218 -458.1619045189023
-1108.109565527588 -459.84382063657046
-1107.4140309406816 -460.6469456604123
-1107.287291751653 -461.54829973489046
-1106.9987057907879 -463.06618828088045
-1106.523831115514 -464.3319802930951
-1105.442574249059 -465.4064182689786
-1105.1629611714184 -466.75481540471316
-1104.5201380713283 -468.036241953671
-1103.9696523411571 -469.20727891236544
-1102.877130435258 -470.35633796960116
-1101.9105382426083 -471.771869366467
-1100.8438435061275 -472.2160333445668
-1099.815216706544 -472.40553498774767
-1099.3608397109806 -473.2633062055707
-1098.3003425462543 -474.2366728833318
-1097.1964251859486 -474.3559794178605
-1095.3960533006489 -475.3581894388795
-1094.4282711608707 -475.906371807158
-1093.079758630544 -476.1284790983796
-1091.59781395033 -476.57679972559214
-1090.043270931989 -477.3253122320771
-1088.4223289354145 -477.67834800988436
-1086.7410008771717 -477.7881731441617
-1085.6257253749668 -478.06451893359423
-1084.0557348592579 -478.26986913889647
-1082.5026711089909 -478.1044867387414
-1081.2932939393818 -477.7451357296109
-1079.9845087392628 -478.3176631382108
-1078.863693819791 -478.5520628592372
-1077.4359098537266 -478.6054045198858
-1076.4951108558475 -478.64503997698426
-1075.0065028531849 -478.2356851412356
