-1182.81 -312.31
-1181.8056181049346 -311.8577114915848
-1180.0872455215454 -312.10287868738175
-1178.4477100944518 -312.1348468339443
-1177.4582490897178 -312.133549002409
-1175.6201438879966 -312.30418184161186
-1173.7809331393241 -312.2824389612675
-1172.257120130062 -312.5000058686733
-1170.6543520665168 -312.4771828329563
-1168.8714998936653 -312.4099065935612
-1167.7478241896629 -312.3432516133785
-1166.8586479997634 -312.45647513628006
-1165.877779302597 -311.6491699194908
-1164.0112004852294 -311.8968661403656
-1162.2044652080535 -311.8076724088192
-1160.9546512937545 -311.88801285386086
-1159.7044325447082 -312.0755075490475
-1158.1142732477188 -311.9702279692888
-1156.86479824543 -311.8894620066881
-1155.3389940834045 -312.13458363473416
-1154.1378087377548 -311.9298051273823
-1152.7943369722366 -311.90192943573
-1151.1909630870819 -311.7303754365444
-1149.6376605606079 -312.01183619856835
-1148.0356982326507 -311.94688734173775
-1146.440871295929 -311.4046809351444
-1144.8992773866653 -311.7518524503708
-1143.7825157022476 -312.03057285904885
-1142.2679280614852 -312.2593767619133
-1140.452709851265 -311.93524726986885
-1139.52735394001 -311.52822795271874
-1137.8254885053634 -311.4414866989851
-1136.7061174488067 -310.94626705110073
-1134.8944707489013 -311.2158824032545
-1133.3211609697341 -311.63320998609066
-1132.2498398399352 -311.72674740612507
-1130.4323529577255 -311.4294246560335
-1128.7269607162475 -311.2795333391428
-1127.289059100151 -311.5599839216471
-1125.4210424995422 -311.8034247583151
-1123.8806112384796 -311.8625334626436
-1122.1325500583648 -311.5879220491648
-1121.22826236248 -311.98216251790524
-1119.550886569023 -312.226105017066
-1117.798178372383 -312.40766806662083
-1116.069124994278 -312.5160989290476
-1114.3433404541015 -312.28545808553696
-1113.7261971211433 -311.44240998983383
-1112.187361357212 -311.00539099931717
-1110.666345951557 -311.3592850840092
-1109.4214202141761 -311.76592764019966
-1107.6080013489723 -311.18312945723534
-1106.5403175330162 -311.3823278224468
-1104.6887960410118 -311.17811286211014
-1103.370721695423 -311.48280292510987
-1102.5446376776695 -311.755219039917
-1101.0747668719291 -311.3163131451607
-1100.1385878300666 -311.4670226997137
-1098.6332217431068 -311.7293975776434
-1097.4845736002922 -312.0742784565687
-1095.8718149638175 -312.220905405879
-1094.022915599346 -312.41207553207875
-1092.1821362948417 -311.9486056095362
-1090.3720204806327 -311.8866713768244
-1088.6032175993919 -312.14914060890675
-1086.8906993842124 -312.46639312565327
-1086.10217928648 -312.618351829648
-1084.3554440712928 -312.77127896010876
-1082.7483580088615 -312.54899371922016
-1080.9751458144187 -312.6565234488249
-1079.0864441370964 -312.93075059115887
-1077.9106863713264 -313.4843571013212
-1076.175175306797 -313.85228051006794
-1074.3702009892463 -314.19087572157383
-1074.3742282962799 -315.63929565012455
-1073.0795338726043 -316.70752961695194
-1072.2582531547546 -318.5016878372431
-1072.2323823547363 -319.8954897648096
-1071.6235440349578 -321.78178460657597
-1071.6192484027147 -323.34668726980686
-1071.6544419652223 -324.88868637144566
-1071.4716343855857 -325.6732480055094
-1071.2567024356126 -327.285701585412
-1070.798985851407 -329.24405582010746
-1070.3653331822156 -330.4074903255701
-1070.0442586964368 -331.66310031473637
-1070.3640875941514 -332.74587900698185
-1070.2127951210737 -334.0702147012949
-1070.0491736209392 -335.55558044970036
-1069.7845859503745 -336.7721716886759
-1069.5927795892953 -338.10677344858647
-1069.0431835776567 -339.6446173912287
-1068.5688034421205 -341.0452860122919
-1068.9381519085168 -342.6151901012659
-1068.5825227624177 -343.31745572149754
-1068.4839600598812 -344.9709758287668
-1068.441120160222 -346.2489711767435
-1067.9203232651948 -347.79885740339756
-1068.3419500118493 -349.32188077032566
-1067.8611368364095 -351.10497016966343
-1067.497171831727 -351.885585976243
-1067.4099150723218 -353.7335959202051
-1067.3546276813745 -355.41166086256504
-1067.1940829879045 -357.24008460104466
-1067.312208173275 -359.04699797689915
-1067.4523207521438 -360.6936633116007
-1067.2112562036514 -361.90086705744267
-1067.1592085784673 -363.8756184107065
-1066.7555628246068 -365.1343748098612
-1066.5606383955478 -366.71504111349583
-1066.5839642858505 -368.6163980489969
-1066.2464114403724 -370.2648962265253
-1066.9758653020858 -371.25401313364506
-1066.854216774404 -373.06753535330296
-1066.8200070908665 -374.6744708544016
-1067.0458806207776 -376.2268549925089
-1066.656314497292 -377.8559368377924
-1066.1263678720593 -379.36306889116764
-1065.7670142701268 -380.8678758865595
-1066.450994913876 -382.59346456587315
-1066.0489207556843 -383.8469780212641
-1065.645876353085 -385.1755320554972
-1065.3374155810475 -386.6549028879404
-1065.1248245736956 -388.19194812834263
-1064.8256432017683 -389.97185261309147
-1064.4783746799826 -391.77887470781803
-1065.0395715436339 -393.19127042353153
-1064.5043532451987 -394.5599150186777
-1064.2129287025332 -396.06996293127537
-1063.6573786637186 -396.86919291079045
-1063.891039585173 -398.10341854155064
-1064.016152535975 -399.6340267187357
-1064.0907453796267 -401.27400083601475
-1064.5358951887488 -402.67612559854985
-1064.5913481390476 -404.1970467096567
-1064.0783365643024 -405.7198007827997
-1063.8852923488616 -407.5268593555689
-1063.9362878999113 -408.6800733333826
-1063.7224523326754 -410.482939196229
-1063.5628157904744 -411.5401923185587
-1064.144930486977 -413.2013912922144
-1064.3180787613987 -414.1130299693346
-1063.9894049218296 -415.42344034969807
-1063.91873401165 -417.0386959439516
-1063.8654416626691 -418.23655082046986
-1063.5220290845632 -419.9599992161989
-1063.0094967907667 -421.17646957695484
-1063.55767665565 -422.1594752198458
-1063.5959024479985 -423.31803442299366
-1063.6288165463507 -424.2017924910784
-1063.5893941162526 -425.4585925465822
-1063.3924231766164 -427.198326600194
-1063.0331823466718 -428.1907924538851
-1062.9499734355509 -429.7334823733568
-1063.2639746381342 -431.07500625908375
-1063.0484457476437 -432.80787659943104
-1062.4939787848293 -434.3210215693712
-1062.19415678218 -435.55316342175007
-1062.644239501506 -437.41478933155537
