-1182.81 -312.31
-1181.4831550693511 -312.86260491371155
-1179.9449684000015 -313.2317601120472
-1179.2445465302467 -313.3437967723608
-1177.3551174378395 -313.88613871991635
-1176.1294159865379 -313.6133907264471
-1174.8387114977836 -313.30168829619885
-1173.2666351771354 -312.99317897617817
-1171.8070691800117 -312.6354120796919
-1170.324356791973 -312.6775936460495
-1169.2911934828758 -313.1070756292343
-1168.3787008500099 -312.40083235263825
-1167.335661766529 -311.88286566495896
-1165.7985810017585 -312.20468467235565
-1164.6279150223731 -312.7575777745247
-1162.9726737713813 -312.73251905053854
-1161.1609059548377 -312.7335767573118
-1159.5733897662162 -312.3593922382593
-1158.3271796679496 -312.05209921061993
-1156.5804944014549 -311.5159338539839
-1155.2489987587928 -311.3285208171606
-1154.1291837668418 -311.5641846781969
-1152.5214135622978 -311.54156909644604
-1151.2481958842277 -311.55907095730305
-1150.2641066288948 -311.94859386742115
-1148.7909337258338 -312.2976144081354
-1147.2500718808174 -312.5081536000967
-1145.9651164984703 -312.71071953833103
-1144.7988480305671 -312.4259097701311
-1143.566037890911 -312.25793163239956
-1141.8551948046684 -312.4726249104738
-1140.9488260126113 -312.6349237835407
-1139.0785066461563 -312.1918079531193
-1137.266772685051 -312.1966803050041
-1136.5293484902381 -312.7724245762825
-1135.235161063671 -312.90900200366974
-1134.5613813376426 -312.97278779506684
-1132.690545079708 -313.4750607585907
-1131.180233952999 -314.10274928569794
-1129.5276286578178 -313.6944495713711
-1128.232261416912 -313.5117592936754
-1127.0701830363273 -313.5832481509447
-1126.3103750920295 -313.98984561622143
-1124.7342013096809 -314.5006156986952
-1124.0969545817375 -314.2132354801893
-1122.290074107647 -314.2983726686239
-1121.140681502819 -314.63416166365147
-1119.587074754238 -314.7239023721218
-1118.7517813420295 -315.7072012102604
-1117.1638638949394 -316.1102210557461
-1116.2512218928337 -317.4000474488735
-1115.397857544422 -318.45483734965325
-1114.9509700214862 -319.0452260053158
-1114.5718272006511 -319.9057061946392
-1114.7670201039314 -321.28527477145195
-1113.9547281241416 -322.36217704176903
-1114.0286070084571 -323.4132634675503
-1113.7558146393299 -324.86126532912255
-1113.108831731081 -325.99448528647423
-1112.7500334060192 -327.60474887251854
-1112.1800511157512 -329.28289952635765
-1112.2003783373534 -330.43661907076836
-1111.8891222862899 -332.0799095904827
-1111.3378826765716 -333.12260976195336
-1111.8250146894156 -334.01613673329354
-1112.0246527729928 -335.0920465862751
-1111.8059115348756 -336.29391154408455
-1111.591893800944 -337.74053248524666
-1111.2307258932292 -338.60772594571114
-1111.5495119480788 -340.4551113522053
-1111.5686815208196 -341.6550556099415
-1111.785603505969 -342.539588419199
-1112.070098800063 -343.52214202046395
-1111.6525156325101 -345.32405838131905
-1111.425034982562 -346.3392334854603
-1112.069344562888 -347.80445882439614
-1111.931126011014 -349.1466277515888
-1111.567214590907 -350.9726963913441
-1111.9592714136838 -351.8262118971348
-1111.4020147150754 -353.3746208822727
-1111.0184467560052 -355.061885086298
-1110.9819255372881 -356.25556429982186
-1111.553286959827 -357.9280835068226
-1111.4660993567109 -359.17391428112984
-1111.5848804166912 -360.92053588986397
-1111.2300297370552 -361.94926830887795
-1111.4160936525464 -363.1238878643513
-1111.5316604724526 -364.07864275336266
-1111.6910331597924 -365.25988879561424
-1111.390652065575 -366.05663975834847
-1110.83986998111 -367.20753273129463
-1110.6177731505036 -368.678984490633
-1110.7276337644457 -369.7886862432957
-1110.9666233858466 -371.49666592240334
-1111.4552800557017 -372.3944492018223
-1111.22378826648 -373.29874416947365
-1111.1757119348645 -374.49857577443123
-1111.4762976518273 -375.37248286366463
-1111.9421228221058 -376.29350778222084
-1111.5995941212773 -377.33657583355904
-1111.4483631005883 -378.3894540941715
-1111.7613549283146 -379.2424016273022
-1111.2213796427845 -380.29780354857445
-1110.9948514452576 -381.5871414220333
-1110.14398488909 -382.3066607987881
-1109.9929156056046 -382.90430930018425
-1108.7224349728226 -384.0952508723736
-1107.587445949614 -384.49951120972634
-1107.0530453673005 -385.63551780343056
-1106.4423106661438 -386.3002519285679
-1104.8059290400147 -386.4430457031727
-1104.2592961540818 -386.79469707369805
-1103.576261972487 -387.4428846514225
-1102.222647165358 -388.323031989336
-1101.0327545157074 -388.8655367767811
-1099.3080892315506 -389.0697635984421
-1098.353615616858 -389.2602961188555
-1096.7835649004578 -390.1033145314455
-1095.7016917219757 -389.8118136650324
-1094.892732476294 -390.25363601505757
-1093.3427349081635 -390.82764495670796
-1092.251598571837 -391.1341329342127
-1091.5104986181855 -390.90121330082417
-1090.4260071268677 -390.4216739064455
-1089.443787073195 -390.27099601686
-1087.9887965670227 -390.17839723587036
-1086.7346433153748 -390.56803875923157
-1085.5644941082596 -390.2755821919441
-1084.5682837715744 -390.9712905859947
-1083.43569013983 -390.6083105778694
-1081.9148543825745 -390.99392342329025
-1080.7794910421967 -391.29902574181557
-1079.5277499905228 -390.8037880933285
-1078.3710826388 -390.46620079636574
-1077.1902780285477 -390.6120141720772
-1075.8521152487397 -391.1413944339752
-1074.8350038281083 -390.58818989753723
-1073.740412210524 -390.23391896247864
-1073.0313793173432 -390.62747576594353
-1071.8122017136216 -390.64832709491253
-1070.3042002668976 -390.81217331945896
-1068.4662528982758 -391.7341326004267
-1066.9188788881897 -392.67984373629093
-1066.0645681372284 -393.20580161869526
-1065.7641150704026 -394.41899920761585
-1065.3025234392285 -395.0576577311754
-1064.759062474072 -395.76868404209614
-1064.1464313915371 -397.61607230961323
-1064.339831059277 -398.9827628260851
-1063.9455707421898 -400.31341756641865
-1064.0449191084504 -401.62476517021656
-1063.9499425342678 -402.29847176134587
-1063.77824798733 -403.0105483061075
-1064.0169532647728 -404.30985529482365
-1064.3630923381447 -406.1428797966242
-1063.950985764563 -407.59717805445194
-1063.9257144680619 -408.8909884220362
-1063.619515722096 -410.5755368000269
-1063.5452767512202 -411.3051626211405
-1063.3015501400828 -412.011775804162
-1063.1943796402215 -413.56278629362583
-1062.869340313077 -414.73873956263066
-1063.200563800931 -416.2513170963526
-1063.2325113987922 -417.86868746340275
-1062.9027180051803 -419.631568146348
-1062.2997897839546 -420.8225420242548
-1062.3303360170125 -422.5499211078882
-1062.4132653227448 -423.8612210279703
-1062.438557831049 -425.7514072185755
-1061.664743272066 -426.95916206896305
-1061.9454952454566 -428.65307922422886
-1061.4284387803077 -429.6292969709635
-1061.0709976530075 -430.3751765614748
-1060.5668642497062 -431.321667445302
-1060.3326900428533 -432.5034470683336
-1060.636584920287 -433.66480900108814
-1060.5524540966749 -434.51673491060734
-1061.0406113690137 -436.3190484768152
