-1182.81 -312.31
-1181.2991177415847 -312.97690850257874
-1179.5143191194534 -313.23898482084275
-1177.9362511014938 -313.29280005156994
-1176.6365715837478 -313.7197765237093
-1175.3208292102813 -314.3052129274607
-1173.5471897697448 -314.9660328155756
-1171.7319419956207 -315.53264255583287
-1170.2677956199645 -315.8001658445597
-1168.776060400009 -315.85751256108284
-1166.9591043567657 -316.22136878728867
-1165.53454226017 -316.0991832962632
-1164.1082648611068 -316.13511212676764
-1162.3969193077087 -316.386010607183
-1160.616529521942 -316.56069998949766
-1159.029584941864 -316.42715511232615
-1157.1583862876892 -316.5684578767419
-1155.4130881404876 -316.91259640961886
-1153.8028804636 -317.0754000297189
-1152.9714136695861 -317.19401187211275
-1151.3111491775512 -317.4378510168195
-1149.4211118793487 -317.0925515344739
-1148.0636363601684 -317.25907201081515
-1146.3356700515747 -317.5092608383298
-1144.5328620052337 -317.7070802500844
-1143.619551000595 -316.9166735461354
-1141.8024952983856 -317.08715457230807
-1140.2060853815078 -317.23220295220614
-1138.7796066379547 -317.53113210707903
-1137.8760064816474 -316.74912775069475
-1136.3940585827827 -316.81214651972056
-1134.8597089028358 -317.1862311115861
-1133.2283884263038 -316.6127272000909
-1131.663403866291 -317.0783934941888
-1129.7290860390663 -316.712161039412
-1127.9440866684913 -316.6886718919873
-1126.125679013729 -317.0240340283513
-1124.674541709423 -317.56106877833605
-1122.8157498812675 -318.3293297341466
-1121.1447315192222 -319.2057120254636
-1119.9253981089591 -320.4245848110318
-1119.5545140779018 -321.36455500632525
-1119.1554708755016 -323.1612262776494
-1118.5841487920284 -325.0587818673253
-1117.8688711202144 -327.00634456187487
-1117.620961574316 -328.9522633603215
-1117.1030210530757 -330.75753474742174
-1117.137363539487 -332.5699815800786
-1116.8380222482979 -333.6226705363393
-1116.669788376838 -334.67407644301653
-1116.6156329227983 -336.0754394581914
-1116.978358657509 -337.4995026639104
-1116.590222479254 -338.72238660365343
-1116.6685255630314 -340.61706948786974
-1116.7890511913597 -342.31710851699114
-1116.4437450034916 -343.56007981806994
-1116.0436627729237 -345.2856400063634
-1115.9775747074186 -346.98485029250384
-1115.8409007503092 -348.6810269406438
-1115.7166997803747 -350.1489327004552
-1115.4987903697788 -352.03285778075457
-1115.58258304134 -352.94830710202456
-1115.5191222442686 -353.8063456466794
-1115.6301003856956 -355.30832237511873
-1116.0848734541237 -357.0590723207593
-1116.4125563664734 -358.3996130874753
-1116.266449393183 -360.1055024316907
-1116.0044702900946 -361.6589780500531
-1115.9138266010582 -363.51757807046175
-1115.6516413851082 -365.1657092025876
-1115.7241351021826 -366.4044866016507
-1116.2413619174063 -368.21958059579134
-1116.670332313925 -370.0986483743787
-1117.3427436365187 -371.3166317394376
-1116.8708675219118 -373.0583590915799
-1116.9850199906527 -374.8566228798032
-1117.6059348075091 -376.0321754863858
-1117.1525201289355 -377.5965135744214
-1116.9194399057328 -379.21792525559664
-1116.804682263583 -379.91539258271456
-1117.3290628878772 -380.8359874537587
-1116.7676945416629 -382.0969350388646
-1117.0382369248568 -383.98131800204516
-1117.2936555235087 -385.24220848590136
-1117.2223792536556 -386.5643631270528
-1117.5293891890346 -387.98475635558367
-1117.305727021247 -389.25476599246264
-1117.0173719985783 -390.7078299573064
-1116.6215409500896 -392.56988955050707
-1116.8377451910078 -394.0532317212224
-1116.2760327471792 -395.4615410616994
-1116.016531856209 -396.8369699767232
-1116.0167057825624 -398.4762328913808
-1116.1511984927952 -399.97988415271044
-1116.1276453746855 -401.16850555449724
-1116.028886513263 -402.7232185652852
-1115.6218105717003 -404.68295884639025
-1115.4567691548168 -406.4196447184682
-1115.6723058535158 -407.78686368972063
-1116.2734567834436 -409.69220662623644
-1116.466210426241 -410.8885018876195
-1116.0784336937963 -411.8753595998883
-1116.7439607991278 -413.53104049474
-1116.3461701585352 -415.2016915729642
-1115.8704863800108 -415.8917345455289
-1116.1206033839285 -417.35794765263796
-1116.1908710314333 -418.9268484762311
-1116.7234569503366 -419.6697489669919
-1117.0450038327276 -420.8722295215726
-1117.1343489153683 -422.2754641225934
-1117.1936445100605 -424.1436110189557
-1116.3998390300571 -425.9246286800504
-1116.089105503112 -427.5156754902005
-1114.8524329824745 -428.7569697549939
-1113.3200684948265 -429.3866910985112
-1111.9200124903023 -430.04105282336474
-1110.5006704492866 -431.0206797769666
-1108.7960822744667 -432.1530992439389
-1107.230154530555 -433.246979778111
-1106.1402747793495 -434.4094187667966
-1106.2499669356644 -435.78771514207125
-1106.023966075331 -437.04812187463045
-1106.0019013001024 -438.10397893697024
-1105.39655378595 -439.40533489495516
-1105.2506841136515 -440.0621308735013
-1104.9630091203749 -441.5270978859067
-1104.3475264920294 -442.3897871425748
-1104.2657553716003 -443.7675171545148
-1104.676904515773 -445.30882543832064
-1104.4327334626018 -446.34383231908083
-1104.351290078312 -448.08615857869387
-1103.6825532628595 -449.4415528228879
-1103.2998146130144 -450.3000183752179
-1103.2806871919333 -451.3512948206067
-1103.8735762028396 -452.6761836460233
-1104.185927310437 -454.23352259904146
-1103.688413747996 -456.0975264957547
-1103.6815729806572 -458.02730054169893
-1103.5794468367844 -459.26969570428133
-1103.3997281784564 -460.64428920060396
-1104.0604889983683 -462.1939819505811
-1104.1873392457514 -463.3847681930661
-1103.5609344238787 -464.38132936269045
-1103.4654861385375 -465.74495035916567
-1102.9619209463149 -467.18889171391726
-1102.4641351992636 -468.17995662003756
-1102.5620674783736 -469.38325959950686
-1102.0026161963492 -470.4006264856458
-1101.1360801751166 -471.04838663846255
-1099.715248971656 -472.63768631726504
-1098.7859815055876 -473.2237418344617
-1097.1090318853408 -473.25159588962794
-1096.248598247245 -473.288405661881
-1094.9091714913397 -474.60785031825304
-1094.2210171515494 -475.98213243991137
-1093.6761965448409 -477.0827273181081
-1092.574107139781 -478.3298474600911
-1091.9649800951033 -479.3380652716756
-1091.1904339487105 -480.1022318056226
-1090.3020832831412 -480.58653688937426
-1089.4800941044837 -481.21191174298525
-1088.3655653292685 -481.6842622807622
-1086.9155564600974 -482.3167652538419
-1086.0924276406317 -482.83284402400255
-1084.2447384888678 -483.22316989809275
-1083.6047219926863 -483.77878830343485
-1082.130615204051 -483.3848830214143
-1080.4481860096007 -483.89415142446757
-1079.2138908798247 -483.7581489136815
-1077.4030171329528 -484.17783910542727
-1076.263649194911 -485.00107247143984
-1074.848352401927 -484.46124589949846
-1073.1898781950026 -484.4256392470002
-1072.299608855918 -484.2486940076947
-1070.9407021100074 -484.48019207030535
