-1182.81 -312.31
-1181.5716293430328 -313.15361827373505
-1180.226124343872 -314.6816906309128
-1178.435327348709 -315.747996506691
-1176.806339559555 -316.83521109580994
-1175.3550654029846 -318.25253396987915
-1173.9458985900878 -319.90101247787476
-1173.5945494747161 -321.70485716819763
-1173.0609774565696 -323.60679465293885
-1172.6089209294319 -325.39418941497803
-1172.1216157352924 -327.1594029045105
-1171.9122992432117 -329.0797207927704
-1171.8956889430433 -330.7409393167496
-1171.2715141097456 -332.5108898258209
-1171.056789837256 -334.44917922973633
-1170.618644497767 -336.24245458602906
-1170.448705709949 -337.47252422332764
-1170.2521203080564 -339.1715814447403
-1170.3822134057432 -341.1362518644333
-1170.288306705132 -342.9800220108032
-1170.6141511718183 -344.4818443632126
-1170.257859013453 -346.1004875278473
-1169.506110093966 -347.451597032547
-1169.364375583306 -349.14488070964813
-1169.2069741705805 -350.1186749315262
-1168.6393259385973 -351.78648763656616
-1168.222838095799 -353.3158637857437
-1167.7466763774305 -354.97858088970185
-1167.3385449270158 -356.84810584545136
-1167.1878458479791 -358.5291823720932
-1166.6736544588953 -360.4333266592026
-1166.9245840529352 -361.8942181444168
-1166.5904177645593 -363.4794974899292
-1166.0287459710985 -365.32704478263855
-1165.8382286349683 -367.2406378364563
-1165.0996999660879 -369.0011998987198
-1165.0600977162271 -370.6555444574356
-1164.9423163378983 -372.5339030599594
-1163.7844367469102 -374.17976182460785
-1163.0023391688615 -375.6760228252411
-1161.9079243386536 -377.356040058136
-1160.1290046418458 -378.57450967788697
-1158.4102299655228 -378.927622256279
-1157.4569206679612 -379.7916123843193
-1156.2083765710145 -380.51627242326737
-1154.329530640915 -380.98501267790795
-1152.9324286425858 -381.4833364760876
-1151.7291449750214 -382.0100789940357
-1150.5027111018449 -382.52217527985573
-1148.6354273999482 -383.13055643200875
-1147.217060490921 -383.88542088627815
-1146.3534086788445 -384.8701685345173
-1145.4035372579842 -385.55257984757424
-1144.3893787706643 -386.32332047581673
-1143.2677135313302 -387.80616673588753
-1142.9571825707703 -389.4285841858387
-1142.0091093624383 -390.79616817593575
-1141.4249893868714 -392.5881954109669
-1140.794650241211 -393.5491702234745
-1140.5004195714741 -395.0284890806675
-1140.05671943672 -396.75427385926247
-1139.371463670805 -398.52314826607704
-1138.9511264110356 -399.9636536514759
-1138.5318908835202 -401.87669715046883
-1138.8451491440087 -403.2799310362339
-1138.259688302353 -404.8348662531376
-1137.9806560719758 -406.4394995844364
-1137.9902023742347 -408.30335101246834
-1137.7031377921253 -409.7717725908756
-1138.0089552173763 -411.6062661087513
-1137.6564731071144 -413.577798691988
-1137.783235571757 -415.39136132359505
-1137.5176483312994 -417.36098047852516
-1137.2809324035793 -419.2992934858799
-1136.9160784254223 -420.91012939572335
-1137.4971197614818 -422.2571005499363
-1137.9570880601555 -424.0648274099827
-1137.604910857454 -425.0845179235935
-1137.190122134462 -426.00824627041817
-1137.0871878335624 -426.921484259367
-1136.7310534188896 -428.48811354994774
-1135.9002103874832 -428.92855432391167
-1134.959698505178 -430.12437489390373
-1133.7630559871345 -430.5960296666622
-1132.313516683355 -430.6891975080967
-1130.8251857230812 -431.9220175421238
-1129.7236993978172 -432.949860779047
-1128.120856828466 -433.2880834913254
-1126.433714217916 -433.61248761177063
-1124.7880197236686 -433.5636981329322
-1123.118042416349 -433.8038207641244
-1121.2597712943702 -434.46232215076685
-1119.4725545118004 -434.9598624458909
-1117.798876948133 -435.22132725030184
-1117.154538161531 -435.7587530067563
-1115.5118893454223 -435.84885924071074
-1113.8728493521362 -435.64645261079073
-1111.9936291048675 -435.8623323342204
-1110.3369178841263 -436.35759108275175
-1108.6333475182205 -436.43460169941187
-1106.9807641575485 -436.7288392832875
-1105.737589604631 -437.43689919024706
-1104.9289317200332 -438.86450601130724
-1104.0092789003997 -440.7412008097768
-1103.299465901628 -441.73137617617846
-1102.723252243772 -443.24840236216784
-1102.652556612566 -444.545886760056
-1102.5050784940272 -445.8803982785344
-1102.6814955169707 -447.7121795466542
-1101.9308197791129 -448.76596665889025
-1101.9397177467495 -449.90357435256243
-1101.6559553215652 -451.5067893317342
-1102.0998642215877 -453.4580148509145
-1101.8883180389553 -455.3038740208745
-1101.8287233891338 -456.8957940390706
-1101.7057133051007 -458.2265043309331
-1101.128036770448 -458.9045831015706
-1100.802941653356 -460.5339161208272
-1100.8145991893857 -461.938947801888
-1100.3322168620675 -463.69795287162066
-1100.6341514321416 -465.591287021935
-1100.2100295158475 -466.8800718834996
-1100.2031927811354 -468.23763859778643
-1099.5660529839247 -469.6016665747762
-1099.5729610281437 -471.20477295428515
-1098.7194769936054 -471.78493398934603
-1098.0512605863064 -473.3697891882062
-1097.0228710132092 -474.3559065511823
-1096.4156070309132 -474.83524442225695
-1094.6797804193943 -475.53590846568346
-1093.5583876924961 -475.74191619962454
-1092.323696907088 -476.3481015762687
-1091.5543572264164 -477.0095792016387
-1090.3171594696491 -476.5975881418586
-1088.7097286539524 -476.52506609767676
-1087.5817126589268 -476.4226786544919
-1086.1976475077122 -476.7890746048093
-1085.11523574166 -476.95068350940943
-1084.0333713846653 -476.98006577923894
-1083.2857088404148 -477.35842214658857
-1082.3904150681942 -477.99276565149427
-1080.5589173989742 -478.2542892558873
-1078.5992670016735 -477.92744232848287
-1077.221829886958 -478.5196048183739
-1076.5579617577046 -478.12080074980855
-1075.6081541138142 -478.3137835277617
