-1182.81 -312.31
-1181.3043652153015 -311.9058114862442
-1179.8046026802062 -311.89314817398787
-1178.454079208374 -311.9679302549362
-1177.1293298578262 -312.41159093141556
-1176.2187522029876 -313.038616297245
-1174.3336366987228 -313.47908046603203
-1173.2934846258163 -313.51282661542297
-1172.2946867322921 -314.09181606158614
-1171.1119516468048 -313.9283935366571
-1169.5984727716445 -314.15262351319194
-1167.9202907657623 -314.0850026024878
-1166.5178502178192 -314.33950060740113
-1165.3415421819686 -314.32008873805404
-1163.4640430784225 -314.24010514602065
-1161.8535481071472 -314.0459591089189
-1160.8461796617507 -314.14638321235776
-1159.1203758096694 -314.2837369455397
-1157.7659074640274 -314.7313646091521
-1155.9619111394882 -315.1499642147124
-1154.4234514808654 -315.3150136782229
-1153.3547578430175 -314.81821686163545
-1152.6169186806678 -314.8683224333823
-1150.9097503399848 -314.8061606524885
-1149.0549820637702 -314.5410840152204
-1147.3882962441444 -314.67285161599517
-1145.9753988957405 -314.5108442543447
-1144.1120291924476 -314.8856477378309
-1143.0971773838996 -315.0182658521831
-1141.3831330513954 -315.3304297415912
-1140.0674271559715 -315.6863905875385
-1138.4105061268806 -315.54461125418544
-1137.1026076054573 -315.5349496392906
-1136.2390342926979 -315.1835827617347
-1134.668007967472 -314.7176952151954
-1133.0723404860496 -314.08061335369945
-1131.6514588570594 -313.5357698588073
-1130.3405966734886 -313.5128808873147
-1129.0250812745094 -313.2563033359498
-1127.4301646924018 -312.74467584066093
-1126.5781097388267 -313.3269791262597
-1125.0984680628776 -313.8742689745873
-1123.2653968310356 -314.3599152224511
-1121.6042770123481 -314.4324685367197
-1120.0014047598838 -314.4103185939044
-1118.311174867153 -314.6067066895217
-1116.5726804709434 -314.87091685406864
-1115.2907012677192 -315.32409683935344
-1113.616391775608 -315.52391452662647
-1112.560610411167 -316.5303449141234
-1111.9119218564033 -317.7757417666167
-1110.7179714417457 -318.6405423986167
-1110.2246376550197 -320.44339109532535
-1109.4453349983692 -321.5456180679053
-1109.529836488366 -322.9208158361167
-1109.5548396235704 -324.62897337548435
-1109.1704082018136 -325.8939144717902
-1108.9436838454008 -327.1612473832816
-1108.7490201121568 -328.1788560258597
-1108.3000915771722 -329.685136686489
-1108.4889987534284 -330.9251185762137
-1108.1792867308855 -332.11426104180515
-1107.3768261796235 -333.5324745284766
-1107.51386980474 -334.9263769494742
-1107.5366049236059 -336.2051683770865
-1107.0920868641138 -336.903928469345
-1106.3904566293954 -337.547859679386
-1106.0162583714723 -338.45556033723057
-1105.4282201653718 -339.68896032445133
-1104.8208546763658 -340.5635390984267
-1104.3510572737455 -342.12654979102314
-1104.079197806716 -343.65446717612446
-1104.2539632445573 -345.3576420056075
-1104.8208342915773 -346.47826607100666
-1104.2927845841646 -348.06006140582264
-1103.9247607415914 -349.52515025012195
-1104.127015916109 -350.5935806738585
-1103.9545399075746 -352.29090518824756
-1103.9135201773047 -353.58375544421375
-1104.183381100595 -354.346927415058
-1104.1343890926241 -356.1209033834189
-1103.5090710422396 -357.8773685800284
-1103.7126876166462 -358.758400689289
-1104.1083078435063 -360.00850595109165
-1104.534629856646 -361.5968170272559
-1103.9554543247818 -362.75448561780155
-1103.5297214141488 -364.1899945842475
-1103.1616990616917 -365.90452695958317
-1103.3329878500103 -366.89045996539295
-1103.6149309924244 -368.75476474635303
-1103.3363605192303 -369.83330602519214
-1103.4414208433031 -371.59593636862934
-1102.8693123361468 -373.1683837877959
-1103.5135880610346 -374.0905367242545
-1103.2453681132197 -375.3521218406409
-1103.607183804214 -376.1852552997321
-1103.3870288035273 -377.0999554502219
-1103.864846547544 -378.69402755372226
-1103.9600216051936 -379.73459483258426
-1104.2672508260607 -381.5210316287726
-1104.0423627397417 -382.90730286709965
-1103.623303939998 -383.7608990775794
-1103.5947465202212 -385.1810705768317
-1103.0031051537394 -386.6613375055045
-1103.5215870639681 -387.6487529384345
-1103.2456262013316 -389.2503436910361
-1102.971640845239 -390.7925002681464
-1103.4418459138274 -391.9969054567069
-1103.3535827895998 -393.8910232888907
-1103.062114497125 -395.72030366532505
-1102.8517943969368 -396.44424183242023
-1103.355070387423 -397.7239380585402
-1103.0205732634663 -399.4644556748122
-1103.0131368166208 -401.22498745791614
-1102.75637735188 -402.21569282881916
-1102.2794074839353 -403.5593375670165
-1102.8032777136564 -404.2019528853148
-1102.7531116208434 -405.58214778773487
-1103.3561187586188 -407.1658532129973
-1103.001371075809 -408.8020220505446
-1103.365234901607 -409.6925491797179
-1103.7436517974734 -411.25892729632557
-1102.955876519382 -412.71583075396717
-1103.0141744217276 -414.02020139567554
-1102.618997683227 -414.98022062651813
-1101.733980884254 -416.04686529509723
-1101.29876940459 -416.9339335667342
-1100.5335816642641 -418.1287997471541
-1098.8475491306185 -418.4565560924262
-1097.1565731069445 -418.6541881965846
-1096.1933912536501 -419.0979966329783
-1094.3527220985293 -419.57838300935924
-1092.7769802114367 -420.1376490997523
-1091.0445347329974 -420.4825576054305
-1089.8652570745348 -420.5281753348559
-1088.7844027778506 -421.4695238875598
-1087.0810887119173 -421.68564889900387
-1085.553506424129 -422.68067769281566
-1084.5835217139124 -423.81489924661815
-1083.6990522643923 -424.3448465871066
-1082.896610905826 -426.1111913727969
-1082.0049320957064 -427.3568205641955
-1081.3182209035754 -429.28284690849483
-1081.310961177051 -429.96211455337703
-1081.4453598758578 -431.53597257606685
-1081.7083286842703 -433.24338708393276
-1081.5234371325373 -434.67530951969326
-1081.5488228103518 -436.37335560791195
-1081.0005927583575 -437.18320868484676
-1080.9191935932636 -438.3862442778796
-1080.6550236022472 -440.2107536601275
-1080.4045776700973 -441.695112805292
-1080.773227391243 -443.4813848542422
-1080.3843938684463 -445.3171146916598
-1080.2504046833515 -446.29472527973354
-1080.267027990371 -448.02531395427883
-1080.5750309689342 -448.7809803890437
-1080.6857017739117 -449.8633581804484
-1080.7665905220806 -451.38959626428783
-1081.040700660497 -452.3974482225627
-1081.623988018781 -453.78300706617534
-1081.9398601217567 -455.42038647405803
-1081.8739595426619 -456.6232507633418
-1081.7456055743992 -458.2194214271754
-1081.937431962639 -459.4025682615489
-1081.5142918540537 -460.5976126598567
-1081.4361495687067 -462.19319538347423
-1081.3955410136282 -463.3991922544688
-1082.0689029110968 -465.0507761644572
-1082.5386731041967 -466.33520178072155
-1082.9190007163584 -467.3302433299273
-1082.7424563033878 -468.59481153957546
-1082.409996406585 -469.33725605480373
-1082.5259906513988 -470.266178708002
-1083.084822641164 -471.0295705603808
-1082.439733491689 -472.10332677833736
-1082.972565100938 -473.59063599579036
-1082.5894471867382 -475.0495775746554
-1082.5473095564544 -476.69311020843685
-1082.3105445294082 -477.5603761481494
-1081.6209141401946 -478.6173167037219
-1081.296460249871 -479.84163222782314
-1080.1935097961127 -481.5695172356814
-1078.9494725255668 -482.6675844001025
-1078.2047471193969 -483.1675989436358
-1076.759030380696 -483.7134643601626
-1075.950949409455 -483.97612510196865
-1074.6640612868964 -484.4332341956347
-1073.315639117211 -484.9493092703074
-1071.9446563510596 -484.50897849671543
-1070.9002122668921 -484.67167816631496
