-1182.81 -312.31
-1181.1544992303848 -313.2658017849922
-1179.5980673408508 -314.1049818968773
-1177.875143585205 -314.83655243873596
-1176.4263564920425 -316.3115079975128
-1175.3533089733123 -317.65159326553345
-1174.5506364679336 -319.2763178920746
-1173.8114756321906 -320.43902903556824
-1173.0355609035491 -321.3122357106209
-1172.2202038145065 -323.08652674913407
-1171.6774842119216 -324.27992486715317
-1171.8699038898944 -325.799313185215
-1171.6521176075935 -327.4178526377678
-1171.7627999460697 -328.96212935209275
-1171.3541751480102 -329.7988977408409
-1170.8185084438323 -331.19736671209336
-1170.989685562849 -332.9357173418999
-1170.9010796299576 -334.28291201353073
-1171.1800189366936 -335.83842420339585
-1170.636823748648 -337.1126515841484
-1170.5017060539126 -338.84331381082535
-1169.9730765125155 -340.5384445166588
-1170.007163425386 -341.5941766476631
-1169.6407460173964 -342.4453346705437
-1169.4426046809554 -344.0814416384697
-1169.7258726856112 -345.4404253935814
-1169.9666565558314 -346.63778400182724
-1169.7459277412295 -347.95248114824295
-1169.9788712760806 -349.42408001184464
-1169.6339579126238 -350.80476343393326
-1169.5396527847647 -352.52424490213394
-1169.1369691094756 -353.3998353457451
-1168.6047137579321 -354.06055491924286
-1168.1892969211935 -355.810443816185
-1168.0614125332236 -356.72930174827576
-1167.9764802357554 -358.28120583057404
-1167.8030293485522 -359.7863009548187
-1167.4657192131876 -361.6144879436493
-1167.1805661222338 -362.5871235704422
-1167.3230116268992 -363.6654970026016
-1167.600425889194 -365.4330608224869
-1167.6792998364567 -366.9776849126816
-1167.4416714659333 -368.6295906877518
-1167.0782330682873 -370.0448154783249
-1167.0672780922055 -371.91809671878815
-1167.760613029301 -373.47557800769806
-1168.2401532283425 -375.1316732740402
-1167.988002871573 -376.97683852672577
-1166.8791550150513 -378.25749319553375
-1165.9757876744866 -379.83706372737885
-1164.9406532397866 -380.35663169384003
-1163.3492547622322 -380.9769793725014
-1161.6098977676033 -381.49772453069687
-1159.9258816590905 -382.57085394620896
-1158.1146282306313 -382.79553600907326
-1157.247069274485 -382.76822483301163
-1155.3812841525673 -383.6199567294121
-1153.5172427049279 -384.0910373902321
-1152.5711572518944 -384.5543721294403
-1151.464032446444 -385.2474367594719
-1149.5320066562294 -386.00770354032517
-1147.911700760424 -386.4069339609146
-1147.223596369326 -386.9955303645134
-1146.0037130466103 -388.4232385134697
-1144.5587202659249 -389.4044120287895
-1143.6260550370812 -390.8489396548271
-1143.0187012305855 -392.596684691906
-1142.2132165780663 -393.98895263433457
-1141.4968914738297 -394.9047617292404
-1141.5872728651761 -396.1282450532913
-1140.9641655510663 -397.9760956144333
-1140.6738462275266 -399.1138008213043
-1140.5675287222862 -400.7546703195572
-1140.953839418888 -402.46167462825775
-1140.4981158053874 -404.15127056598664
-1140.1770272231101 -405.6656718826294
-1139.9503275430202 -406.8900265073776
-1139.5527059412002 -407.5729498243332
-1139.23514821887 -408.6965028619766
-1139.1038357591628 -410.1906881904602
-1139.303664175272 -411.88377076148987
-1139.3708200728893 -413.0791169977188
-1139.0529731190204 -414.63340371608734
-1139.0324971354007 -415.6953625059128
-1139.2985982871055 -417.22192638874054
-1139.3960793292522 -418.77112084388733
-1139.8718780851364 -420.70720582962036
-1139.4687913036346 -421.76444464683533
-1139.576833588481 -423.55448800086975
-1139.2262548929452 -425.48512607574463
-1138.8794833546876 -427.40849977493286
-1139.0221904939413 -428.74682157993317
-1138.6976761347055 -430.46982246398926
-1137.3941311365365 -431.8738552904129
-1135.9409080272912 -432.14214285969734
-1134.6094778305292 -432.2556919133663
-1133.2355747944116 -433.018084076643
-1131.527149272561 -432.8123169517517
-1130.457594705224 -433.30949818849564
-1128.9700551754236 -433.5482933497429
-1127.6071227318048 -434.2240957593918
-1126.0223031765222 -433.7308182692528
-1124.1337204700708 -433.94774406909943
-1122.4039843803644 -434.1126250600815
-1121.499026609063 -434.20296109974385
-1119.6183007484674 -434.4611562615633
-1118.1775031810998 -434.29593331873417
-1116.4720960384607 -434.5916768735647
-1114.5215030437707 -434.40687922894955
-1113.2212931638956 -434.21251141786576
-1112.1154394870996 -434.8160483813286
-1110.9858967787027 -435.7472927546501
-1109.5458805090188 -436.69505375385285
-1108.8213338977098 -437.4906221604347
-1107.9460443383455 -438.3743744468689
-1107.3272049552202 -439.4426993703842
-1106.502955687642 -440.6688480949402
-1105.8381808525323 -442.24618392944336
-1105.2196276909112 -444.1847820854187
-1104.9420769935846 -445.18285113334656
-1104.9060582867264 -447.0029816007614
-1104.7666077962517 -448.43665462493897
-1104.4269766560196 -449.47648840904236
-1104.3950482210516 -451.0037620639801
-1104.271868442595 -452.70440071582794
-1103.8645914545655 -453.7843802547455
-1104.1302212527394 -455.6211882209778
-1103.9714706292748 -457.35463958740235
-1103.813193564713 -458.6433765268326
-1103.8014109632372 -459.6234298324585
-1103.9611375382542 -460.72330230236054
-1103.851785992682 -461.891978559494
-1104.1832245340943 -463.3943925476074
-1103.925037716925 -464.90485042095185
-1104.2967574349045 -465.93724351882935
-1104.861245369017 -467.55476301670075
-1105.1370393386483 -469.3694080686569
-1105.3358918628096 -470.2864665365219
-1104.5446053943037 -471.2996410703659
-1103.7337491711974 -473.0375495529175
-1102.5352673730254 -474.66378909111023
-1101.802466174066 -475.78551703453064
-1100.3256054124236 -476.02929770708084
-1098.690371890962 -476.7876781797409
-1097.9492569169402 -477.5451493239403
-1097.3113047680258 -477.5432932204008
-1095.7880161604285 -478.0463453358412
-1094.1710176071524 -478.5682872956991
-1092.7651245197653 -479.08813743054867
-1091.058812817037 -478.74539778888226
-1089.18279715389 -478.8267933702469
-1088.5632317861914 -479.0845815217495
-1086.7831523022055 -479.819450763464
-1084.9797784885764 -479.62536972522736
-1083.7658253511786 -479.80489212036133
-1082.3563631376624 -479.95245399832726
-1080.5506985983252 -479.7983821308613
-1079.563810070455 -479.9512165313959
-1078.6282935342192 -480.0303623652458
-1077.1917104920744 -479.92402253061533
-1075.601081868112 -480.1922701945901
-1074.313985248506 -479.6591074219346
