-1190.34 -216.27
-1192.138625230789 -215.65765972852708
-1192.8118008637427 -215.87586231946946
-1193.6144421958923 -216.0203719031811
-1194.572179224491 -216.20209613859654
-1195.4218714499473 -215.23798707544805
-1197.38464417696 -214.26383188784123
-1199.2321071887015 -212.9749763351679
-1199.513069089651 -211.10208347857
-1199.273371335268 -209.16979507029058
-1199.3749876582622 -207.3422949653864
-1199.4025633895396 -205.4119470459223
-1200.3515524828433 -203.47917083323003
-1201.175226625204 -201.515276466012
-1202.023606237173 -199.5618788343668
-1201.621907558441 -197.59681466639043
-1201.0920172595977 -195.6047004801035
-1200.6705333554744 -193.90309599459172
-1201.3492861950397 -191.93544403135778
-1202.1733673179149 -190.86199823439122
-1202.0427474194764 -190.17848572552205
-1201.6844036394357 -188.52266106426717
-1202.161195974946 -186.54481110394002
-1202.809145014882 -184.55636558353902
-1202.1054912620782 -182.55679330646993
-1201.85895044744 -180.5679317456484
-1202.0972343349456 -179.44511887848378
-1201.5650302433967 -177.458456133008
-1201.4396704697608 -175.4673675042391
-1201.235099788904 -173.49624190151692
-1201.7457982861995 -171.5161601048708
-1202.2804662549495 -169.52671775639058
-1203.0005596244334 -167.68927833855153
-1203.556011315584 -165.73668715775014
-1204.1473946535586 -163.74112174332143
-1204.0792686903476 -161.77245793163777
-1203.4824989402293 -159.81950220882894
-1202.687496062517 -158.17356858074666
-1203.373938795328 -156.18845233738423
-1203.071297045946 -154.29405817806722
-1203.6737024748325 -152.30392572700978
-1204.237962361574 -150.31003329575063
-1204.6184479260444 -148.79237983047963
-1204.66163156569 -146.93517718136312
-1203.8876256161927 -144.9666942101717
-1203.8949459159373 -142.975114915967
-1203.0640976393222 -140.98891398727895
-1202.3347998225688 -139.6292576533556
-1202.659117128849 -137.6334104281664
-1203.220805313587 -135.63451096832753
-1203.5281406009196 -133.70520517647267
-1203.975089278221 -131.70959756195546
-1203.3534212970733 -129.73867652237416
-1203.966338660717 -127.74782929241658
-1204.163124602437 -125.75762710392476
-1204.6497888380288 -123.77979395210744
-1204.0302105361222 -121.80207118809224
-1204.5535313302278 -120.99235317528249
-1205.0275998824834 -119.01607105553151
-1205.4198520296811 -117.14007541954518
-1204.5462753885984 -115.44778344452382
-1203.612161886096 -114.23334274113179
-1202.916017603278 -112.29961857616902
-1202.3034922593831 -110.29987237274648
-1201.9596268051862 -108.30114719688893
-1202.5583146327733 -107.62066355764867
-1203.234210860133 -105.78520015299321
-1203.2744236329197 -103.79331115305425
-1202.6282743552326 -102.90283129036428
-1201.9496400097012 -100.90295777142049
-1202.3372319975495 -99.46295246899129
-1202.9648876228928 -97.47418806374074
-1202.3097587266564 -95.50926635086537
-1203.0532829800247 -93.62295815765859
-1202.6226068773865 -92.24475893795491
-1202.0516968408226 -90.45491502106191
-1201.7812379041313 -88.52877232849599
-1202.1976250746845 -86.62665149986745
-1202.8913387992977 -84.77385303795339
-1203.568167720139 -84.07706615746022
-1203.991188082993 -83.29265514433385
-1203.139852438271 -81.32200149118901
-1202.9200952091812 -79.45478883802892
-1202.2087622919678 -77.45525590002538
-1201.6055687704682 -75.46061125814916
-1201.8668451347946 -73.47522536337377
-1202.0547247865795 -71.73826304495336
-1202.3746062853932 -70.32269946157933
-1202.204512182772 -68.3256341558695
-1202.3999473789333 -67.08873406469823
-1201.813332710564 -65.1851733070612
-1201.4474466481804 -64.1334715229273
-1202.2207378783821 -62.20567396700383
-1201.5939468184113 -60.20893696367742
-1201.6407824271917 -58.24596360743047
-1201.6819043347239 -56.256688390374194
-1202.1145414301752 -55.395160828232775
-1202.733769674003 -54.793227229714404
-1203.4283099362253 -52.898085032105456
-1203.355345595777 -50.907821927666674
-1203.0386063942312 -48.910345469117175
-1202.7474546024202 -47.65145424425603
-1202.9003458508848 -45.65148321211339
-1203.2677194067835 -43.70993176519872
-1203.5405384489893 -42.23754206717015
-1202.9026045390963 -40.27231350958348
-1202.8684263044595 -38.28269544661046
-1203.3303405755757 -37.64810297310353
-1203.6210337990522 -35.776026938557635
-1204.1433438175916 -33.83006295979024
-1203.3520993107556 -31.84506401836873
-1202.751164626479 -29.849902842640887
-1203.0495269113778 -27.855013821721087
-1203.6907517129182 -25.87581310093404
-1203.0298602992295 -23.890202854275714
-1202.7340910845994 -21.960836265683184
-1202.0332566314935 -19.96128842651845
-1201.4326052480935 -18.003095601201068
-1202.2786466890573 -17.150016401410113
-1202.8980234080552 -15.436162088513385
-1203.4331468755006 -13.507918928265582
-1203.9756411725282 -11.522181366086016
-1203.1157460027932 -10.415813778042804
-1202.886962171793 -9.545918200612078
-1202.165928121805 -7.546284769177447
-1201.7190138065814 -5.562121484875689
-1201.7637523898482 -3.8041727286577327
-1202.5767343530058 -2.605150554776202
-1202.7599701622128 -0.9443456870317561
-1203.4377084711193 1.0407109516858952
-1202.902221713364 3.0376384514570134
-1203.49792132169 3.767597224116315
-1202.8614871242642 5.751626159548749
-1202.7144739219545 7.519752408862104
-1202.9232931920885 9.51674928843974
-1202.1987609454989 11.490112449526777
-1202.5873492845892 12.662675406336774
-1202.330027628839 13.394691016077985
-1201.6814143547415 14.241253103613843
-1201.5626761654019 15.046511496901502
-1201.128789756596 17.01288923203944
-1202.0198615530132 18.95709856927394
-1201.478537056744 20.9244845765829
-1200.9622114637493 22.913202132582654
-1200.981590900719 24.88697418153285
-1200.9292985984682 25.981670345664014
-1201.1384467968344 27.635107483267774
-1200.6847995409369 28.773396934866895
-1200.613915939033 29.348211552500715
-1201.5021788665651 30.214205171465863
-1201.6668078938126 32.19329562366008
-1201.649912778437 33.187909151911725
