-1190.34 -216.27
-1191.308933045864 -215.80982177376748
-1192.8190244698524 -214.33099882721902
-1194.5534218811988 -213.01248400330545
-1196.1989249253272 -211.53197734475137
-1197.947408106327 -210.86052124619485
-1199.3069821858405 -210.36971216320993
-1200.2543714904784 -208.4268343937397
-1201.164773967266 -206.5213978779316
-1201.326678391695 -204.52977221131326
-1201.7138758862018 -202.54650311589242
-1202.554728862047 -201.0912234079838
-1203.2777639591693 -199.09165077328683
-1203.5808418655395 -197.1927208197117
-1204.174759056568 -195.21897022843362
-1204.152542706728 -193.2332468521595
-1203.3284828627109 -191.25197081685067
-1203.9465727174281 -189.35134308457376
-1203.630558874607 -187.36261229634286
-1204.202235188484 -185.38024954915048
-1204.7068990731239 -183.6290206205845
-1204.7832886987924 -181.6639405977726
-1204.1069545561074 -179.69071381211282
-1204.0383402743935 -177.7062899363041
-1204.118212673962 -175.74805359959603
-1204.0395789185166 -173.88935833096505
-1204.570933882296 -171.9311091196537
-1205.0107602515816 -170.09615545392037
-1204.9117111453413 -168.21563367962838
-1204.033510197103 -166.33628873944284
-1204.1008877345919 -164.35774331212045
-1204.6157907435297 -162.37583785176278
-1203.6717586705088 -160.68124203801156
-1203.2671960183977 -158.91212253689767
-1203.8610091397165 -156.92159609913827
-1204.192877549827 -154.9301522266865
-1204.710317928493 -152.946410228014
-1204.990722078979 -151.0434926044941
-1205.2927084454893 -149.0786831867695
-1205.6550674924254 -147.12305562615396
-1205.284257222116 -145.35297005295755
-1205.6146583148836 -143.3948292028904
-1205.9496374318003 -141.44849722504617
-1206.2285927423834 -140.16685180783273
-1206.4577013739943 -139.50458018898965
-1206.5614726135134 -137.58808534264566
-1205.966151435077 -135.6730343592167
-1206.2574836203455 -133.73544018387796
-1206.5333010742067 -131.8087401878834
-1206.5079156646132 -130.7367276442051
-1206.7182767578959 -128.81789033532144
-1206.0909931847452 -126.97604160428048
-1205.3112170884012 -125.17071037411691
-1205.5806447157263 -124.16421191811563
-1205.3296341487764 -122.36325447678567
-1205.6910606214403 -120.40745012879373
-1205.9814254829287 -118.68481223702432
-1206.1793299803137 -117.053170491457
-1206.4303741940855 -115.14576964497567
-1206.3231564649939 -113.33918051838876
-1206.538335878551 -112.31426541924478
-1206.1715361663698 -110.77309959053994
-1205.5914010593294 -108.84069364190103
-1205.2680901774763 -106.88798813939096
-1205.64052690953 -104.92765145421029
-1205.1885966846346 -103.03291921734811
-1204.4326101133227 -101.07431178212167
-1203.5966491886973 -99.09571068406106
-1203.9156053850054 -97.10172670006753
-1204.1050306001305 -95.11632518887521
-1204.6162487903237 -93.64733581662179
-1203.816275242865 -91.69102101445199
-1203.328301374018 -89.7997935307026
-1203.193701211512 -87.83629863381387
-1203.121450740993 -85.86848859906198
-1203.6529605576395 -83.90972714543344
-1203.1231760570406 -81.91514592289926
-1203.7004233786463 -79.92288272500039
-1203.3661259004473 -77.92881004929544
-1202.6699004361033 -75.97942547917367
-1203.373163897693 -73.9808090221882
-1203.916733700931 -71.99375681996347
-1203.6715033242106 -70.00906067013742
-1204.174972076118 -68.01890282750131
-1204.5865211078524 -66.14576666474343
-1205.021255184114 -64.51375441670419
-1205.383458096683 -62.546716977357875
-1205.6140088030695 -60.61373679757119
-1204.588807363212 -58.67694025158883
-1205.0065297076105 -56.698254038095484
-1204.85442117244 -54.733603764772425
-1204.9067147114872 -54.11752818942071
-1203.9387595394253 -52.52819584727288
-1203.3221655228733 -50.53861855387689
-1202.6892301777004 -48.54162775397302
-1202.7273686306178 -46.54185735106469
-1203.0268418268859 -44.543570626974116
-1203.6872460322081 -42.5445245397091
-1203.0029046611487 -40.558611978292475
-1202.2922927217185 -38.55931722044946
-1201.671085961312 -36.572151292562495
-1202.5033880548178 -34.60788749575616
-1203.2121864037215 -32.609292496442805
-1203.7548265533148 -30.61341999888421
-1204.3043010906874 -28.62469076037408
-1204.795295126885 -26.641736735105525
-1205.1142567174136 -24.668075073957453
-1204.235871412009 -24.099749435186396
-1203.3984070198237 -22.166421521902095
-1204.0077316538989 -20.857244600057612
-1204.3655838744342 -19.170502413511286
-1203.8421556727587 -17.189574707746516
-1203.352102972716 -15.287375439405452
-1203.864227451533 -13.312486876249324
-1204.395633675307 -11.321500052213679
-1204.862992502898 -9.437528122663508
-1205.2723794059455 -8.682066251039515
-1205.6089128629862 -6.810936142206202
-1205.9421593920886 -4.873637844324122
-1205.7243048773705 -2.932372499704371
-1206.064089231342 -1.0146633875370128
-1205.1338061617314 0.8739851224422353
-1205.517838858217 2.4816451776027577
-1205.8620119915902 4.211674164533605
-1205.2680461631714 6.138073276281347
-1205.2149090991913 8.096644710302343
-1205.6056801603734 10.05950171828269
-1205.7287257240712 11.958818625211705
-1206.0095359013974 13.138444255590429
-1206.3133000360428 14.88904626250266
-1206.5503230915963 16.80146915793418
-1206.2867059336602 18.538284014463414
-1206.5180008636414 20.460668753385534
-1206.730120115131 21.250368427038183
-1205.562087945789 23.16113860487937
-1205.9173073993622 24.10128660082816
-1205.4805365429818 25.92325491786002
-1204.977539383024 27.828754972219457
-1204.6389357076584 28.934896301031102
-1204.8949896620213 30.79291088461875
-1205.3104581163823 32.73612124800681
-1205.6752817259728 34.39666755080222
