-1190.34 -216.27
-1191.3650616073608 -215.76105536937715
-1192.3225501441955 -214.68493582725526
-1192.9675820732116 -213.87363125801087
-1194.932192173004 -214.23371212601663
-1195.4399218821525 -213.04812376618386
-1196.2521803641318 -212.08309178471566
-1196.8276397848128 -211.29439096570016
-1198.0997779035567 -209.89049499154092
-1199.9165998363494 -208.6135472548008
-1199.9138236904143 -206.8609666121006
-1200.817447926998 -205.08412330269815
-1200.561783608198 -203.1093571674824
-1200.3037908637523 -201.14297907471658
-1200.6906028056144 -199.28389756798745
-1200.6384751760959 -197.6104954969883
-1201.5940233433246 -195.64671318650247
-1201.1296052598952 -193.7943448317051
-1201.3828378880023 -191.9672545683384
-1202.215445216894 -189.97948174595834
-1202.8111853563785 -188.00290649056436
-1203.3582861983775 -186.01690738320352
-1202.5729086363315 -184.061173607111
-1201.945745345354 -182.14221863865853
-1202.4679881894588 -180.17457299351693
-1202.816528763771 -178.23710684895516
-1202.7371776887774 -176.23750202775003
-1203.4145547935366 -175.0410784971714
-1202.6726755687594 -173.05454008698464
-1203.306256611049 -171.0546112549305
-1202.5864392110705 -169.15541939854623
-1202.8532569894194 -167.15612750172616
-1202.8458141807093 -165.17378001332284
-1203.4160149220004 -163.8175222170353
-1204.0252030018344 -162.33296303868295
-1204.1186986241116 -160.3447256577015
-1203.5671116981282 -158.36079018235208
-1204.1531169686093 -157.70971839547158
-1204.6128692004456 -155.7574829351902
-1204.459873941876 -154.30361168503762
-1204.767155853249 -152.43551211476327
-1203.8881418380513 -151.45695595860482
-1203.6436665031686 -149.4659231197834
-1203.2991468283906 -147.5179892075062
-1203.884239730574 -145.5369021189213
-1203.2564838502183 -143.62417261719705
-1202.6099505994096 -141.62683837532998
-1202.284209815003 -139.6282083284855
-1201.9297479364648 -137.6294268858433
-1202.6345006201043 -135.69543187737466
-1202.1503178152814 -133.817388702631
-1202.6189558181538 -133.12781607031823
-1202.5446623537316 -131.13039504408837
-1203.1132737967744 -129.16530643820764
-1202.7694591257348 -127.16889535307885
-1203.0836837861314 -125.24706183791162
-1203.348027226664 -123.27966748595239
-1203.8260910484566 -121.651752461195
-1204.1768767509236 -119.65962695002557
-1204.480370012261 -118.14982341647149
-1203.5575250658765 -116.21595333933831
-1204.1424616846814 -114.65656041026116
-1204.429061022736 -112.66907333254815
-1204.6532829377427 -110.8890708577633
-1204.4675234976783 -108.9110537660122
-1204.549678039886 -106.93723641753198
-1204.5184397372975 -104.96552072882653
-1204.467611563541 -103.54998933196069
-1204.8488404575362 -101.57017206072808
-1204.9187089029326 -99.62694214701654
-1205.3306890550627 -97.7518204343319
-1204.4507994476332 -96.67693721175195
-1204.3019681695475 -94.69922684550286
-1204.800802779533 -93.16589652419091
-1205.184835446216 -91.1975995194912
-1204.3964461210742 -89.24159203886987
-1204.3657248887791 -87.28290759444238
-1203.4965741309895 -85.30222927451135
-1203.617992309071 -83.30766450285913
-1204.1858017120137 -81.33087312102319
-1204.4825152728333 -79.36094771742822
-1204.771047023274 -77.38249551177026
-1203.963462558724 -75.41885911345483
-1204.0564280870929 -73.45211552500726
-1204.3859104636683 -71.46429156184197
-1203.8555982235446 -69.61442457556726
-1204.4106708887591 -67.6304825437069
-1204.4140642407908 -65.66035138487817
-1203.6294652942195 -63.7794037950039
-1204.1047597650065 -61.791384090185176
-1203.3397720578685 -59.81061922430993
-1202.5735378983989 -57.99317585349084
-1203.2612794164195 -56.00173961043359
-1202.4932999137416 -54.47057877898217
-1202.2660343173518 -52.70702611327172
-1202.0866686675324 -50.73807059645654
-1202.6866586181893 -48.83354567408563
-1202.7633208531513 -46.848837126493464
-1202.093332578577 -44.84886239886285
-1201.5028896826877 -42.86835109114648
-1201.5005200255289 -41.37751363635064
-1202.349493597783 -40.06963502287866
-1201.828151856698 -38.529793132543574
-1202.219730113782 -36.56503247141839
-1202.0088803816213 -34.69048856616021
-1201.401585762538 -32.78054856181146
-1200.9463993358984 -32.18118761897088
-1201.8798388290777 -30.67963599085809
-1202.126937543191 -28.734724272489558
-1202.8910657513513 -26.761578072309504
-1203.090104301609 -24.824587811231623
-1202.3632235724106 -22.83223437190057
-1201.7422982651367 -21.84242688536645
-1201.171170731224 -19.86741386771203
-1202.0243543583526 -17.885666836500178
-1201.412903030552 -16.025414217710505
-1202.2548023063316 -14.273184527158747
-1201.6396654445305 -12.325133312940608
-1202.4660651880874 -10.352313269376765
-1202.0637537736072 -8.371165503263484
-1202.6891210574283 -6.5237961900234325
-1202.4518560368194 -5.551964987516413
-1202.6789463210478 -3.5690444600582225
-1202.7451383743062 -2.122117031812678
-1203.418474403359 -1.2510035526752574
-1203.3902250203862 0.6941811549663441
-1203.9990006360783 1.7446648585796254
-1203.7368066284432 3.7139882552623646
-1204.2064958784356 4.60921342253684
-1203.7172844979539 6.418218206167211
-1202.920265493132 8.364056061506261
-1203.5176787946 8.982666682004918
-1202.7460047576203 10.975943516492833
-1203.3640067550912 11.645055364370336
-1202.7907551500573 12.570345591306676
-1202.1061969373002 14.487937163114537
-1201.7672423991933 16.232327412366857
-1202.582093921639 18.196636389493932
-1202.175952461697 20.194546412229528
-1201.982631814815 20.809400569200506
-1201.4485575679316 22.493161212205877
-1201.2720726254954 24.195180188417424
-1201.8723249557986 25.209722768068303
-1202.6603046778216 25.820953201055517
-1203.302713108398 27.473525236845006
-1203.3318879354372 29.46122140765189
-1203.9356020439043 31.07997984766959
-1204.2014446902647 33.07015008807181
-1204.6730014729872 35.05389923930167
