-1190.34 -216.27
-1191.1108777189254 -214.70827855587007
-1192.9595701360702 -213.44132842540742
-1194.7350469493865 -212.15988149166108
-1195.5389030838012 -210.662062664032
-1196.7112300062179 -209.38243534088136
-1198.334770169258 -207.7767071914673
-1198.9814360404014 -205.9324608039856
-1200.1157474780082 -204.02913691520692
-1201.1696721577644 -202.08600737571717
-1200.9979960286616 -201.24043812274934
-1201.8770721518993 -199.27031340122224
-1202.6984831655025 -197.27878751277925
-1202.1895084941386 -195.34431447505952
-1202.7089182698726 -194.3773120236397
-1203.1527543032169 -192.3783901524544
-1203.5517466926574 -190.67844541788102
-1204.1406612062453 -188.68273599863053
-1203.837693836689 -187.61507709741593
-1203.0943160319327 -185.68300255060197
-1203.6604943537711 -183.68386944055558
-1203.0283308291434 -181.73624141931535
-1203.6892373824119 -179.73682566404344
-1204.1717979574203 -178.08310003995896
-1204.6772520208358 -176.10025759458543
-1204.6638328397273 -174.12798925161363
-1205.1061740481853 -172.1547274184227
-1205.4552373254298 -170.24188621759416
-1205.7870474421977 -168.31952389001847
-1205.581383075714 -166.43282683610917
-1205.14971249938 -164.48352034807206
-1205.535857822895 -162.52091475248338
-1205.7948804759978 -160.595543820858
-1205.2272973322868 -158.65604134321214
-1205.6100345516204 -156.69383486032487
-1205.9417660796641 -154.7430449318886
-1206.2233553791045 -152.83937521696092
-1206.4851857686042 -150.9804167342186
-1205.4149190449714 -149.0568190407753
-1205.511047270298 -147.10556705713273
-1205.0738968515395 -145.1601978135109
-1204.7736172938346 -143.36346908330918
-1205.1939935350417 -141.39067049741746
-1205.354446824789 -139.42949887037278
-1205.6516675317287 -137.7802272629738
-1205.026493128538 -135.87456222295762
-1205.4017123544215 -133.90860791921617
-1204.3788558804988 -131.95349212408067
-1204.8498508000373 -129.97567804574967
-1205.0340028071403 -128.00178642988206
-1205.2555854284763 -126.03883560419084
-1204.5085893833636 -124.1912003350258
-1204.9332541191577 -122.68454774141313
-1205.3543627822398 -120.71470196962358
-1204.8541350328921 -118.78379138231278
-1205.065446730852 -116.90784068822862
-1205.447238292694 -115.03910811662675
-1205.78217851758 -113.08906992197038
-1206.0867782497405 -111.16292579889299
-1205.5984895789622 -109.23511918306352
-1205.9303514921664 -107.2916926932335
-1206.0695914590358 -105.3569306921959
-1204.996469196081 -103.4273755145073
-1205.3925370836257 -101.88618798971177
-1205.2921804600953 -100.42087133646012
-1204.2874154263734 -98.50931699991227
-1204.6038832777738 -96.58651574373246
-1203.7547823303937 -94.74499078512193
-1204.3196615093946 -93.95932121992112
-1204.775509905219 -91.98566194295884
-1205.0754057580232 -90.01311298131944
-1204.150069516301 -88.05222686052323
-1204.0397448727488 -86.066601831913
-1204.5622469374537 -84.09169562578202
-1204.2965655216574 -83.48657198667527
-1203.797591049373 -81.50817139863969
-1204.2099009642004 -79.51585634469987
-1203.570034135282 -77.53101905107499
-1204.1282878407835 -75.5375662636757
-1204.574637580812 -73.57221611261369
-1205.0119781681894 -71.5939091038704
-1205.261764574945 -70.4210073542595
-1205.6394237467646 -68.46711822271348
-1204.630783934295 -66.52586837530137
-1205.0768522509932 -64.79725785970689
-1205.4742772468924 -62.83240290403367
-1205.3938133010267 -62.03275175809861
-1205.7133598217367 -60.375938494205485
-1206.0078502485155 -58.45607550859452
-1205.7898106464743 -56.521549541950236
-1205.6401019880175 -54.59567793130876
-1205.5133134165405 -52.65412028551103
-1205.1153970101475 -50.965787489414225
-1205.3895333448052 -49.006304104328166
-1204.4062769451737 -47.06271012544633
-1204.8445539811253 -45.083147842884074
-1205.2085911670326 -44.4189116549492
-1205.3856401482224 -42.457874257564555
-1204.4984220305084 -40.51128597974778
-1204.5812527278065 -38.531920392513285
-1205.035025987923 -36.55370422124864
-1205.1756034234165 -34.70296593427659
-1205.5594806411862 -32.74713202238084
-1205.832828644812 -30.89104231119157
-1206.1070134082436 -28.947293479442607
-1205.8892631718516 -27.034849483966838
-1205.6332850345968 -26.04088111639024
-1204.6994027981161 -24.8338571381569
-1205.0392789134382 -22.891638596057902
-1205.0148185381292 -20.928991396427165
-1205.1412019917368 -20.229924161434184
-1205.2422903367876 -19.588022191524516
-1205.254909236133 -18.8305909228325
-1205.6431058236956 -16.940659482479106
-1204.7586906740069 -15.000734765529643
-1203.988174278438 -13.029722650051127
-1204.318159599006 -11.065571982860575
-1204.7808479854464 -9.105954487323771
-1204.7969251462816 -7.287464578151713
-1205.210619110763 -5.43550475358964
-1205.584696997106 -3.5244234395027263
-1205.8712736555933 -1.5889540505409343
-1205.8211237379908 0.3515860247611897
-1205.8948803433775 2.2943398165702718
-1206.170807648599 4.234269301891317
-1205.907143909633 6.163669626712789
-1205.8469328173994 7.905763309001912
-1204.8246469983458 9.764773528575887
-1205.2493319401144 10.724629085063924
-1204.2606911548971 12.682637135982503
-1204.7594603785872 14.666057984828939
-1204.7210330554842 16.6099425959587
-1205.0295801350474 18.581036727428426
-1205.3411796876787 20.39130942106246
-1205.704645652473 22.349779646396627
-1205.64138476938 24.28006057024001
-1204.7869506964087 26.20399204969405
-1204.5128887483477 27.051340918540944
-1204.0652900227904 29.025105814933767
-1204.5769957789778 30.81582842350005
-1204.2785225996374 32.71049843311309
-1203.515988458097 34.686557393074025
