-1190.34 -216.27
-1191.7088387870788 -215.8631075513363
-1193.4999980592727 -214.7564910542965
-1194.8464465999602 -213.26677976965905
-1196.6178115272521 -211.87583171248437
-1198.1881432199477 -210.28433548331262
-1199.2266498470306 -208.4062760961056
-1200.3667252922057 -207.48639570593835
-1201.257345702648 -205.86335669875146
-1202.132896926403 -203.8801609170437
-1201.5266207718848 -201.88276587843896
-1202.390811111927 -199.94329367995263
-1203.1234115624427 -198.66362546801568
-1203.6985541844367 -196.66814350008966
-1204.127040054798 -194.8780698668957
-1204.4806968832015 -192.8904205453396
-1204.9613108599185 -190.94434510588647
-1205.3849276268481 -189.7923500430584
-1205.2613781505822 -188.79763625979425
-1205.3383936101197 -186.87819670557977
-1205.7188193017244 -184.91790746569635
-1206.0504382365941 -182.96899436831475
-1205.9102527612447 -181.03005038619042
-1206.1660800987481 -179.24178134322167
-1205.9154440575837 -177.32783519148828
-1205.3542006427049 -175.39306532263757
-1205.6097331756353 -173.4379273545742
-1205.9470576161145 -171.55771981596948
-1206.21156124413 -169.6955562722683
-1206.443668257594 -168.07077692866326
-1205.467469047904 -166.23223422884942
-1205.7964878195523 -164.30409489989282
-1205.6769522839784 -162.36465536475183
-1205.8790438884496 -161.47422551035882
-1206.1867782586812 -159.55813764452935
-1206.3603007608651 -157.6291351211071
-1206.619512181878 -156.22442125201226
-1206.7426467353105 -154.31914924502374
-1206.845054488778 -152.55071066737176
-1207.0312534683942 -150.95672892451287
-1206.8086037451028 -149.0550658595562
-1206.9685864859819 -147.1667396914959
-1207.145943146348 -145.27655362010003
-1207.227030556798 -143.50459300398828
-1206.7873781734704 -142.0837890994549
-1205.9780506902932 -140.19413350939752
-1205.8836965972184 -138.33679674983026
-1206.1808076912164 -136.4435999286175
-1206.4538293892144 -134.5159180057049
-1206.6991528087854 -132.68552636027337
-1206.4382597023248 -130.77512859225274
-1206.0341854208707 -128.89515017390252
-1206.335663151145 -127.9430179488659
-1205.2531463617086 -126.30518483042718
-1205.53772978127 -124.92637025237084
-1205.3165614122152 -123.3716684472561
-1205.644829403758 -121.44810532450677
-1205.683646094203 -119.56470631480218
-1206.0163753443956 -118.23475967764855
-1206.296107839942 -116.58673869490624
-1206.5501443856954 -114.6745785367489
-1206.7871719115972 -113.15697370886804
-1206.6803915017842 -111.26050316214562
-1206.7438905352353 -109.75540911078454
-1206.9409980887174 -107.84678040862084
-1206.5988964551686 -107.20658152222634
-1206.7668762022256 -105.31254189133645
-1206.130672853589 -103.41224162697793
-1205.5895877295732 -101.54533307671548
-1204.5787671023606 -99.60317413926126
-1203.8911599332093 -97.62457637906076
-1203.0424995833635 -95.63317041516305
-1202.3801503592729 -93.63391869187356
-1202.2413232737779 -91.79005115151406
-1202.9675436431169 -90.21988670945169
-1203.5213936382531 -88.54266386151315
-1203.232696276307 -86.54762535214425
-1203.860593062043 -84.5698576462269
-1204.2507924252748 -82.97802405476571
-1204.597112160325 -80.99168746590615
-1205.0305571967363 -79.0123144876957
-1205.3958680146932 -77.05653457760812
-1205.7405594998597 -75.6416348707676
-1205.7882438713311 -73.72453801751138
-1205.7365065032243 -71.79475395798684
-1206.0696436280011 -69.89125936150552
-1206.3712750786542 -67.9679152262211
-1206.6243731194734 -66.14803998589517
-1206.700838100314 -64.24670069336892
-1205.8758912199735 -62.347145010232936
-1206.1796383076905 -60.47367816090585
-1206.2019029074906 -58.54541831135751
-1206.3864029461145 -56.95041279911996
-1206.6207199209928 -55.174980570077906
-1205.5699817055463 -53.28337841153146
-1205.9061087185144 -52.552943576574336
-1205.3404424005746 -50.61644326567651
-1205.5475470238923 -48.659028400182734
-1205.3724820429086 -46.70669876456262
-1205.4686059767007 -44.765752424001704
-1205.8102809900045 -42.82173262953759
-1206.0230040067433 -40.8912156713009
-1205.7852578276395 -39.05711470961572
-1206.0680463427304 -37.15903424143792
-1205.232046496272 -35.371395934820185
-1205.6104630941152 -33.41160975813867
-1205.0061354154348 -31.532761563062678
-1204.7605730259418 -29.77096306204797
-1205.2076750063895 -27.847034205198298
-1204.4557409548759 -25.930255759954463
-1204.9424930775165 -23.948876489400874
-1205.290228512287 -23.236765493154536
-1205.5083063805102 -21.27984963774682
-1204.6204952561854 -20.301358689069758
-1205.062347319126 -18.326313008070002
-1205.4577830100059 -16.363413084745417
-1205.6364332997798 -14.584684480428706
-1205.2787829601764 -14.031614412069331
-1205.5342115724086 -12.1594143998623
-1204.554889615774 -10.532960761785517
-1204.9901455903052 -8.681616295576106
-1205.026181306839 -7.260833967924128
-1205.4256603085994 -5.322538365125666
-1205.780835803747 -3.373008717298518
-1206.0960434639453 -2.124906409978877
-1205.0061515533923 -0.1986192357540233
-1205.3609235548972 1.7486214745044606
-1205.6982050204276 3.663409959077825
-1205.5221276992559 4.627304207086553
-1205.663185250163 6.576271425485601
-1205.9923414999246 8.281654249429693
-1205.765188064575 10.219055544137944
-1205.0158781075477 12.137833844423284
-1204.0400443935393 14.066666494607915
-1203.9915936553477 14.834293197393407
-1203.407484229803 15.986796687841405
-1202.9612179362773 16.728882621526708
-1203.1345305556058 18.200558136701574
-1203.6905004495381 20.199010800123204
-1202.9637973421811 22.16839666247367
-1203.6305724495649 24.005086730718602
-1203.842755060792 25.19911796927451
-1204.1941313558816 26.582354735136022
-1204.6986151152848 28.565478276014318
-1205.0707735532521 30.531983922719945
-1205.4376415425538 32.477978538274755
-1205.4639038556813 34.43028433203696
