-1190.34 -216.27
-1191.8967336082458 -214.72033979415895
-1193.7321691179275 -214.67327173471452
-1194.5825433397292 -213.163800675869
-1196.1635311508178 -211.58203120946885
-1197.1785722637176 -210.1126839709282
-1198.6176952981948 -208.41405578374864
-1199.7500753068923 -206.52840920209886
-1200.469975438118 -204.56609102010728
-1200.2079344654082 -202.61571212530137
-1201.2258782052993 -200.6860346388817
-1201.98631742239 -199.30387671709062
-1202.6756610536574 -197.30869444131852
-1203.3553458714484 -195.3124390435219
-1203.38011759907 -193.33824666261674
-1202.5944172778725 -191.34184284925462
-1201.9743870535492 -189.42777868032456
-1202.4813445845245 -187.4999150824547
-1201.8412820139527 -185.54973729372026
-1201.5636037924885 -183.5554830622673
-1202.4049992898106 -181.56457980394364
-1201.7816297748684 -179.57809205770494
-1201.2642262914776 -177.59446390390397
-1200.7923236230015 -175.6079209637642
-1200.4382839539646 -173.6688624215126
-1201.1179711559414 -172.52453847646714
-1200.8677439728378 -171.46946759939195
-1200.462199602425 -169.5029508662224
-1200.7176074722408 -167.53610773801805
-1200.336942974627 -165.56215449094773
-1201.024646822512 -163.7920293402672
-1201.3682028093933 -161.8577214074135
-1201.6672045627236 -159.8774203848839
-1202.0772106090187 -157.88578816175462
-1202.7025634685158 -155.89434667348863
-1202.012219313681 -153.89467354536058
-1202.5702555218338 -151.92410417318345
-1202.5627281946688 -149.96105285406114
-1201.8890124840289 -147.96270700216294
-1202.6123228950053 -146.02454968214036
-1201.9971601647883 -144.0292632174492
-1201.5267535132914 -142.0371043276787
-1201.0467087311297 -140.04836757898332
-1200.7399839443713 -139.1930746626854
-1200.6863568706065 -137.29265709638597
-1201.6287239474802 -135.32155724287034
-1202.3531980795412 -133.33807655096055
-1202.022287218049 -131.66144641160966
-1201.772628231123 -129.66546257257463
-1201.2135677171498 -127.6714305472374
-1201.4001449925452 -125.68720336675645
-1201.7422387582808 -123.9506647181511
-1201.1842315179854 -122.29897554636003
-1201.0002378953247 -120.31720073938371
-1201.0220657569914 -118.338854033947
-1200.6873581392317 -116.35786219358445
-1200.8346725983172 -114.38908620595933
-1201.3255167288332 -112.41587086439134
-1200.986911771968 -110.42943759679795
-1201.7841747982054 -108.45241065740586
-1202.529729841426 -106.45887180089952
-1203.0655063373595 -104.45938726186753
-1202.321663139537 -102.46759589433671
-1203.0479102117567 -100.46933325052262
-1202.3098912817984 -98.8865264248848
-1202.951152978614 -97.00487216234208
-1202.2556837183981 -95.01658519029618
-1201.6948409659415 -93.06440170526506
-1202.5218086821585 -91.07260330438615
-1201.929212508872 -90.15967907428742
-1201.620844124034 -89.07538141727449
-1201.692281058207 -87.85864176273347
-1201.529981425181 -86.48641409397126
-1201.9149684814363 -84.49694098949433
-1202.716912916079 -83.23955204010011
-1203.1968531814962 -82.42144348144532
-1202.8680260387807 -80.45442511558534
-1202.2223121730237 -78.7743318271637
-1201.8439673689752 -76.77893557071687
-1201.2554982808977 -74.91674699306489
-1201.9031937030702 -72.93419279575349
-1202.4961895851045 -70.94419588565827
-1202.367457440272 -68.94552399635316
-1202.4257808161526 -66.95351411819459
-1201.8281898332386 -64.95465125560762
-1202.2524645162373 -63.723287959098826
-1202.4401767087727 -62.21618022441865
-1202.535286007598 -60.42830147266389
-1203.2183523160963 -58.45100309371949
-1203.786833046153 -56.45289542198182
-1204.2863046509772 -54.84256829738618
-1204.5175795388966 -53.30537583351136
-1203.6430517864972 -51.339453835487376
-1203.2641335857659 -49.34552218437196
-1203.7374627126007 -48.3741363477707
-1202.9103378189354 -46.38100244522096
-1202.2122946513443 -44.79171468734742
-1201.6715383661538 -42.88069631576539
-1201.1077522171288 -40.88811709403993
-1201.856309307888 -39.466593165397654
-1201.274343503788 -37.868787903785716
-1202.0802027714997 -37.028014619350444
-1201.7066399586945 -35.03181560754777
-1202.0103916955738 -33.039175827503215
-1202.6435010267048 -31.046168644428263
-1202.23711339958 -29.050440390110026
-1202.5317766500264 -27.1045691561699
-1203.254316849783 -25.320429165363322
-1202.8205565644055 -24.36129661321641
-1202.5107896161824 -22.362107355594645
-1201.8459629846363 -20.36459763765336
-1202.6452476216107 -18.67340620279313
-1202.0105417800694 -16.673900682926188
-1202.7832714749127 -15.934352238178263
-1203.388169510439 -13.935786564350138
-1203.972644670084 -12.12363107919694
-1204.4552923572808 -10.140555460453044
-1204.7084298265725 -8.170975048542033
-1205.101688189581 -6.203118164539347
-1204.1588579846173 -4.249908168315898
-1204.1367842835932 -2.298018891811381
-1203.2603353542834 -1.2451023650169475
-1203.7979160828143 -0.22871645212174485
-1204.248427717164 0.8152808356284993
-1204.6282290203123 2.7675722050666707
-1203.9121758324652 4.679063599109639
-1204.1261341703682 6.665079395771016
-1203.3849226368218 7.861182849407186
-1203.2469189000874 9.780292432308187
-1202.5584717226773 11.778111140727987
-1202.4069428128748 13.770127456188192
-1202.0706081373244 15.727601449489583
-1201.7382814569025 16.59074835062026
-1202.5583436173945 18.559982340335836
-1201.8859231752901 20.338730375766744
-1202.3566675765067 22.306803982257833
-1201.719837365821 24.305891077518453
-1201.7384783384948 26.29913548707961
-1201.7119563875347 28.259519617557515
-1201.2313760576396 30.02552334547042
-1201.9530034122615 31.997955482006063
-1202.644317811504 32.795469086170186
