-1190.34 -216.27
-1191.8504604959487 -215.4752505016327
-1192.928542819023 -214.69504471540452
-1194.8525874280929 -213.78762080192567
-1195.3287367486953 -213.81996061325074
-1197.0633031988143 -213.2915003490448
-1197.06697609663 -211.5137469959259
-1197.0318038129806 -209.69050814628602
-1197.7186063194274 -208.52491166114808
-1199.0213750267028 -206.72467758178712
-1200.0716526174544 -204.7962966156006
-1199.7388788127898 -202.84818150520326
-1200.5944457912444 -200.92196228027345
-1200.1810632908343 -199.6408815574646
-1201.19126760602 -197.86000504016877
-1200.781686183214 -195.87704243183137
-1200.3800817394256 -193.91653837680818
-1200.8760478162765 -192.80879940509797
-1201.0275439286231 -192.04689814567567
-1201.4702596330642 -190.09074201107026
-1202.144274022579 -189.28949095726014
-1201.688108947277 -187.2923902463913
-1201.1585191750526 -185.30000390529634
-1200.7030313277244 -183.33423580646516
-1200.3751129472255 -181.43554415225984
-1199.9888483846187 -179.51736976623536
-1200.3246768677234 -177.56321837425233
-1200.090526100397 -175.66133167266847
-1200.6544809305667 -173.8066154909134
-1201.5829702579974 -171.9346877527237
-1201.27556907773 -169.94294359207154
-1200.801147546768 -167.95891429901124
-1201.583734061718 -166.43674292087556
-1201.12125795722 -164.52804042816163
-1200.6705165767669 -162.9359882068634
-1200.223715480566 -161.14521505355836
-1200.2139576637744 -159.1870628786087
-1199.904213067293 -157.2289968919754
-1199.7128473186492 -155.35984422683717
-1200.7213173770904 -154.3308856678009
-1201.6125551128387 -152.36050953388215
-1201.0894539022445 -150.3688451242447
-1200.604764636755 -148.3864747476578
-1201.1203383171558 -146.43181766986848
-1202.0250839555263 -144.48387660503388
-1201.4161375725268 -142.4870330286026
-1200.9241927230357 -140.53157796382905
-1201.8497711980342 -138.5677193593979
-1202.6169403159618 -136.7951215696335
-1202.2637295389175 -135.67194523334504
-1202.1095172429084 -133.67347373485566
-1201.5628709459304 -132.44198085784913
-1201.0233867430686 -131.46705319404603
-1200.6984388792514 -129.53058757305146
-1200.2833981776237 -127.86113562107087
-1199.8856836521625 -125.89631928920747
-1199.7600620055198 -124.18060805320741
-1199.4617376887797 -122.24482991218568
-1200.4893946015834 -120.36254908561708
-1200.7781500184535 -118.5101134967804
-1200.326521154642 -116.63207270622254
-1200.0559332334994 -114.77907397270204
-1199.7541914844512 -112.89275004386903
-1199.5632401371001 -111.26725008010865
-1200.6396110916137 -110.66183640480043
-1201.5090391898154 -108.68883206367494
-1201.3161265069245 -106.89830209732057
-1202.1317501479386 -105.3876906824112
-1202.2250583583116 -103.4103547525406
-1201.9040043765306 -101.42659439563752
-1201.4409918302297 -99.8705563735962
-1201.1382108741998 -97.91245462417604
-1200.7956931406259 -97.04377539873124
-1200.9319118672609 -95.33690174341203
-1201.8516177946328 -93.7708152127266
-1202.6591775232553 -91.77845175981523
-1203.118185352683 -89.91449936151506
-1202.372075986266 -87.94716079950334
-1201.9640526288747 -86.3115353178978
-1202.6842504256963 -84.31921764135362
-1202.1176505202054 -82.32045431852342
-1201.5994226449727 -80.36832340478898
-1201.2134714239835 -78.38152297258378
-1200.7171211653947 -76.45956357240678
-1200.6997122579812 -74.68763800382615
-1200.649306576848 -72.71574493169786
-1200.7237593197822 -70.75245280981065
-1200.3919903302192 -68.8141067814827
-1200.1350417697429 -66.87542589426042
-1201.1450304353236 -65.07481570959092
-1201.8273077571391 -64.48627551317216
-1201.2513056361674 -62.50094874620439
-1202.1389023029803 -60.51511605501176
-1201.8312809431552 -59.864151735305796
-1201.4260346853732 -58.54136433124543
-1201.0452194178104 -57.095942635536204
-1200.5718185567855 -55.163473982810984
-1201.5531515741347 -53.31940700531007
-1201.2127199435233 -51.33071496009828
-1200.8852287793159 -50.41493137598039
-1200.5480336511134 -49.39588316202165
-1200.1279156768321 -47.427228410244
-1200.1299368405341 -45.58771844625474
-1200.8566370868682 -43.70056195974351
-1201.7774150037765 -41.73840447187425
-1202.5335811638831 -39.75673599958421
-1202.2500095629691 -37.76310892820359
-1201.6397903823852 -36.29250820398332
-1202.3739076519012 -34.512293417453776
-1202.0846615099906 -32.5397110772133
-1201.4907281661033 -30.681552965641032
-1201.8346318864822 -28.691969830989848
-1202.5643559360503 -27.210699636936198
-1201.9764839076995 -25.210896809101115
-1202.0094951727986 -23.216905195713053
-1202.555665705502 -21.3898554635048
-1202.8735503295063 -20.777199466228495
-1202.5506310799717 -19.635142285823832
-1202.4944280610978 -18.900816221237193
-1202.207332842201 -17.700349111557017
-1202.0301205740868 -15.89505316734315
-1202.640391729921 -14.917738099098216
-1202.0955490098893 -12.99201955318452
-1201.4740105496346 -11.57256712436677
-1201.4367921875416 -9.637480516433726
-1200.9003019855916 -7.810905475616465
-1200.4687549696862 -5.874635000228892
-1200.1007893906533 -4.1396529865264995
-1200.6307583676278 -3.1615223479271037
-1200.9511061833798 -1.20251770734788
-1201.8724159525334 0.16566733598708083
-1201.4414910303055 2.1313078808784383
-1201.131425462812 4.089841883182515
-1201.121396728009 5.132392566204061
-1200.7569711284339 7.092469375133504
-1201.6710851864516 9.061676065921773
-1202.4587703423201 11.016689341068258
-1201.882415242642 13.013620417118062
-1201.3361679391562 13.663595418930043
-1202.1521108226477 15.645380239486684
-1202.2514885292946 17.12222502708434
-1202.3246479035913 18.897799949645986
-1202.5197714866697 20.895690660476674
-1202.4570999146997 21.93820713043212
-1201.975048571974 23.932974557876577
-1201.3866983951627 25.91893313407897
-1201.6141451151668 27.901931743621816
-1201.0675136597454 29.888790946006765
-1201.8510664255916 31.28378830432891
-1202.228956774026 32.97422514438628
