-1190.34 -216.27
-1192.157050218582 -215.13232173442842
-1194.1087439918517 -214.49887098789216
-1195.5875600242614 -212.93380083560945
-1197.2659390830993 -211.38851036548616
-1198.9421418571471 -209.86898912906648
-1199.504359807968 -207.9408277463913
-1199.13512950778 -205.97877063274385
-1198.888295944929 -204.05115046024324
-1200.1095159614085 -202.16760172367097
-1201.1489614808559 -200.22327961444856
-1202.0533722007274 -198.65177049160005
-1202.7678039634227 -196.6594957304001
-1203.447011526823 -194.6611600112915
-1203.5769787991046 -192.66485907554627
-1204.1391205155849 -190.730461974144
-1204.0712760576605 -188.74723829746247
-1204.438489664495 -186.7641475391388
-1203.658482659757 -184.78205635070802
-1204.239935685098 -182.8009488773346
-1204.750545311868 -181.54705550193788
-1205.1871631035208 -179.58966495513917
-1205.3824165353178 -177.6510555934906
-1205.741482604444 -175.72785021781922
-1206.0714713820814 -174.17829968452455
-1205.5088693389296 -172.26197351932527
-1205.8191082665323 -170.31363667964936
-1206.113266904056 -168.37384476184846
-1205.9496293255686 -166.45210434913636
-1206.2474960574507 -164.5154628944397
-1205.4755945691466 -162.59864141464234
-1205.8263949343561 -160.64595653533937
-1206.144983191192 -158.71254362583161
-1206.4291067311167 -156.7803989839554
-1206.4202065059542 -154.85751332759858
-1206.6816643366217 -152.933116812706
-1206.794077295959 -151.01807298183442
-1206.9783552476763 -149.12351550579072
-1205.8230069467425 -147.23480357646943
-1206.008989174068 -145.7552410554886
-1206.3124553450941 -143.9077617120743
-1205.7196227797865 -141.97900750160218
-1205.8136188575625 -140.0291154575348
-1205.9457095751166 -138.11912490844728
-1206.2098191270231 -136.1874201488495
-1206.4694569596647 -134.2644932460785
-1206.6734259316324 -132.6760767889023
-1206.89713044852 -130.76581289291383
-1207.1034548470377 -128.8614695262909
-1207.2075501272082 -126.96693899154664
-1207.3949938008188 -125.07298113822938
-1207.4058309981226 -123.20477797508241
-1207.460512716472 -121.33390404701234
-1207.4317478129267 -119.474256772995
-1206.3324021288752 -117.60046936988832
-1206.5928894469141 -115.69307591438294
-1205.4601938912272 -113.78109218597413
-1204.999236125648 -111.82540800094606
-1205.4162260779738 -109.85632349967958
-1204.8121521958708 -107.89819290161134
-1204.8745104560255 -105.92883541107179
-1205.195377756059 -103.97364475250245
-1204.5432185420393 -102.15672125339509
-1204.8905244359373 -100.1805100631714
-1204.4424016663431 -98.21189906120301
-1204.7471994945406 -96.617513794899
-1205.1375199744105 -94.64816953659059
-1204.2589793393015 -92.68457235813142
-1204.6822735854983 -90.6993693304062
-1204.9469783493876 -88.88711299419404
-1205.3064192423224 -87.76941527843476
-1205.5111212024092 -85.81471683502198
-1205.8510540911554 -83.94594742774964
-1204.9589890429377 -82.00333048820497
-1205.3242689558863 -80.03852464675904
-1205.663849670589 -78.13141562461854
-1204.8788878509401 -76.40698840141297
-1205.1129779407381 -74.43693103313447
-1205.505626578033 -73.32500888824464
-1205.7987815031408 -71.39291741371156
-1206.1122109779715 -69.45166232109071
-1206.2970689424872 -68.85930331468583
-1206.5627847501635 -66.93032892465592
-1206.789243865907 -65.01039512872697
-1206.9754397162794 -63.12048609972001
-1207.1320599207281 -61.231739242076884
-1206.040968287885 -59.3498198580742
-1206.2253878304361 -58.55148818016053
-1205.3415224739908 -56.62395073890687
-1204.8014345952868 -54.71259834289552
-1205.2400618383288 -53.00613691329957
-1204.2092303821444 -51.06310369491578
-1204.709638197124 -49.07869674682618
-1205.0850383231043 -47.15967049121858
-1205.1993997582792 -45.2065190267563
-1205.3870090433954 -43.395298857688914
-1205.7458449491858 -41.624695439338694
-1205.9855615982412 -39.689840931892405
-1206.278150666654 -38.12020709037782
-1205.5543024429678 -36.20118607997895
-1205.8900396713614 -34.2689676475525
-1206.1530100890993 -32.351138372421275
-1205.1656778046488 -30.43857671737672
-1204.3870876023173 -28.487707991600047
-1204.134422917068 -26.521957893371592
-1203.9584091344475 -24.536459226608287
-1204.234597865641 -22.54631402015687
-1203.5115159788727 -20.80346085548402
-1203.0337083378433 -18.82698800086976
-1203.678597036898 -16.91706778526307
-1204.2026046553253 -14.953007955551158
-1203.4512285032868 -12.965849418640147
-1203.9888815918564 -11.000347871780406
-1204.2832500377297 -9.196666259765635
-1204.7739185729622 -7.2145595741272075
-1204.6851753631233 -5.244059104919444
-1205.0709095039963 -3.292786617279063
-1205.4521965423226 -1.336403150558482
-1205.7624608913063 0.6161533403396504
-1205.912986640036 2.557805399894704
-1206.2155707517265 4.495627026557912
-1206.4787100294232 5.9709180402755635
-1206.6621378102898 7.879181485176076
-1206.8671003916859 9.778886775970449
-1206.970718536675 11.672796111106862
-1206.2653110960125 13.566000561714162
-1205.7721157708763 15.451487164497365
-1205.2595142760872 17.383489470481862
-1204.7687965372204 18.107160251140584
-1205.217113945782 20.081005136966695
-1205.6128663757443 21.910327713489522
-1205.0427641013264 23.753074448108663
-1205.1258613803982 24.74008504629134
-1204.6281579473614 25.349607150554647
-1204.4680437484383 27.304894607067098
-1204.456318590939 29.17012302160262
-1204.7331311443447 30.985832612514486
-1203.980012986958 32.95625058889388
-1204.2494620421528 33.54861400604247
