-1190.34 -216.27
-1192.327030982971 -215.60156710863114
-1194.0418471956252 -215.1618037414551
-1195.9804371261596 -215.21760717451573
-1197.836645092964 -214.1954502207041
-1199.2517642641067 -212.86970749914647
-1199.3133496010303 -210.93687299311162
-1200.2045720779895 -209.7512979847193
-1201.1534329617023 -207.78938964426519
-1202.0479509198665 -205.8088078838587
-1202.356615718603 -203.8117876392603
-1202.6631076300143 -201.82024076998235
-1202.8479589635133 -199.82026675760747
-1203.361683230996 -197.93350175440312
-1203.9613331967591 -195.93624976694585
-1204.3128841930627 -194.12412038862706
-1203.977618407607 -192.41647747576238
-1203.815529834628 -190.43063036024571
-1203.7146048361062 -188.43842998564244
-1204.2840499097108 -186.52533260405065
-1204.7410518938302 -184.54155508100988
-1205.1171246582269 -182.5695258718729
-1205.4728605562448 -180.6109556299448
-1205.7242698186635 -178.65666333258153
-1206.0259794706105 -176.71680811464788
-1206.310856592059 -174.77980617105962
-1206.5805713945626 -172.8535995823145
-1205.60956500113 -170.93570927202703
-1205.7751577609777 -168.98274293959142
-1205.9585563355683 -167.03570893824102
-1205.5980126076936 -165.1203904491663
-1205.9259256535768 -163.1748510938883
-1206.2057006770372 -161.24122325003148
-1206.4613457435369 -159.36190203249456
-1206.2717436665296 -157.44920638620854
-1206.2262092643975 -155.53071204245092
-1206.4583656305074 -153.6342288595438
-1206.6995945984124 -151.71440700113774
-1206.9203710967302 -150.96101859629155
-1205.8187964373826 -149.05468419611455
-1204.8272372895478 -147.12313691198827
-1205.2489234024285 -145.16559210836888
-1205.5044361168145 -143.22976842939855
-1204.5334085041284 -141.27979556143285
-1204.9685273581742 -139.30795875608922
-1205.3126652950048 -137.34405437529088
-1204.325640451312 -135.80945972025395
-1203.5303648823499 -133.8279317957163
-1203.989715706706 -131.87634733736516
-1204.3710846120118 -129.88595655977727
-1204.855511110425 -128.1133618694544
-1205.257658612132 -126.58380774080754
-1205.5862286204099 -124.6245340448618
-1205.0256211870908 -122.67754427015782
-1205.2461025232076 -120.71327677786351
-1204.7435967439412 -118.75568810522557
-1205.1517862194776 -116.78136316359044
-1204.8041636759042 -114.81703940451146
-1205.2279838436841 -112.85124507963658
-1204.6203991287946 -110.9124079090357
-1205.0822223836183 -108.95142439424993
-1205.4362461978196 -107.03176954805852
-1204.3908155375718 -105.08139744818212
-1203.5120671206712 -103.12743917524816
-1203.5654556044935 -101.16629067480565
-1203.5392752254008 -100.54349342405797
-1204.0072439277171 -98.54941121160985
-1204.5135821068286 -96.58612481176854
-1204.5972610229253 -94.75979760706426
-1205.0421682709455 -92.78840783655644
-1204.0661812537908 -90.83717623770238
-1203.392397236228 -88.84809366285802
-1203.921618413329 -87.32369879305364
-1203.0669482463597 -85.35798672258855
-1202.3562723511457 -83.54217067778112
-1201.710316788554 -81.54361764013768
-1202.4518551939725 -80.36261251986028
-1202.6149509066342 -78.40286019861699
-1203.2499147766828 -76.40694061338903
-1203.8756709212064 -74.41019419252873
-1204.1825134271382 -72.41997316896916
-1204.4778447264432 -70.43471554338933
-1203.9484198802709 -69.32152238905431
-1204.4764387124776 -67.33412364542485
-1204.8542264813184 -65.7430380922556
-1205.1939682775735 -63.839658413529406
-1204.1922703796624 -62.79051617205144
-1203.8877537065744 -60.80385569155217
-1204.1653420740365 -58.81240049421788
-1203.4429024273156 -56.83344331800939
-1203.1407594794034 -56.2342861634493
-1203.72640139997 -54.24137434780599
-1204.0494745486974 -53.639512394070636
-1204.046418633461 -51.65064654171468
-1203.8709217274188 -49.67522225201131
-1203.109002586603 -47.68404516994954
-1203.7207894289493 -45.688284729123126
-1204.1707516276836 -43.69606969177724
-1204.4267390334605 -41.70910737335683
-1203.9919462764262 -39.81052610695363
-1204.5324310624599 -37.82031819641591
-1204.9802557194232 -35.98557433903218
-1205.4051541948318 -34.05371174633504
-1205.6654798054694 -32.16302356541158
-1205.4367311114072 -30.221695039868365
-1205.7826584094762 -28.272851083874713
-1205.7928089612722 -26.332407568097125
-1206.0780706518888 -24.418536518216143
-1206.3340246492623 -22.49411997616292
-1205.6117754989862 -20.599791858792315
-1205.1510737651586 -18.6872114878893
-1205.540171753764 -16.834394786953936
-1205.2762116903066 -14.951311205029498
-1205.6114632600545 -13.894122098088275
-1205.9196827822923 -11.941692803502093
-1206.0509370976686 -9.999420617222796
-1204.9733447247743 -8.076388810276995
-1205.3759271913766 -6.118863199353228
-1204.998254429698 -4.167484138607989
-1204.3288869971036 -2.206793401837359
-1204.4403913283347 -0.33044490635396073
-1203.517188038826 1.6463102358579533
-1203.6268568748235 3.6283058184385197
-1204.1039215141534 5.6212417143583195
-1204.2664218062162 7.608636881709089
-1204.3543412053584 8.202083017230024
-1204.8127099537849 9.966617609858503
-1203.8639818692207 11.519272233843793
-1203.5549692177772 13.373260642886152
-1202.8406451010703 14.676094080805768
-1202.4451449477672 16.625409867167463
-1203.0700274670123 18.61910035789012
-1203.5905538165568 20.615747000575055
-1204.175497111082 22.066414262652387
-1203.3272535169124 24.052475001215925
-1202.6642734372615 25.927087809443464
-1202.8723578715324 27.9266538876295
-1203.0861546957492 29.91300800025462
-1202.423182543516 30.574120308756818
-1203.0600955450534 32.03383376777171
-1203.689639326334 33.9986913460493
