-1190.34 -216.27
-1192.16502245903 -215.59792222499848
-1193.3569299840926 -215.06432845115663
-1195.2902269029616 -214.43131401062013
-1197.2203718090057 -213.56865026474
-1198.1332661771773 -212.6751497578621
-1199.2459938192367 -211.6616080594063
-1200.2726189756393 -209.73192938089372
-1201.2628632450103 -207.7737004351616
-1200.757410492897 -205.79025586366654
-1200.38292678833 -203.93853338479997
-1199.9830309414863 -201.97014196634294
-1199.6422591471671 -200.01376648664476
-1199.4228984379768 -198.07852323770524
-1200.4327702784537 -196.76329167604447
-1200.0588184857368 -194.7950467658043
-1201.0308392906188 -192.85418720960618
-1201.771766629219 -191.03719731092454
-1201.2463293337821 -189.0444671702385
-1201.3937901520728 -187.08514567136766
-1200.8885662817954 -185.0995416235924
-1200.8879643791913 -183.84942575216294
-1200.4930958861112 -181.87520571470262
-1201.4516626113652 -179.90945990800859
-1201.0270556920766 -177.91972716569902
-1200.7225900405645 -176.06744225740434
-1201.1368953996896 -174.09701522111894
-1201.737995725274 -172.126149494648
-1201.7332495564222 -170.13749535799028
-1201.7979050689935 -168.1524856877327
-1201.2227141672372 -166.46384568929673
-1201.2154613995551 -164.47891159772874
-1202.1091812515258 -163.02215762853623
-1202.3005676233768 -161.0292825293541
-1201.754154201746 -159.0456821513176
-1201.2093513572215 -157.18189867258073
-1201.678762372732 -155.20665486574174
-1201.6884446853398 -153.2142556500435
-1202.5074330681562 -151.23000081300736
-1203.0641297215222 -149.23055108308793
-1203.7178659552335 -147.2364323925972
-1203.508029502034 -145.2526038479805
-1204.0604127460717 -143.25881751298905
-1204.3246856743096 -141.28065093278886
-1203.420697312951 -139.40760095834733
-1203.9211014920472 -137.53055711507798
-1203.6865192764997 -135.53986092329026
-1203.9472816103696 -133.58636267900468
-1203.176766168475 -131.80399854898454
-1202.727343391776 -129.81277521371842
-1203.0721998924016 -127.81582804441453
-1203.508685093522 -125.81681450128556
-1204.1087785178422 -123.82149656534196
-1204.2426851654052 -122.21881802797319
-1203.4007857108115 -120.2666191649437
-1203.9772678279876 -119.6071360898018
-1203.2902016305923 -118.07567282438279
-1202.668101158142 -116.09797712087632
-1202.0316310191154 -114.09853287458421
-1201.5738652312755 -112.39986367940904
-1201.4316206389665 -110.40869684934617
-1200.9016924911737 -108.42295284986497
-1200.447316032052 -106.60897036314012
-1200.0637732559442 -105.34439726591111
-1200.910852831006 -104.40768935203553
-1201.8354555779695 -102.71369542598725
-1202.331897240281 -100.72000123977662
-1202.091217469573 -98.72235300064088
-1202.6402416938543 -96.74361302375794
-1202.0059092158078 -95.05055059909822
-1201.4820954316854 -93.07018961429597
-1201.6125528031587 -91.86563517570497
-1201.7865317577123 -89.96575047492982
-1202.5995158666371 -88.16257240295411
-1203.3108087295293 -86.21834816455842
-1202.5601585024594 -85.36986376762391
-1201.9854466432332 -83.38043334007264
-1202.6645882838964 -81.38539554595948
-1202.5547193551063 -79.38687469482423
-1201.9143278264999 -77.39863421440126
-1201.5007055068015 -76.0204804134369
-1201.510617237687 -75.3116186451912
-1200.9977940136193 -73.32170792341233
-1200.6269511991738 -71.40508421182633
-1201.571178894639 -69.50279017210008
-1202.1316115671395 -67.54851480245591
-1201.735320817828 -65.55096073865892
-1202.5211058968305 -63.88513990163804
-1203.1095934027433 -61.94842119932176
-1202.8728621417283 -59.965842564106
-1203.0208316856622 -57.96671732187272
-1202.2931318694352 -55.96881862401963
-1202.824322860837 -55.1219750237465
-1203.4284850770234 -53.9440798354149
-1203.73452303946 -51.94716974020005
-1203.7038192117213 -50.36774059057237
-1204.1123959982394 -48.784258086681376
-1204.1803926342725 -47.092451651096354
-1204.1028405764698 -45.86351485967637
-1203.2313220837711 -43.90115972280503
-1202.6327195504307 -41.905962426662455
-1202.808272127211 -39.913984496593486
-1202.6458873787521 -38.28778382062913
-1202.064863268435 -36.289334971904765
-1201.4520031252503 -34.295979936122905
-1200.960968915522 -32.32461186170579
-1200.4906178751587 -30.345009047985087
-1200.9178154507279 -28.551616270542155
-1200.6242785492539 -26.6109042954445
-1201.4537223616242 -24.656618793010722
-1200.936458055079 -22.784840066432963
-1201.731416169703 -20.994728643894206
-1202.1848555245995 -19.292175133228312
-1202.848597113192 -17.320518095493327
-1203.3643409648537 -16.059407789707194
-1202.6498097220062 -14.062550384998332
-1201.9862799683212 -12.118920404911051
-1202.1579609552025 -10.170291979312907
-1202.1612317451834 -9.441435713768016
-1202.7280928382277 -7.4940854501724345
-1202.6996704769879 -5.494182009696971
-1203.390281183794 -3.8440193128585918
-1203.135758711174 -1.8539397907257182
-1202.6672018600254 0.039240221977223655
-1203.0604428780823 1.2978508281707661
-1202.321088804081 2.9450505781173604
-1202.5133822692185 4.943728070259084
-1202.052870882824 6.8573082494735615
-1202.4530625475197 8.805741171836843
-1203.1786621344834 10.786041359901418
-1202.4232596290856 12.08272479057311
-1201.793131603077 14.036795597076406
-1201.5038244856148 16.02706025123595
-1201.3104089779406 16.656828920841207
-1202.1847397965937 18.621439497470845
-1202.9103024882822 19.22981588125228
-1203.074277890995 21.22412864446639
-1203.2542402727156 23.178303163051595
-1202.7222906929999 25.156076114177694
-1203.2603827697783 26.638229053020467
-1203.6597506982832 28.362831275463094
-1203.0494724494963 30.353423993587484
-1203.4115093333273 32.3507119822502
-1203.1701370758562 33.8119712281227
