-1190.34 -216.27
-1192.3396664524078 -215.6443595480919
-1193.6814393663406 -214.93044872999192
-1194.8792599105834 -215.44198383808137
-1196.848868098259 -214.58616204977037
-1198.6555354261397 -213.48972793340684
-1200.3957841062545 -212.06565185308457
-1201.4007261657714 -210.14384587526322
-1201.103236105442 -208.16093321561814
-1202.0112359786033 -206.1790058207512
-1202.7697984838485 -204.18251879930497
-1202.3933259809016 -202.186954100132
-1203.0319331252574 -200.19560344934465
-1203.5451964700221 -198.19633920907975
-1204.135232206583 -196.2010424923897
-1204.6479536259174 -194.22234137773515
-1205.0875626468658 -192.27347167253495
-1205.4740298950671 -190.31025155305863
-1204.6555845701694 -188.38304670572282
-1204.92343860507 -186.4774871659279
-1205.1102244222163 -184.50797875642778
-1205.4475605154037 -182.56770141839982
-1205.8055622839927 -180.6141920876503
-1206.0767560863494 -179.11725612401963
-1206.256020810604 -177.19312556505204
-1206.2534092926978 -175.2716526579857
-1206.417633947134 -173.36564703702928
-1206.097334768772 -171.44866080999375
-1206.3662252688407 -169.51774020910264
-1206.5829458498954 -167.86495490789414
-1206.471437063217 -165.97083063840867
-1206.732371982336 -164.0512003493309
-1206.9236309492587 -162.23748155355455
-1207.1067352259158 -160.3437437605858
-1207.1511885488032 -158.4565274310112
-1207.3166389429568 -156.57711525678636
-1207.40886985898 -154.69755740880967
-1207.56495880723 -152.81930132627488
-1207.3973471486568 -150.9538774085045
-1207.566132184267 -149.06769104719163
-1206.9504567348956 -147.20929570913316
-1207.131065186262 -145.31800695180894
-1207.2732110583781 -143.43807407140733
-1206.5807828271388 -141.56111117124559
-1206.5754271113872 -139.64721580266954
-1206.7970660293101 -137.75501545190812
-1207.0172994995116 -135.89088876962663
-1206.5406823420524 -134.07408173799516
-1206.5868627393245 -132.16657825231553
-1206.6869756543636 -130.26847167730332
-1206.6574127042293 -128.3678564620018
-1206.8754254245757 -126.46346565008164
-1207.0578457677364 -124.83967455148698
-1206.9769253993034 -123.0941680264473
-1207.0464024209975 -121.23574288606645
-1207.2166996264457 -119.34754760980607
-1207.1959641242026 -118.29794462442399
-1207.2677470111846 -116.4321864438057
-1207.4156372213363 -114.58908518075944
-1206.5197491312026 -112.72964628458024
-1205.7207317614555 -110.82029970407487
-1205.720448102951 -108.95725138902665
-1204.9353763723373 -107.00793298006059
-1205.2599313521384 -105.09574743032456
-1204.895099248886 -103.13898654699327
-1205.3078890705108 -101.1717488360405
-1204.3217761182784 -99.21581645727159
-1204.5445644670724 -97.3449050974846
-1204.7819766068458 -95.40415735960008
-1205.1852661335467 -93.44088741064073
-1204.1982586348056 -91.49657436132432
-1204.6172600650787 -89.51080806970597
-1204.4463602417707 -87.66612561464311
-1204.6896257960796 -87.04072668075563
-1205.0499792063235 -85.06808378219606
-1205.4079900348186 -83.10507800102235
-1205.5193801486491 -81.15689434528352
-1205.8570801281928 -79.208178896904
-1205.2919553780555 -77.2722156238556
-1205.6495923960208 -75.33271529197694
-1204.6748794877528 -73.38700892448426
-1204.542560544014 -71.44339384555818
-1204.9365792536735 -69.46535958766938
-1204.851770427227 -67.61012067317964
-1205.2828181946277 -66.73432185173036
-1205.6232873761653 -64.77516200065614
-1205.9515332841872 -62.824137229919444
-1206.2012957298755 -61.14953066825868
-1205.279883261919 -59.22649302005769
-1205.6146447324752 -57.26972498416902
-1205.4691459947824 -55.323932547569285
-1205.8153670245408 -53.96833791255952
-1206.1309400910138 -52.148631591796885
-1206.3525528723 -50.28305413246156
-1205.4704973512887 -48.36448814392091
-1205.5909356588124 -46.41419245719911
-1205.9270024710893 -44.466398973464976
-1206.2212618106603 -42.53979970932008
-1205.412366580367 -40.61258198738099
-1205.5995462948083 -39.50414993286134
-1205.6768198126554 -37.56071545600892
-1204.9790635818242 -35.61393525123597
-1204.2759658211469 -33.81992890357972
-1204.6482021921872 -31.83610667705537
-1204.4351459109782 -29.858204979896556
-1204.9166365230083 -27.875623841285716
-1204.458813663721 -25.903779287338267
-1204.4211154693364 -23.977350254058848
-1204.6915744656324 -22.0358213376999
-1205.1020595246553 -20.079796690940867
-1205.438358914256 -18.118239541053782
-1205.7845316642522 -16.167132992744456
-1206.0516177529096 -14.64640631198884
-1205.978498470187 -12.71427478313447
-1206.2675013655423 -11.843720693588267
-1205.3687765115499 -9.914023299217234
-1204.4952929729222 -7.954019923210154
-1204.9546073788404 -5.973632473945628
-1204.8650596702098 -4.1516556930542095
-1205.262492802143 -2.182869453430186
-1205.099608671069 -0.23637558937073777
-1205.484665762782 1.2548628854751485
-1205.7354830020665 2.8177178907394307
-1205.003757547736 4.7528511095046895
-1204.1367444509267 6.713359336853017
-1203.6324119085073 8.67653296470641
-1204.2122929805516 9.821403484344472
-1204.7081559115647 11.80584524154662
-1203.7526604944467 13.771548609733571
-1202.9554489666223 15.75920639514922
-1202.8246074283122 17.75096962928771
-1202.1983976328372 19.35786841392516
-1202.957894500494 19.95823852300643
-1202.893788602352 21.89710180044173
-1203.5597076082229 22.88969830751418
-1203.0496782922744 24.838734548091878
-1202.3781546020507 26.837786118984212
-1203.084282722473 28.83672014951705
-1202.3643781805038 30.711532990932454
-1201.712552216053 31.975220363140096
-1202.526624109745 33.87820021390914
