-1190.34 -216.27
-1190.6529832744598 -216.03196569204331
-1191.6358226203918 -214.7688380074501
-1193.4792171382903 -213.45983918428422
-1195.0807813072204 -212.08469160318376
-1196.7316409015655 -211.72838862657548
-1198.059128847122 -210.1714911055565
-1198.5570295417308 -208.6647247862816
-1199.0375564062595 -206.7895819735527
-1199.145519670248 -204.8725238633156
-1198.9313401544093 -203.62774177312852
-1198.8508358263969 -202.08677490472795
-1199.1159778499602 -200.3645962071419
-1199.7371607685088 -198.46468146562577
-1200.8462086582183 -196.68902333498002
-1200.6708460116386 -194.71825810194017
-1200.5571431183814 -193.3139950823784
-1200.3602542841434 -191.3509685587883
-1200.0386018121242 -189.39350004911424
-1199.6910665297507 -187.76903184175492
-1200.5754124784469 -185.96555371999742
-1200.80515288949 -183.99816127538682
-1201.4951643908023 -183.39279212474824
-1201.0946966969966 -181.4105485868454
-1200.8283731305598 -179.6266634654999
-1201.6548809373378 -178.79298837900163
-1201.0911801421641 -176.83182259321214
-1200.6039422118663 -175.21861871004106
-1201.2144746148585 -173.25372513055802
-1201.978072580099 -172.23535879373551
-1202.4956607186793 -170.25432403802873
-1202.1349449419974 -169.1961916279793
-1202.501027908325 -168.5547844362259
-1202.914324041605 -167.49090899944306
-1202.630620535612 -165.5762826395035
-1201.9460397326945 -163.5810054731369
-1202.7455738151073 -161.70109595775605
-1202.0433257186412 -159.71896829128266
-1202.7980210149287 -157.91784479141236
-1203.466329511404 -157.29601885795594
-1203.9302669727801 -156.67947723388673
-1204.4748630487918 -154.70434190750123
-1203.588353153467 -154.02137996673585
-1203.0081348979472 -152.0303762149811
-1202.413128670454 -150.03177954673768
-1201.944282528162 -148.17553057193757
-1202.7210013234615 -146.38286628246308
-1202.1968729460239 -144.38588454246522
-1201.6024768316745 -142.38891674995423
-1202.3398891055583 -141.3754153442383
-1202.4045358860492 -139.42717232227326
-1201.799670037031 -137.4673160505295
-1202.374756809473 -135.57956280231477
-1201.799144502878 -133.604645152092
-1201.2176979744434 -131.61771144390107
-1200.7121241056918 -129.6680566263199
-1201.6170237028598 -128.88266255378724
-1202.3279657328128 -127.40797962665559
-1202.8825526201724 -125.42468931198121
-1203.274700489044 -123.74205817699433
-1202.8824338579177 -122.16229238033296
-1202.5148177111148 -120.65739681243898
-1202.2446401977538 -119.99934395074845
-1201.7980716490745 -119.3466134262085
-1201.3892807924747 -117.47831525325776
-1202.0048488342761 -115.49041749954225
-1201.907078784108 -113.54298307418824
-1201.9455159047245 -112.18025662422181
-1202.7353486159443 -110.31188179969789
-1202.3900670149922 -109.05258526325227
-1202.0653177538513 -107.05393161296846
-1201.4653077164292 -105.09681524753572
-1201.9733695426582 -103.47171189308168
-1202.6138969698547 -102.26615013599397
-1202.7514974066614 -100.35922994136811
-1202.4858550617098 -98.35946979045869
-1203.1326331683993 -97.57154234170915
-1203.166537195593 -96.94275196313859
-1203.4092632980644 -95.1501892399788
-1202.660774871856 -93.15378149271012
-1203.3481718750297 -92.53542359590531
-1203.017255976945 -91.72004212856294
-1202.28911371544 -89.74299253940583
-1202.9317100198566 -87.7467838716507
-1202.3007903845607 -85.74898066043855
-1201.825979039222 -83.76353551864625
-1201.5342137368023 -83.0817083311081
-1200.9971212895214 -81.09609283924104
-1201.4921144397556 -79.12743582248689
-1201.988847091943 -77.13948311328889
-1201.4715898187458 -75.25075699806214
-1201.7729059012233 -73.6962183904648
-1201.1951704771816 -72.00291528224946
-1201.7225622685253 -70.43779839992524
-1201.9748505802452 -68.45659365177156
-1201.4064859600364 -67.82501174926759
-1200.9684986324608 -67.0613008928299
-1201.848247990161 -65.85445847034455
-1201.262673780471 -64.44017376422883
-1200.7572342605888 -62.60805584907533
-1200.6266326458751 -60.632626910209666
-1201.3592490704357 -59.933737177848826
-1201.1347790659963 -58.322223563194285
-1200.642577767521 -56.343384046554576
-1200.8803871275484 -55.51763745069505
-1201.017612248808 -53.6069147181511
-1201.0144944788515 -51.669480640888224
-1200.7065086366235 -50.810315210819255
-1200.77516016379 -48.85520370721818
-1200.8680417837202 -46.9876120877266
-1200.4379026593267 -45.38234360933305
-1200.043569624573 -43.48430438756944
-1201.0214665533601 -41.56369229078294
-1201.2652492673694 -40.80792291879655
-1201.9351078422367 -40.12894703865052
-1201.3640133292972 -39.425488193035136
-1201.3110891284048 -38.10741146326066
-1201.736226171404 -36.15512831926347
-1201.5237821938097 -34.16456397294999
-1202.3834586144983 -33.43542398929597
-1202.304061293751 -32.33346571445466
-1201.754988849312 -31.193850893974314
-1201.1957048179208 -29.273249883651744
-1201.2913090737163 -27.38805534362794
-1200.8259809167682 -26.413420100212107
-1200.853806644827 -25.14583589553834
-1201.7411384882032 -23.217410821914683
-1201.1745642723142 -22.58784063577653
-1200.8719180525839 -20.857093889713298
-1201.5619398654997 -18.896099169254313
-1202.4042518438398 -16.956812341213237
-1202.8093998433649 -15.157974083423625
-1202.14196717754 -13.160462934970866
-1202.7155992390215 -11.26224716424943
-1202.0257296563684 -10.616734583377848
-1201.9669324757158 -9.08771594285966
-1202.169165969044 -7.483476598262797
-1201.9379450680315 -6.0519425463676555
-1202.5447593332826 -4.090804536342631
-1203.2671919466554 -2.2487334799766643
-1203.1912981720268 -0.25103398084641526
-1203.6664938183128 0.5599595713615315
-1202.8768168540298 2.5083543467521565
-1203.2076915355026 3.1185400891303914
-1202.7298504860698 4.961146395206441
-1203.3786513359844 6.8320131707191365
-1202.6548356564342 8.269231836795797
-1203.3436845691501 10.067512671947469
-1202.6557187588512 11.18056551694869
-1203.2397618444263 11.823023657798757
-1203.2232069188356 13.689165930747976
-1202.4921181613206 15.615358452796926
-1202.8070788198709 17.015812854766835
-1203.3213363701104 18.296744565963735
-1202.6540495568513 18.896329383850087
-1202.0019051247834 20.853019099235524
-1202.1861099416017 21.45255301475524
-1202.8514381462335 23.447560529708852
-1203.5293198639154 25.186096053123464
-1204.1212371402978 27.1734413909912
-1203.8853982949256 28.815312128067006
-1204.229297991991 30.71977243900298
-1203.67697655797 32.52940938949584
-1204.2186861002444 33.27653728008269
-1203.3389467561244 34.48843942165374
