-1190.34 -216.27
-1192.2703538799285 -215.60325982093812
-1193.0912209415435 -215.28751163601876
-1193.6929766201972 -215.25057106882335
-1194.2885334157943 -214.43826955229045
-1194.8931319379806 -213.74672788053752
-1196.506491150856 -213.18887155920268
-1197.2620014214515 -212.36259835630656
-1198.7046196722983 -211.47171175152064
-1199.5014011526107 -209.57414900928737
-1199.2259850168227 -207.64255058437587
-1198.9657354915141 -205.71371686130763
-1199.571653124094 -204.27579033046962
-1199.3021088206767 -203.51394796043635
-1199.438085284233 -201.58978533416987
-1200.2220272684096 -199.80024170547725
-1201.171316113472 -199.03515958458186
-1200.8022386097907 -197.1229426828027
-1201.417652156353 -195.15767347484828
-1200.929565962553 -193.2402747836709
-1201.7679511272906 -192.1336345639825
-1201.3377510273456 -190.13998412758113
-1201.5802351647615 -188.15969276100398
-1201.1567478591203 -186.16940545707942
-1200.6648399049043 -184.28896188408137
-1200.3604290300607 -182.3207626309991
-1200.0512396806478 -180.39643335014583
-1200.1921042764186 -178.71621536880733
-1200.761480745077 -176.8343877759576
-1200.5749323779344 -174.85992574363948
-1200.192267846465 -172.88872480064632
-1201.1762345546483 -171.40334558159114
-1202.0362034553289 -169.4473938909173
-1201.4284528011083 -167.6015062299371
-1202.2880002969503 -166.46287667423488
-1202.6934628301858 -165.5548272100091
-1202.0129599386453 -164.5010707345605
-1201.5571656936406 -162.76643371254207
-1201.5540704244374 -162.12526327043773
-1201.0246898645162 -160.2299588289857
-1200.8274178022145 -158.39430957704784
-1201.485761474967 -156.50840061575175
-1201.6304346734285 -154.53068929582835
-1201.0797599965333 -152.54538136392833
-1200.6081207209825 -150.83093768030406
-1201.2296989375352 -150.0346451368928
-1200.9712069445848 -148.05320387750865
-1200.5361014419793 -146.41716605097056
-1200.6395062321424 -145.31684142023326
-1201.6009560936689 -143.3479302492738
-1202.3764316552877 -141.3622453776002
-1201.729255926013 -139.36415272623302
-1201.159439396262 -137.4739158716798
-1201.5252443963288 -135.49132591158153
-1202.2732434684037 -134.05712490946055
-1202.8619690948724 -132.52251404196025
-1202.1467691475152 -131.82996165424586
-1202.5028398746251 -130.05897247463466
-1201.8556208723783 -128.0680063930154
-1202.257381569743 -126.09021615654231
-1201.6284920686483 -124.09862279564143
-1201.2240886503457 -122.2835242715478
-1201.8104282432794 -120.93244230419398
-1202.493948381543 -119.35096025139094
-1201.8692948037385 -117.36903810173274
-1202.1888328009843 -115.40401243835689
-1201.875025730729 -114.52338397175075
-1202.5754940921067 -112.61319803863765
-1203.292097609639 -110.61950230270625
-1202.5250281506776 -108.75607084900142
-1202.7823372000455 -107.67803644806148
-1202.081111204028 -105.68794202476741
-1202.2247358077764 -104.12129664093257
-1201.6566709989308 -103.40324866443873
-1201.4208422267436 -101.41118085056544
-1201.7337503397464 -99.4301890102029
-1201.1992234551906 -98.82524716526271
-1201.4211648517846 -97.50756764084102
-1201.4598722571134 -96.41360878616572
-1202.1603933686017 -95.73455446630717
-1202.7741907352208 -93.86049216657878
-1202.068959545493 -93.11312794357539
-1201.457718026042 -91.1166815724969
-1201.8005709463357 -89.29499077469112
-1201.7382325866818 -87.51748895317317
-1201.5819518604874 -85.53465747505427
-1201.1009397247433 -83.54457211166621
-1201.9997197726368 -81.65973853737117
-1202.6506783702969 -79.72203159004451
-1201.9914071896671 -77.8771042791009
-1202.5845589974522 -76.15000283390285
-1201.9884502032398 -74.22707640796901
-1201.513185713589 -73.58201205402614
-1201.0697826781868 -71.59207117229701
-1201.775365833342 -69.68603074222804
-1201.7186592856049 -68.67988645702602
-1201.1738933959602 -66.75526034504176
-1200.7308953145146 -66.14671796232463
-1201.6827342250942 -65.45802992254497
-1201.1849188545345 -63.52159934908153
-1201.853301797211 -62.38820522695781
-1202.6506765821575 -60.40069120794536
-1202.2590103188156 -59.749246594011794
-1202.9864499011635 -57.84353971153499
-1202.4703030624985 -56.90741097599269
-1201.8232030907272 -54.93103623062373
-1201.3715201058983 -53.161843892633925
-1201.750848505795 -51.26542508274318
-1201.8702921459078 -50.56648653417827
-1201.3394233772158 -49.42670923143626
-1200.8319151589274 -48.08998614221812
-1200.4716284462809 -46.800031599104415
-1200.1829278060793 -44.83938258558513
-1199.8242163547873 -43.945030149519454
-1200.8573536762594 -41.992456611692916
-1200.4232852348684 -40.103492673933516
-1201.0022812971472 -38.19817894369365
-1201.1904623398184 -36.30758589178325
-1202.0404481777548 -35.10497218042613
-1201.444359410703 -33.703874286711226
-1202.294892359674 -31.798412498533736
-1202.6047582814097 -31.195537921488295
-1202.3859330007433 -29.580857988893996
-1201.7294075080752 -28.89938717752696
-1201.22753747195 -26.92002766996623
-1201.7143576928972 -24.94396680265666
-1202.1717776247858 -23.00453215509654
-1202.9095825144648 -21.36395567327739
-1203.5605686494707 -19.723508891165267
-1203.2916452178358 -19.092139717638503
-1203.2009527572989 -17.09986519485713
-1203.1835376100241 -15.429342505037795
-1202.6142859534918 -13.437816497385512
-1202.0101921038329 -11.463757273256789
-1202.8020849899947 -9.508767124712477
-1202.1453188733756 -7.5254485574364764
-1202.7057688908278 -6.601068731844435
-1202.2192603127658 -5.347041007578383
-1202.1411130429804 -3.9492349591851337
-1201.981564849764 -2.362270113527785
-1201.4750449956953 -1.4237193432450397
-1201.3758438678085 0.541985097825517
-1202.1564926357566 2.352199140489091
-1202.6880124659835 3.0370751056074994
-1202.0769013614952 3.6748539242148297
-1201.463041588813 5.193447712361802
-1202.1693248601257 7.027863863408555
-1202.1700052918493 7.725141170918931
-1202.7158991397916 9.341958883702745
-1202.3212077619135 11.213149670064439
-1203.068603515774 12.822063330113878
-1202.9621090592443 13.47482163041829
-1203.5893100203573 14.756744447648515
-1202.832193225771 16.74627954095601
-1203.4773803056776 17.42719072431325
-1203.890549749285 19.101499381959428
-1203.9123385997116 20.876426640450944
-1204.440261349231 22.823620859086503
-1203.6211199612915 24.08100146383046
-1202.9555716367065 26.072345915734758
-1202.368105635196 26.701942208707322
-1201.7472179384529 28.692552092969407
-1201.9947489501535 29.325783196389665
-1201.38789397493 29.92304432719945
-1200.9313624204694 31.559644463956346
-1200.7557469458877 32.16586256355046
