-1190.34 -216.27
-1191.247222032547 -215.53024341583253
-1191.8548461461066 -214.5110171031952
-1193.6336879992484 -213.82997478961946
-1194.2581489944457 -213.5113734793663
-1195.8451506757735 -212.48125274896623
-1197.767682161331 -211.82247455835343
-1199.2367851400375 -211.63514002084733
-1200.4754895830154 -209.78850825548173
-1200.4493645989894 -207.86537607431413
-1200.1821637415885 -205.91560824632646
-1199.900861468315 -204.90926380872727
-1199.948971595764 -202.96336038827897
-1199.591906365156 -201.21885414838792
-1200.335636075735 -199.28169699430467
-1199.9441315495967 -197.3255894970894
-1200.774120029211 -195.39865406274797
-1201.2500009202956 -193.4703658413887
-1200.823833670616 -192.35980709314347
-1200.3764778041839 -191.22090585947038
-1200.3033808135986 -190.28104444265367
-1201.3056896591186 -188.3369705271721
-1200.799077656269 -186.3636788916588
-1201.0593322777747 -184.3877005171776
-1200.5799300932883 -182.65093394041062
-1201.3395383620261 -180.7393564772606
-1202.167442407608 -180.1009556245804
-1202.4966480398177 -178.1082819890976
-1201.8272704148292 -176.14948071956636
-1202.3385310435294 -174.17493774414064
-1201.796632375717 -172.1759764146805
-1201.2558596992492 -170.27392329692842
-1200.8203068637847 -168.30627824783326
-1201.019592937231 -166.38307430267335
-1200.5549763405322 -165.01986517429353
-1201.5288693273067 -163.36285962581636
-1201.0182157719134 -162.56968559741975
-1201.4581339919566 -160.5919715356827
-1202.2776781284808 -159.03627588272096
-1201.6387441718578 -158.10897650241853
-1201.2559271419047 -156.33419599056245
-1202.0870258772372 -154.5034133386612
-1201.4882039391994 -152.5072158765793
-1201.2604783141612 -150.6181904268265
-1201.8070723378657 -148.64833964824678
-1201.496790882349 -147.18138231754304
-1201.4834465199708 -146.5820307326317
-1201.8623778635263 -144.66364343881608
-1201.5474638754129 -142.93845029592515
-1202.382823806405 -141.25591166734696
-1203.1109020525216 -140.37937905311585
-1203.6270423346757 -138.39963962554933
-1202.9065712505578 -136.40547229766847
-1202.201853018403 -134.4167664241791
-1202.528298717141 -132.5884827566147
-1202.5308543035387 -130.60147299289704
-1202.9596156665682 -128.60320677280427
-1202.2509114333986 -126.74894954681398
-1202.8923722693323 -125.03752221584321
-1202.2451213189959 -123.54210998535157
-1201.9940643200277 -121.79770495414735
-1202.7707394251227 -119.8048210334778
-1202.0663481244444 -119.04055335044862
-1201.9218151459097 -117.75007690906526
-1202.3897734472155 -115.7968167257309
-1201.901784647405 -113.85952462673188
-1201.6629283466934 -111.99678363323213
-1201.107803825438 -110.25356676101686
-1201.1364034304022 -108.5753950071335
-1201.4155610093474 -106.59426655292512
-1201.117858071029 -104.87806226730348
-1201.9608968684076 -103.16900147914887
-1202.4684894272684 -101.29948284149171
-1203.0911311098932 -99.9772823047638
-1202.3454392144083 -98.14315130233766
-1201.7537963578104 -96.15150143623353
-1201.1869304963946 -94.31818153381349
-1201.2394873836636 -92.49020792961122
-1202.0404928067326 -90.87057532787324
-1202.6777754762768 -89.1806057882309
-1203.0331015923618 -87.18548728942872
-1203.2767389604448 -85.84714104652406
-1202.757849652469 -83.86381842613221
-1203.4446085879206 -81.94182230949403
-1202.6932095476984 -80.07360913276673
-1202.5720484369992 -78.08365036964418
-1201.8959226125478 -76.09108426094056
-1201.3236531132459 -74.10310103416444
-1201.001573216319 -73.20507528305055
-1200.8266539239883 -71.35939838409425
-1200.5400629305839 -69.38291134357453
-1200.9715210461616 -67.45118035793305
-1200.7836247348785 -65.51162137508393
-1200.5498508775233 -63.70285620212556
-1201.244985398054 -61.77152111053468
-1200.757775839567 -61.05469663858415
-1200.7744336390494 -59.3883324456215
-1200.3890681529044 -57.41658743143083
-1200.152167674303 -56.24983294725419
-1200.7922793591022 -54.323910315036784
-1200.3656379842757 -52.391247947216044
-1201.3572187685966 -51.825902004241954
-1202.0309098029136 -49.86594655036927
-1201.4206743502616 -49.255436618328105
-1201.0110079312324 -47.27237864255906
-1201.9135403895377 -46.516899485588084
-1202.0032786616682 -45.539215524196635
-1201.5527147838473 -44.86966075420381
-1202.2660097667574 -43.858743925094615
-1203.0205165335535 -41.99014021873475
-1202.339753884971 -41.32710369348527
-1201.690661508739 -39.36590166807176
-1201.1262902209162 -37.70849700689317
-1200.6359439083933 -36.18128319501878
-1200.758336905539 -35.60932441473008
-1200.7441444435715 -33.805912811756144
-1201.1524109879135 -33.21576108455659
-1201.007667619884 -32.26524611234666
-1201.5228889176249 -30.987425405979167
-1201.017616290748 -29.683797318935405
-1200.7870797553658 -28.30620046377183
-1200.7694082298874 -26.665348727703105
-1200.3193447628616 -26.074722666740428
-1201.3057490625977 -24.132855792045603
-1200.7975648084282 -22.763058800697337
-1200.4686274567246 -21.722269554138194
-1200.2100980320572 -19.76631142616273
-1200.901644412577 -19.012792010307322
-1201.8098591008782 -17.276449580192576
-1201.2833343186974 -16.668532569408427
-1200.8716530242561 -14.72929628610612
-1201.1647112110256 -13.105979759693156
-1201.909106824696 -11.222839314937602
-1202.6730605104565 -9.245692689418803
-1203.2643826344608 -7.250582177639018
-1202.9163987973332 -5.266218621730815
-1203.513545308411 -4.480991799831401
-1203.0431798437237 -2.559575040340434
-1202.3029591181873 -0.5727891516685588
-1201.657603059113 0.7412717747688191
-1201.262503478825 2.685264866352071
-1200.8149072268604 3.5128444242477315
-1201.6763564684986 4.744036655426015
-1201.2791745999455 5.461073498725881
-1202.0216376522183 6.109471719264974
-1202.6354772785305 7.973344366550435
-1202.011657808125 9.173742096424093
-1201.4012340047955 11.169876019954671
-1201.5601823368668 13.128301064968099
-1202.0160279908775 14.670231382846822
-1201.4643859305977 16.466327588558187
-1202.1979270020126 17.968066256046285
-1201.5714190044998 18.619855802059163
-1201.716578591764 20.609669606685628
-1202.472059060037 21.584305803775777
-1203.0002038964628 22.61527649641036
-1202.3243339547514 23.92500285387038
-1202.5297623762488 25.923831026554097
-1202.532679721862 27.856868784427633
-1203.0158688278495 29.8307118821144
-1202.3243410439788 31.807344596385946
-1201.7578424067794 33.769654314517965
