-1190.34 -216.27
-1191.7594176197051 -215.62404241085054
-1192.3821900749206 -215.4886276614666
-1194.3256400489806 -215.20792641162873
-1195.8867810630798 -214.4033597302437
-1196.6171840691566 -213.7428521704674
-1197.2128573322295 -212.80167182207109
-1199.203552570343 -212.1204697084427
-1199.318730469942 -210.19954242229463
-1200.2102334463596 -208.3009306383133
-1200.312045585513 -206.37505056381227
-1199.938838403821 -205.24518634796144
-1200.7595073395967 -203.29540731430055
-1200.480020534396 -201.32106449127198
-1201.278574001193 -199.37663783550263
-1201.6204522961377 -197.39077248096467
-1201.5773616695403 -195.40218104839326
-1201.0337407851218 -193.41082849025727
-1201.3396209740638 -192.46078731536866
-1200.848286654949 -190.47538711547853
-1200.3963353300094 -189.3476230096817
-1201.3707145118713 -187.54991807460786
-1202.2244181299209 -185.63990129947663
-1201.777253832817 -183.6703291130066
-1202.3569177055358 -181.6764247608185
-1201.726996269226 -179.67754544734956
-1201.656784441471 -177.75284602165223
-1201.1109487080573 -176.32925524234773
-1201.9949979448318 -174.34636296749116
-1202.7884783411025 -172.498528380394
-1203.4730288648605 -170.49883450984956
-1203.2399288678168 -168.54023732662202
-1203.39181568861 -166.60129918575288
-1202.6538453960418 -164.60638060092927
-1202.0348680877685 -162.61375202655793
-1201.6848762893676 -160.6294571352005
-1202.0567415320872 -158.78530253887178
-1201.5479069912433 -156.88922419071199
-1202.1152869427203 -155.36753394126893
-1201.504553195238 -153.85449184894563
-1200.9765089714526 -151.8996671628952
-1201.852031763792 -149.91763200283052
-1201.4361164832114 -148.73542525291444
-1200.9044820928573 -146.80450679779054
-1200.4345373177528 -144.8260028553009
-1201.2547676825523 -143.3591456604004
-1200.7466240191459 -141.39906336784364
-1200.3039361202716 -139.42689086914064
-1200.2330243253707 -137.66781677722932
-1199.8549070322513 -137.09008093595506
-1199.571443017721 -136.41799386262895
-1200.6312423312663 -134.72125335454942
-1201.5431162679195 -134.09852292060853
-1201.0099111759662 -132.36173178672792
-1201.8774451577663 -130.46455873966218
-1202.3220616841315 -128.48049678325654
-1202.5078004711866 -126.66587795734407
-1202.1072833651303 -124.66619731903077
-1202.7004809492826 -122.6713159275055
-1202.836073693037 -122.01442577362062
-1202.12278824687 -120.02828218460084
-1202.052928533554 -118.04268648147584
-1201.5032274389266 -116.0599353504181
-1201.0488336646556 -114.94426502704621
-1201.4377846980094 -114.09632291316987
-1202.2543807291984 -113.0690062236786
-1201.7358721756934 -111.07063009262086
-1202.245033826828 -109.33548213958741
-1201.6101244950294 -107.40188266754151
-1201.5357106292247 -106.62110294818879
-1200.9925111496448 -104.85426153659822
-1200.7558632606267 -104.19429745197297
-1200.452788632512 -102.26020957946778
-1201.3537887746095 -100.31782295227052
-1201.4526172691583 -98.43150522232057
-1200.9192585760354 -96.52135982036592
-1200.449614148736 -94.55958070278169
-1201.3531828337907 -92.59423996925355
-1201.5962098503112 -91.00157572746278
-1201.7874288523196 -89.3921091747284
-1202.0893085563182 -87.48418547630311
-1201.8617020213603 -86.69926853895188
-1202.6301253998279 -84.74886031866075
-1203.3416245543956 -83.3058836054802
-1203.899570044279 -81.3622163128853
-1204.408419009447 -80.70723452091218
-1204.6173577421903 -78.73545016765596
-1203.778633903861 -77.18882872581483
-1202.955636691451 -75.2023070049286
-1203.5097936505078 -73.50514461517335
-1202.7205407732724 -71.80025698661805
-1202.1934827679395 -69.82450296401979
-1202.0006281548738 -68.36277558326722
-1201.8463077956437 -66.37029029846192
-1202.49189678967 -64.39198567390443
-1202.435839254558 -62.39743830680848
-1202.6528858581185 -61.72390337705613
-1201.9650394955277 -59.84257193326951
-1202.4166389742493 -58.78928514242173
-1203.051512722075 -57.20431633710862
-1202.5238026419281 -56.252993602752696
-1202.052363488972 -54.257382888793956
-1202.7479846814274 -52.262262840271006
-1203.2580739000439 -50.26318456649781
-1202.9387384989857 -48.26625372886659
-1202.2599078157543 -46.40738179206849
-1201.641122315228 -45.45341475725175
-1201.0885177591442 -43.4969693017006
-1200.9658865073322 -42.5859015774727
-1201.4621898570656 -41.922624011039744
-1202.1356270948052 -39.97559251308442
-1201.5174884834885 -38.02073564052583
-1201.844362143576 -37.33420236825944
-1202.4029500523209 -35.81923850297929
-1202.9631544986366 -35.21330972433091
-1202.7631916442513 -33.215421397686015
-1203.4444520512222 -31.354928691387187
-1202.7017264404892 -29.359171588420878
-1202.9487215915321 -27.428445298671733
-1202.8693508842587 -25.597608048915873
-1202.8946012800186 -23.676842291355143
-1203.5297924225777 -22.91313644170762
-1204.0819910710304 -22.27669914484025
-1204.4380700533836 -20.971941192150126
-1204.726619625613 -19.092807371616374
-1204.193310642764 -17.121903021335612
-1203.8514603321998 -15.136846978664408
-1203.4816941266506 -14.397690970897685
-1203.352462420389 -12.402129490375529
-1203.4505429660528 -10.790250380039225
-1203.9912972246855 -10.17937989950181
-1203.9774780219047 -9.130776126384745
-1204.225670153424 -7.1742217135429485
-1203.329822892472 -5.195499260425578
-1203.653584415242 -3.833526809215556
-1202.8370943611114 -1.8398544383049114
-1203.2902816479652 0.15375189065932204
-1203.8545783107727 2.123894255161275
-1204.0159231071918 3.8500851798057454
-1203.190394187495 4.652098755836477
-1202.4678707366436 5.596151511669149
-1203.0238670354336 7.309464614391317
-1202.8330464308708 9.25123624086379
-1202.3058786933868 10.905508081912984
-1203.0076785033195 12.893305342197408
-1202.6977446322887 14.511330168247213
-1202.0134646540134 16.504353563785543
-1202.7246371155231 18.48163084268569
-1202.8400285189598 19.084732394218435
-1202.2952998822182 20.854412059783925
-1202.5626609867065 22.85289822101592
-1201.8883488123863 24.834756474494924
-1201.5498396699875 26.081256251335134
-1201.3437567149847 27.90297136783599
-1201.6610199605673 29.19140706539153
-1201.0955214893072 30.55306945323943
-1201.4603493904322 31.996600251197805
-1202.2500426863878 33.754431586265554
