-1190.34 -216.27
-1189.6952348017692 -215.60084547519685
-1188.6662292742728 -215.0167538714409
-1186.987198140621 -214.51156814813615
-1185.0700396561622 -214.0579505455494
-1183.1059608721732 -213.65635203242303
-1182.2760154271125 -213.73195989847184
-1181.1781767868995 -213.394147772789
-1179.2318820023536 -213.0635374379158
-1177.391991045475 -212.80495916724206
-1176.8738786840438 -212.57363535881044
-1174.9840728902816 -212.34187658548356
-1174.1281468534469 -212.1294754934311
-1172.5755309724807 -211.95626761436463
-1171.4257326984405 -211.9463901114464
-1169.5524178409576 -211.7979571413994
-1167.7799423599242 -211.66105713367463
-1167.1699424052238 -211.5255468082428
-1166.0630576872825 -211.43069489717485
-1164.423227097988 -212.0703873229027
-1163.2786183619498 -213.13056607961656
-1162.7305199766158 -212.93664612293244
-1161.494905796051 -212.59410901784898
-1159.562310423851 -212.30872486948968
-1157.9137928152084 -213.1505888593197
-1157.2329386138915 -212.51309638142587
-1156.4079967999457 -212.00690655827523
-1154.5843526387214 -210.86062412381173
-1152.8749970459937 -209.4340537083149
-1152.9526790344714 -207.50509672284127
-1153.073008146286 -205.65320472836495
-1151.927803006172 -203.96986346364022
-1151.3131861948966 -202.08887105107308
-1150.34420576334 -201.04065935730935
-1149.4735378289222 -199.66571538567544
-1148.6688359045982 -198.68463139653207
-1147.9795803689956 -196.71181588292123
-1148.7446964049338 -194.775187779665
-1149.1584956908225 -192.83979349255563
-1149.5623778665065 -190.892361689806
-1150.0726636016368 -188.94478159070016
-1150.3033066952228 -187.63518529057504
-1151.5757257902621 -186.14770274281503
-1152.2899961435794 -186.0313715529442
-1152.8290472590922 -184.88905199289323
-1153.387554284334 -183.94222040891648
-1154.0041450822353 -183.04300220727922
-1155.3798109853267 -183.59958966493608
-1156.9931463563441 -182.74925287485124
-1157.7188370788097 -182.01424839019776
-1158.8442392909526 -181.73380510926248
-1160.7650124394893 -181.2548972260952
-1161.3571987116336 -180.80390282392503
-1163.2918173038959 -180.3185887527466
-1165.2621234619617 -179.89062430381776
-1167.0533341133594 -179.53116156578065
-1167.964666661024 -180.01720856547357
-1169.4967260921 -180.57959841609002
-1170.0628460013866 -180.1139339399338
-1171.847685035467 -179.06252767562867
-1172.8589466178416 -177.76949312210084
-1173.0946184211969 -175.83689965724946
-1173.668004732728 -174.27808668136598
-1173.7561687642335 -172.3094699573517
-1173.6793806666135 -170.4778754901886
-1173.3297965937852 -168.7043252182007
-1174.0869944506883 -167.2731192302704
-1174.4148730152845 -165.3146767807007
-1174.0082627052068 -163.33231570243836
-1174.7925129646062 -161.4947886657715
-1174.429508369565 -159.5133545589447
-1174.1626039856671 -157.55998029232026
-1173.4416847342252 -155.56242396354676
-1172.8240122312307 -153.592580575943
-1172.050830554366 -151.63145877838136
-1171.3382573240995 -149.75018670082093
-1170.8671949023008 -147.8365183067322
-1171.242738854289 -147.13417776346208
-1170.4769798630475 -145.14124520540238
-1169.4647764080762 -143.20558555841447
-1168.7848162168264 -141.3824504208565
-1167.4463812822103 -139.60605629205705
-1166.1450097078084 -137.7572061610222
-1165.0516412967443 -135.83186574697496
-1165.5833320134877 -133.84273000478746
-1165.4465457910298 -131.8950497698784
-1164.795713495612 -129.912566382885
-1165.3583306783437 -128.06548925161363
-1164.2777301782369 -126.12314983129502
-1163.003376316428 -124.33291908025743
-1162.642491620183 -122.50016637563706
-1161.3003404551744 -120.99332686185838
-1161.260669928193 -119.05311508893968
-1160.116352778077 -117.16580196142198
-1159.2243779116868 -115.19080014944078
-1158.480693321824 -113.21203716516496
-1158.0679808074235 -111.21255906343461
-1157.8253597283363 -109.24237771749497
-1157.7520577946304 -107.44063707113267
-1157.2467762866615 -105.44872244119645
-1156.879051927626 -103.46536858797074
-1157.6512220540642 -101.5056968522072
-1158.3582049050926 -99.6988600087166
-1158.1071549394726 -97.70320292234422
-1158.5598783829807 -95.75715573549272
-1159.271845910847 -93.75976069688798
-1158.7321624496578 -91.76480611085893
-1158.5165205785631 -90.25392480611802
-1159.2351680585741 -88.25721820116044
-1158.625054795444 -86.82620020627976
-1158.917909849584 -84.83403297185899
-1158.7258980759977 -82.87048955678941
-1158.0318717846274 -80.87599917173387
-1158.8179952988028 -78.89287539243699
-1158.1923881062864 -77.49571426630021
-1158.916741658151 -75.49776395082475
-1159.3921188899874 -73.50041135072709
-1159.9878252336382 -71.5067942929268
-1160.5210055300593 -69.54172595262528
-1159.9241000005602 -67.6068952870369
-1159.8265832850336 -65.88545056104661
-1160.3872417995333 -63.89277668714524
-1160.6664855071901 -62.66690822362901
-1160.9862083682417 -60.690495212078105
-1160.3722669371962 -58.73959298849107
-1160.092941213548 -56.76173718690873
-1159.284061242044 -54.82062073469163
-1158.5872737655043 -52.90480728864671
-1157.9220471867918 -52.17348833799363
-1157.4360349068045 -51.47145016908647
-1157.0266922602057 -49.48424466371537
-1156.7850702443718 -47.5025800061226
-1157.2128964701294 -45.532469947338114
-1157.9844813385605 -44.93030007600785
-1158.0778451526164 -42.94986470460893
-1157.5236235821246 -41.19100125551225
-1157.0064551794528 -40.57633884668351
-1156.987711381316 -39.256566841602336
-1156.639201235175 -37.31239469766618
-1157.1702934616803 -35.600436766147624
-1157.4177933597564 -33.67994888544084
-1157.3690666371583 -31.70007117509843
-1156.8485410028695 -30.64548416852952
-1156.8252541834115 -28.67967971086503
-1156.4871784561872 -28.10095633983613
-1156.2428863161801 -27.50623353242875
-1156.2734972649812 -25.546218831539164
-1156.0301100426911 -23.647533614635478
-1156.7770739012956 -21.690976102352153
-1156.3497035914659 -21.096720714569102
-1157.1846548730134 -20.058846850395213
-1156.7304432505368 -18.14021291255952
-1156.9155659788846 -17.025120038986216
-1156.4654272013902 -15.069998760223399
-1156.1964515858888 -13.143026371002207
-1157.2055558377504 -11.550193567276011
-1157.636649172902 -9.59599401474
-1157.8545056098699 -8.053771395683299
-1157.2757818216085 -7.3677567434311015
-1156.769947540164 -5.82166232585908
-1156.4674073272943 -4.64171471118928
-1156.2003877574205 -3.3135291528701885
-1157.2104330474137 -2.7090469789505107
-1158.0589688831567 -2.051825363636027
-1158.797143858075 -0.9311043810844524
-1158.3494031244516 0.9312022137641804
-1158.902312439084 2.259325187206258
-1159.360377114415 2.865394990444173
-1159.96226010859 3.637785415649404
-1160.4771852904557 5.052809815406789
-1159.6013641172647 6.6397341299056905
-1160.1841908508538 8.625301938056936
-1159.2980148607492 10.461664299964895
-1159.8149412685632 12.449351768493642
-1158.9781243616342 13.763343076705922
-1159.451418172717 15.674033026695241
-1159.1955697649717 16.459383885860433
-1159.8115666025876 18.33102504491805
-1159.9544438534974 18.98061959028243
-1159.1646532231568 19.96399943113326
-1158.9059159570932 20.748336713314046
-1159.6737726742028 22.704105060100545
-1159.7237891891598 24.530406992435445
-1159.2391150334477 25.53131822824477
-1158.8901844659447 26.73038641691207
-1159.8815961518883 27.935667436122884
-1159.3764278927445 29.900654237270345
-1160.2298792043327 30.873103301525106
-1160.6374041178822 32.66150109052657
-1160.7227125132083 33.26198820352553
-1161.4115907514094 34.05758301496505
-1161.008007582426 34.942096989154805
-1161.6215552651881 36.04797391176223
-1161.507862161994 38.04105023622512
-1162.068629156947 38.64338783502578
-1161.3213034385442 40.51499084711074
-1160.8578097337484 41.196190338134755
-1161.469112407565 43.18046544075011
-1161.825349729657 44.089049677848806
-1162.4886032754182 45.70255301475524
-1162.9212384933232 47.69044957637786
-1162.7083662712573 48.41718242645263
-1161.870964165926 49.68408582687377
-1162.2386206650733 51.679312686920156
-1161.6318061614036 52.279391746520986
-1160.9743937516212 53.29645154953002
-1161.8892344498634 55.04544041633605
-1161.2385349535941 56.56417487144469
-1162.3818041348457 57.22710464477538
