-1190.34 -216.27
-1188.943425860405 -214.70308222293855
-1188.4305076265334 -213.54485537528993
-1186.4673580789565 -212.54701830863954
-1185.7747155094146 -212.23587812900544
-1184.4000603818893 -211.44017978429795
-1182.7558800840377 -210.83357830762864
-1182.0445421004295 -210.2408258509636
-1180.7498325371741 -209.70994981050492
-1178.7702799105643 -209.38583888530732
-1177.943652179241 -210.25107248544694
-1176.0040633940696 -210.26032105505467
-1175.0638025069236 -210.13645662784577
-1174.0442828202247 -210.3370212507248
-1173.4109093809127 -209.87721209645272
-1172.4801026844978 -209.88788681894542
-1171.6845554971694 -209.28011262089015
-1169.693110909462 -209.33752000004054
-1169.0680000448226 -210.05064421564342
-1168.136829998493 -210.09991155982019
-1167.4570793175697 -209.33600281596185
-1165.9250695967673 -209.0435783159733
-1165.1428980493545 -209.74556307911874
-1164.121113743782 -209.0120230805874
-1162.9840497636794 -208.35046206831933
-1162.314526464939 -208.09032918930055
-1160.5211951994895 -208.26839685857297
-1159.9045788908004 -208.5302261453867
-1159.2471579575538 -209.05711105883123
-1158.6428413653373 -208.11108330309392
-1157.0736651682853 -207.78563869416715
-1156.5360328817367 -207.82992929637433
-1154.812376704216 -206.64691514194013
-1153.2297311687469 -205.9566026967764
-1152.0131649637221 -204.23766994893552
-1152.1971977615356 -202.58262229382993
-1151.9246514701842 -200.9028015178442
-1150.8535033130645 -199.2058097165823
-1150.0989839696883 -198.22810328423978
-1149.800136502981 -196.24459779679776
-1150.311328884363 -194.288483504653
-1151.079738613367 -192.3004827541113
-1151.400177117586 -190.3112819236517
-1150.9912394249438 -188.85912299573423
-1151.1759408080577 -188.02630341470243
-1151.9018135631084 -186.90826189935208
-1153.825846966505 -185.77522767007352
-1154.7223642432689 -184.9090992254019
-1156.6374333465099 -183.84784281671048
-1158.6192253196239 -182.94606852948667
-1159.7809409463405 -182.17543477237226
-1160.594521459341 -181.73167041361333
-1162.2523311936854 -181.00889608681203
-1163.8860914075374 -180.42323467552663
-1164.7692155206203 -179.93913820803166
-1166.152546700239 -180.83746555864812
-1168.1357997024058 -181.04644613385202
-1170.0788131320476 -180.88263547837735
-1171.974513825178 -179.69382727563382
-1172.3597660923003 -178.9823539298773
-1173.5975576305389 -177.14137065827848
-1173.505506094694 -175.18894327104093
-1174.4514945709705 -173.2336165946722
-1175.306387182474 -171.25002623021604
-1175.9904285037517 -169.45643938004972
-1176.4488089048862 -167.47211039483548
-1177.0543692672252 -166.3587273401022
-1177.4956402742862 -165.64290720641614
-1177.8312070930003 -163.69596416175366
-1178.0985291564464 -161.82727986991407
-1177.2308585011958 -160.36360568225385
-1177.0644649082421 -159.30277270495893
-1176.5936340802907 -157.39538735568524
-1176.5110610836743 -156.63135964095594
-1176.0742550009488 -155.8795867007971
-1176.69527472198 -154.06563806951047
-1176.174404155612 -152.39902735173703
-1176.6780651324987 -150.5735778850317
-1175.8827672117948 -148.66681731164456
-1176.249627124667 -147.0025183004141
-1176.648550223708 -145.103261474967
-1176.0920966380834 -143.14407802045346
-1176.3774581366777 -141.61330259263516
-1174.9208735638856 -140.23014152467252
-1174.587421875596 -140.07665378272534
-1174.2532906347512 -139.30120122849942
-1172.7034082227945 -137.86395729005338
-1171.4988683277368 -137.99665576636792
-1170.8638668471574 -136.97414857566358
-1169.030160229802 -136.08641553342343
-1168.3102018648385 -135.09542036473752
-1166.5228490644693 -134.1382695478201
-1166.036029499173 -132.93979657113553
-1164.830450695157 -131.70138967454434
-1164.3619484716653 -131.6433480423689
-1164.468664150834 -129.78463262736798
-1164.172893833518 -128.36953121840955
-1163.6209730619191 -126.72584039390088
-1163.125067334771 -125.17875153243543
-1162.5642866903543 -124.99624729573728
-1162.2437877470254 -123.83390534341336
-1160.5533704572915 -123.52257913768292
-1159.7529686504602 -122.37306350886823
-1158.3883520179986 -120.60209721744062
-1157.3987573200463 -118.68125337779523
-1157.806539606452 -117.99075407207013
-1158.1580976659059 -116.0386778753996
-1158.4856382125615 -114.12612313449384
-1158.6226234549283 -112.17815071761609
-1158.9455080145597 -110.68921691596509
-1157.8876916283368 -108.7552420538664
-1157.0047146195172 -107.1678693932295
-1156.7413986140489 -105.18121165454389
-1155.9360508733987 -103.30092925250531
-1156.4188055807351 -101.30232590854169
-1156.0687855297326 -99.32208139121533
-1156.5178097897767 -97.32496267974378
-1157.101583045125 -95.88177174746991
-1156.5196503216027 -93.90415424525739
-1155.7905453258752 -91.90961856067182
-1155.0867209249734 -90.44166642844678
-1155.7308775001763 -88.98452073752881
-1155.2081737333535 -88.13857800185681
-1155.9487103635072 -86.47203189551831
-1155.502837192416 -84.4732549828291
-1156.2223612183332 -83.15604037463666
-1156.6369790548085 -82.43798417270185
-1156.6828445607423 -81.19187874019147
-1156.4351838195323 -79.23063296496869
-1157.0085720980167 -77.24260420024396
-1156.1387910211085 -75.30203551471234
-1156.2687583231925 -73.48706907451154
-1156.50884483397 -72.73552531421186
-1156.4752641955017 -70.74050444781781
-1155.6948335209488 -69.35287934958936
-1155.7357385905086 -67.39553350627423
-1156.3111389429866 -65.46175569713117
-1156.0338095279037 -63.55063265979291
-1156.6555261464416 -62.93548703610898
-1157.2044450493156 -61.98560160815717
-1157.403459355384 -60.390907709002505
-1157.697911158353 -58.42190188586713
-1156.7581367643177 -56.477333490252505
-1157.3015542180835 -55.24663991153241
-1156.7394188196956 -53.80836016356946
-1155.949140921384 -51.819474999308596
-1155.3880091460048 -49.822866980433474
-1154.7355722935497 -47.825074974894534
-1154.5741548390686 -45.847671095728884
-1154.1137980373203 -45.161781970858584
-1154.982422247678 -44.32928556621076
-1155.584481731206 -42.84001189887525
-1155.5024002940952 -40.84368426024915
-1154.9977508933841 -40.138941709399234
-1155.7770313771068 -38.15881878554822
-1155.9771304430067 -36.175344888567935
-1156.3921524585783 -34.268661920428286
-1155.994293898493 -33.65367162644864
-1156.5430896581709 -32.87901550948621
-1155.7669956983625 -30.925819579958926
-1156.1980504097044 -29.102871720194827
-1155.4548182787 -28.50327212035657
-1155.4940305688976 -26.54506761252881
-1155.960748437941 -24.696919028162966
-1155.487185690701 -23.018251602053653
-1154.8338446953892 -21.018728200793277
-1155.120379422009 -19.251362745165835
-1155.8320356944203 -18.308809046149264
-1156.462538037598 -16.32309747159482
-1156.6738264301418 -15.726759735941897
-1155.8812337258457 -14.1573222321272
-1156.5565948823094 -12.589377824664126
-1156.8087967970966 -10.624133889079104
-1157.2513062098622 -8.896661226153384
-1157.7603248694538 -7.449366752505313
-1156.8348598220944 -5.522260848879824
-1157.38865873605 -3.58594292819501
-1156.9546479025482 -3.0016425889730556
-1156.7620088496803 -1.195542697310458
-1156.0268932023644 -0.537140254378329
-1155.5198781529068 0.6359173017740147
-1155.1514058747887 2.4160252767801182
-1154.5552492180466 4.09167074739932
-1154.1039906480908 4.6940737920999425
-1153.7100316920876 6.575573917031278
-1153.324133966267 8.497374768853177
-1154.16276237756 10.460636969208707
-1154.5478662589192 12.251282568573941
-1154.0040856936573 14.161095257401456
-1153.9049879947304 15.45767187654971
-1154.7985377350449 16.141900892853727
-1155.6124644914269 18.135049458146085
-1156.324761096537 19.054981406331052
-1156.0825383999943 20.411502893567075
-1155.5692319014668 22.407161291241636
-1155.171814534962 23.049413498044004
-1154.8893573620915 24.659932072758664
-1155.5320959427952 25.44287675201892
-1156.2640247681736 27.105286176800718
-1155.743475768864 29.08584993660449
-1156.5582043865322 30.916398819088926
-1157.213929210007 31.634240146279325
-1156.45495424062 33.615112300515165
-1157.1392805317043 34.272162135243406
-1157.1162616463005 35.997262414097776
-1157.3581056149303 37.9944875794649
-1157.836984232217 39.91121011555194
-1158.3852119000255 40.94201355755328
-1157.7594859154522 41.66679244816302
-1158.3195890934765 42.28549652874469
-1157.4298156650364 43.10126959860324
-1157.3221244515478 44.85572802603244
-1157.048095613867 46.38831698477267
-1156.3877657355367 48.07769393503665
-1157.0683330000936 49.97410726130008
-1157.6008384527265 50.57564311802386
-1157.6428050661086 51.57662373363971
-1157.613571871221 52.18894320309161
-1158.2095670589804 53.93006139576434
-1157.9090197572111 55.738536890149106
-1158.0383543261885 56.54058593094348
-1158.6451918968557 57.890493448376645
-1159.1792541632055 59.65071612179278
-1159.6542979070543 60.302255089879026
-1158.8123192974924 61.162366505265226
-1158.634968806207 63.12875711500644
-1159.014625121057 65.09218215525149
-1159.1558087208866 67.0803127247095
-1159.0535507538914 68.71993445932864
-1158.8601068297028 70.29443478167056
-1158.4401160517334 71.85185968458651
-1159.5220069923996 73.75572835981845
-1159.5916199722885 74.27047818481921
-1160.4757954517006 74.73173260271548
-1161.0657026806473 76.55857538759707
-1161.4166587629913 77.89031910479068
-1162.8677841463684 79.0243349033594
-1163.5436049738526 79.9987812000513
-1165.4732297697662 79.54224311888217
-1167.1133137980103 79.0184447723627
-1167.6728164592384 78.8281565862894
-1169.1088878551125 78.59693342030047
