-1190.34 -216.27
-1191.287768807411 -215.84305085659028
-1192.595589723587 -215.3070662212372
-1193.7288354301452 -214.6805333685875
-1194.6737961435317 -214.21880864024163
-1196.6728133821487 -213.60823904395104
-1198.634929742813 -212.6739406478405
-1199.1669906044006 -211.36193679690362
-1199.755328145027 -209.7297565829754
-1200.8163674736022 -207.78258239150048
-1201.425359454155 -205.83472358107568
-1202.2869814300536 -204.20349227309228
-1202.9732011818885 -202.20546733260156
-1202.6027219855785 -200.2059060227871
-1203.0010006392001 -198.2102469098568
-1203.663714107275 -196.21095930457116
-1202.8627186381816 -194.3368624341488
-1202.7472325602173 -192.35597823977471
-1203.2314380744099 -190.37782644152642
-1203.8556390741467 -188.81626867175103
-1204.3011827507614 -186.82581972002984
-1204.7907427588104 -184.84107993960382
-1205.0562380889057 -182.8663189303875
-1204.839388076365 -180.90368293643
-1203.8932743111252 -178.92992268919946
-1203.960235107839 -176.93804215312005
-1203.7437891253828 -174.94744395136834
-1204.3158420214056 -172.9542026412487
-1204.8154554256796 -171.00066517710687
-1204.7417243906855 -169.03128348708154
-1204.402995634973 -167.0596625697613
-1203.6471283325552 -165.07934402346612
-1203.9883180150389 -163.0858631026745
-1204.2502788493036 -161.24284695506097
-1204.7474505493044 -159.6243140590191
-1205.1687497386336 -157.65511392474176
-1204.201006580293 -155.69124316096307
-1204.6251394340395 -153.7063236129284
-1203.694394428432 -151.72836207270623
-1202.881332118213 -149.73494337916375
-1203.4970040509104 -147.73511694788934
-1204.0971431323885 -145.74867652773858
-1203.2329634615778 -143.76043020606042
-1202.4954757878183 -141.8031711471081
-1203.0751687476038 -140.17937039256097
-1203.37994076699 -138.18146489977838
-1202.6635142752527 -136.19893359065057
-1203.3678969928621 -134.41422163367272
-1203.1398098656534 -132.4202468287945
-1202.563247937858 -130.42464422106744
-1203.2692613789438 -128.4254317176342
-1202.515780288875 -126.42748593211175
-1201.875420052707 -124.49166845202447
-1202.6798218676447 -122.50275694251062
-1202.353630054891 -120.60042320609094
-1201.929556775987 -118.612396825552
-1202.3182764539122 -116.62177859663964
-1201.8743762263655 -114.62389503836633
-1201.9472267591952 -112.64003502249719
-1202.630887147188 -110.74309252619744
-1202.3696334326266 -108.91738938212396
-1202.9461620414256 -106.91844116568566
-1203.523234721422 -104.93045174002648
-1204.0427157843112 -102.94662319540979
-1204.3318701946735 -101.01013504385949
-1204.7060261034965 -99.40205441832543
-1204.00815751791 -97.49098967432977
-1204.5204785728454 -96.284351695776
-1204.7741436624526 -94.31414686560632
-1204.138860669136 -92.48551916003228
-1204.5220248961448 -90.93285893321038
-1204.9911071324348 -89.61108921885491
-1204.447025206089 -87.65184985518457
-1203.5853809976577 -85.70429121375085
-1203.8362693452834 -83.78766619086267
-1203.1796252393722 -82.38745867133142
-1203.2857626268267 -80.4878793847561
-1203.899417836368 -78.76733003973962
-1203.6111390778422 -76.77659081339837
-1203.1092691013216 -74.78247975230218
-1203.7261522600054 -72.81608628153802
-1203.1132554599642 -70.842790235281
-1203.6531214901804 -68.90685044646264
-1204.1723255702852 -66.92171703696252
-1203.2946501561999 -64.95516954779626
-1202.7537283489107 -63.363880861997615
-1202.5889765956997 -61.36630021452905
-1203.2280375102162 -59.36724399447442
-1203.8567688801884 -58.5661971461773
-1203.0931910017132 -56.96302675127984
-1203.6438389757275 -55.39762328982354
-1204.0823581257462 -53.40327845931054
-1204.3407374063133 -51.45399342894555
-1204.8073591032623 -49.47663222670556
-1203.8746720591187 -47.5064808022976
-1204.263199005425 -45.515410054922114
-1204.6439176538586 -43.748481739759455
-1204.8040822932123 -42.0809836280346
-1205.1881125757097 -40.11276244044305
-1204.365027386844 -38.19747947573663
-1204.705328542888 -36.22430085062982
-1203.8881797978281 -35.4156399857998
-1203.5576600322127 -33.428023566007624
-1202.8548318633436 -31.43488179564477
-1202.6899853238463 -29.46731840491296
-1203.3923731932043 -27.55175887465478
-1203.9758679756521 -26.71384941458703
-1203.2128882297873 -24.74859486937524
-1203.8443080076574 -22.852790464162837
-1203.1884962806105 -20.860650647878657
-1202.995027590692 -19.394639600515376
-1203.6476788410544 -17.3953865659237
-1203.8925617823004 -16.51166688323022
-1204.439238179624 -14.521555770635615
-1204.0889869222044 -13.434006680250178
-1204.3523722180723 -11.447522152662287
-1204.099084932506 -9.51417719244958
-1204.1789325365423 -8.016476501226435
-1203.2842995414137 -6.031525481939326
-1202.6878954657911 -4.043339241743098
-1202.2364668437838 -2.0600383174419505
-1201.6170943567156 -0.08338688731194566
-1202.4596865960955 1.0149470674991505
-1201.7977354118227 2.9100295412540333
-1201.4501687178015 4.902766357660283
-1202.189712215364 6.82582319855689
-1202.7431374081968 8.725944887399663
-1202.0619312414526 10.646494518518438
-1202.3615617641806 11.24519313454627
-1202.0864529797434 12.350749026536931
-1202.8228625246882 14.315360199213018
-1203.4090748021006 15.227388273477544
-1203.0198928305506 15.915662060976018
-1202.291333157718 16.68744302868842
-1201.9887467214464 18.685497056245794
-1201.4067012259363 20.479917298555364
-1202.2602783629297 22.382512580156316
-1202.2791035325824 24.36205912709235
-1201.6411820800602 26.31576062321662
-1201.1905527563392 28.296837936639776
-1202.0827529878914 30.038003813028325
-1202.4498574288189 31.432715665101995
-1202.5483206661045 32.81382895588874
