-1190.34 -216.27
-1191.3247239255904 -215.59850152254106
-1191.9641748929023 -216.06818624258042
-1192.7966639065742 -215.3030247282982
-1193.9951207900046 -214.79538126707078
-1194.6024239325523 -214.0500053358078
-1195.8126961255073 -213.4219554257393
-1197.6061842703818 -212.89869834899903
-1198.1695617103576 -212.46129896163941
-1198.7680859231948 -211.87092639923097
-1199.2600828969478 -210.1758198928833
-1199.120500382185 -209.65166105747224
-1199.1119661295413 -207.72641577243806
-1198.8608547413348 -205.92091478824617
-1199.7006049120425 -204.22569527149201
-1200.7283396685123 -202.32605959892274
-1200.286836322546 -200.3986883354187
-1200.4269805663823 -199.34864260673524
-1200.6807195061444 -197.3840081882477
-1200.788873490095 -195.72335495471955
-1200.3411824071406 -194.0214055967331
-1200.0502376818656 -192.15044667243959
-1200.4364039266109 -190.928464550972
-1200.035672482252 -190.34219362258912
-1200.8316766583919 -189.34328259944917
-1200.4038143718242 -188.6471180510521
-1200.1287258529662 -187.34486659288407
-1201.0769927763938 -185.42970307588578
-1201.7674330735206 -183.48663612127305
-1201.192741062641 -181.98564668416978
-1201.8099937701224 -180.28518267393113
-1201.2877776885032 -178.30986948728562
-1201.4674230778216 -176.35440798521043
-1200.9339106047153 -175.42976947546006
-1201.7687495315074 -174.83005841493608
-1201.6747698971628 -174.23301949024201
-1201.14005710572 -172.29957832813264
-1200.6484949180483 -171.70117332458497
-1200.279738176763 -170.12993325710298
-1201.265123952329 -168.1855535697937
-1200.769794870317 -166.34275092601777
-1200.731502611339 -165.70780410289765
-1200.2878436633944 -163.74464311122895
-1201.2807691285013 -161.83447637081147
-1201.8602689692377 -159.99396194934846
-1201.5833175966143 -158.2181395483017
-1202.2192905136942 -156.40175761699678
-1202.1686326825618 -154.88195075511933
-1202.2012713068723 -153.75628294467927
-1201.5705706590413 -151.8422473859787
-1202.2357471102475 -150.9486370277405
-1201.6062954777478 -148.9844731283188
-1201.639830958247 -147.03288092136384
-1202.1828008407354 -145.38049830913545
-1202.8951206320523 -143.5324374628067
-1202.1806379669904 -141.68891515254975
-1201.9647161030769 -139.69992770671846
-1202.7386906409263 -138.9078996372223
-1202.0716056489944 -137.07380964279176
-1201.4629847073554 -135.09131218910218
-1200.9623834753036 -134.38985635757447
-1201.189970832467 -132.41260029792787
-1200.7165407949685 -130.43454696655274
-1201.4241009169816 -128.7967403125763
-1201.0211329871415 -126.81235434532167
-1201.1399434173106 -124.88125445365907
-1201.1331451797485 -123.45654477596284
-1200.6329084300994 -121.54271139621736
-1200.9365015888213 -119.55370273113252
-1200.405914273262 -117.63436235904695
-1199.9952036106586 -116.77281047821046
-1198.4596637451648 -115.15319861888887
-1197.7637326681613 -113.56257309436799
-1195.9972387516498 -112.23734988689424
-1194.85657345891 -110.5557393026352
-1193.9589975440501 -108.78694118976594
-1193.6753802263736 -107.18456663608552
-1191.7406765186786 -107.46240528345109
-1189.8525615894794 -107.53432043313981
-1188.0447072947024 -107.02880247354508
-1186.1214921438693 -107.41745470881463
-1184.5083848202228 -107.59135090231896
-1183.8621556723117 -106.49914454340936
-1183.0687848889827 -106.25246712982656
-1181.099458631277 -105.35227737247945
-1180.0631403291225 -105.93280211508275
-1178.0960478150844 -105.06215325415135
-1176.0991125667094 -104.40631404936315
-1174.118315514326 -103.83155271828176
-1172.173732098341 -103.63722326278688
-1170.1835759246349 -103.8005840522051
-1168.2241352164745 -103.44757613956929
-1166.8018745744228 -102.62858340561391
-1165.6656702125072 -101.52746925175191
-1164.0051056706905 -101.22212508738042
-1162.8792251908778 -99.48602953970433
-1161.8488758170604 -98.003490601182
-1160.9977605307101 -96.32083478987218
-1160.9928339795767 -95.20588329851628
-1160.2863740997016 -94.55082264959813
-1159.6789695696532 -93.76432553350926
-1160.4775524811446 -91.89754251062871
-1159.8208141998946 -91.18922034323217
-1159.3516732828318 -89.23943964064122
-1158.8490567581355 -88.63542655527593
-1159.6873954312503 -86.90484121859075
-1160.5276615397631 -86.21147737324239
-1160.0444004313647 -85.39892837822438
-1160.9463122861087 -83.55505714237691
-1161.7441209332644 -82.70885274231435
-1162.0553795473277 -81.82514062941075
-1162.5026180820166 -79.84231594622136
-1163.0592742042243 -77.84567311823369
-1163.4460692183673 -77.04036847174169
-1163.9074210004508 -75.36549273550511
-1163.782819174379 -73.420980129838
-1163.3051697538792 -71.45822742998601
-1163.5723078177869 -70.56188902676107
-1163.61287678048 -69.30479953110219
-1162.6868039445578 -67.82838878452779
-1162.8701822386681 -65.8954132539034
-1162.5211127029359 -64.25348231613637
-1161.72036936149 -62.355136249661456
-1162.4067304955422 -61.71695468246938
-1162.577283822149 -61.09423986494542
-1161.926305256933 -59.69840112745763
-1161.467146180719 -59.02679387152196
-1161.001449547857 -57.22893754065038
-1161.7176207529008 -55.88411274969579
-1161.0498754011094 -54.647737894654284
-1160.6373134182393 -54.03106871664525
-1160.0842451380192 -52.15689459860326
-1159.6071750746667 -50.384742532372485
-1159.0800131784379 -48.47378924906255
-1159.3437478469311 -46.70302179872991
-1158.89173131451 -44.939578567147265
-1159.8185848520695 -44.30726865351201
-1159.2796441839635 -42.8310839277506
-1158.9109638260304 -41.11566904604436
-1159.4848927782475 -39.13828590929509
-1160.2680916713177 -37.20425847589971
-1159.6290818975865 -36.30539825975896
-1159.9352716134488 -35.7103147250414
-1159.3354250119626 -34.53886101067067
-1159.6350405739247 -32.6074049216509
-1159.0910856054722 -31.65253702223302
-1158.778117917627 -29.91641620218755
-1159.535771690458 -28.307833109498034
-1160.0241226182877 -27.689240191578875
-1160.7901976333558 -25.82122847855092
-1160.092467509359 -23.829894159436236
-1160.6669515000283 -21.840243433117877
-1160.0818037615716 -19.885030124783526
-1159.5610788093506 -17.927291248440753
-1159.081578426212 -16.037496064305316
-1159.9211623595654 -15.018663380742083
-1159.4094717429577 -13.023992035985003
-1160.1545959638058 -11.027391646504412
-1159.520357363075 -10.20684621155263
-1159.7210030333697 -8.233323190808306
-1160.2502425090968 -7.2253910046815975
-1159.6456139461695 -5.848053310513507
-1158.9596960322558 -3.848639701008807
-1158.3723878638446 -2.145775530934344
-1159.0635311381518 -0.23930225193501542
-1158.7032576875388 0.3993842858075993
-1159.3157491759955 2.323530938029279
-1159.9559098558127 2.936531211733808
-1159.2244249658286 4.92805471599101
-1158.6620940046012 6.441155578494062
-1158.0984215216338 7.180035378336896
-1157.8121426181494 9.085070039629926
-1157.619636632651 10.753141548037519
-1158.5881604926287 11.331023659110059
-1158.03222606346 12.699032868742933
-1158.9145861642062 14.556096281409253
-1158.429649002999 15.19902708709239
-1159.2712607459723 15.84371336877345
-1158.85267869398 16.64271649301051
-1159.631976403445 17.44047829091548
-1159.1090103165805 19.277868594527234
-1158.8755780236422 20.112303580641736
-1159.2065029518305 21.417774404883374
-1158.678252376765 23.08397969186305
-1159.4829327838122 24.84104069650172
-1160.1841563360392 25.818367864489545
-1160.8182865159213 26.436638798117627
-1160.034229017943 27.036408628821363
-1160.657920397967 28.084954466223707
-1160.8071948067843 30.076013769507398
-1160.8247902320325 32.040614451766004
-1160.8138937728106 32.639045442938794
-1160.6557551847397 34.37067755639552
-1160.077769898027 34.967831339240064
-1159.3431743608414 36.796004022955884
-1159.422365144044 38.64609142720698
-1160.1361406596004 40.541219200491895
-1160.7091390641033 42.5007488387823
-1160.0670761616527 43.313109602332105
-1160.3471022100746 44.243212010264386
-1159.6450574846565 44.877002801299085
-1159.1221300216018 45.588434841036786
-1159.8024363966285 46.22512921273707
-1159.1254336090385 48.029423322081556
-1159.5441137106716 48.681265916228284
-1158.9104494602977 50.37063857495784
-1159.6560602338611 51.79828688085078
-1159.0277015717327 52.50675722539424
-1158.4352103622257 53.64495846211909
-1158.7335796506702 55.63382657945155
-1158.1646205337345 57.214768614172925
-1159.0589482934772 58.78716370046138
-1159.1579787434637 59.392622436881055
-1158.5638652147352 61.38654085576533
-1158.1347735227644 63.31227823674678
-1157.9748918415605 64.21825369775294
-1157.4980607332288 66.0032072919607
-1157.0967177452146 67.39243909299373
-1158.0906182827055 69.12745460450648
-1158.1908200086652 70.10491057813167
-1159.0300675930082 71.02904447495936
-1159.8345457614957 71.64186539828776
-1159.7012727709114 73.13228633582591
-1159.6823218168317 74.49782147586345
-1160.6153194011747 76.30691507041453
-1161.894056469351 76.83197959840297
-1162.811582237631 77.99253674924373
-1163.6350938381254 78.62859305322169
-1164.3574708999693 80.03553685128688
-1166.1467268766462 81.10256871163844
-1168.110842257887 81.11801400363444
-1169.9462213815748 80.82057419002055
