-1190.34 -216.27
-1192.1966888570785 -215.11311509132386
-1194.1326936149596 -215.32513700842858
-1194.649657037258 -215.0410078060627
-1194.92196413517 -214.8347129714489
-1196.5635194444656 -213.6904613864422
-1196.744570043087 -212.63096248030664
-1198.2354127430915 -212.03774790883065
-1198.6487698221206 -210.37033336281777
-1198.5703096950053 -208.48882405877114
-1199.798860963583 -206.60362331986428
-1199.7452209258079 -205.70606451153756
-1199.449624236822 -203.84272580266
-1199.963630195856 -202.0036360514164
-1200.8957239949702 -200.6206354391575
-1201.4965876305102 -198.91807716012002
-1202.2188127601146 -197.23090319752694
-1202.1463325807451 -195.30690364956857
-1201.5282696077227 -193.49679713368417
-1202.3619042822718 -192.68314241290093
-1201.718340832889 -190.68720744967462
-1201.151606876552 -189.93830489039422
-1201.3608660289644 -188.78237604022027
-1202.2073486039042 -186.79376636862756
-1202.9668260404467 -184.7963442695141
-1202.267899353206 -182.84167991995812
-1202.6878705212473 -181.8653636467457
-1203.3274164387583 -179.88187067627908
-1203.937184292972 -177.90418021798135
-1203.1290130206942 -175.91365807175637
-1203.7419799157976 -174.10265247941018
-1203.1131865569948 -172.13729779839517
-1203.0874572379141 -170.71852474331857
-1202.3442109210043 -168.89360313534738
-1201.7136520726233 -166.89453892827035
-1201.4043713194876 -165.11300914406777
-1201.0688515884428 -163.35735671639443
-1200.701643763259 -162.54809444069863
-1200.3774740380793 -160.6167997610569
-1201.3293977064639 -158.65041415810586
-1201.40038643606 -158.02558015704156
-1202.0356160832196 -156.04301487326623
-1202.310749752596 -154.05956696391107
-1201.8268841338902 -152.11828206896783
-1202.6080127788334 -150.1541449916363
-1202.9889294040947 -148.18585370898248
-1202.849373890236 -146.19909500002862
-1202.1908166540413 -145.48567776799203
-1202.2186483947187 -144.83949642300607
-1202.7272052375226 -142.8417835724354
-1202.0332468954473 -141.5911696445942
-1202.4239587990194 -139.6339902174473
-1201.82604487814 -139.00147347569467
-1201.5945891050249 -137.21395616650582
-1201.2675721851735 -135.25685982823373
-1201.0704327581077 -134.2924738419056
-1201.961277341619 -133.37852977633477
-1201.5402239022403 -131.41674469828607
-1201.3697117177396 -129.45994948267938
-1202.1062903610616 -127.70631169199945
-1201.5396572557836 -127.05535243868829
-1201.0822037068754 -125.15275393843652
-1200.609744331017 -123.27886937975885
-1201.5485674349218 -122.66539489150048
-1202.2535538283735 -120.959449518919
-1202.8487265912443 -119.95029972910882
-1202.1457211581617 -118.74384008765222
-1201.7437858191877 -116.81851338267327
-1202.3109504190832 -114.82438670516015
-1201.978166213408 -113.9005100619793
-1201.7241626588254 -111.91845392107965
-1201.2909188774972 -110.90864395022393
-1201.7380641011148 -109.71320544600488
-1202.1553422717004 -108.29160128951074
-1202.8679258731752 -106.70873295187951
-1203.423441639319 -104.82609318614007
-1202.7486920265108 -103.25076424002648
-1202.0622955469041 -102.07291423201562
-1201.453311195746 -101.20571087718011
-1201.489690741673 -99.2233267915249
-1202.320367058888 -98.48774837374688
-1201.682337006703 -97.52798758864404
-1201.7963855100422 -95.53597294211389
-1201.5365166497975 -94.4917936217785
-1201.4272204322367 -93.15340136408807
-1201.7983383817225 -91.90916727900506
-1202.2650842053442 -90.48544787287713
-1202.1852296126633 -88.48772572398187
-1201.568725420311 -87.14239238619805
-1201.6845269782095 -85.16685794711114
-1201.4714802337437 -83.18235277056695
-1200.9580665064602 -81.35508095145227
-1200.6497258079796 -79.5297711980343
-1200.3633401823788 -77.64027820944787
-1201.3576030565052 -75.77613853335382
-1200.9528328014164 -73.7893838775158
-1201.1326936317234 -72.09182702422143
-1201.8676011992245 -70.11449729323388
-1201.3669795823841 -68.3735222709179
-1200.869250698164 -67.73646323800088
-1201.6620929075032 -66.26634256958963
-1201.7490887326746 -65.55121837973596
-1202.524189857915 -63.56022166132928
-1201.889834491685 -62.00005482554437
-1201.3508680743723 -60.04487298846246
-1201.9611360115557 -58.10897849917413
-1201.3868975324183 -56.199679363966
-1202.2079965753107 -54.430427778959285
-1201.6674573702364 -52.52792548060418
-1201.2230384034663 -51.86610143303872
-1200.8885726017504 -51.22165839791299
-1201.6961481256037 -50.62767087340356
-1202.1240093690901 -48.901608217954646
-1202.8287221176176 -46.97351108908654
-1202.9309853149205 -44.973624814748774
-1202.4161352945118 -43.01570807814599
-1203.1064338517933 -41.083047379255305
-1202.6679351163655 -39.33211921572686
-1201.9862826896458 -37.35112642169
-1201.4131620956211 -35.94861410975457
-1201.7538685632496 -34.02061437487603
-1202.2763488126545 -33.22006820559503
-1201.6786663962155 -32.50298737406732
-1201.1661467982083 -30.51026808142663
-1201.604886246994 -28.983512629270564
-1201.7098063958435 -27.609002698659907
-1202.463755859211 -25.704512823820124
-1202.2803706062584 -24.448171008825312
-1201.6513728631287 -22.834356178045283
-1202.4785824549942 -21.83900915503503
-1201.9431013596802 -20.44232832312585
-1202.7351455224305 -18.705430735349665
-1202.2847044897824 -17.170484651327143
-1202.8491740060597 -16.471941937208186
-1202.3493037653714 -14.983705271482478
-1202.9513835740834 -13.856648434400569
-1203.0783871842175 -13.003841627836238
-1202.6147865188866 -11.361884702444087
-1203.1372015012055 -10.593769420385371
-1203.564337266758 -9.994606901407252
-1204.0588506592064 -8.250782896280299
-1203.7636386287957 -7.4677648437023265
-1203.9314126951247 -5.959371913671504
-1203.64766669102 -4.001191724538813
-1203.8815505189448 -2.035544503927241
-1203.2473130507021 -0.0951437842846019
-1202.477717725709 0.521164845228185
-1203.0982039851694 1.8472686517238515
-1202.5214639586954 3.8457844960689442
-1203.1101957840472 5.835271428823461
-1203.7357758564501 7.828781436681737
-1204.2610073370486 8.865060161352147
-1203.3602875752001 9.74129350066184
-1203.7013408822565 10.4217903125286
-1202.9075965566187 12.097808669805517
-1202.1949848813563 14.07620150923728
-1201.9048621935397 15.561570953130712
-1202.076898170784 17.2229457604885
-1201.5335486663132 19.21894891142844
-1202.3395781052857 21.192048023939122
-1203.023085070923 21.822293947935094
-1202.973167175576 23.301815460920324
-1202.3051264231651 25.19191832423209
-1202.2276824658363 26.10619385123252
-1202.8419023101776 26.99375314593314
-1203.1374784057587 27.72471417069434
-1202.5961764400452 28.44607795357703
-1202.2316229289024 30.041418682336797
-1202.6527881865948 31.39556480526923
-1203.2112418656795 32.0685033905506
-1203.7080438976734 33.17226589798926
-1202.9267219548672 35.020468484163274
