-1190.34 -216.27
-1192.2684790754317 -215.59934683561326
-1194.2679080629348 -214.90197070360185
-1196.132192339897 -214.14150716781617
-1197.7642669343948 -213.3145893406868
-1198.393571999073 -212.16908009767533
-1199.8244418168067 -210.5150812458992
-1200.239064362049 -208.56944080114366
-1200.2735633218288 -206.60845669031144
-1199.9003702664374 -204.96968062639237
-1200.224731531143 -203.01477130174638
-1200.6136148834228 -201.05734582662583
-1201.4770158195495 -199.08783384084703
-1201.1220135951041 -197.1277546477318
-1202.0297308826446 -195.34333093881608
-1201.748861786127 -193.34826167345048
-1202.4749429786204 -191.35774381875993
-1202.5205029213428 -189.35815795183183
-1203.2416705453395 -187.35910077810288
-1203.7619309985637 -185.3643403840065
-1204.318366345167 -183.37267502069474
-1203.4373586142062 -181.38990195512773
-1204.006149109602 -179.39613660097123
-1203.3865829670428 -177.40835161924363
-1203.9861207568645 -175.41701932668687
-1204.1300580316781 -173.4281594347954
-1203.3532982879876 -171.44675799131394
-1202.8458301240205 -169.45781262636186
-1203.0416683369874 -167.458149869442
-1202.6220684462785 -165.50230522871018
-1203.1651407295465 -163.50275059461595
-1202.6671826654672 -161.6754452776909
-1202.6849866510927 -159.68190284490586
-1203.2793542744218 -158.19889672517778
-1203.4738231004774 -156.54521413564683
-1204.0105427803098 -154.55775423765184
-1204.431060284525 -152.57132657289506
-1204.3286807613074 -150.5898831677437
-1204.3276821450888 -148.60612257242204
-1204.0938526020943 -147.2133475136757
-1204.592453263849 -145.22799642801286
-1204.14943435058 -143.25141437768937
-1204.1085482315718 -141.26603348970414
-1204.2295838819443 -139.28394349336625
-1204.3219613061844 -137.30267484903337
-1203.8992255853116 -136.5151536655426
-1203.0996340440213 -134.52409197807313
-1203.691349916309 -132.5250141811371
-1203.778630323857 -130.53329123973847
-1204.1679972188174 -128.54067768573762
-1204.680733360499 -126.5912801218033
-1204.187758423537 -124.62162091255189
-1203.9455976562201 -122.84036876678468
-1204.4922205285727 -120.8494109106064
-1204.9585191087424 -118.86806168079377
-1205.181523747891 -117.43435945034028
-1204.228147395104 -115.474949259758
-1204.6978405193984 -113.4907704782486
-1203.7964462713896 -111.58273722648622
-1203.145077355355 -109.59989025115968
-1203.7100743727385 -107.63816740036012
-1204.259305782765 -105.64430548667909
-1204.760325797051 -103.83372666358949
-1205.1241366939246 -101.89200808525086
-1205.1212578193843 -99.92598011016847
-1205.1954258756339 -97.96213807582856
-1205.3707303778826 -95.99793424129487
-1204.524142243117 -94.26803364276887
-1204.569681085795 -93.15211870193482
-1205.022740729302 -91.17852975845338
-1205.3144739346205 -90.14027573585511
-1205.6603642480075 -88.23654164791108
-1204.5867808835208 -86.29378642559053
-1204.7805166916548 -84.3191203069687
-1204.709631331414 -82.34690727710725
-1204.2158291713893 -80.41257299900056
-1204.595270462483 -78.4281883430481
-1204.2967248933016 -77.12809695720674
-1204.7788386718928 -75.14511360645295
-1205.1879943089186 -73.17391552448274
-1204.7939447538554 -71.22554280281068
-1203.9137597458064 -69.98220672130586
-1204.4655069486796 -67.99105383872987
-1204.9264758007228 -66.01347090721131
-1204.1962890402972 -64.0492456150055
-1203.3056422846018 -62.10154058456422
-1203.7599454002082 -60.10770549297334
-1204.2872649507224 -58.17376591682435
-1203.641054637879 -56.248992342948924
-1204.2000314073264 -54.25508954048158
-1204.7014089898764 -52.2697479915619
-1203.7440500335395 -50.78493155956269
-1203.09218020007 -48.79591156959535
-1203.7100448684394 -46.875082511901866
-1204.2151871995627 -44.8824234199524
-1204.4885984139144 -42.942452092170726
-1204.9141595439612 -40.966566700935374
-1204.0312506632506 -38.99450554370881
-1203.8423682527243 -37.0196601343155
-1202.9912475423514 -35.04418816089631
-1203.5099955277144 -33.045004267692576
-1204.0004301147162 -31.049406785964976
-1203.186832256764 -29.166313667297374
-1203.5454015509783 -27.18771960258485
-1202.784977235049 -25.19521834373475
-1202.5065275804698 -23.65691520690919
-1203.215328015536 -22.182999153137217
-1203.8391284720599 -20.187316675186167
-1203.1941405312716 -18.240086097717295
-1203.6858444587886 -16.24774362564088
-1202.87608847782 -14.25525071144105
-1203.5543456451594 -12.263732690811167
-1203.8857026176154 -10.270920057296763
-1203.097420103997 -8.280518670082103
-1203.7476103381812 -6.625534076690684
-1204.3162688092887 -4.639954347610484
-1204.2564368771016 -2.8706455421447856
-1204.759557955116 -0.9469976615905864
-1203.823862068504 1.0270950603485005
-1204.3823412583768 3.000415425300588
-1203.5563578532635 4.965522866249074
-1203.8856001423298 6.960537891387929
-1203.546687297672 8.911063413619985
-1204.1193004773556 9.548217754364003
-1204.5793309436738 11.525061349868764
-1204.0557235704362 13.389730911254873
-1204.577352784723 15.302323560714711
-1205.0312568174302 17.256317954063405
-1204.3723373638093 18.591077666282644
-1203.493821285814 19.426717023849477
-1203.825135640949 20.35413978576659
-1204.371769838184 22.346010189056386
-1203.5654474423825 24.128995518684377
-1203.8349887059628 25.812847595214834
-1203.4336995409428 27.700189571380605
-1202.6575993822514 29.514364461898793
-1203.3362818883359 31.382361512184133
-1202.653713159412 33.37526164531707
