-1190.34 -216.27
-1190.941398706436 -215.697565574646
-1191.9482897186278 -215.10389097452165
-1193.6866416597366 -215.97386451482774
-1195.507004585266 -215.2075776052475
-1196.0722192788123 -215.03489198207856
-1197.1722229981422 -214.0591058921814
-1199.0985960030555 -213.00939299583436
-1199.4665866756438 -212.6911241900921
-1200.3874376678466 -210.85143958449365
-1201.2683506274223 -209.08113108992578
-1200.7696002388 -207.12418149828912
-1201.6401576662063 -205.31089304804803
-1202.2298530006408 -203.3228220832348
-1201.710737850666 -201.34437893748284
-1201.3325152361392 -199.35149787783624
-1200.8246909344196 -197.42769919753076
-1200.6984740906953 -195.4511738908291
-1201.5274573379754 -193.90982531428338
-1202.2353854590654 -193.2777141225338
-1201.6237497740983 -192.50908773064614
-1201.0656035357713 -190.52038745999337
-1201.7296859437226 -188.57650737881661
-1201.1571362429856 -186.5830412399769
-1200.903216999173 -184.61981110692025
-1201.7760287338494 -182.66887073636056
-1201.604520779252 -180.92056648850442
-1202.2871382051705 -179.03124539971353
-1201.64642773211 -177.035379101038
-1201.3796917313337 -176.197053719759
-1200.9127386325597 -174.7392946970463
-1200.7170482838153 -172.77997295975686
-1200.8604573869704 -171.05941002488137
-1201.7519253754615 -169.08401625275613
-1201.3379951381683 -167.09104268670083
-1200.8748597764968 -165.10913031220437
-1201.1603991651534 -163.7225960981846
-1202.0319009685516 -161.7701668035984
-1201.4203253054618 -159.7746161711216
-1201.2770003938674 -157.81252794384957
-1202.0415813589095 -156.64152519822122
-1202.3508408629893 -154.8254739534855
-1201.7720483505725 -153.18982284188272
-1201.4075185918807 -152.43361424326898
-1200.8785895371436 -150.449777354002
-1200.4159893655776 -148.55066763281823
-1201.3575343751907 -146.7335201394558
-1201.8187364304065 -145.72420560240747
-1201.2824543082713 -144.30022572398187
-1201.599226053953 -142.31693159461022
-1201.611911457181 -140.34434543967248
-1201.1332304888963 -138.36546515345574
-1202.015099208951 -136.94518755793572
-1201.4029713088273 -135.07898734927178
-1201.6890937799214 -133.32389592051507
-1201.1778986567258 -132.38654755473138
-1201.1807502770423 -130.40454028964044
-1200.6991736853122 -128.43494402289392
-1200.319259699583 -127.83734314560891
-1200.2746503913402 -125.9845623266697
-1201.2247841918468 -125.17301254391671
-1201.8401589953899 -123.20055322766305
-1202.4411939942836 -121.20686869740487
-1201.7821158730983 -119.20771758675576
-1201.6772559547423 -117.35082047104837
-1201.350347008705 -115.52693503022195
-1201.118749808669 -114.87619607567788
-1201.9283811563253 -112.89655845284463
-1201.3429909461736 -110.90135698437692
-1202.1703404301404 -108.9495111000538
-1202.4278130048513 -106.95867185711862
-1202.7411316150426 -104.99557559609414
-1202.799315687418 -104.01816277623178
-1202.1078797543048 -102.07241718888284
-1202.5690972471236 -100.12289564728738
-1201.9358364009856 -99.33100460886956
-1201.434739794731 -98.30346940875054
-1200.9551986718177 -96.92705773234368
-1200.5180274510383 -94.99086116671563
-1200.1128450894355 -93.06325684905053
-1199.7618001663684 -91.51312600493432
-1200.328232821226 -90.46255992770196
-1201.2872697675227 -88.51211570620538
-1202.1681365334987 -86.54693149447442
-1202.857679721117 -84.69005094885827
-1203.4667635524272 -82.74557696700097
-1202.6875268781184 -82.08388321518899
-1201.993409153223 -80.0842892420292
-1201.49492272377 -79.33638965010644
-1202.1936557555198 -77.34780966162683
-1202.9112777376174 -75.38752185225488
-1202.5584829115867 -73.83801590323449
-1203.2597523593902 -71.8830381524563
-1202.6680462622642 -70.51979409575463
-1202.8228379154205 -69.80807136416436
-1203.1118654572963 -67.8085398566723
-1202.780541177988 -67.018591452837
-1202.2014082038402 -65.9069427740574
-1202.0088174307346 -63.91030662178994
-1202.6146848762035 -61.9199301493168
-1202.5516037681698 -60.255062032938014
-1202.061678622067 -58.346909214258204
-1201.449562166035 -57.53135376095773
-1201.1778554061054 -55.54207425236703
-1201.7530282476544 -53.691927720308314
-1202.224065516293 -51.88690667271615
-1202.7523554900288 -49.9397579920292
-1202.898795042336 -47.94784729599954
-1202.204790983498 -45.948041845560084
-1202.9558822849392 -43.96442144036294
-1202.2446700075268 -41.98297016739846
-1201.7700111606716 -39.98690383553506
-1201.2037314513325 -38.008086611032496
-1200.8185823896526 -36.535751987695704
-1200.365363601744 -34.81381862282754
-1200.1380767861008 -32.896565366983424
-1199.8894162216782 -30.98803990006448
-1200.2695144453644 -29.399136949777613
-1199.8827827015518 -28.165289689302455
-1200.755592946112 -26.21849732518197
-1201.5871216097473 -25.557453562021266
-1202.146728877127 -24.904654372930537
-1201.7577617207169 -24.28695904135705
-1201.1856261530518 -22.341762770414363
-1201.3335603067278 -20.943744648695002
-1200.8890258857607 -18.96626471400262
-1201.7061825582384 -17.009388436079036
-1201.1774801799654 -16.37955384373666
-1200.7308196017145 -15.468246389627467
-1200.2885354349016 -14.534548927545558
-1200.7280990073084 -12.616700102090846
-1201.1539069601893 -11.618630219697963
-1200.712328363359 -9.634896684885035
-1201.5296242722868 -9.04452352643014
-1202.279193330705 -7.367119003534327
-1201.6399769076704 -6.747365523576747
-1201.0889609345793 -6.017850865125666
-1201.7253863701224 -5.260231603384028
-1202.24036406368 -3.8281522881984813
-1201.6311179885267 -2.1655498635768993
-1202.3758268246054 -0.6538250339031322
-1202.1296488085388 1.2909693825244801
-1202.8776862064003 2.4032979118823903
-1202.7012538203596 3.792064081430425
-1202.0352029690146 5.462501655817022
-1202.8030898460745 6.232271324396123
-1203.4645311722159 7.738637100458135
-1203.304587368071 9.709603677988042
-1203.523975227177 11.637495528459539
-1202.7482902148365 13.378955136537542
-1202.2822936215996 15.34050060391425
-1201.663286511004 15.967383991479863
-1201.2782453635334 16.609058212041845
-1201.6097925940155 18.58723277926444
-1201.3931915947794 20.313161562681188
-1202.2268296071886 22.218162845373143
-1202.6298296937346 22.934199880361547
-1203.342020560205 24.488178561925878
-1202.7944883593916 26.30459172606467
-1203.2672357448935 27.784863542318334
-1202.8035308310389 28.383012484312047
-1203.4721176216005 29.182461928129186
-1203.716514159143 31.023288320302953
-1202.8908832558989 31.76098526597022
-1202.9043490701913 33.76053846955298
