-1190.34 -216.27
-1190.6536076331138 -214.71959831237794
-1192.2026887202262 -213.52412154197694
-1192.8659868502616 -212.1986096096039
-1193.397325899601 -211.1648817253113
-1195.2043316626548 -210.0201040697098
-1195.980571296215 -209.98894484758378
-1197.7484877371787 -208.77153094530107
-1199.2444649004935 -207.13207085847856
-1199.2030498349666 -206.41259922504426
-1199.051472570896 -204.4741586637497
-1199.390034791231 -202.57158627033235
-1200.4626431429385 -200.82726432800294
-1200.3503018581866 -199.42029203891755
-1200.1394354963302 -197.47722210407258
-1200.7758329176902 -195.52932633876802
-1200.4878124260902 -194.96365108013154
-1200.3812054061889 -193.01843049049378
-1200.118221219778 -191.91653503894807
-1199.9687775337695 -190.14499749660493
-1200.8352421486377 -189.14808346748353
-1201.7654488646983 -187.61883809089662
-1201.1965367758273 -185.66218831062318
-1200.7357185447215 -184.3591320705414
-1200.307771321535 -183.66687007665635
-1200.886177536249 -181.70382853269578
-1201.2160499060153 -180.3642924618721
-1200.7615748310088 -179.77221985578538
-1201.247045841217 -179.1921478700638
-1200.787163581848 -177.26362361431123
-1201.3964725995063 -175.8185988855362
-1201.1886107140779 -173.8293901872635
-1202.0749848896264 -171.89145233154298
-1202.4363724702596 -169.9922673892975
-1201.779258918166 -169.04388632297517
-1202.3843084090947 -167.0608538579941
-1202.3898645454644 -165.14913548946382
-1202.107732039094 -163.17740072727204
-1202.7736089044809 -162.2762576532364
-1203.4376550728082 -161.63001390218736
-1202.9496447855233 -159.9446409535408
-1203.0962534213065 -158.81516857862474
-1202.4947281146049 -156.8254706454277
-1201.8278621697425 -154.92044564008714
-1202.5362941288947 -152.95656140565873
-1202.7962109112739 -151.8936156821251
-1202.1840623879432 -150.60870071172715
-1202.865719821453 -148.84117885351182
-1203.3942970895766 -147.74632282972337
-1203.9402950668334 -146.46521898031236
-1204.3554355168342 -145.0199617934227
-1203.6065143609046 -143.7299205851555
-1203.578792411983 -141.78696413755418
-1202.7891219446062 -139.7932716202736
-1203.3565362879633 -137.79461606264115
-1202.5876270124315 -135.85544796705247
-1203.2765907236933 -133.89705665826799
-1203.285307932794 -132.29965670824052
-1202.6437902936339 -131.61381437301637
-1203.0811734089255 -130.8866564822197
-1203.1734507122635 -128.90042253255845
-1202.6971645990013 -127.07241066217424
-1202.12538749367 -125.4726658654213
-1202.5863048473 -124.03671952009202
-1201.91369492203 -122.33458944082261
-1201.8019597718119 -120.95094831705094
-1202.1844484993815 -120.20128496408464
-1201.7637878546118 -119.47548927783967
-1201.250887144506 -117.53775419712068
-1200.813126374185 -115.55636384010316
-1200.7299595066904 -113.94074120044709
-1200.916223798096 -112.15055551052095
-1201.6764519551396 -110.95722212314607
-1201.4066080787777 -109.44275512218476
-1201.3979739138483 -108.38782586574555
-1202.1891223976015 -106.4018645477295
-1201.6287464687227 -105.4714253139496
-1201.0782033392786 -103.58987595558168
-1200.945406217277 -102.10835721015931
-1200.710396055281 -100.7422388982773
-1201.616935853064 -99.58051921844483
-1201.2939136663078 -98.54278947830201
-1201.0785451123118 -96.76851918220521
-1201.9750820586085 -94.82024218559266
-1201.68438958019 -93.70690621852876
-1202.2062108406424 -92.96715178012849
-1202.7705019006132 -91.07491054058076
-1202.9754041919111 -89.9312230539322
-1203.439062733352 -88.04946865558625
-1203.9082051703333 -86.68692435741426
-1204.4252181836962 -84.71204366207124
-1203.5408006498217 -82.82981791019441
-1202.7616957017779 -81.56500114917756
-1202.9540344664454 -80.93436815261842
-1203.6030134746431 -78.9348349761963
-1202.8083132097124 -77.17684211254121
-1202.1045316049456 -75.20017089366914
-1201.5521360227465 -74.25373025655747
-1202.3935914227366 -72.38447435617448
-1201.9958332070707 -70.42501385927201
-1202.7055406460165 -69.08850904226304
-1202.8925586530565 -67.18793304681779
-1202.3220837303995 -65.71514304399491
-1202.4106400051712 -65.09151341438294
-1203.1220350304245 -63.64393605709077
-1203.7692338266968 -62.293534536361705
-1204.316792730391 -60.34003903388978
-1203.4872514644264 -58.61887170791627
-1202.7095504441857 -57.956324298381816
-1203.0427074173092 -57.09649892568589
-1203.5160198846459 -55.22641714334489
-1203.1583165863156 -53.25111683130265
-1203.726790163815 -51.25479229211808
-1202.9056939223408 -49.28016730070115
-1203.2959983387589 -47.52609725713731
-1202.6969535389542 -45.53251596212388
-1203.3338282743096 -44.77360989570619
-1203.8274185100197 -43.040869731903086
-1203.646111358106 -41.05037917613984
-1202.997371483743 -39.20046247959138
-1203.1970289239287 -38.33656503677369
-1203.8320799955725 -36.4285797071457
-1204.3868657836317 -35.39386894226075
-1203.5795629510283 -34.781837244033824
-1202.8885037192701 -33.82208694934846
-1202.4567775020003 -31.823117156028758
-1202.0005413779616 -29.905584115982066
-1201.8156205454468 -29.25278182744981
-1201.310927812159 -27.612654883861552
-1200.8033381143211 -26.42413945913316
-1201.6424108186363 -25.38304682493211
-1202.19581407696 -23.934547383785258
-1201.876516048014 -22.820529301166545
-1201.289860729277 -21.474642355442057
-1201.6515688338875 -20.335970957279216
-1201.8657435813545 -19.66985829591752
-1202.271510426104 -19.052046973705302
-1202.0205602386593 -17.05439110517503
-1202.5643626788258 -15.072735269069682
-1203.1442874410748 -13.16772766828538
-1202.4550493100285 -11.748647887706767
-1202.0335073509812 -10.31218465089799
-1201.4586659708618 -8.51117237329484
-1201.797339502871 -7.743580539226542
-1201.2364317217468 -5.87597175359727
-1201.9802584686875 -4.973877985477458
-1202.7240413466095 -3.0106124472618205
-1202.756317936033 -2.0630697798729045
-1203.3372906671464 -0.20330758810044358
-1202.6649531947076 1.5562316584586995
-1202.6046962180733 3.3973948168754475
-1202.467125956118 5.187305610179891
-1202.6829713621735 6.714680354595174
-1201.9941540399193 8.093805711269368
-1202.4745053985714 9.937262098789205
-1201.8103943803906 10.943936030864705
-1201.380145523846 11.593981783390035
-1201.0100804904102 13.26157478570937
-1201.923130545914 14.812621991634359
-1202.6436891892552 16.190600554943074
-1203.3331528642773 17.0202973294258
-1203.1832977870106 17.70830581665038
-1203.800061021149 19.115796427726735
-1204.222064886391 20.009850602149953
-1203.7330298164486 21.473887782096853
-1203.0528591015934 22.424869995117177
-1203.4501595833897 24.345816354751577
-1202.6820131877064 26.328579168319692
-1202.081708882153 27.11727319240569
-1201.4788501003384 28.89132676601409
-1202.0603736379742 30.84471378803252
-1201.7348843553661 31.477700452804555
-1202.4269971588253 33.32778952598571
