-1190.34 -216.27
-1191.0177808070182 -215.6070675444603
-1192.4776397013663 -214.56598790407182
-1194.224448826313 -213.23002227067948
-1195.3418814206123 -211.89045413255693
-1195.7595460677146 -211.87723662376405
-1196.5049332642554 -210.45450117111207
-1196.875112440586 -210.27490546226502
-1197.7638177537917 -208.48442246437074
-1198.894608941078 -206.66175832271577
-1199.5503363275527 -204.73554505825044
-1199.3014024758338 -202.81213857650758
-1200.3803652787208 -200.8990979385376
-1200.4374490642547 -198.93896772384645
-1201.2224536800384 -197.37845243930818
-1200.7942410969733 -196.01558472633363
-1201.427932050228 -194.87127353668214
-1200.9805470967292 -192.9477367591858
-1200.5238490664958 -191.3855105829239
-1200.8998865151405 -189.42259873867036
-1200.4396987223624 -187.52491857528688
-1200.044079478979 -185.5818600845337
-1199.6868459546565 -183.75464584350587
-1199.9982893431186 -181.84921099662782
-1199.64595600605 -179.92018916130067
-1200.6079008245467 -178.21970989227296
-1200.2404436731338 -177.05070330619813
-1201.1073412561416 -175.5262096118927
-1201.4392413163184 -173.54709603309632
-1201.8163855040073 -171.64499272823335
-1202.4314981663226 -169.6625725221634
-1202.3187363409995 -168.414477725029
-1201.6802520418166 -166.82302464962007
-1201.1120110416412 -164.83466925144197
-1200.8394307160377 -162.9335459661484
-1201.4397803807258 -162.1127438735962
-1200.9486151003837 -160.16599657058717
-1200.4896868133544 -159.1525149536133
-1201.2949033641814 -157.1859300327301
-1201.0247820878028 -155.25624217510224
-1200.5536494815349 -153.3051756811142
-1201.5245469176768 -151.41220714569093
-1201.2970959210395 -149.42246391296388
-1202.1652545595168 -148.7862553191185
-1201.5464280509948 -146.78911526918412
-1201.1143911743163 -145.6962954592705
-1200.6176315808295 -144.97587658882142
-1200.181483235359 -143.00176121711732
-1199.817464199066 -141.6670206975937
-1199.7350990140437 -139.78065397262574
-1200.2974045836925 -139.17690416097642
-1199.9650931322574 -137.215891559124
-1200.5637215340137 -135.65331681489945
-1201.5183773601054 -133.68678029298783
-1201.6615759396552 -131.7443238091469
-1202.2767387890815 -130.68074484586717
-1202.0833148622512 -128.7448006463051
-1201.468926694393 -127.29896243333818
-1202.3049893045425 -125.93978889703752
-1202.5207166188954 -125.05149169683457
-1201.90399397552 -123.0782703948021
-1202.2929474526643 -121.18561573743821
-1201.656875949502 -119.26906557798387
-1201.09994618237 -117.66165169000627
-1200.6160991305112 -115.68145139932633
-1200.1912908667325 -114.64974590063096
-1199.853489678502 -113.54532583475114
-1199.5456369930505 -111.82981224775315
-1199.2568929308652 -111.26210143089295
-1200.3661984318494 -109.35816623687745
-1200.2076561266183 -107.44142319679261
-1199.9847498947381 -105.77183248519898
-1199.6227535420655 -104.83799578666688
-1199.8920301312207 -102.92600299835206
-1199.6606458836793 -100.97595228672029
-1200.1492369586229 -99.54252280712129
-1199.8756972962617 -98.96329088926316
-1200.3032777422666 -97.01446171522142
-1200.2895221823453 -95.05525990247727
-1201.067371379733 -93.09772511243821
-1201.3343644553422 -91.28189762353898
-1200.8239687496423 -89.45160563707353
-1200.4199833089112 -88.36971290826799
-1201.377900403142 -86.8425777745247
-1201.093628656268 -85.05864485025407
-1201.9250943773984 -83.10745342493058
-1202.105172228217 -81.12924822092057
-1202.8271760457753 -79.28832753419877
-1202.4304703885316 -77.31949027299882
-1202.790062945485 -76.30397637605668
-1202.3227609211206 -74.58743472814561
-1202.987143498063 -72.79603739500047
-1202.9979261161386 -71.57664604902268
-1202.2758792640268 -69.89568098306657
-1202.2379975692927 -69.1927266907692
-1201.6999144928157 -67.21133001565934
-1201.1590242163836 -66.00382049798966
-1201.9851673619448 -65.30550016880036
-1202.1864206419884 -63.3272990179062
-1202.245870269984 -61.66271926879884
-1201.634653546065 -60.95547576665879
-1202.140360213965 -60.07786985158921
-1202.1972871908545 -59.329810400009166
-1202.6025541314482 -57.348922748565684
-1201.9351161012053 -56.03841640472413
-1202.7136006841063 -55.44232006788255
-1202.01737557739 -54.458842952251445
-1201.4346973785757 -52.502862412929545
-1201.1581665465235 -51.83274974346162
-1200.803332645595 -51.096946794986735
-1201.7329591104387 -49.13367601156236
-1201.2866219469904 -47.233885486125956
-1201.7397416123747 -46.4712678384781
-1201.4797258862852 -44.561452527046214
-1201.119847972095 -42.86793221950532
-1201.8272925207018 -40.89154138088227
-1202.6249599048494 -39.34426464557649
-1203.2758014985918 -38.48244627237321
-1203.4308243134617 -37.1551998448372
-1202.7304808238148 -36.372048099040995
-1203.3086846807598 -34.38634725332261
-1202.5709122756123 -33.599483687877665
-1203.0328514018654 -31.602631051540385
-1202.3488285580277 -31.001090426445018
-1201.7049706616997 -30.375294585227977
-1201.3949597516655 -28.83594479084016
-1200.8679168263077 -27.601814289093028
-1201.485332969725 -25.80357207775117
-1201.3873947152495 -23.813119311332713
-1201.2091373988985 -21.848271985054026
-1201.9771567770838 -20.177081246376048
-1202.4146219679712 -19.56205584526063
-1201.8332498857378 -18.86928524494172
-1201.2677208968996 -17.017535467147837
-1200.7816609331965 -15.041777868270884
-1200.6198423096537 -13.178606290817271
-1200.3838066646456 -12.119205493927012
-1201.110068399608 -10.16028549194337
-1201.3699117788672 -8.9352513742447
-1201.0056146869063 -7.0466518592834575
-1200.883819449842 -6.467072744369517
-1200.7558237352966 -5.8210887503624065
-1201.6950581112503 -3.8849603724479778
-1201.768543061018 -2.500761229991923
-1201.1970550978183 -1.410588462352763
-1200.7063477003574 0.36768416643141677
-1200.5750816130637 2.235727112293233
-1201.4813114666938 3.0224672961234944
-1201.0524632000922 3.777138154506673
-1201.0115101897716 5.059730451107015
-1201.79168992877 5.645154337882985
-1202.261712487936 7.574924211502065
-1202.298100900054 9.38932273864745
-1202.152396019697 11.35499451637267
-1202.0864063167571 13.293596725463857
-1202.8288843297958 14.718893747329702
-1203.192505147457 15.389799098968496
-1203.5869497621059 17.357639412879934
-1203.7749810183047 18.683227519989003
-1204.0174704158305 20.57942662715911
-1203.2425308191775 21.266527276039113
-1202.570411440134 22.702495913505544
-1203.2560545170306 24.323829035758962
-1202.9093960189819 26.21048484325408
-1203.5143399500846 27.940009694099416
-1202.766951944828 28.552676599025716
-1203.4551621341705 30.32801322221755
-1203.9332618677615 30.925169985294332
-1204.4682788217067 32.91472772836684
-1204.8567659223079 34.51794938325881
