-1190.34 -216.27
-1191.2205209398269 -215.63111932992936
-1192.3583693170547 -215.25323887586595
-1194.1982421541213 -215.57500787496568
-1196.0897814893722 -214.9272740674019
-1196.7847636604308 -213.97528680086137
-1198.6665714645385 -213.2002584528923
-1199.336003985405 -212.15921707868577
-1199.144003059864 -210.40295859098435
-1199.908423807621 -209.67491902828218
-1199.724877204895 -207.72237946510316
-1199.399279590845 -205.78137828826905
-1200.498003360033 -205.24397911548616
-1200.9619289600848 -203.29372550964356
-1200.6389262640475 -201.71246709346772
-1200.2114632987975 -201.0994822573662
-1199.9622738623618 -199.14449783086778
-1201.0104567074775 -197.3779176068306
-1201.8599624300002 -196.45348515033723
-1201.2897124552726 -194.46817698001863
-1201.9718930983543 -193.4535242509842
-1201.7785428726672 -191.45765437602998
-1202.1746854150294 -189.9818937969208
-1202.7269815170764 -188.03752781867982
-1203.2025282049178 -186.58433713436128
-1203.4004678690433 -184.86267580509187
-1204.0145175421237 -184.22313185453416
-1203.5250695908069 -183.46491469860078
-1202.8195426428317 -181.4691138458252
-1202.3618650400638 -179.5600278568268
-1202.0073367917537 -177.74881174087525
-1201.4798045122623 -176.13213159561158
-1201.4527985566854 -174.16327144622804
-1201.296500083208 -172.17591859817506
-1200.7877331936359 -170.19073130607606
-1200.458591338396 -169.52562846660615
-1200.4175493085384 -168.84545590400697
-1200.0237258934974 -166.87666251182557
-1200.7784385347366 -165.48258866786958
-1200.3309014701842 -163.53342380046846
-1200.8741827869414 -162.8619588804245
-1200.546746339798 -162.27955814123155
-1200.16665091753 -160.62839253664018
-1199.861920442581 -159.5319486451149
-1200.7696504259109 -157.63393922567369
-1201.2203483247756 -156.49473043203355
-1201.9585983419418 -154.8288558316231
-1201.367866601944 -152.83651097536088
-1200.8440445923804 -150.86494096040727
-1200.3758058810233 -149.124072034359
-1201.352035369873 -147.72316249132157
-1201.0947943294047 -145.74993522882463
-1201.017668094635 -143.7839020085335
-1201.7072458529472 -141.81197269678117
-1202.3799530529975 -139.82821639299394
-1203.0176686310767 -137.82979162454606
-1202.2815736198424 -135.8318036389351
-1201.6388383173942 -134.7471406054497
-1202.3298248910903 -132.77074499845506
-1201.713971760273 -131.65141268491746
-1201.535969775319 -130.04325958013536
-1202.3275931292771 -128.06989522695542
-1201.7127818876504 -126.8775548529625
-1201.1465588623284 -125.69607754468919
-1200.645225625634 -125.0868814778328
-1200.5801744574308 -123.11650141000749
-1201.473578941226 -121.14793737649919
-1201.193395089507 -119.61643536806108
-1200.6947308593988 -117.64878042459489
-1200.250771653056 -115.84629495859147
-1199.8589430266618 -113.90135141134263
-1199.6399452203511 -111.94880481481553
-1200.697972368598 -111.389211435318
-1200.2585650795697 -109.48969318389894
-1199.9130243474244 -108.91456361532212
-1200.8426963502168 -107.08190675497056
-1200.4668516033887 -106.00227185010911
-1201.461095702052 -104.08745070219041
-1201.1508331114053 -102.13786097288133
-1200.6865027362107 -101.5541490507126
-1201.575642388463 -100.6839850139618
-1201.0215622001886 -100.05173422813417
-1200.737607550025 -99.29620154619218
-1201.167881321311 -98.67723276138307
-1200.6933344715833 -97.77967299938203
-1201.3291422241925 -97.02751644372941
-1201.067159962058 -95.0707202744484
-1201.8002502435445 -93.09343727350236
-1201.2248976939916 -91.10700281381608
-1200.7790056878328 -90.45398839235307
-1201.6277726107835 -88.57917686223985
-1202.4122462683915 -87.29911335229875
-1202.8286321872472 -86.38218667030335
-1203.4876204246282 -84.39739264965058
-1202.6988725179433 -83.42205097198487
-1202.9095227384566 -81.50396277427674
-1203.3725662195682 -79.74595286369325
-1203.9743140304088 -79.07703926086427
-1203.1679389441013 -77.09794070243836
-1202.414958473444 -76.42248668193818
-1202.8447120153903 -74.45442809581758
-1203.5039678776263 -72.6266519021988
-1202.7092506849765 -70.6470765066147
-1203.3437335455417 -69.0348824453354
-1202.5622824394702 -67.49569739818574
-1203.0606009030341 -65.60129465579988
-1203.6971241497993 -63.931301016807566
-1204.1152007842063 -62.37889768600465
-1203.932794716358 -61.469546217918406
-1203.3748293185233 -59.53773726940156
-1202.5921174550056 -58.89883073091508
-1202.5041205847263 -56.92342313051225
-1202.0306649768352 -54.99517067193986
-1201.9443353527784 -53.38466079950334
-1201.3685314768552 -52.23132844686509
-1201.6946403497457 -50.63135131120683
-1201.1259452813863 -49.10117991685868
-1200.7140454763173 -48.26244314432145
-1200.2764860206842 -46.43760998964311
-1200.9799861723184 -45.799751896858226
-1201.483534079194 -44.24752940654756
-1201.4199567997455 -42.51753141403199
-1201.2232753896712 -40.749560017585765
-1202.0977013373374 -40.151411135196696
-1201.6574149394035 -39.11919673204423
-1201.1025245451926 -37.16509826898576
-1201.0048328453302 -35.64692230939866
-1200.5455850178002 -33.668503720760356
-1201.46729729712 -32.47840495824815
-1202.3134335690736 -31.5210285973549
-1201.8513920420407 -30.921937007904063
-1202.2868442052602 -29.144139547348033
-1201.749216865897 -27.469546337127696
-1201.6066208595037 -25.588214893341075
-1201.0500858539342 -23.808692355155955
-1200.9043768310546 -21.933233399391185
-1200.849256467223 -21.352177758216868
-1201.7900939697026 -19.483693976402293
-1201.2993204706906 -18.071981568336497
-1202.1765303725003 -16.366149682998667
-1202.9179324620961 -14.435843486785899
-1203.0843305402993 -12.531096000671397
-1202.347625952363 -10.532026309967051
-1201.8302165085076 -8.534359951019297
-1201.4976961129903 -7.0734828901291
-1201.0011184626817 -5.86126091003419
-1200.617374997735 -4.248520631790171
-1201.5722316914796 -2.874453563690196
-1202.1458898597955 -2.0357575607299907
-1202.9160845094918 -0.06857635498047898
-1203.1137856954335 1.84751914024352
-1202.3904644364118 3.846098880767812
-1202.6190357917546 5.320692639350881
-1202.8821300679444 6.862845401763906
-1203.148895125985 8.860016088485708
-1202.3926238828897 9.604492168426503
-1201.8030049616098 11.589171152114858
-1201.8100892865657 13.575831632614126
-1202.3978497350215 15.314088444709768
-1203.1348377430438 17.20119915485381
-1203.6983029210567 18.84909532546996
-1203.087801631689 19.65708158493041
-1203.6662981474399 20.2612738418579
-1202.905076380968 21.532241444587697
-1202.2218552792071 23.374106030464162
-1201.8478801512717 25.3724821615219
-1202.4587607645988 26.87052176475524
-1201.955165233612 28.866460065841665
-1201.3770391607284 30.731293063163747
-1201.9733851218223 32.70811782360076
