-1190.34 -216.27
-1192.0857407712936 -215.20138599395753
-1193.89914914608 -214.18635942459107
-1195.5625519418716 -213.4412766289711
-1197.1383543872832 -212.53683300733567
-1198.5188725852965 -210.78471239328385
-1199.6822355651855 -208.8722351384163
-1200.711061682701 -207.35777207136155
-1201.5570298099517 -205.3861386370659
-1202.3685886526107 -203.4094756436348
-1202.8978702688216 -201.51788397550584
-1203.428786482811 -199.52234764814378
-1203.777811732292 -197.52631350278855
-1204.3448164129256 -195.53240593194963
-1204.8177232408523 -193.9483863902092
-1204.794288497567 -191.99823852300645
-1203.8839464598893 -190.28585859060288
-1204.425491850972 -188.29491253614427
-1204.9024917596578 -186.33441324949266
-1203.9868361467122 -184.39719529867173
-1203.6879876965284 -182.42815109014512
-1204.2544821614026 -180.77123184919358
-1203.4444178456067 -178.79337104082109
-1204.0414286369084 -176.7965710949898
-1204.2891158872842 -174.85481580018998
-1204.737712394595 -172.86950357675553
-1205.178935598731 -170.96228333234788
-1205.5778413528203 -168.9966783118248
-1205.8288145178556 -167.0530213904381
-1206.0885111504792 -165.11943956136705
-1205.150120537877 -163.19235344648362
-1205.312887828946 -161.93295391321183
-1205.6994613820314 -160.03228719949723
-1205.9645403438806 -158.0958703351021
-1206.1865874046086 -156.31494148492814
-1206.446556430459 -154.97437687635423
-1206.647826295495 -153.05412860631944
-1206.8522068077325 -151.8876969408989
-1206.840977858901 -150.32371469259263
-1206.006115745902 -148.42600103139878
-1205.3487722986936 -146.49643572092057
-1205.3656897360086 -144.54243238687516
-1205.5381635838746 -142.58793850660325
-1205.881628524661 -140.6373192858696
-1205.3785055989026 -138.69611998319627
-1205.5108157807588 -137.96608771800996
-1204.544074576497 -137.32679059028627
-1203.8427076750993 -135.38435770988465
-1204.225762348771 -133.39381100654603
-1204.7277710849046 -131.40911366462709
-1205.1682131701707 -129.43772961616517
-1205.462459039092 -127.48253609657289
-1205.3133384549617 -125.66741027355195
-1204.8299384081363 -123.70765282630921
-1205.2401258015632 -121.73467137336732
-1205.5714100563525 -119.79687907218934
-1204.6119751894473 -117.85151471614839
-1205.0445359909534 -115.8938125562668
-1204.2265267336368 -114.23946334838868
-1204.622489836216 -112.25474335670472
-1204.96533095479 -110.27878787040711
-1205.3647727334499 -108.31215335845948
-1205.680531170368 -106.35744430541993
-1205.5826631450652 -104.48146750450135
-1205.7661263310908 -102.53170194149018
-1204.8273929917812 -101.60539712429048
-1205.2619725131988 -99.63277627944947
-1204.741976108551 -97.69968249320985
-1204.4894173407554 -95.76261522293092
-1204.9492703342437 -94.29804398536683
-1204.0979063773154 -92.39613964080812
-1204.1077611410617 -90.40855719566346
-1204.2611128354072 -88.44902946472169
-1204.29002605021 -86.75623609542848
-1204.7853696161508 -84.77544023513795
-1203.9751066380738 -82.81634416103364
-1204.4821445161103 -80.82644166469575
-1204.9638030344247 -78.84504785060884
-1204.7750065737962 -76.87468208789826
-1205.0717894548177 -74.92203893184663
-1205.3678010517358 -73.00996162414552
-1204.4838936144113 -71.10472084999085
-1203.7411892229318 -69.44605161666871
-1204.0170727187394 -67.45623232841493
-1204.5308894330262 -65.47521831512452
-1203.663204472661 -63.5135019016266
-1204.2341507488488 -61.51953603744508
-1203.4735547119378 -59.53426601409913
-1204.0718571954965 -58.8843765449524
-1204.336665611863 -56.89539267539979
-1204.7930882388353 -54.91461314678193
-1203.8589449340104 -52.94956626415254
-1204.3448863440751 -50.95813455104829
-1204.804170768857 -48.97471942424775
-1205.1882351154088 -47.23719026565553
-1205.5572796875238 -45.27728797912599
-1205.734755706191 -43.35103120326997
-1205.9343088382482 -41.40960015773774
-1205.7533075624704 -40.11319758415223
-1205.6577959769963 -38.18149938106538
-1205.6261959785222 -37.56418271780015
-1205.9505993539094 -35.85627277612687
-1204.864937108159 -35.27030130147935
-1205.272350859046 -34.599174399375926
-1204.3483585828542 -32.64847673892976
-1203.6229969972371 -30.676324982643138
-1204.1527482384442 -28.731345314979563
-1203.3236692065 -27.617493648529063
-1202.6711669677495 -25.620736498832713
-1203.113947969079 -23.62151982307435
-1203.7335264497995 -21.74564673423768
-1204.0559286290406 -19.833167095184336
-1203.7582454794644 -17.844103116989146
-1204.3262248152494 -15.856302757263194
-1204.3904020303487 -15.100718457698832
-1203.4693228715657 -13.124513823986064
-1202.8049855941533 -11.220609147548686
-1202.1753764861821 -9.22146781206132
-1202.9294309729337 -8.28269418001176
-1203.5850927346944 -6.283495266437541
-1204.1182828658818 -4.295842010974894
-1203.5205664747953 -2.321335990428935
-1202.730560492873 -0.45902462720871995
-1202.932585146427 1.5342693734168904
-1203.177639927864 3.526439230442037
-1203.8172843718528 5.513853828907003
-1204.372512307167 7.505776207447042
-1204.3120027297734 9.476926128864278
-1204.711833756566 11.054927389621724
-1204.9768211358785 13.026016037464132
-1204.054845523238 14.996205489635457
-1204.075040307045 16.959105412960042
-1203.2484358215331 17.619331459999074
-1203.8645628356933 19.57510052204131
-1204.2584145331382 20.880129079818715
-1204.686416890621 21.81920383453368
-1203.8677525186538 22.574199001789083
-1203.0195452833175 24.527252357006063
-1202.7222407126426 25.71919850587844
-1203.2391575241088 27.644179146289815
-1203.8710623049735 29.64178423166274
-1204.2155693733691 31.601318638324727
-1204.0511592590808 33.58672277212142
