-1190.34 -216.27
-1188.565303173065 -216.0083570969105
-1186.6793902778625 -216.13113288998605
-1184.8792854213714 -216.15337674736978
-1182.9934676551818 -216.31253712296487
-1181.0763128662109 -216.51835696816445
-1179.1650744342803 -216.6924009513855
-1177.2619863414764 -216.7973480117321
-1175.3774619960784 -215.56692539572717
-1173.5489087963103 -215.69983862757684
-1171.6769691371917 -215.82801829695703
-1169.8073001766204 -215.81132381081582
-1167.9337606096267 -215.95257215619088
-1166.1518938207626 -215.59909193634988
-1164.403933968544 -215.5525464308262
-1162.7372336053847 -214.11701052308084
-1160.9344422483443 -212.82099764466287
-1159.1375978851318 -212.84839742302896
-1157.4264731073379 -212.68808542609216
-1155.8460838460921 -212.32630454421044
-1154.3668623828887 -211.98283712983132
-1153.2044206523894 -211.54675101161004
-1151.936184015274 -210.45862983584405
-1150.7498768234252 -209.18935488581658
-1149.7733116412162 -208.49047898173333
-1148.910197701454 -206.51676379561425
-1148.1806322598457 -204.53000913977624
-1147.5445363783836 -202.5666465651989
-1147.002960231304 -201.6589952003956
-1146.6685826742648 -201.07311736464501
-1147.0607951247691 -199.85114299178124
-1146.8008755409717 -199.26179616570474
-1146.3771062755584 -198.67030238032342
-1145.9690921866893 -198.08924948096276
-1145.6278174483775 -197.12332027077676
-1145.4872150981425 -195.51961724877359
-1145.3414010369777 -195.0222437274456
-1145.2422044837474 -194.3406989467144
-1145.2873173320293 -192.57805775523187
-1145.4613932931422 -192.0195001256466
-1146.2990200483798 -190.90750180602075
-1146.9387574756145 -190.62771307349206
-1147.1378915870189 -190.28113215088845
-1147.7463572585582 -188.66667740464212
-1148.1621780359744 -188.041840184927
-1148.6086153948306 -187.6031840634346
-1149.1029456818103 -187.7129088830948
-1149.8900818789004 -187.40147860765458
-1150.4328254425525 -186.26272233247758
-1151.0775837266444 -185.75217779397966
-1151.6695871913432 -186.26442344903947
-1152.4848355615138 -186.65224038481713
-1153.4176823461055 -185.69528757452966
-1154.9153385722636 -186.1582340192795
-1155.46113776803 -186.46560006260873
-1156.1190441811084 -186.56039672017098
-1156.787927802801 -186.7582211983204
-1158.2257630193233 -186.80783395886422
-1158.700341578722 -186.47670363307
-1159.1656840407848 -186.2108829510212
-1159.7282229030131 -186.27651100277902
-1160.706322427988 -185.06766443371774
-1161.27448933959 -184.20896463513375
-1161.9153789246081 -184.04455016970635
-1162.5071862900256 -184.48568205952645
-1163.0722966754436 -184.50522433638574
-1163.6436231696605 -184.70852770328523
-1164.7066426837443 -183.68252338886262
-1165.26154148221 -182.93028386354447
-1165.9656857812404 -183.25578083515168
-1166.496361311674 -183.22629766583444
-1167.4020783269405 -183.36507900476457
-1169.0388539397716 -183.2066857111454
-1169.9392937982082 -183.05425469994546
-1170.3532640898227 -182.8269804608822
-1171.6784716808795 -182.5949311745167
-1171.7063648068904 -181.00897030949594
-1171.7760940158366 -179.3314896118641
-1172.0485128128528 -179.12005483031274
-1172.9712210857867 -178.61627088904382
-1172.8589042091369 -178.06307344555856
-1173.1669722163676 -177.52338020920755
-1173.786052700281 -176.4762615454197
-1174.6885058248042 -175.2959011089802
-1174.4348535203933 -173.96978120923043
-1173.915865149498 -172.2774146091938
-1174.7888622546195 -171.69896786332131
-1174.222394492626 -171.00424860835076
-1174.4315169268846 -169.11335491061212
-1174.9731589967012 -167.6007908475399
-1174.4097187930345 -165.89103697657586
-1175.235251944661 -165.13470410227777
-1175.944153111577 -163.36131833910943
-1175.784367736578 -161.44931255698205
-1176.0776242578029 -159.4661325109005
-1175.634801980257 -158.88930307745935
-1174.6145080292224 -158.23053764224053
-1173.5999029839038 -157.6315327179432
-1173.8970564866065 -156.95906751275064
-1172.7983491683005 -155.17556851029397
-1171.4838025832175 -153.5525385630131
-1171.9573496246337 -152.8925223839283
-1171.0225529336929 -151.74278407216073
-1170.6988266670703 -150.70596449494363
-1171.2414086425304 -150.10751484751702
-1170.3348459565639 -149.45889793753625
-1169.5569019281863 -148.8511344087124
-1168.8811870777606 -148.0023451936245
-1169.4839907252788 -146.2456508767605
-1168.88356649518 -145.52183913111688
-1169.4061539137363 -144.69260417342187
-1170.0510957205295 -143.86433528780938
-1170.3327531182765 -142.8465733420849
-1169.55665969491 -140.87561153292657
-1170.2380725109576 -140.2494202744961
-1170.059497323036 -139.64947258353234
-1169.324627366066 -137.76642762541772
-1168.7646804714202 -135.97198139548303
-1168.2324114704131 -134.527999509573
-1168.3734382802247 -133.89496301531793
-1167.9800208622216 -133.2547981631756
-1168.7410417610406 -132.61218421578408
-1169.2002458387612 -131.90401553034783
-1169.5564379805326 -129.98968898177148
-1168.877058159709 -128.30103694319726
-1168.2906406038999 -127.08805369257928
-1167.782871019244 -125.86764680266381
-1167.3235372418164 -125.2867320072651
-1168.0808823817968 -124.6359974038601
-1167.6282536798715 -124.02772115588189
-1167.2074308806657 -122.09460066676141
-1166.7329992467164 -120.19984506487847
-1166.177919846177 -118.6131348502636
-1165.2787417584657 -117.93209962964059
-1163.8684608155488 -117.5320750963688
-1162.823450487256 -116.94686447501184
-1163.1207179242372 -115.79648958563806
-1163.3487974518537 -114.49720214724542
-1162.17348159492 -112.93384837031365
-1162.3341013008355 -111.15572189211846
-1162.033587437272 -110.6428031218052
-1160.8820961529016 -109.17273633599282
-1161.3292984181642 -108.31156997799874
-1161.813675444722 -107.0107961189747
-1161.5321326071023 -106.40792082667352
-1160.6161367112397 -105.79670446038247
-1159.938367229104 -105.1913164150715
-1159.2224225217103 -104.34236269116403
-1158.594271045327 -103.74146692872048
-1158.037049692273 -102.3546897661686
-1158.0151656383275 -101.01392786622048
-1157.588613283038 -99.8724595797062
-1157.1597840899228 -99.28396921277047
-1156.9369522446393 -97.45727710843087
-1156.6450469905137 -96.46095787405969
-1156.5888027662038 -95.88329218745233
-1157.210188936591 -94.5611352813244
-1157.933251094222 -93.69430564761163
-1157.4919354134797 -92.78011142134667
-1157.07188303411 -91.52212046504022
-1157.864855479598 -89.7381749045849
-1157.3973410242795 -88.89062713503839
-1157.8310533577203 -86.93940328478814
-1157.3745774143933 -86.12164031386376
-1157.0004924947023 -85.27675603747369
-1157.9527587109803 -83.42506884455682
-1158.8555965238809 -82.84495412230493
-1159.2649420017003 -81.79974018454553
-1159.810812961459 -80.76651893973352
-1159.130343567729 -80.08873807311059
-1159.3062564247846 -78.17930590033532
-1160.0495767706632 -76.18075822710992
-1160.1042926499247 -75.49742089629174
-1159.6866969951986 -74.569064129591
-1159.0103118905424 -73.90293102383615
-1159.052256528437 -71.98820023655892
-1158.43822640568 -71.26424406886102
-1159.176625136435 -69.99578725218774
-1159.2590933778881 -69.38418190598489
-1159.007902328074 -68.52131568312646
-1158.8114198037981 -66.53880869269372
-1158.6179265418648 -65.9075404894352
-1158.7752896884083 -65.10739879727365
-1159.402092013657 -63.28091578602792
-1158.96801451236 -62.49994324564935
-1159.5753171184658 -61.86153053164483
-1159.52950188905 -61.22815005898477
-1159.7362084576487 -60.0755446445942
-1159.0439603516459 -58.50912528157235
-1158.5411698409914 -57.89984874844552
-1158.0409913250803 -56.80572466969491
-1157.7575990745424 -55.427552510499964
-1157.3808661887049 -54.781794835329066
-1156.9866304287314 -53.9656368982792
-1157.3093312570452 -52.408947039842616
-1156.9267193266749 -50.920634080171595
-1157.6239496657251 -50.35439925312997
-1157.7111844608187 -48.63908212304116
-1157.3617730030417 -46.76178472161294
-1158.107918728292 -46.09476630806924
-1157.97250362128 -45.27793829560281
-1158.0135860183834 -44.42350165963174
-1158.7083533146977 -43.10086791634561
-1159.5414423087238 -41.12599496960641
-1160.2656740286945 -40.516578603982936
-1159.501439783871 -38.51862840771676
-1160.2269847729801 -36.70548372387887
-1160.2287491077184 -36.05958639502526
-1159.9488020950555 -35.27776091217996
-1160.5917435103654 -33.58965246796609
-1159.963055294156 -31.652190734148036
-1159.8997514510154 -30.409881163835536
-1160.1899197661876 -29.725349653959285
-1159.604804035425 -28.729172040224086
-1159.5541685672104 -26.849904347658168
-1160.26214455083 -26.148386229276667
-1160.8417964430153 -25.486706961393367
-1161.2799716444313 -24.73651503443719
-1161.1639508904516 -22.756182659864436
-1161.5539073349535 -22.135192264318476
-1161.9085009695589 -20.621231545209895
-1162.3328179122507 -20.01709263443948
-1161.3815979363023 -19.46293686747552
-1161.7721294762193 -18.875933159589778
-1162.1880846621095 -17.58719121336938
-1162.298715531975 -16.097947705984126
-1162.639841735512 -14.344026674032222
-1162.5993644894659 -12.620655883550654
-1162.9362934829294 -12.044187237024317
-1163.2056699694692 -10.299224067926417
-1162.1466551722585 -8.395818878412257
-1162.4775858820974 -6.588645864725123
-1161.5925365389883 -5.592732716798793
-1160.6998511852323 -3.702519227266322
-1161.244773954302 -1.782481361627589
-1161.4049292357265 -1.1366692674160106
-1161.7755512745678 0.65536786198615
-1161.6715932787954 2.4954638588428395
-1160.7453802527486 4.222983251810064
-1161.1965890826284 4.835738490819921
-1161.6591691972314 6.816286157369603
-1161.7628265322744 8.531036328077306
-1161.4888038040697 9.650441001653661
-1161.9565113784372 11.224050592184057
-1161.5185643436014 12.744102309942235
-1161.9529352785646 13.339369248151769
-1162.1350931824743 14.609397124052037
-1162.5104922653734 16.19070072054862
-1162.444855570942 16.87197477698325
-1162.4877942802011 17.439449142217626
-1162.771824300438 17.9949224102497
-1163.074036181122 19.903338443040838
-1162.2494299413263 21.680313836336126
-1161.328252017647 23.23437918305396
-1161.0660930873453 24.23020530819892
-1160.3475595118105 26.055279027223577
-1161.0880723597108 28.045152913331975
-1160.4122252465784 28.97673482775687
-1160.8533757032453 30.154893349409093
-1160.9096473680436 30.97207767844199
-1160.5143392311036 32.64180691123008
-1161.1921000705659 34.14152009367942
-1161.4852304087578 35.88527829527854
-1162.01929732427 37.013720940351476
-1162.4279958830773 38.08440465807914
-1161.7687727437913 39.06033832907676
-1162.3556707130372 40.8021831023693
-1161.6084940062462 41.83154899954795
-1162.2458632217347 43.82578976035117
-1162.8551537023484 45.18182833075522
-1163.1386794672906 46.9966159570217
-1163.308994539231 48.14173121333121
-1163.4532772676646 49.645307730436315
-1162.5513427631556 50.31652701973914
-1161.8196919338404 51.327851902246465
-1162.5052947179972 52.748129736185064
-1161.9394525663554 54.54746473908423
-1161.2228820101916 55.36952985405921
-1161.9866567032038 55.97050274491309
