-1144.2 -171.08
-1143.816955369711 -172.6845506000519
-1143.292999726534 -173.23851998329164
-1144.0987736403943 -174.42935796260835
-1144.2634810477496 -176.08355708599092
-1144.3946155130864 -177.26391883373262
-1143.8139798462391 -178.7435137796402
-1143.9924907505513 -180.32764144420625
-1143.3257983148098 -181.45219786643983
-1143.1987054020167 -182.23075021982194
-1143.1451376535 -183.6434886622429
-1142.6935379065574 -185.48927952528
-1142.30530981794 -187.13493158102037
-1142.0553283549846 -188.52974178075792
-1142.0937215395272 -189.97088612794877
-1141.9440808452666 -191.52010502099992
-1141.8224119998515 -192.5971658396721
-1142.1528758265079 -193.78784598588945
-1142.3775403656066 -195.6320735383034
-1141.9735785879195 -197.35374202013017
-1142.5470459021628 -198.48827399492265
-1142.384899482876 -199.81780590295793
-1142.187491864711 -201.59073914766313
-1141.9489057965577 -202.57972075223924
-1142.1489987827838 -204.38581599473954
-1141.6008767344058 -206.33327545404435
-1141.2611815191806 -207.58444036722184
-1140.8075948514045 -209.11904908895494
-1140.4485938705504 -210.9075999426842
-1139.9804289497436 -212.2654255795479
-1139.20944435969 -214.19421209573747
-1137.3288286484778 -214.05528868913652
-1135.456848935038 -214.99319423913957
-1134.548449472338 -215.90959532737733
-1132.9727289237082 -216.78793819427491
-1131.2677636899055 -217.28430791378022
-1129.7050648488105 -217.9662038254738
-1127.8595958508552 -218.39941029429437
-1126.1339050091804 -218.64716430187227
-1124.662551239878 -219.0680987405777
-1122.85894568339 -219.30082506120206
-1121.6412586726249 -219.6899238842726
-1120.2841877497733 -219.94515291035177
-1119.5360165394843 -220.05314159572126
-1118.4287572659553 -219.7692056912184
-1116.5870445527137 -219.90912634313108
-1114.9768279351294 -219.55436030209066
-1113.3981253661216 -219.77581988453866
-1111.809642509371 -219.89833985447885
-1110.631302908808 -219.9942399430275
-1109.7347268618644 -220.07986574053766
-1108.4320412434638 -220.2256753909588
-1106.5779243268073 -220.57576312303544
-1105.0854318894446 -220.33258912146093
-1103.7363169945777 -219.86304214775564
-1102.034540013224 -219.94285312473775
-1100.5033095635474 -219.67423823654653
-1099.0192079104484 -220.10006687223913
-1097.2996699370444 -219.59590622961522
-1095.6494714774192 -219.87362316429616
-1093.8761525906623 -219.47955194294454
-1092.4391139306128 -219.6627998518944
-1090.7974172390998 -219.78232802629472
-1088.8606315411628 -219.1931912469864
-1087.2483089722693 -218.89287893652917
-1086.0433574475348 -219.37663720726968
-1084.9343410290778 -218.65423821091653
-1083.240197852999 -218.69480943858625
-1081.382578805834 -218.47506044983865
-1080.2041008032859 -219.11864082694055
-1078.8136288680137 -219.64431987881662
-1077.0684210814536 -219.93265055298806
-1075.5612042702735 -220.38433452129365
-1074.152692154795 -220.7138632106781
-1072.4360028065742 -220.77040364027025
-1070.9401089705527 -220.44952269077302
-1069.2404806174338 -220.4408154654503
-1067.979134515673 -219.93578858852388
-1066.2636488236487 -220.45808895111085
-1064.5227082528174 -220.7536035346985
-1063.1663474597037 -220.5711172538996
-1062.3666740216315 -220.93831205546857
-1060.5194320239127 -220.52785888493062
-1059.1623593129218 -220.77078083336355
-1057.387355402857 -220.48268094837667
-1056.7940862335265 -220.77355155527593
-1055.3655561365188 -220.2581315356493
-1053.564046636969 -219.78413483679296
-1051.9135842479766 -219.17112967550756
-1050.7436447300017 -219.2477088290453
-1048.9115502990783 -219.58034610927106
-1047.2225217975677 -220.25777065932752
-1046.1822167791427 -220.26679977953435
-1044.5160898126662 -220.37501696676017
-1042.9597524560988 -220.47716956019403
-1041.218212620169 -220.55028032690288
-1039.6611468948424 -220.71637576252223
-1037.941092029959 -221.15217422872783
-1036.0808274902404 -221.2720153424144
-1035.4199498452247 -221.70024181336166
-1034.637996391207 -221.70996201962234
-1033.113307670504 -221.77685219973327
-1032.0882113732398 -221.45217306345702
-1030.6632812775672 -221.59075320690872
-1029.2970375575126 -221.60728418260814
-1027.4577004469932 -221.39415141373874
-1026.2016597546638 -221.71050324469806
-1024.8297191418708 -220.85295155078174
-1023.2072695054114 -220.81625387996436
-1022.1875713624061 -221.1700485739112
-1021.0038694895804 -221.0614146757126
-1019.0840467967093 -221.5613104271889
-1017.886814788729 -221.59925767958165
-1016.0059566058219 -221.9073562937975
-1014.2536477603019 -221.40451297342779
-1013.2157157219947 -221.71914625346662
-1011.7147221125663 -220.74436855494977
-1010.1477208890021 -220.36605039417745
-1008.2951789654792 -220.38743443965913
-1006.4271678484977 -219.7091751265526
-1005.5672018088401 -220.4038659501076
-1004.3487801112235 -221.06715680837632
-1002.7602859295905 -221.07214619398118
-1001.1119471348823 -221.43456758737565
-1000.2388793982566 -221.30321160137655
-999.4191858328879 -221.61411166369916
-997.5271451033652 -221.61504399955274
-996.0005545176566 -221.19240135133268
-994.256025389582 -221.93650382936002
-992.9859040535987 -222.70672863900663
-991.8783021725715 -222.9358323532343
-990.1453564919532 -222.77608806073667
-989.1364517964423 -222.6030923742056
-988.2155231393874 -222.56764176666738
-986.30722226277 -223.13928380787374
-984.6688470996917 -223.77987328350545
-982.9707216180861 -223.96424925506116
-982.0379797972739 -223.9158620107174
-980.255590633303 -224.6211484539509
-978.4839818038047 -224.2346096801758
-977.7886788405478 -225.32485361576082
-976.6043859280646 -225.35545438706876
-975.2576248206199 -225.79212814748288
-974.3880579032004 -227.03250247418882
-972.7201532877982 -228.08987516343595
-972.1474474824965 -229.0362828987837
-970.5226143755019 -228.74400481760503
-969.1790324606002 -228.88906458199025
-967.5100194372237 -228.87706731438638
-966.233172313124 -229.1622756588459
-964.4319876588881 -229.62454079270364
-963.3639103330672 -229.0754656660557
-961.6500235952437 -229.78448157191278
-960.7690541900695 -229.42373313188554
-959.5923059143126 -228.99378456354142
-958.3721202768386 -229.03455534756185
-956.894704476744 -228.72708830416204
-955.063520924002 -229.46572658598424
-953.5876078762115 -228.94433513462545
-952.8257186569274 -229.34994056999685
-951.2592359937728 -229.3306673242897
-949.798579350859 -229.64734045408667
-949.0339301981032 -229.9424215628952
-947.3946132816375 -229.78986283384265
-945.6320617355407 -230.22794880710543
-945.0637069500983 -230.3328216149658
-943.6329280890525 -230.32223715625705
-942.2959584750236 -230.21573762588204
-940.4288458384574 -230.529230639264
-939.184190825373 -230.29691989712418
-938.1596335925162 -230.4260137974471
-937.1288555420936 -230.94784978024663
-935.5330922164023 -230.92634516946973
-933.7251460112632 -230.37886840097607
-932.1267845191062 -230.21611331395806
-931.3913812197745 -229.8369657545537
-930.2735551156104 -229.87136429913343
-929.1264017380774 -230.09289652474226
-928.3400639452041 -229.9149883425981
-926.7812591947616 -229.31941825516523
-925.659752265364 -229.98355454571546
-924.696891502291 -229.30357241995634
-923.07183964625 -229.6213501430303
-921.1135180749 -229.85692097611727
-919.8063706912101 -229.9591869301349
-918.351093248278 -230.3957894331962
-917.3362743414939 -230.75545178718866
-916.5636951483787 -230.46384279794992
-915.6409893192351 -229.6932183391601
-914.1101755060256 -229.92950202889742
-912.901819960028 -229.40295584864916
