-1144.2 -171.08
-1144.9720232009888 -172.46796424865724
-1144.6169669151307 -173.0833069252968
-1144.493489664793 -174.7133083510399
-1144.5283965140582 -175.43633045434953
-1144.5561220765114 -176.41963614702226
-1144.2260666012764 -178.03189779996873
-1144.2828765183688 -178.84120859384538
-1144.9536283284426 -180.46253337144853
-1144.6260409921408 -181.117757396698
-1144.512707990408 -182.46792729377748
-1144.1208949506283 -184.098931388855
-1144.9873097360135 -185.34749122142793
-1145.2729212462903 -186.7096947002411
-1145.4579423487187 -187.88404174327852
-1145.130148035288 -188.35721059322358
-1144.6513992369175 -190.1083445119858
-1145.1342494606972 -191.223421292305
-1144.7019755959511 -192.80500622272493
-1144.4473792731762 -194.75830932140352
-1144.222307008505 -195.44509966850282
-1143.7628266632557 -196.481038646698
-1144.4771138846875 -197.48069895982744
-1144.7250923633576 -198.94748450994493
-1144.6035102277995 -200.0617370772362
-1144.4297740280629 -201.33584107637407
-1145.0174896538258 -201.96680583238603
-1144.889975425601 -203.03772844552995
-1144.6237043112517 -204.6777655053139
-1144.5332546800375 -205.95882739305497
-1144.0929363936186 -207.708468811512
-1143.952091601491 -208.27066125154496
-1143.6869115501643 -209.70401598691942
-1144.0420362621546 -210.95124484777452
-1143.7660021156073 -211.90135289907457
-1143.6829631447793 -213.81359578847886
-1143.1366573095322 -214.9162177014351
-1141.9544132471085 -215.0083721446991
-1140.2554121732712 -214.90670253515245
-1139.0830083608628 -216.02608718156816
-1138.1698761105538 -215.75116156220437
-1136.4338286042214 -216.3695967066288
-1134.7574803948403 -216.79314164996148
-1134.0283887505532 -216.98011914074422
-1132.1576025605202 -216.8397868293524
-1131.0958825469017 -217.1209788042307
-1129.8861923336983 -217.99963149607183
-1128.4861524224282 -218.07440186470748
-1126.5653867840767 -218.32072133749725
-1125.0029463887215 -219.09545368880035
-1123.054187309742 -219.12452434740962
-1122.030343067646 -219.1760243176669
-1120.2658805966378 -218.70775803916158
-1118.3274164319039 -219.18525260679425
-1116.7381792187691 -219.4534861444682
-1114.9190719246865 -219.27257274083794
-1113.353315603733 -219.75799961380662
-1111.4501462101937 -220.2570226340741
-1110.3135573983193 -220.83621944479646
-1108.390361917019 -221.04806473843755
-1106.4488872408867 -221.27115724973382
-1104.5867844939232 -220.59505401544274
-1103.1099640250206 -220.46898944668473
-1101.2239891409874 -220.23565666370095
-1099.5332543969155 -220.41168420009316
-1097.6476760029793 -220.99075596027077
-1095.8366990208626 -221.22669975452126
-1094.1837047457695 -220.78827904157342
-1093.2134543180466 -221.1364162414521
-1091.7287549495697 -221.31631509952248
-1090.1489790201188 -221.35014487795533
-1088.3470178365708 -221.27344048015775
-1087.4571958899498 -220.95682641856374
-1086.8973851323128 -220.90954276911916
-1085.199443590641 -221.39729422323407
-1084.0746945261956 -221.65177774421872
-1083.2469784140587 -220.95663928978146
-1081.586431157589 -220.24701708547772
-1079.6528594613076 -220.6403145491332
-1078.1722087979317 -220.2227534352988
-1076.8537104249 -219.9697266816348
-1076.2242864489556 -219.73322519652547
-1074.6941621422768 -219.96075761310757
-1073.8641679406167 -220.05120134346188
-1072.6770525097847 -220.32665354005994
-1071.7485375523568 -220.76076251260938
-1070.1696570038796 -219.9442808031291
-1068.9873237729073 -219.43591767542065
-1067.157100212574 -218.93605202428998
-1065.5213298916817 -218.74375332884492
-1063.5858912587166 -219.2069576828927
-1062.6233286380768 -219.16534750528635
-1060.871186208725 -219.60412426657976
-1060.0873643279076 -219.70999391742052
-1058.7469123721123 -219.62820694960655
-1057.7007842183114 -219.3121006897837
-1056.8059976220131 -219.57692627228798
-1055.564464700222 -219.47106034673752
-1054.1240688681603 -220.06006140626968
-1052.4016152739525 -219.52120937027038
-1050.5657774329186 -219.10131848968567
-1048.7303751826287 -219.46244515098633
-1046.9729025483132 -218.86278749622406
-1046.283089351654 -218.2453308812529
-1045.5799617886544 -218.9665216318518
-1044.0382573723793 -218.46644736446441
-1042.4391235232354 -218.00522319592537
-1040.6128968119622 -218.10511027641596
-1039.7157862901688 -218.2820622510463
-1039.1348695874215 -218.51571943230928
-1037.733095061779 -218.72490379579367
-1036.614229810238 -218.591131035164
-1035.5565083146096 -218.35811798639597
-1033.9275308966637 -218.2694941944629
-1033.1352684020997 -218.72572876878084
-1031.2467460155488 -219.33784820504488
-1029.501500082016 -220.00972040362657
-1027.8895780563355 -220.3564915842563
-1026.1981195926667 -219.52900113530458
-1024.9524501085282 -219.70988408096136
-1023.8303358078003 -220.1106918192655
-1022.2710979700089 -220.3829821086675
-1020.902931046486 -220.70641202099623
-1019.5087738752366 -220.1950386799127
-1018.039100599289 -219.9979204273969
-1016.4640826702118 -220.60080364711584
-1015.6123815298081 -220.7442454583198
-1014.3077656745911 -220.95297070212663
-1012.7373377799988 -220.59402223296465
-1011.8860399246216 -220.6224881000072
-1010.1600403308869 -220.47244158752264
-1008.6943635463715 -219.97313487894834
-1006.9669804096222 -219.8277159369737
-1006.0042749166489 -220.01937941081823
-1004.7379219055176 -220.01961082585157
-1003.9865694761277 -220.12916034825147
-1002.6594181776047 -219.67703092463316
-1000.8582244634629 -219.54375298686327
-999.5745999336243 -219.3955261296779
-998.1030795097352 -219.01401760049166
-997.4511935830117 -219.34171875186266
-996.4835374474526 -219.93363209433855
-994.9411344647408 -220.0529395080358
-994.1582275748253 -219.725742373541
-992.940092933178 -219.20864943034948
-991.963638496399 -219.38711095221342
-990.4145819664002 -219.2304566986114
-988.7810317993165 -219.47112568087877
-987.6752784967423 -219.69316792853178
-986.1822252988816 -219.93131237097086
-984.563126039505 -219.2650366909057
-982.6623339176178 -219.58042966194452
-981.0089824914933 -219.52462089054288
-979.8252163648606 -220.070891976282
-978.8897547245026 -219.83370663218201
-978.0619253635407 -219.14330454163255
-976.1102632999421 -219.29272021345795
-974.530600976944 -218.64681757979096
-973.4101573944092 -218.51151843361558
-971.897993516922 -218.89239920668305
-970.3254332065583 -219.1892063765973
-969.489322257042 -219.09183771155776
-968.4813376188279 -219.17237306378783
-966.84628303051 -219.20299165688456
-965.7914512872696 -219.04879536472262
-964.6836940765381 -219.05904256545008
-963.1569945335389 -220.12073826037349
-962.2577865242959 -220.89717792712153
-961.1967433810235 -221.36313112817706
-959.4115244269371 -222.12140472970904
-958.6220434427262 -222.14784880906345
-956.9557300329209 -222.0870423781872
-955.3042375564576 -222.29743267774583
-954.0601937294007 -222.21029166311027
-952.1191284179688 -221.81044734448196
-950.3934449672699 -222.38022840946914
-949.4804349064827 -222.12369693249465
-948.0737189173699 -222.75286532372238
-946.4136692404747 -222.37681386798621
-944.9549411654473 -222.47728966355325
-944.0376005291939 -222.53577800273897
-942.3857157349587 -223.16256334066392
-941.0727974295617 -223.89789189577104
-939.6608357548714 -224.14370028853418
-937.7328251719475 -223.76648728728296
-936.0915939927102 -224.324656175375
-934.6941129088402 -224.03847681164743
-933.4620068192482 -223.64812191009523
-932.7643460154534 -222.94748337745668
-931.6115996956826 -222.74783215105535
-930.6444501996041 -222.73867619216443
-929.0217640519143 -223.04084605157377
-927.4927425503731 -223.69204414069654
-926.2816914439202 -223.66053951710464
-925.4008613944054 -223.74278582811357
-924.1094697833062 -223.37045379161836
