-1144.2 -171.08
-1143.488765847683 -172.67667158126832
-1143.6293231517077 -174.48850353240968
-1143.1980386644602 -176.18564863681794
-1142.80513882339 -177.3444122838974
-1142.650364097953 -179.12617559909822
-1142.704209652543 -180.88231845378877
-1141.599022474885 -182.49300094127656
-1140.0845001608134 -183.3449793624878
-1138.1861245304347 -184.0356943178177
-1136.2986642986536 -183.99940489411355
-1134.7700475126505 -184.75216095328332
-1132.9495089918375 -184.64471332907678
-1131.2382691770792 -185.16378776907922
-1129.6092365652323 -185.1793187427521
-1127.7449354797602 -185.83480592250825
-1126.1139642864466 -186.31831456899644
-1125.2987353473902 -186.21888718932868
-1123.549865809083 -185.9345934483409
-1121.8038940101862 -185.86307960927488
-1119.87869271338 -186.39717608869077
-1118.2162713676692 -186.3304518032074
-1116.6021260887385 -186.48521349012853
-1115.2274937301875 -187.1134316045046
-1114.3308055073023 -187.61757764399053
-1112.9833447605372 -187.81452498018743
-1112.0996734768153 -188.27270388782026
-1110.4635789066554 -187.49768042743207
-1109.0778088241816 -187.6982606071234
-1107.2911567360163 -187.11722892701627
-1105.3435985714198 -186.8663273471594
-1103.549835291505 -187.53200906693937
-1102.0914019018412 -187.38734957754613
-1100.3195305734873 -187.81196740448476
-1098.4466763406992 -187.7397191169858
-1097.182490554452 -188.24463477164508
-1095.2695270448924 -188.07606070667507
-1093.6276440292597 -188.38632761865856
-1091.9791248708964 -188.50330845445396
-1090.6632171541453 -188.43847231000663
-1088.7915594249964 -188.4361460003257
-1087.2114791542292 -188.4912010523677
-1086.3305959373713 -188.31714093118907
-1085.1262123256922 -188.39400769203903
-1084.049396005273 -188.48556215494872
-1082.6620440155268 -188.8055065664649
-1080.72998842299 -188.56350360244514
-1079.7268157869578 -187.91545776456596
-1079.0001248389483 -187.69468224972488
-1077.5581789284945 -187.95646814435722
-1075.8394413262606 -187.68168843716384
-1073.926507022977 -188.21899534195663
-1072.5912320882082 -188.9635154697299
-1070.8383176594973 -189.49933190077545
-1069.256124046445 -189.5903412643075
-1068.4727349549532 -191.1734039130807
-1067.5377255350352 -192.5807960572839
-1066.6183844476939 -194.12271028190852
-1065.7361600667239 -195.7502842488885
-1064.9472166568041 -197.23397534519435
-1064.4929006963969 -198.81669121414424
-1064.471364722401 -200.1789428535104
-1064.0839013017714 -201.53390567928554
-1063.500273064524 -202.87765222221614
-1062.9509750761092 -203.9281157794595
-1062.5964161612094 -204.8704267087579
-1062.3405429877341 -206.32928114563228
-1062.6923005439342 -207.92279725700618
-1061.5617582656444 -209.36518531471492
-1061.236522243172 -210.9604527297616
-1060.1283480383456 -212.29063563972713
-1058.4479555346072 -213.32952409416438
-1057.6696098305285 -213.27166875630618
-1056.1769673086703 -214.548345053494
-1054.4120380140841 -215.11052151948215
-1052.525679872185 -215.31826634138824
-1050.56385557428 -216.00898982018234
-1048.8736888624728 -216.09333472132684
-1047.8376262642444 -216.05181494906546
-1046.085155890137 -216.27541609659792
-1044.3728830076755 -216.60027282491328
-1043.4014735676349 -216.5769652425498
-1041.7223037935794 -216.97472587220372
-1040.0063980080188 -217.20179457955064
-1038.0999889828265 -217.10256101183595
-1036.7643291212619 -216.94477905325593
-1035.2509177185595 -217.1682884245366
-1033.8019483543933 -217.39713542155923
-1032.2602848269046 -217.43470410250129
-1031.3214948631824 -217.29471740864219
-1029.5199639059604 -216.95212776206435
-1027.6184391237796 -217.35207618020476
-1025.9948372103274 -217.65759862206878
-1024.550082848221 -217.306850559935
-1023.5064177967608 -217.52765942357482
-1021.574275777489 -218.10581732533873
-1019.853363082558 -218.25960954271258
-1018.4556121088565 -218.314903043136
-1016.8766868568957 -218.43471997223796
-1014.9403753735126 -218.1407168134302
-1014.1573140479625 -217.5295523031801
-1012.5552146293223 -217.50266246490182
-1011.3580392457545 -216.95402805499734
-1009.5317102529109 -217.6302501409501
-1007.6292052127421 -218.1884401290864
-1006.019037232548 -218.47371436648072
-1004.8966617442668 -218.8405364304036
-1003.298425898701 -219.02538825564088
-1001.9082182504237 -218.85966736070813
-1000.507440314442 -218.70436604313554
-999.0990093804896 -218.90228663377465
-997.206671819836 -218.55580292634667
-995.3943405009807 -218.80373468987645
-993.4767670489848 -219.07789739958943
-991.7224035121501 -218.78089299790562
-990.1302350617946 -218.45683524005116
-988.8650642491878 -218.28733667723836
-986.908753976971 -218.59592121832074
-985.1984444715083 -217.94966346018018
-983.954262957722 -218.31729757778348
-982.2847238637507 -218.74078482382
-981.1257054664195 -219.1467792093009
-980.0794236518443 -219.34519562117757
-978.2290195085109 -219.07661163799466
-976.339658484608 -218.6049430369586
-975.2708880759776 -218.67689672105016
-973.6593658782542 -218.40662235014142
-971.7907376147807 -218.45860378436745
-970.410185918957 -217.60687802724541
-968.6034923650325 -217.21816174678506
-966.8088468171657 -217.40160289399327
-965.0567859269679 -217.8160880803317
-963.914214000851 -217.48061940066518
-962.8602845527232 -217.86014360181989
-960.9818711139262 -217.6885983645171
-959.2034536458552 -217.5254430472106
-957.5102488853038 -217.05512157075108
-955.8969091035426 -217.58425369851292
-954.0901199437678 -217.64394024007024
-952.7863799192012 -218.0884940325469
-951.7851515866816 -218.5508027970046
-950.5858580924571 -218.82685807339848
-949.6122833944858 -219.25271612398328
-948.1622612930835 -218.9868822991103
-946.5954254128039 -218.7142166196555
-944.8533969379962 -218.28703835599126
-942.9477887608111 -218.0583760290593
-941.2655311085284 -218.40395112328233
-939.8664973236621 -218.8577934651822
-939.0776001669467 -218.3055086284131
-937.1971079565585 -218.6744951158017
-935.7153711773456 -219.35638220600785
-934.4794553972781 -219.79050172857941
-932.6256868101657 -219.96297104649247
-932.1691413976253 -220.76386488966645
-930.5224510289729 -221.32724292568864
-929.1721478559077 -221.5512534826249
-927.4491280175746 -222.49670796088876
-925.683261499554 -222.26163251690568
