-1144.2 -171.08
-1143.8555742919445 -172.72765143394471
-1143.9441383302212 -174.28836901664735
-1143.6883208870888 -176.247643904686
-1143.0172456622124 -178.08801885128022
-1143.0218356072903 -179.88441224575044
-1142.2870109498501 -181.4095156955719
-1141.0324285447598 -182.15972192764283
-1139.956656140089 -183.49307902336122
-1138.7246005952359 -184.20704706192018
-1137.135006827116 -184.98028166770936
-1135.2503232181073 -185.31257273435594
-1133.9539320886136 -185.47132910966874
-1133.095985633135 -185.37350086301566
-1131.893887501955 -185.85197267860175
-1130.2563541948796 -185.84682703942062
-1128.3564239561558 -186.0865724924207
-1126.9570082247258 -185.79495649963619
-1125.1938841164113 -185.14401214748622
-1123.2620005428792 -185.86107408434154
-1121.569821459055 -185.6540948393941
-1119.9163325846196 -185.88751321464778
-1118.5262208998204 -186.28777849107982
-1116.9082360088826 -185.60026472240688
-1115.6270202219487 -186.13220571905376
-1113.7450429022313 -186.12695653915407
-1111.9361928522587 -185.70022185325624
-1111.2603841841221 -186.5647475886345
-1110.3821970045567 -186.84332131028177
-1109.1516008198262 -187.51433979153634
-1107.5323400318623 -187.34859979331495
-1106.101304036379 -187.0114913004637
-1104.3869840919972 -186.77137358665468
-1102.4605042755604 -186.55586408257486
-1100.5444590866566 -186.33473199784757
-1099.658828598261 -186.5075697618723
-1098.963353139162 -186.96874857127668
-1097.7261044800282 -186.6903341728449
-1096.332747322321 -186.30834770381452
-1094.548082691431 -186.79879421174527
-1092.8737834513188 -186.4906637388468
-1091.922889751196 -187.00289163172246
-1090.1291685521603 -187.48861962735654
-1089.1506085217 -186.74685454547406
-1087.6842609465123 -186.37194132983686
-1085.6996995031834 -186.59217797398568
-1084.8231643855572 -186.34875610649587
-1083.2967520177365 -185.80912247478963
-1081.7218218266964 -185.42426234662534
-1079.877644342184 -185.94364130675794
-1078.560642760992 -186.68255102813245
-1077.5517971932888 -186.67770719707013
-1076.4723904550076 -187.3343499916792
-1074.8529562175274 -187.1457689124346
-1073.19696585536 -187.7862613517046
-1071.6392212331295 -188.53828361809255
-1070.2211763083935 -189.1904643493891
-1068.4022772729397 -189.60954711019994
-1067.6016428887845 -191.22482106268407
-1066.440407794714 -192.996338339448
-1065.6835003316403 -194.16809067308904
-1064.9043506205082 -194.881201954484
-1065.0157565295697 -196.3662773090601
-1064.9424759566784 -197.49857160627843
-1064.896214310825 -198.81461128771306
-1064.381330613792 -200.6510787922144
-1064.079905603826 -202.5950199085474
-1063.8785760447383 -204.25598463594915
-1063.516166214645 -205.19331106722356
-1062.778859679401 -206.86241659700872
-1061.933005695045 -208.59550175249578
-1060.5724240586162 -209.56936934769155
-1058.715782289207 -209.59796193420888
-1056.8933593079448 -210.0583275872469
-1055.0213090226055 -210.89692989170553
-1053.326079492271 -211.0954460668564
-1051.7345271155239 -211.93436028242112
-1050.1322391077877 -212.4812086391449
-1048.6659276530147 -212.78380532741548
-1046.8704872176052 -212.57819985032083
-1044.9788283154369 -212.8030663597584
-1043.2159761235118 -213.5165893304348
-1041.981798414886 -213.67590227901937
-1040.3722808405757 -213.72713452011348
-1038.5115492388607 -213.82215137958528
-1037.0344197794795 -214.0438583958149
-1035.5441128060222 -214.43125315189363
-1034.2615755841136 -214.99273725032808
-1033.3565575525165 -214.95557275593282
-1031.530334417522 -214.82877870082856
-1030.2485985204578 -214.80657789289953
-1029.110144560039 -215.04511778235437
-1027.237435285747 -214.35147337794305
-1025.9628302499652 -214.08513389706613
-1024.2751776620746 -213.5245213377476
-1022.6386502429843 -213.63850942432882
-1020.8287077590824 -213.03496965944768
-1019.2750932618976 -212.83589093565942
-1017.6132732078433 -212.73210197120906
-1016.6547964856029 -212.99847652941943
-1015.7869970843196 -213.11592967242004
-1014.3816467568279 -213.59541265100242
-1012.7068990513683 -213.94393525451423
-1010.8935358569026 -214.42124162048103
-1009.9281159088016 -214.73996631234886
-1008.608756248653 -215.29372624486686
-1006.8266496106983 -214.7905936035514
-1005.1844779893756 -214.6628643217683
-1003.4406246587635 -214.54737504750491
-1001.4992691919208 -214.86398943692447
-1000.3241094991565 -214.5545090082288
-999.037332956493 -214.30439090162517
-997.3836352273822 -214.6106086614728
-996.5625065013767 -214.40776088267566
-995.8295719072223 -214.3877121898532
-993.9777445241809 -214.42655765444042
-992.3070671007038 -213.830251211226
-991.4820203229785 -214.36001806885005
-990.2692987367511 -214.1260283830762
-988.6568458721042 -214.5338104608655
-986.8775942966342 -213.71332331925632
-985.2565488263965 -213.56612391203643
-984.7384065434337 -213.31035284131767
-983.1221034571529 -213.9305681976676
-981.5383499905467 -214.35978544682266
-980.5953472897411 -214.85588760107757
-978.9087899968029 -214.0760320517421
-977.3675977036357 -214.16378160744907
-975.7151947066188 -213.57993289262058
-974.3275003477931 -213.37454969614745
-973.1053882882 -213.56716477304698
-971.3583530232311 -213.92706211835147
-969.8631948277355 -214.2052196505666
-968.616211180389 -214.35218575030567
-966.8776345297695 -214.21006838411094
-965.4154853865505 -214.06065435141326
-963.5037692829967 -213.51404733389617
-961.7938871428371 -213.36422864526511
-960.2098417326808 -213.87839106649162
-959.1245112463832 -213.48394463390113
-957.9266458794475 -213.7307060006261
-956.1227687641979 -214.03653722435237
-954.7741822049022 -213.82899066239597
-953.4874723002315 -214.3064905050397
-952.0808215186 -214.26789033591749
-950.9027835175395 -214.39935131549836
-949.1207972809673 -213.72302694797517
-947.7230275914073 -214.23122944116594
-945.9611492201686 -214.32680737406017
-945.3797853633762 -214.35516563981773
-944.1981633350254 -214.70937869876624
-942.3053517982364 -214.57529247730972
-941.1776368066669 -214.86835552185775
-939.3467602178455 -214.77411141425372
-937.4949899360538 -214.16509511500598
-935.6493402168155 -214.76890274316074
-934.8160677596927 -214.14734056025745
-933.3666189357639 -214.18233398526908
-931.6690843746067 -214.69481823772193
-931.0559460565448 -214.6494095119834
