-1144.2 -171.08
-1144.198141977936 -172.19448931694032
-1143.9452517189086 -173.409269528389
-1143.8996516212821 -174.40526814937593
-1144.0287353292108 -175.9878186750412
-1143.733185131848 -177.6050999927521
-1143.1559837058187 -179.3826579618454
-1143.6893972352148 -181.0754777956009
-1143.4192018404603 -182.7249420452118
-1142.2669484511018 -183.59055574417116
-1141.5687559738756 -185.01072426319124
-1140.7373616591096 -185.73349698066713
-1140.2164584890008 -186.74386032104493
-1140.412315388024 -188.47225745201112
-1139.7584744885564 -189.83567638874055
-1139.8705708503724 -191.2493334579468
-1139.3442670822144 -193.01450450897218
-1138.9256714701653 -194.78626878738405
-1139.6843584299088 -196.3827527332306
-1139.5958392962814 -197.50436003685
-1139.1513547345996 -199.23527832508088
-1138.5962818905712 -200.50896580696107
-1138.106413845718 -201.716900305748
-1137.991947491467 -203.44363184452058
-1138.0754723966122 -205.29173942089082
-1137.3159746348858 -207.12018461704255
-1136.1037270247937 -208.52129610061647
-1134.20699326396 -209.36169906139375
-1132.6602447450161 -209.75044764757158
-1130.7200074613095 -210.52360446929933
-1128.8260605752469 -210.4635372030735
-1127.0086491525174 -211.28032611489297
-1125.7930492579937 -210.90278484106065
-1124.0936266601086 -211.64007778644563
-1122.1760815799237 -212.15660883665086
-1120.2930850207806 -211.59334720849992
-1118.8386896073819 -211.54865909546615
-1117.0153016269207 -212.16309339731933
-1115.3755628287793 -212.2745505589247
-1113.689876240492 -212.31635809868575
-1111.9944324910641 -213.11388153761627
-1110.2091079175473 -213.54598517149688
-1108.3189263761044 -214.17205078333618
-1106.379791778326 -214.6800553891063
-1105.089072984457 -214.7760119828582
-1103.5584794700146 -214.90588558644058
-1101.7278591811657 -215.33215002149345
-1099.8618954837323 -215.28637881010772
-1097.9353143393994 -215.4427266213298
-1096.9967362105847 -215.80605030983688
-1095.3543061435223 -215.48434335917236
-1093.45539919734 -215.70752006202937
-1091.5546650111676 -215.54814808994533
-1090.6520920217038 -215.15641372829677
-1088.8886151731015 -215.32639969319106
-1087.7961380898953 -215.75019122093917
-1086.9159098684788 -215.78987351983787
-1085.1421345293522 -215.61449892252685
-1084.0428085148335 -216.0200956556201
-1082.544371110201 -215.64847517937423
-1080.6697349369526 -215.83201585143806
-1079.5251657783986 -215.9473047348857
-1078.173855406046 -215.74786175221206
-1076.7260376036168 -215.4860164615512
-1075.8698675453663 -215.5537400636077
-1074.26131413579 -215.14351288408042
-1072.563133341074 -215.29805981546642
-1070.9984296381474 -215.40501731067897
-1070.1635045826436 -215.93462442785503
-1069.2318723022938 -215.53859561115505
-1067.61807487607 -215.67177354723216
-1066.0363138735295 -215.32495098739864
-1065.4311744987965 -215.8734782281518
-1063.9482934296132 -215.85796814590694
-1062.4861655056477 -215.8273719790578
-1061.4508741915226 -215.95482688575984
-1060.4114343941212 -216.38099067837
-1058.551312428713 -216.5277251842618
-1056.8606152355671 -216.27062343984844
-1055.0786905109883 -215.85583111077548
-1054.4204569876194 -215.7829027119279
-1052.5740412294865 -216.1874435785413
-1050.7187808573246 -215.69952412873508
-1048.974450570345 -215.86825814276935
-1048.1990284740925 -215.29707607060672
-1046.443247061968 -215.690319621861
-1044.5293551504612 -215.91440063148738
-1043.9167509496212 -216.17884426742793
-1042.2889713466168 -216.51463400751354
-1040.5805348575116 -216.41832211047412
-1039.362239998579 -216.41019707351924
-1037.8833848655224 -216.0673361364007
-1036.5890794217587 -216.21254991918804
-1035.3258357465268 -216.49144598275424
-1033.6345911443234 -216.39100393086673
-1032.0236583173275 -216.26120811134578
-1030.237639707327 -216.44627570539714
-1028.4437352836133 -215.6951774302125
-1027.9375420629979 -215.7053671720624
-1026.1824577867985 -215.02395399838687
-1024.6504502117634 -215.49857636719943
-1022.9038982212544 -214.95919617444278
-1020.9572510540486 -214.54410048753024
-1019.6474033415318 -215.05579831629993
-1019.1089980423451 -215.30762591391803
-1017.3169010698796 -215.40310567051174
-1015.7778569281102 -215.0612322035432
-1014.6097627699376 -214.9377625527978
-1013.0864594995976 -214.97344898611308
-1011.8938666403294 -214.947394246161
-1010.2606057941914 -214.65027906924487
-1008.833765488863 -214.77217758625747
-1007.532584053278 -214.6747622731328
-1005.7519401133061 -214.48922527760269
-1004.1135772287846 -213.9937364551425
-1002.3578957140446 -214.0877361688018
-1000.8983796656132 -213.77460975378753
-999.2521515905858 -214.4477896782756
-997.5235067427159 -214.098062107265
-995.8786587536335 -214.73130519121887
-994.1972843229771 -214.96110984116794
-992.4928437292576 -215.5324117782712
-991.7062601268292 -215.20976259738208
-989.8113764941693 -214.4209566357732
-988.2678226649762 -214.47089315384628
-986.4439577281476 -214.0837946328521
-985.2232264697552 -213.48872790664436
-983.2724010169507 -212.90431169599296
-981.7373116433621 -213.10312772721053
-981.159900289774 -212.96277214020492
-979.3102778017521 -213.08576784461738
-978.008161765337 -213.68134234279395
-976.0996761143208 -214.02151913374664
-974.610700827837 -214.60840321511031
-973.2721795856953 -214.33721784681083
-971.6701590836049 -214.83533585995437
-970.0140728771687 -215.04562453359367
-968.9757259905339 -215.46396468013526
-967.9017244398594 -216.04480765193702
-966.7656348764897 -215.56758509010078
-965.0008359968663 -215.72373857527973
-963.6524518549443 -216.45066573649646
-962.0248435556889 -217.45483710795642
-960.8963986456395 -218.3330306056142
-959.2725318491459 -218.13653535574676
-957.8951288282872 -218.3276217225194
-956.323379021883 -219.05598046809436
-954.3845090687275 -218.7140768709779
-953.0183411657811 -219.23551016479732
-951.804304343462 -218.6792138758302
-950.4925957739354 -219.13821845680476
-948.9771792709828 -219.27008938223125
-947.2876577198506 -219.24174792684616
-945.5885999023915 -219.3190831205994
-944.7841969549656 -219.20987553514541
-943.4200239002705 -219.90200997509064
-942.5106985390187 -219.26940114416183
-941.775200945139 -220.08715684331955
-939.9835219204426 -219.62832544364036
-938.7435438454152 -220.61436812199653
-937.83015422225 -220.63363356508316
-936.1337666928769 -221.32312465824188
-935.2374130308629 -221.1968681625277
-934.5299321830273 -222.2083744815737
-932.8699127852917 -222.3520213327557
-931.5706288039685 -222.9387859068066
-930.0486514985562 -223.22291093684734
-928.6954997003079 -223.77369695521892
-927.862810176611 -223.70110891379417
-926.6776434600354 -223.4252529255301
-924.869482678175 -222.79169489063324
