-1144.2 -171.08
-1144.2400398671627 -172.08351297855378
-1143.788538914919 -172.8529249596596
-1143.3490125358105 -173.37960364103319
-1142.7130040347577 -174.7093403506279
-1141.9636604607106 -175.7427694964409
-1141.9457437366248 -176.77051104784013
-1142.0189140707255 -178.2616413998604
-1141.477833595872 -179.0545501279831
-1140.696585085988 -180.0893904733658
-1139.460648086667 -180.7772188949585
-1138.6160661250353 -182.23265369415284
-1137.3421181708575 -183.05431951761247
-1136.999474194646 -183.63823034048082
-1135.73153629601 -184.3334505724907
-1133.832205799222 -184.16264219760896
-1132.5752297908068 -184.95060445547105
-1131.6093703776598 -185.86751850128175
-1130.6457270652056 -185.86249212354423
-1128.8856641322375 -185.839439624846
-1127.9125113755465 -185.3597131612897
-1126.84312787354 -185.21166988641025
-1125.001805689931 -185.07198689311744
-1123.291155126691 -185.25901857942344
-1121.801213529706 -185.09743177324535
-1120.3068963557482 -185.079283708632
-1118.4260012179614 -184.56557905107738
-1116.6341988116503 -184.59395558565856
-1115.4354796677828 -184.49008961945773
-1114.3716411858798 -184.8687657955289
-1112.7188117772341 -184.62592169076206
-1111.8894899755717 -185.10322632819415
-1111.135102120042 -185.69453796178104
-1109.8285638958216 -185.48608312934638
-1108.4697529941798 -186.14622757762672
-1107.7286702662707 -186.56477121442558
-1107.0385114222765 -186.13976112931968
-1105.7274693518877 -186.44151620000602
-1104.6432514458895 -186.42725691564382
-1103.508590963483 -186.7175643182546
-1102.5815837651492 -186.7300143930316
-1101.9272175699473 -185.99580092161895
-1101.0769148737193 -185.67590243548156
-1100.1602343589068 -185.6873836386204
-1098.549994495511 -186.21269957900049
-1096.9532945424319 -185.7697269189358
-1095.3641625910998 -185.88020850896837
-1093.4770733386279 -186.11703358769418
-1092.6448416978121 -185.58733837485315
-1090.8417668610812 -186.00336681485177
-1089.5041225224734 -186.3170842397213
-1087.948159363866 -185.6954275238514
-1087.0410104066134 -186.2801306116581
-1085.1411215335131 -186.38404610931875
-1083.4266807109118 -186.3703952645138
-1082.6674074202776 -186.27405311811717
-1080.7540022403002 -185.62319811332972
-1079.5226850777865 -185.49375364828856
-1078.772444394231 -185.29378532517703
-1077.2349697619677 -186.06303702939303
-1075.57086994946 -185.41485332597048
-1073.78104903996 -185.84884940732272
-1072.9010500580073 -185.63847090948374
-1072.2433265715838 -185.32793839920313
-1070.7185811072588 -184.81045933712275
-1070.1214289337397 -184.68348093975337
-1068.9888571172953 -184.64008229125292
-1067.884876576066 -185.6759049211815
-1066.7375429540873 -186.28296839345248
-1065.6087240844965 -186.67693435300143
-1064.5004636913538 -187.90592562306674
-1064.0130367547274 -188.99660884488375
-1063.9890037149191 -190.15199791539462
-1063.8108045428992 -190.77882235396655
-1062.9430761903525 -191.38037275422366
-1062.8820260211826 -192.70803462613375
-1062.939412687719 -193.29387717593463
-1062.1871217235923 -194.94468527186663
-1062.8401864513755 -195.95727627623828
-1062.0525894507766 -197.5467353378609
-1061.728363995254 -198.4700373922661
-1061.3073506996036 -199.1758452569321
-1061.1823006913066 -199.82731699097903
-1061.1904211983085 -200.63653694737704
-1061.4603865489364 -201.50324641812594
-1061.7675204321743 -202.82547222722323
-1061.1985169693828 -204.48523699391635
-1060.7658578500152 -205.5504777346924
-1060.476871882379 -207.3790341531113
-1059.4459648475051 -207.6058981930092
-1058.28289655298 -209.19422846186907
-1057.1329105243087 -209.25080751527102
-1055.597666655481 -209.72215657580645
-1054.1774493798614 -210.62588458407672
-1052.5209540471435 -211.4303749119118
-1050.9299444302917 -212.08677052605898
-1049.544999395311 -212.82028900731356
-1048.187588249147 -212.66161573577673
-1046.7791561231018 -213.01543859291823
-1046.0761575445533 -213.42866475034506
-1044.5539096340538 -213.8177383010462
-1043.1982456192375 -213.82494141805918
-1041.9506170496345 -213.5211537097767
-1040.6366871342063 -213.64363123375924
-1039.0356706127525 -213.57522006232293
-1038.091796849668 -213.5748354298249
-1036.913729761541 -212.971129844822
-1035.0975411877037 -212.91884486276658
-1033.5973199352622 -212.5534273524955
-1032.0474917635322 -211.91863019663842
-1030.7407099947334 -212.73265524107964
-1029.105410192907 -213.27621336180718
-1028.1024065956474 -212.9866035123542
-1027.3138504967094 -213.00724951449783
-1025.9321995720268 -213.1580624235049
-1024.16672167629 -213.83109852198513
-1023.1897405132652 -214.2395569336787
-1021.3721549257637 -214.19573389638217
-1019.563242648542 -214.68503033269198
-1018.1893831238151 -215.09711825001986
-1017.4396097406745 -214.1781029616669
-1016.0890446648002 -214.31599052894862
-1015.5839678391815 -214.2865997319296
-1013.8697038039566 -214.08348161626608
-1012.2225269421936 -214.156958228834
-1010.7444402322174 -213.45935547996314
-1009.2638417825103 -213.44438604816796
-1007.8459453925491 -213.108945799917
-1006.8529781445861 -212.50603265866638
-1004.9277694568038 -212.94591168865563
-1004.0792801126838 -212.5761542747915
-1002.1702880606056 -212.60394215390087
-1000.2219037756324 -213.12651061818005
-999.5923831805587 -213.5385604183376
-998.2274798497558 -213.4597890134156
-997.1579382762313 -213.95635897472502
-995.5920994624496 -213.44244969442488
-994.2564790591598 -212.8638020808995
-993.0005082234741 -213.16176158741118
-992.1528553113342 -212.4985761101544
-990.4620714530349 -212.87441525414587
-989.0754821643234 -213.23070136263968
-988.0295393809677 -212.87786382988097
-986.1936227425933 -213.47876787737013
-985.1557416066528 -213.62907393828036
-984.3658403500915 -213.09482385769488
-982.7349187478424 -213.35185041084887
-981.1680146798492 -213.12017880931498
-980.0204905614257 -213.1461834999919
-979.4480942234397 -212.9119114074111
-978.9151965722442 -213.2989737185836
-977.7923800095916 -213.67448134154083
-976.6913186654449 -213.90474622875453
-974.9967769727111 -214.52574479013683
-974.5074515089393 -214.68961816459895
-972.6774589762092 -214.29705464273692
-971.6758318886161 -214.10968353778125
-969.860849235952 -214.33723866373302
-968.190184687078 -214.56612869530917
-967.2723110660911 -214.7436549010873
-965.7385312065483 -214.6067234966159
-964.9979011759162 -214.76439271301032
-963.7179783329368 -214.7574161681533
-962.7188598260284 -214.42613522142173
-961.371251975 -213.9429038259387
-960.0607908114791 -214.36735779970886
-958.995990549028 -214.15049372047187
-958.4322447523475 -214.08649481266738
-957.5340960964561 -214.20161675840617
-956.6434684738517 -214.18597553849222
-955.8327111944557 -214.42003454446794
-954.9612676844001 -213.56627495765687
-953.4117007002235 -213.70652529776098
-952.1076432213188 -213.7890308815241
-950.6888633713127 -214.17791557490827
-949.965392921865 -214.3059207814932
-948.2769301876426 -213.98063391625882
-947.0539118990303 -214.03366036891939
-945.2948646292091 -214.16556005358697
-943.7396882519126 -214.3782276082039
-942.1006855711341 -213.81843455314637
-940.9045165523887 -213.60743600308896
-939.9203397974372 -213.37536558687688
-938.847871516645 -213.9570857602358
-937.8048027500511 -213.86914884477855
-936.5928579315544 -213.99335348039867
-935.1605088457466 -213.48261010080577
-933.5210171684623 -213.15327923923732
-933.1230368956924 -213.3166641238332
-932.4931861504913 -214.36527624160053
-931.3336661204696 -215.3813534024358
-929.753028665483 -215.73360043197872
