-1144.2 -171.08
-1143.4722963690758 -173.01179750442506
-1144.0770524859429 -174.98431594848634
-1143.4158467769623 -175.92169030189515
-1143.177526217699 -176.89763935089113
-1143.6343684613705 -178.48869557857515
-1143.5488021865488 -179.6155783700943
-1143.2979743376375 -181.0756465959549
-1142.3670905724168 -182.36599739074708
-1141.7470205917955 -183.23918505191804
-1141.09768127352 -183.96196641206743
-1140.8537312343717 -184.66599907159807
-1140.5170554414392 -186.34684242486955
-1140.0170758858324 -186.99002261638643
-1139.8544264927507 -188.60674853801729
-1140.0769237473608 -189.90111632823945
-1139.86961658746 -191.15800507545472
-1139.5173928931356 -192.67531164169313
-1139.1727051332593 -194.3459353017807
-1138.7369691327215 -195.8508125114441
-1138.3689747050405 -197.5866764354706
-1138.1322499707342 -198.55537815570833
-1138.1021620675922 -199.5136668252945
-1138.6975855872035 -200.74721165180208
-1139.1278834089637 -202.5763436126709
-1139.3084352359176 -203.9670462179184
-1138.3040361747146 -204.79995437145234
-1138.1407989606262 -205.61200054168702
-1137.5292533382774 -206.18147428512574
-1137.3842059716583 -207.2073889541626
-1136.6193975552917 -208.78452404022218
-1134.9707991227508 -208.4854470062256
-1133.1125351533294 -209.59757788658143
-1131.2474884137512 -209.8855164217949
-1130.156209383905 -210.3396977353096
-1128.5389886245132 -210.40985329627992
-1126.934071098268 -210.90471269369127
-1125.5163630589843 -210.87868004471065
-1123.646791611612 -210.65612635940315
-1122.8149295195938 -210.7552099916339
-1120.8826108321548 -210.73817070007325
-1119.3017471179367 -211.2721221613884
-1118.173583303392 -211.58461933016778
-1116.7988677367568 -212.13274984240533
-1114.9365055903793 -211.74466593742372
-1113.0061532601715 -211.29842685341836
-1111.4458860501647 -211.66634859323503
-1110.1227515086532 -212.22449071884157
-1108.4175038680435 -212.6636235880852
-1107.128952895105 -213.48273827314378
-1106.3240621432662 -213.64128899753095
-1105.0754287585617 -213.4240127670765
-1103.8124711856246 -213.60017216384412
-1102.0765264376998 -213.60872309088708
-1100.3602170094848 -214.18908076167108
-1098.5649849519134 -214.3430290091038
-1097.1085349664093 -214.74456800699235
-1095.4185282334686 -215.09477038860322
-1094.190566931665 -215.1075873243809
-1092.4028250321746 -215.505102442503
-1090.9396911010147 -215.94980214715005
-1089.5318782672286 -216.03331156253816
-1088.4568763121963 -215.61801465034486
-1087.267741714418 -215.738356577158
-1085.707482253015 -215.8380609023571
-1084.3111142262817 -215.24396042704583
-1082.8347326859832 -215.2017360943556
-1080.9489621266723 -215.09156502962114
-1079.4387926205993 -214.91704882860185
-1077.657256756723 -214.71203878700734
-1076.1262839183212 -214.71522990047933
-1074.5534528836608 -214.18131676495076
-1073.690752838552 -214.7267756778002
-1072.675315950811 -214.05157014906408
-1071.1614010080696 -213.8397204297781
-1069.879192326963 -214.48698258578779
-1068.045705293119 -214.6846381890774
-1066.4741624340415 -214.63631875991823
-1064.9418341860176 -214.06990744352342
-1063.123401735723 -214.29738466620447
-1061.2847250446678 -213.72588162302972
-1059.788876388967 -213.08227788090707
-1057.8352101787925 -213.64147232651712
-1056.2943771824241 -213.64380838155748
-1054.8538855060935 -213.399452136755
-1053.209883068502 -213.4715695473552
-1051.5198689445854 -213.8733596596122
-1050.886952792108 -213.6312787923217
-1049.3593892201782 -213.5989032778144
-1048.3049749478698 -213.51736865371467
-1046.7539679154754 -212.90408537715675
-1045.0059990033508 -212.99874799877406
-1044.373342011869 -213.24099735349418
-1043.2482535585762 -212.7856540772319
-1041.5631065115333 -212.11605442494155
-1040.038485620916 -212.09877350360156
-1038.7929030403495 -212.866209769547
-1037.6097982868553 -213.39965727359058
-1035.910368178785 -213.30081453353168
-1034.6119241461158 -213.9762048366666
-1033.3345141157508 -214.61709853440524
-1032.6258259758354 -214.12179910570384
-1030.9430893406272 -213.65285238057376
-1029.798331592977 -213.15178498059512
-1028.3176365837455 -213.00790263146163
-1026.3521119102836 -212.91535400778056
-1024.6272802099586 -213.51979386240245
-1023.5872871622444 -213.08232277065517
-1021.7802971348167 -213.00767059057952
-1020.519228194654 -212.9956971499324
-1018.9948363050819 -213.2465323600173
-1017.1169409498573 -213.3126245084405
-1015.8490603908897 -213.08259547680618
-1014.8806047186256 -213.26650960177184
-1013.5906116709114 -213.50276384681464
-1012.2412974581123 -213.6761591228843
-1010.7054590925575 -213.7086476813257
-1009.1569629654289 -213.1403070817888
-1008.58162650913 -213.92139972552658
-1007.0160788044334 -213.44116081103684
-1005.0631844744087 -213.4596526771039
-1003.1393322691322 -213.32236111156644
-1001.8928521618247 -212.70006799690427
-1000.070594881475 -212.59817065291108
-998.4550735697151 -212.47111316017808
-996.5968575224281 -212.97515381865205
-995.8079238876701 -212.80229684703053
-994.0941978439689 -212.64211902014912
-992.5382302746177 -213.04872193925084
-991.3109276041389 -213.24812935285271
-989.9600237354637 -213.01236660771073
-988.3621674522758 -212.95092679925264
-986.9235717996955 -212.7052441275865
-985.9757156118751 -212.32199186451734
-985.0674779161811 -212.9902041590959
-984.2388412699104 -213.20929269857706
-983.079710815847 -212.658855605796
-981.1749876484275 -213.047280568555
-979.9275707945228 -212.69312443204225
-978.4143144831062 -213.06835814185442
-976.9822178825737 -212.64955382414163
-975.9950916513801 -212.8759883529693
-975.0805794939399 -213.31444935865701
-973.6846531376243 -213.78863655395807
-971.8506391987205 -213.3629194981605
-970.557007406652 -213.44622454412283
-968.8184561476112 -213.07019767530264
-967.3466024145484 -213.44511515267195
-966.2407264456153 -213.54654270775617
-965.1579732641578 -214.01974657543005
-964.149771784246 -214.84776184327902
-963.1546306952835 -215.62915310628713
-961.8801958903671 -216.7400003410131
-960.4545469626785 -216.4053270853311
-959.430692230165 -217.48272824652494
-957.675584588945 -218.2198121584207
-956.5109591826797 -218.99833172924818
-955.3129589900375 -218.98722475014628
-954.4600041255355 -219.37024181328715
-953.8450561508537 -220.06392955027522
-952.5374377712608 -220.24449621878566
-950.9620285972953 -219.74433647833766
-949.6979640468955 -219.1982235237211
-948.853469465673 -218.87201856814326
-947.2926777347923 -218.89597148813309
-945.5071192726493 -219.62836004413666
-943.9647376284004 -219.60450449578465
-942.4039432749153 -219.17157077781857
-940.5562484011054 -218.7154827117175
-939.5360544666648 -219.20783078663052
-937.7217806324363 -219.10664808742703
-937.0737976774574 -220.25952517978848
-936.0935020789505 -221.24848902218045
-935.2893801078201 -221.82812690727414
-934.28307441324 -222.43283140651883
-932.4157731875778 -222.56859256319703
-931.3985969170928 -223.12383134655656
-930.7765435919166 -223.2844302057475
-929.9301115617156 -223.98701405517758
-929.2031196698547 -223.61298689238728
-928.0844220265747 -223.1986052095145
-926.5347838744522 -223.15790571637453
-925.7865129455924 -223.48724572725595
-924.1473899826408 -224.14794682331384
-922.4043358311058 -224.40693928666414
