-1144.2 -171.08
-1144.1013146162034 -172.2772578763962
-1144.1885230585933 -173.30436249256135
-1144.0870436474681 -174.8709872531891
-1143.6176365956665 -176.62607295989991
-1143.8889449879528 -178.53141351222993
-1142.921287302673 -180.25132890224458
-1141.904008154571 -181.21282012939454
-1140.9567534968257 -182.5645714569092
-1139.5215379044414 -183.22652645587922
-1138.7975886508823 -184.28722925662996
-1137.1715927764774 -185.09683640480043
-1135.2664774104953 -185.76244230747224
-1133.5192678615451 -186.60971309423448
-1131.5677302524448 -186.67828249365093
-1129.9045890018344 -186.9054205659032
-1127.9751117870212 -186.850812317729
-1126.084809844196 -186.56116694390775
-1124.681491677463 -186.0980152207613
-1122.810947482288 -185.79772773563863
-1121.1365974590183 -186.40074858248235
-1119.418299023807 -186.34264822483064
-1117.8917682811618 -186.7798499929905
-1116.1846166297794 -187.45090966105462
-1114.396339480579 -188.07155685305597
-1112.8294101402164 -187.89388625502588
-1111.5412706777454 -188.2147196996212
-1109.684988205135 -187.96487394154073
-1108.7849418565631 -187.76460826575757
-1106.995056335628 -187.93014067590238
-1106.0302404806018 -188.206371845603
-1104.8069381162525 -187.37257820546628
-1102.9440190240741 -187.56544324934484
-1101.109345380962 -187.83862847268583
-1099.633206550777 -188.25367903888227
-1098.1825280830265 -187.74561608016492
-1097.5176175281406 -188.35715580165387
-1095.93654281348 -188.1527814435959
-1094.09842902869 -188.73811347961427
-1092.1554254934192 -187.84895183324815
-1090.444085304439 -187.73466491878034
-1089.232264225185 -187.12852090775968
-1088.5178533241153 -186.8135357517004
-1086.8176217719913 -187.19944411695005
-1084.9405663654209 -186.96765114545823
-1083.368683283031 -187.67581303596498
-1082.4095927521587 -188.1767607498169
-1080.7782981440425 -187.81886287212373
-1078.9957076355815 -188.31135775327684
-1077.0284093663097 -188.457927005291
-1075.3234695240856 -188.1258088219166
-1073.8121274754405 -187.71416090607644
-1072.7040094181896 -188.11601399064065
-1070.873134021461 -188.53051708817483
-1069.3774722859264 -188.64686253845693
-1067.4880179211498 -189.07284033477308
-1066.2467643067241 -189.85636532485486
-1064.3692152544857 -190.85300946414472
-1064.1306683763862 -191.60920924127103
-1063.9661838456989 -192.47362256228925
-1063.0312536999584 -194.12955522716047
-1062.6021106287837 -194.94723034083844
-1062.0986864611507 -196.8837655800581
-1061.897353295982 -198.20078492343427
-1061.4181718572975 -199.373552801013
-1060.6949059709907 -200.9998158234358
-1060.6211258888245 -202.76124048411847
-1060.0721205592156 -204.17918360412122
-1060.4069211602211 -205.7909238356352
-1060.0757833838463 -206.64674008071424
-1059.498077762127 -208.51773441016675
-1059.2900995731354 -210.45986962497236
-1058.2811177492142 -212.05012893855573
-1057.1224845170975 -213.18931043326856
-1055.4944761514664 -213.69638198792936
-1054.1549750089646 -214.47203254878522
-1052.9373768091202 -214.5486504006386
-1051.6783836603165 -214.32265249073507
-1050.069856119156 -214.76248446285726
-1048.9725477218628 -215.01956466019155
-1047.4124160528183 -215.72064855873586
-1046.90719319582 -215.66192191272975
-1045.3351547837258 -216.26803212791683
-1044.337039244175 -216.6529917958379
-1042.5138719201088 -216.56287693411113
-1040.728502047062 -216.94330238729717
-1038.8560172438622 -217.44083895713092
-1037.9153398394585 -217.7053139153123
-1036.8355331540108 -217.36264734894038
-1035.6176414608956 -217.34310286670924
-1034.2879138112069 -217.4930488112569
-1032.585944902897 -217.36695469349624
-1031.7067895054818 -217.706742862165
-1029.8851266026497 -217.92626647084953
-1027.9910519242287 -217.76617215007545
-1026.4203547358513 -217.40601370662452
-1024.9905769944191 -217.70718426436187
-1023.2992708802224 -217.68890253633262
-1022.3733933091164 -217.94746137589217
-1021.5693606257439 -218.23694313496352
-1019.9180716395379 -218.48428595989944
-1018.5742075562478 -218.9107990655303
-1016.7523732304574 -218.53218800753356
-1015.5587195277215 -218.67977237135173
-1013.8545005440712 -218.65030443102123
-1012.1524968266488 -218.82366090446712
-1011.0464559912682 -218.85531952410938
-1009.7614438652993 -218.6820856872201
-1008.9127950787545 -218.5101204159856
-1007.1736518263817 -218.84257396489383
-1005.3383664011956 -218.60991723269225
-1003.855780851841 -218.47913109689952
-1002.4401002049447 -218.83338769704105
-1000.7802951455117 -218.94983919888736
-999.5239108920098 -218.53646864920856
-997.7166265368462 -218.69787290126087
-996.6322964549065 -219.22108008891345
-994.9394580245018 -219.49671083122493
-993.544701230526 -219.133313203156
-992.3197547316552 -219.41845610171558
-991.0138501048089 -219.3902391138673
-990.3429634690285 -219.4426317754388
-988.8881123185158 -219.43928095132114
-988.3940432786942 -219.3488457593322
-986.9407153844834 -219.27174238294364
-985.8371642351151 -219.50626791447402
-984.8029199361802 -219.90371460646392
-983.8309584379197 -219.69216751486064
-982.3305640935898 -218.98371904522182
-980.4678383588791 -218.55303584963085
-978.853021812439 -218.07632171541454
-977.0634977340699 -218.37557920247318
-975.4805951833725 -217.76041533976795
-974.7349856615067 -218.2045628669858
-973.0323053121567 -218.49413674503566
-972.2121517181397 -218.30521022707225
-970.3613094806672 -218.5829890909791
-969.2528422594071 -218.47024364203216
-968.1717129468918 -218.61739597648383
-966.8753469705582 -218.6280762049556
-965.3339174509049 -219.35675377577545
-963.5273106813431 -219.60389482408763
-962.6857283830643 -220.34016656309367
-961.8478817462922 -220.91981124311687
-960.3914787292481 -221.06384005576373
-959.0335858583451 -221.97350486546756
-957.994441819191 -221.95752858549358
-956.4983261346817 -222.17835831075908
-955.322452378273 -222.84933566480876
-953.7073343515397 -222.80639463469387
-952.5803876638413 -222.22410923048855
-950.8306513547898 -222.3281546662748
-949.5170268535614 -221.90497501000763
-948.6036730527878 -221.63576789006592
-947.0943285942078 -221.2287322114408
-945.39295835495 -221.6484835575521
-943.6434168338776 -222.50868569120766
-942.1717478752137 -222.29740609034897
-940.5346872329712 -222.38723505839707
-939.2276484489441 -222.76866413459183
-937.8440243721009 -222.90579062506558
-936.7853786468506 -223.45435422465206
-936.0280102610589 -223.83940014049412
-934.7991424918175 -224.0930928270519
-934.1432075023652 -223.96117692992092
-932.8540892124176 -224.53968930050732
-932.1759864807129 -224.8492043296993
-930.9441687583924 -224.95833651527764
-929.2774966478348 -225.32619844183327
-927.93754632473 -225.7611425946653
-926.3425706148148 -225.24767397150399
-925.216235947609 -225.57494364485146
-923.9447057962418 -225.31411330208184
-922.6469337463379 -225.2568148355186
