-1144.2 -171.08
-1144.1026791602374 -172.74077053546907
-1143.9495563775301 -173.65050824165345
-1143.4678668946028 -175.20963831424714
-1142.7680608004332 -176.26748819828035
-1142.8116079986096 -177.79452033519746
-1142.1241807162762 -179.65100570201875
-1141.3830078661442 -180.85567279338838
-1140.9253680229187 -181.80393500804902
-1140.2437475442887 -182.9863744544983
-1138.4887233495713 -183.5297249722481
-1137.7934542417527 -184.33573658943178
-1136.7273592472077 -184.9730204510689
-1134.9570443153382 -185.788921790123
-1133.2702142715455 -186.49632533073427
-1131.9175500392914 -187.2289440202713
-1130.025849533081 -186.73528950095178
-1129.1785292744637 -186.53672111213208
-1127.464772951603 -186.3359594810009
-1125.6004622101784 -186.54774286031724
-1124.153746020794 -186.06633095622064
-1123.1692444205285 -186.70649133801462
-1121.2960986018181 -187.01152460455896
-1119.9275814414025 -187.58709566473962
-1119.047721517086 -188.168690251112
-1117.3354090571404 -187.69006650328637
-1115.629167687893 -187.28257636904718
-1114.3382796168328 -187.24612317040564
-1112.3956723332406 -187.4908534641564
-1110.9701142430306 -187.96803013041617
-1109.166102898121 -188.02261020794512
-1108.0112211823464 -187.99730240359904
-1107.4676527500153 -187.88721740052105
-1105.787727546692 -187.47884213730694
-1104.0850920200348 -187.01901671096684
-1102.5817987442017 -186.36797198459507
-1100.7010640621186 -186.85718035504223
-1099.4834198474884 -187.06510717973114
-1098.652348947525 -186.9166308771074
-1097.0064492940903 -186.5170220862329
-1095.0418344259263 -187.09882791146637
-1093.2750848054886 -186.63380457267166
-1091.640479516983 -186.51477812036873
-1090.0159571886063 -187.22721765741707
-1088.5090819120408 -187.14510113552214
-1087.5786907196045 -187.5225848312676
-1086.1025747776032 -187.27532785192133
-1085.4514200806618 -187.62310205951334
-1083.5726727366448 -187.3380422498286
-1082.0229586482048 -187.4138457159698
-1080.3029695868493 -187.7214511613548
-1078.787781727314 -187.1838151793182
-1076.8871903538704 -187.47358891174198
-1075.3443497538567 -187.38511641129853
-1073.8861730217934 -187.71973965868355
-1072.4038914561272 -187.97534455165268
-1070.6293813109398 -187.77628190621735
-1069.0319103121758 -187.89801826879383
-1067.4277473807335 -188.15325063273312
-1066.1866653084755 -189.04236358210446
-1064.6771009087563 -189.3390686492622
-1063.3480422616005 -190.3001854400337
-1063.432344403863 -190.7632201294601
-1063.5954436033965 -192.3256120066345
-1062.7815479010344 -193.98926180407406
-1062.1093274325133 -195.223724065274
-1061.7152287334204 -196.4089254717529
-1062.1325215369463 -197.7919593434036
-1061.8224145442248 -199.47254711195828
-1061.372144368291 -200.57063346907498
-1060.789768305421 -202.47556799456478
-1060.7893509089947 -203.74531394049527
-1060.384436351061 -205.6213139872253
-1059.810420972109 -206.16656607195736
-1059.5075605034829 -208.02190500304104
-1058.6822412133217 -208.48845550224186
-1057.4341460585595 -209.90245184108616
-1056.425170314312 -211.0126511733234
-1055.2583482384682 -211.1794391553104
-1054.299957704544 -211.2552800755203
-1053.1383652210236 -211.10026711031796
-1051.4951501607895 -210.9776237885654
-1049.6753359556199 -211.19297839507462
-1048.8615232229233 -211.87869889840485
-1047.164653134346 -211.87391365870835
-1045.5888330459595 -212.81988777026535
-1044.5465147018433 -213.21806408271195
-1043.579924952984 -213.1699312309921
-1041.7040909647942 -213.29131092682482
-1040.4163150906563 -213.47439744129778
-1039.3424826979638 -214.1791044677794
-1038.4013496160508 -214.48728795900942
-1037.8587896943093 -214.14086537614466
-1036.137653362751 -214.57054783955218
-1034.376050722599 -214.83868288055064
-1033.1192644953728 -215.15902157679201
-1031.2520166754723 -214.45780452147127
-1029.823203098774 -215.01311697617174
-1028.427098762989 -215.06892124369742
-1026.8016212105751 -215.09266140118243
-1025.660220515728 -215.3696582223475
-1024.2067211985589 -214.7159700895846
-1022.4597426772118 -215.2508698011935
-1021.2103668570519 -215.3557718153298
-1020.2398293137551 -215.07169095233084
-1018.4841072678566 -215.34017530635
-1017.5075323104859 -215.73169449523093
-1016.4618248462677 -214.972690140754
-1014.9955470085144 -214.85046133950354
-1013.3319414377213 -214.38947535112501
-1012.553530406952 -213.99860853508116
-1011.3109248399735 -214.3297712261975
-1010.2535587072373 -214.41046871796252
-1009.1143997430802 -214.5951240117848
-1007.8931105852128 -214.76096456304194
-1006.9524137496949 -214.54537198498846
-1005.192900133133 -215.01007545545698
-1003.7246130228043 -214.45815653160216
-1002.7600658059121 -214.34870604231955
-1001.2407901406289 -213.74144432500006
-999.3638503670693 -212.973141169101
-998.1094943404198 -213.0332068297267
-996.3965917944909 -212.93506521165372
-994.6372679591179 -212.94376221105458
-992.9837951779366 -213.68019214078785
-991.751874101162 -213.16329827710987
-990.8654496788979 -212.73278268978
-989.3964009404183 -213.10919889613987
-988.8250392198563 -213.0468496400118
-987.1860799312592 -213.07257283471526
-985.524996829033 -212.7673727645725
-983.7197461843491 -213.10386071346701
-982.016035270691 -213.02210263155402
-980.2877084732056 -212.8383612408489
-978.5656516075135 -212.82999587051572
-976.7571249723435 -213.28853327028455
-976.1033841490746 -214.0916970371455
-974.3771530508996 -214.3354708402604
-972.6866513609887 -214.5041451751441
-971.5147366642952 -214.0663130580634
-970.1197011590004 -214.60688480727376
-969.482356441021 -215.0279287993163
-968.3945537924767 -215.01214852921666
-967.5020829558373 -215.00541746608914
-965.8835257411004 -215.72274655096234
-964.8594193577767 -216.4673982857913
-964.3865198016167 -217.86342787735165
-963.496744287014 -218.88407742969693
-962.8478884220124 -220.0854607819766
-961.6321417808533 -220.49457070223988
-960.9060223817826 -220.9380746483058
-959.492669415474 -221.51695442192258
-958.4334100008011 -222.53301692001523
-956.7065860748291 -222.16948956243695
-955.4093856334687 -222.04276886574925
-954.0600413799286 -222.15767899893225
-952.3214916706086 -222.37662173055114
-951.3830205917359 -223.08844489596785
-950.4681884765625 -223.56839869163932
-948.5032910823822 -223.9343506767601
-946.6262573719025 -224.19741291545333
-945.116250705719 -223.99907959245147
-944.3326897740365 -224.6533514931053
-943.1316322207451 -224.99112034581603
-941.532323729992 -225.2884095682949
-940.1297115206719 -225.01348874710501
-938.7685852169991 -224.7499264254421
-937.5937054276467 -224.9379489197582
-935.7198922753335 -224.71513954542579
-934.7663041472435 -223.84420493982734
-933.2671278834343 -224.00008388601245
-932.1457915425301 -223.9096192865819
-930.5564330935479 -223.8898904527724
-928.9181131243706 -223.47802605286242
-927.1098555445672 -224.04334213390948
-926.3575918793679 -224.659505328089
-925.6294760227204 -224.40356623187662
-924.0128180503846 -223.75464408650996
