-1144.2 -171.08
-1143.995552045107 -170.04907961368562
-1143.6259237647057 -168.97738607406617
-1144.0471284210682 -168.22203208684923
-1143.7779661536217 -167.50122155427934
-1142.8425336003304 -166.12279965162278
-1142.7730041489006 -165.58396537780763
-1142.2405415520072 -165.18120064020158
-1142.1914143159986 -164.69648511886598
-1141.3022579148412 -163.95740790843965
-1140.3448965147138 -163.09880276203157
-1139.6479370191694 -161.6422193813324
-1138.2181105211378 -160.60895212173463
-1136.843995769322 -159.45179923057557
-1135.7602885559202 -158.78127922296525
-1134.648229201138 -159.23773925185205
-1132.8168292835355 -159.00970195412637
-1131.4462674453855 -158.78595252513887
-1129.5722781017423 -158.17462434053422
-1128.3940032318235 -157.6722196507454
-1126.6681390598417 -157.8533605504036
-1125.1992802217603 -158.11760597109796
-1123.5137092664838 -157.7069291341305
-1123.010901530087 -157.34351174712182
-1122.1772681072355 -157.1226923930645
-1120.5362771347166 -156.59024624705316
-1119.5285067155958 -156.94451700329782
-1118.0604393079877 -156.3379545080662
-1116.1531161859632 -156.59792219281198
-1114.389158089459 -157.02077879190446
-1112.744488914311 -157.288751142025
-1111.9971339300275 -156.9661082494259
-1110.3230382993818 -156.9077405202389
-1109.6609038308263 -157.2250272500515
-1108.786182422936 -156.45951228022577
-1107.2905953124166 -156.56620501160623
-1105.7516224578023 -156.5317874121666
-1104.5197903111577 -156.81320999741556
-1102.852238674462 -156.22834609627725
-1101.2646274760366 -156.4611217546463
-1099.7144625380636 -156.45365111708642
-1098.4854951098562 -156.30723329067231
-1097.2277651026845 -156.73484493970872
-1096.3510216668249 -156.17060925245286
-1095.00605263263 -156.68328662395479
-1093.1081735089422 -156.24218572854997
-1091.9350903227926 -155.91728700876237
-1090.8594712212682 -156.06751723766328
-1089.9027549818159 -155.95482495605947
-1088.1500722959638 -155.69062921583654
-1086.7769255235792 -156.25887856066228
-1085.1349727705121 -155.58271202623845
-1083.406946142018 -155.93788054764272
-1081.7638058260084 -155.73515026450158
-1080.0845329359174 -155.30022393345834
-1078.3249864175916 -154.93494843125345
-1077.4461104467512 -155.46355961441995
-1076.2175967290998 -154.75694261670114
-1075.164321501553 -154.95855480611326
-1073.8981735303998 -155.61857432305814
-1072.7892314985395 -155.9561462122202
-1071.1712112024427 -155.91602784574033
-1070.220565159619 -155.19347441375257
-1068.5600986078382 -155.757862867713
-1067.3400041654706 -155.50137245833875
-1066.1339386299253 -155.43243130475284
-1064.6552148655057 -155.2782636973262
-1063.5840524032712 -155.48912003070117
-1062.9237590625883 -155.60702982723714
-1061.4149304226041 -155.24284014284612
-1060.5730003908277 -154.85998073399068
-1058.8325621679426 -154.94634750664235
-1057.1599847868085 -154.74862578690053
-1055.7793411806226 -155.3357517439127
-1054.9479353025556 -155.74401214897634
-1053.5382998779417 -155.4818499404192
-1052.4419067695737 -155.83406433641912
-1050.5148881271482 -156.0210484135151
-1049.8330385878683 -156.184060664773
-1049.0205068781972 -156.21563427329065
-1048.2538289025426 -156.46367895781995
-1047.2460267737508 -155.7380194681883
-1045.9565607503057 -155.9762536007166
-1044.1186734631658 -155.64333546340467
-1042.428824801743 -155.41808107674123
-1040.6428197816015 -155.50156296223403
-1039.2036379769445 -154.86270261734725
-1037.7739645436407 -155.21381569832565
-1036.122376818955 -154.76634694069625
-1035.1005805924535 -154.48345948189498
-1033.6351324513555 -154.91071582764388
-1032.7565644577146 -154.47168181270362
-1031.4804179266096 -154.8668679985404
-1029.7285589769483 -154.57134209007026
-1027.882329185307 -155.1395742687583
-1027.002003748715 -155.7618055137992
-1025.6861229732633 -155.97479839056732
-1023.977292855084 -155.7283369395137
-1023.449845571816 -156.48994011610748
-1021.6239168837667 -157.18145007818939
-1020.6788383319974 -157.25262343317272
-1019.8012700870634 -157.85861873060466
-1018.8961606815458 -158.647655839026
-1017.977480609715 -158.99944015771152
-1016.5914368227125 -159.8890267851949
-1016.150824059546 -161.0582651141286
-1015.8701843515039 -161.89575591117145
-1015.1304990544916 -163.03643229037525
-1015.1796319678426 -163.66697593957187
-1014.81693341285 -165.53314801484348
-1015.3563482955099 -166.70307811528446
-1015.3466438993812 -167.9906354787946
-1014.9553847357631 -168.73027219802142
-1014.816447813809 -170.6467113736272
-1015.0999704793096 -171.79882051974536
-1015.183776845038 -173.0768027547002
-1015.6967604056001 -174.70534911185504
-1015.1601719751955 -175.9193444493413
-1015.1374383017421 -177.81897499591113
-1014.8908538267017 -179.733255648911
-1015.0412127569318 -180.19714781075717
-1015.0052343726159 -182.06608554154636
-1014.8114913970232 -183.42043026715518
-1014.5403730541468 -184.8888686540723
-1013.7668630748988 -185.80870887070895
-1013.8867725551129 -187.10095330506564
-1014.103995603323 -188.38377782136203
-1014.0979138843716 -189.03676363259555
-1013.5396080844105 -189.82706877022983
-1013.1729540459812 -191.11351856023074
-1012.7591792874039 -192.93908914357425
-1012.7154923833907 -194.73943456441165
-1013.1705593921245 -196.5900450590253
-1013.4787667252124 -197.96371194154025
-1013.6241773225368 -199.6958764436841
-1012.8656115390361 -201.25744541913272
-1012.6199855662883 -202.6674319151044
-1012.584596798569 -204.25092514783145
-1012.0515456654132 -205.09856971532108
-1011.9245808430016 -206.7636129501462
-1010.8975404806436 -208.51110597878696
-1010.3864759512246 -210.28679653435947
-1009.8120302267373 -211.306499684155
-1009.1046905823052 -212.05665632516147
-1008.0064344711602 -212.82156642705203
-1006.207917482406 -212.8431804123521
-1004.6955790825189 -213.5900321546197
-1004.1372652955354 -213.34059719175102
-1003.4646821923554 -213.28472206920387
-1002.5693349547685 -213.5208278092742
-1000.8452880091966 -214.31104795068504
-999.7376895852387 -214.28407170802356
-999.1610958881677 -214.8915808442235
-997.8462207622827 -214.91756951615216
-996.3176096983254 -214.94984996497632
-995.0753220625222 -215.5633419173956
-993.2996448583901 -215.81328652977945
-991.9150817699731 -216.2134322988987
-990.0655229397119 -216.16510572090746
-988.1863625355065 -216.15251129671933
-986.5310249634088 -216.25132506892086
-985.2528293438256 -216.67386442229153
-983.4345317192376 -217.09341361925007
-982.1817827530206 -217.0441440920532
-980.8089121885598 -216.8928756247461
-979.5156009502709 -217.43646491870285
-978.2766813345254 -216.80535419091584
-976.6032780714334 -216.6759800593555
-974.9406099624932 -215.97765049144627
-974.2366673059762 -216.14127981469036
-972.8955053396523 -216.809574482888
-971.4451510019601 -217.05284017130734
-969.7238515920938 -217.43607637092472
-967.999714524299 -217.30708099707962
-966.6746040888131 -217.33547414645554
-965.4499429769814 -217.2276257108152
-963.5869072981179 -217.31395062610508
-961.9630689926446 -217.42374029561879
-960.8364017315209 -217.28455981418492
-959.2873186178506 -217.28644238218666
-957.795944005996 -217.60395110949875
-956.3887420006097 -217.7513695637882
-955.0690404482186 -216.950573412627
-954.3150512285531 -216.8748086000979
-952.9370343990624 -216.92498355165125
-951.9103774137795 -217.0191888268292
-950.3175224371255 -217.44941288784148
-949.5239538259805 -217.6433086897433
-948.6066554494203 -217.83154915824534
-947.0647703118623 -217.65668376341463
-945.5034161515534 -217.9993401373923
-944.8263953633607 -217.78818972960116
-943.5224396891892 -217.14559348478915
-942.2756495185197 -216.7185206617415
-941.5922373242677 -216.8898726309836
-940.6032397456468 -216.03001829043032
-939.7190229602159 -216.34906296983362
-938.4889002747834 -216.3801529313624
-937.3924756951631 -216.708798160702
-936.5479093499482 -216.620812227875
-935.0669821210206 -217.69542174592615
-933.7038008876145 -218.26225703015925
-932.7596144385636 -218.89089875474573
-931.4295121140779 -219.56582032695414
-930.0453991599381 -219.29295324340464
-928.3996462531388 -220.08837138667704
-927.1505968280137 -220.89716493144633
