-1144.2 -171.08
-1144.3992903649807 -171.99172474622728
-1143.6407770335675 -173.59373618841173
-1143.9713558077813 -175.3258173632622
-1143.2485793352128 -176.741693751812
-1142.5919110298157 -177.46821917772294
-1142.4581457197667 -178.19276024580003
-1143.2755201280117 -180.16741158246995
-1142.690531474352 -181.40265371084215
-1143.0339676558972 -182.57009042978288
-1142.7881112664938 -184.21119345903398
-1142.1542169421912 -185.72269536733629
-1141.772621718049 -187.146830098629
-1141.23843434155 -188.7498643565178
-1141.741021361947 -190.22311534166337
-1141.3238493770361 -190.9970476794243
-1141.4262728139759 -192.77560688734056
-1140.8907203122974 -194.4802737402916
-1140.8602248325944 -196.05062915563585
-1140.356353391707 -197.01412137031556
-1140.5686372712255 -198.38581557750703
-1140.579299593158 -199.33590682029725
-1140.0487675311044 -201.22910650253297
-1140.04404442925 -202.6890260744095
-1139.3805741610006 -204.09095998287202
-1139.8326253237203 -205.31814880847932
-1139.2918161692098 -207.16660542964937
-1138.578335398622 -208.7505129146576
-1138.2135848941282 -210.15272529602052
-1137.2459787072614 -212.03237386226655
-1136.396804505773 -212.69355942487718
-1134.8028798641637 -214.11316873311998
-1132.982683116384 -215.06675709962846
-1131.6117183508352 -215.49710561513902
-1129.7492992224172 -215.8155582714081
-1127.9761828722433 -216.14628757715226
-1127.2059671225027 -216.34912285387517
-1126.6945621313528 -216.63532900989057
-1124.7234956564382 -217.20331084907056
-1122.9500990452245 -217.54472017467023
-1121.0741861404852 -217.5387142840028
-1120.2447763027624 -217.93151604563
-1118.776215487905 -218.29731198579074
-1117.2766417803243 -218.33509237498046
-1115.518570596166 -217.95553342431785
-1113.728016072698 -218.08411281734706
-1111.9641357006506 -217.96341480493547
-1110.198218161054 -217.80836412489415
-1108.5276517214254 -217.501134904027
-1107.394813114591 -217.71107231259347
-1105.8870297016576 -217.24709551215173
-1103.9826694073156 -217.92770318865777
-1102.1842310966924 -218.12792520403863
-1100.3668430389837 -217.73602120757104
-1099.617658132501 -218.09279720664026
-1098.2150765599683 -218.22110627770425
-1096.7244485558942 -218.43945056378843
-1094.8887561501936 -218.7753534334898
-1093.5406942309812 -218.55894510626794
-1091.8074687661604 -218.58841067731382
-1090.1379120292142 -218.43547037422658
-1088.7218083085493 -217.90575733959676
-1087.0467442216352 -218.35292753756048
-1086.1069441976026 -218.07426497519018
-1084.4002278985456 -217.5241964775324
-1082.8908232392744 -217.89645305454732
-1081.0741021575407 -217.6783008593321
-1079.5032279433683 -217.54953095495702
-1077.5532405318693 -218.1236837822199
-1076.11001526732 -217.8711815494299
-1074.7752661647276 -218.00295049130918
-1073.5404387654737 -218.59165907084943
-1071.8445653857664 -218.80713951766492
-1070.1578757705167 -218.64661121547223
-1068.4152314605192 -218.9626224654913
-1066.7004964293913 -218.52841431081296
-1065.0777873935178 -218.0355885642767
-1063.616986268945 -218.1119706425071
-1061.6836042346433 -217.88711974948646
-1060.576871389337 -218.09720125228168
-1059.0606027783826 -218.2812911811471
-1057.1912561597303 -218.70488094717265
-1055.8452681245283 -218.14105867773296
-1054.9526010693983 -218.33399447232486
-1053.2013002576307 -218.38413319915534
-1051.3508828820661 -218.1995986941457
-1050.5006026567892 -218.36720723837615
-1048.7317282499746 -218.96754080981017
-1047.4805108847097 -219.34160677522422
-1046.0436271967367 -219.04692537516357
-1044.1788241209463 -219.1369663643837
-1043.0729988159612 -218.89796377897264
-1041.695627266355 -219.00120349407197
-1039.8988924564794 -219.35286571264268
-1038.8517650904134 -219.2111484873295
-1036.9695169271902 -218.94854228377343
-1036.0176472606138 -219.7513512837887
-1034.7426673116163 -219.90954999804498
-1033.4784772338346 -220.4916353094578
-1032.6657758893446 -220.9193498659134
-1030.754160756059 -221.17437686204912
-1029.3335527123884 -220.8547456431389
-1028.0033584775404 -221.40380795478822
-1026.383092516847 -221.56075149953367
-1024.523685807176 -221.34674236357213
-1022.9411419572309 -220.35606417238714
-1022.060960287042 -220.6477348226309
-1021.4330961646513 -220.51309223651887
-1020.2426366748289 -220.1307267713547
-1019.0274617614225 -220.53269671082498
-1017.1569731177763 -220.04491593122484
-1015.3670042695478 -219.77839999079706
-1013.534269923158 -219.49400676965715
-1011.6710112037138 -220.03483404397966
-1010.3809138478712 -219.93399267077447
-1008.7849960269407 -220.0670368987322
-1007.4235610904173 -220.5305839496851
-1006.3717045726255 -220.88256547033788
-1004.870895379968 -220.66078542351724
-1003.1823542060331 -221.10970364689828
-1002.3932000936941 -220.74963121294977
-1000.6451795639471 -221.08227519869806
-999.6957161964849 -221.028633402586
-998.9979768337682 -221.12542773962022
-997.6326555551962 -221.44123615503312
-996.6457855047659 -221.9855078625679
-995.1154982389883 -222.22404004812242
-993.4076580347494 -221.87653370380403
-991.7346021475271 -221.88869618058206
-989.982130223699 -221.23209379792215
-988.5348302664236 -220.93421109199525
-987.0174071135 -220.6133716273308
-986.4314742030576 -219.8575965332985
-984.715001100488 -219.83095728598536
-983.0299813689664 -219.7847882396728
-982.0763006152586 -220.22852974005045
-980.658860677667 -219.92928295202555
-979.1853172721342 -220.18324901528658
-977.6828143538908 -219.65247299142183
-976.7010030688718 -219.35369693107904
-975.0543726624921 -219.9328132159263
-973.6118346394971 -220.38356326885523
-972.0294095220045 -221.0416852719337
-970.2004820050672 -220.77970247335733
-968.5408649386839 -220.2645100838691
-966.7632898034528 -219.78334148593248
-964.8271881284193 -219.56264113254846
-963.7349630536512 -219.6406349054724
-961.9685233773664 -220.10787070907654
-960.9387267770246 -220.3960560373217
-959.7020021619276 -220.4203296414763
-958.0461598576978 -220.49948314197363
-956.3516834916547 -220.6330209708959
-955.0794916095213 -220.62663928039373
-953.7282198609785 -221.0782257653028
-952.9813911857084 -220.83642953999342
-951.416908258386 -220.3371538258344
-950.2888655604795 -220.5319524741918
-948.9771213473753 -220.5044925323874
-947.5133612098173 -220.79094819344581
-946.0921721400694 -221.34403805054725
-944.9421702565626 -220.90475968636574
-943.514391178079 -221.08397183932365
-942.8253848494962 -221.5049297026545
-941.7768561782316 -220.75831381596626
-940.3794624747709 -220.64540764309467
-938.9888267459348 -221.18253352858127
-937.7969444932417 -221.14371982581915
-937.0189429463819 -221.25050028778614
-936.119242602773 -220.97437443949283
-934.4578508676962 -221.21661504723133
-933.0343912186102 -221.59644382812084
-931.5302662195638 -221.51667242862285
-930.1966058554128 -221.64522182561458
-929.121158653684 -222.3563258609921
-928.0588378252462 -221.87864964820446
-926.4507504047826 -222.6265664062649
-925.8045017661527 -222.91529526926578
-924.2667550982908 -222.5067432484776
