-1144.2 -171.08
-1143.3913363933564 -171.99974818706514
-1143.5624133765698 -173.68306823253633
-1143.464322936535 -175.4777338075638
-1142.5072367310524 -176.2775294351578
-1142.769887727499 -177.87205870628358
-1141.9653541862965 -178.42237807989122
-1142.0177429139615 -179.84339596509935
-1140.772644919157 -180.6830719280243
-1139.9919334471226 -181.75113196849824
-1138.199562650919 -182.26017166852952
-1136.961096984148 -183.2372579741478
-1135.9531183063984 -183.55599065303804
-1134.889103037119 -182.97639431238176
-1133.9663324177266 -183.08034300237895
-1132.6412948191166 -183.5895090046525
-1131.0836993277073 -184.24330269724132
-1130.2178280174733 -183.7825952115655
-1128.823419314623 -184.1062303724885
-1127.888494592905 -184.28130894333125
-1127.3883523762227 -184.4398405197263
-1125.811330896616 -183.9791293385625
-1124.3467536985875 -184.08814636051656
-1123.320612770319 -183.69180783808233
-1122.2400818884373 -183.37793532192708
-1120.5933488428593 -183.42154012799264
-1119.0527881205082 -183.77204726815225
-1118.013716441393 -184.53745059847833
-1116.5554909527302 -184.72134384691716
-1115.5696630895138 -185.09285023987294
-1114.6427113234997 -185.68803218185903
-1114.13824711442 -186.06911587893964
-1112.3454135477543 -186.76084405362607
-1111.2255657732487 -186.60337570488454
-1110.052224856615 -186.99307248175145
-1108.3653702557087 -186.40604916393758
-1107.012668710947 -186.7822397965193
-1105.639026504755 -187.1540529447794
-1104.1539976418019 -186.9920669513941
-1103.014655572176 -186.8243512529135
-1102.1489035904408 -187.11690354526044
-1101.3749042570591 -186.89307162344457
-1100.5314020931721 -187.4553991276026
-1099.6191997349263 -186.8194185215235
-1098.842058879137 -186.96238678872587
-1097.1642765820027 -187.44744515597822
-1095.550608497858 -187.9521867054701
-1094.544160348177 -188.22225725829603
-1093.0844663202763 -187.60097092568876
-1091.28619967103 -188.00478726804258
-1090.204564076662 -187.36468273580076
-1089.6687806665898 -186.82332033097745
-1087.8297143995762 -186.20732462584974
-1086.909492713213 -186.3100320863724
-1085.1450676739216 -185.99672044992448
-1084.4479499280453 -185.33606656074525
-1083.1114120900631 -185.12431842267515
-1081.4925212085247 -185.97133898913862
-1079.6189098775387 -186.28427955687047
-1078.0875976502896 -186.24076282411815
-1077.3424050033093 -186.05925090044738
-1075.542416971922 -186.17638493508102
-1075.0306701481343 -185.90083409279586
-1073.4221639454365 -185.70682198733093
-1072.3913910210133 -186.05887950390579
-1070.9764953672886 -185.78145659893752
-1069.5926059305668 -186.67995924681426
-1068.1147862493992 -187.53311426371337
-1067.6123149812222 -188.44282228678466
-1067.1291550815106 -188.89376376003028
-1065.9120662629605 -188.77905515760185
-1065.2629227459431 -189.99850002855064
-1063.622145396471 -190.90686688750984
-1062.959690195322 -191.9377853664756
-1063.3203485429287 -193.32571468681098
-1062.8124051511288 -194.06870601505042
-1063.1588078558445 -195.82532141536475
-1062.7479190051556 -197.56396196216346
-1062.1736140072346 -198.58932230800391
-1062.2197470076383 -199.15218094915153
-1062.283772752434 -200.14699707359077
-1062.697312579304 -201.8007733616233
-1062.088454232365 -203.01635728210212
-1061.609495625645 -203.9811055454612
-1060.8998676396907 -205.59293804496528
-1060.6346620179713 -206.65645811885597
-1060.1748269356788 -207.9581743273139
-1059.0172597922385 -208.69559703201057
-1057.6152272976935 -210.07027969688178
-1056.732643441111 -210.41983268588783
-1056.0127092160285 -210.45393983453513
-1054.8607648171485 -210.10455022186042
-1053.3765285767615 -211.0870978626609
-1051.997364834696 -211.35667429298164
-1051.0529705442489 -211.7151862177253
-1049.807801977545 -211.4006566795707
-1049.1130069054664 -211.7804143819213
-1047.2524053610862 -211.56067509382964
-1045.9896482981742 -211.2763921710849
-1044.5762077130378 -211.37598612338306
-1042.7608420409263 -211.93626370459796
-1042.1725881256164 -212.3603164497018
-1040.796088949591 -212.69569748073818
-1039.220394269377 -213.11135568648578
-1037.331756965071 -212.550682092011
-1036.555651203543 -212.3319327774644
-1035.6188767708838 -212.0617248657346
-1034.671357230097 -212.19356816440822
-1033.369229630381 -212.62554096609355
-1031.6169215001166 -212.1349947395921
-1030.6160647429526 -212.3464630189538
-1029.7672562159598 -213.13997578054668
-1028.7298236645759 -213.5687764826417
-1027.235080317408 -213.33470174103977
-1025.4513331212104 -213.48085727721454
-1023.9314039506019 -213.8129261377454
-1022.8742811240256 -214.4624889138341
-1021.3546075381339 -214.30521192580463
-1020.8697651781142 -213.98855131298305
-1019.3117574609817 -213.70356216460468
-1018.3298798955977 -213.286923045218
-1016.9837675251067 -212.74793624311687
-1015.2346687473357 -212.2428157272935
-1014.1489496387542 -212.26921842426063
-1012.9103524841369 -212.81492469638587
-1011.274282232672 -213.33267168134452
-1009.9795236743987 -213.19586912721397
-1008.8713963188231 -213.86920032829047
-1008.2165235437453 -214.05835909575225
-1006.5875314630568 -213.49110389679672
-1005.0794512189925 -213.14769617646934
-1003.8457194723189 -212.59921161264182
-1003.3249791420997 -212.52537945091726
-1002.2744200982154 -212.50351032793523
-1001.2433756150306 -212.99003997623922
-1000.2884252227843 -212.54052117645742
-998.5944702781737 -212.80993995249273
-997.8322743333877 -213.01664741516115
-996.95938982144 -213.13367349088193
-995.5450303710998 -213.22628453552724
-994.3417960561812 -213.30952681779863
-992.9441583313048 -212.92961816668512
-991.3562973894179 -212.44987811326982
-989.9286950983108 -212.3952359724045
-988.36874570027 -213.1472501921654
-987.1195329584182 -212.84392963528634
-985.283718482405 -212.52220718741418
-984.400129095465 -212.1107650268078
-982.7016596950591 -212.6544591653347
-981.9677249349654 -212.59394498348237
-980.4546889223159 -212.36290230035783
-978.9485205568374 -212.11495290875436
-978.1469676651061 -212.49191920638086
-976.4025619186461 -212.47011427015067
-974.6448586143554 -213.04654530614616
-973.9440498508513 -212.812634998858
-972.909633294493 -213.41644060045482
-972.1636887349189 -214.01580017238857
-970.7500162877143 -213.6112170162797
-969.786580041796 -213.39025993078948
-969.0475506342948 -212.99579263657333
-968.3837868131698 -212.541219124496
-967.4595465816558 -212.4918744954467
-966.6880821742118 -212.68160698741676
-964.9058246172965 -213.58208976119758
-963.3346833743155 -214.06546596616508
-962.1363788403571 -214.88425914376975
-961.5091011680663 -215.87386319965125
-960.2665761865676 -216.91800914138557
-959.711174146086 -217.9756545814872
-959.0159710802138 -218.32948128312827
-957.6508550800384 -219.2491380366683
-956.6501763023437 -219.94969765275718
-955.5710067905486 -220.25477261275054
-954.4187308706344 -220.57141254276038
-952.9202526964248 -221.39267096847297
-951.5789560236037 -222.2052646073699
-951.1038070477546 -222.1139452698827
-949.3915410794318 -222.5691634657979
-948.8380004920066 -222.16619422465564
-948.116139844805 -222.72567846804859
-946.6554550684989 -223.38456972867252
-945.1844939745963 -223.1707055810094
-944.0525774516166 -223.51420607596637
-943.1785721339286 -224.01804151564838
-941.432753995806 -224.20492056936027
-940.372821763903 -224.84336374133827
-939.7639291442931 -225.17678830951454
-939.0160028494895 -224.35623393386604
-937.8126369275153 -223.92120293706657
-936.6317591227591 -224.26374630063773
-935.5347327746451 -224.26054713308812
-934.4672582902015 -224.03156171917917
-932.6637503661216 -224.42211724996568
-931.1280599392951 -224.9760955142975
-929.5304234780372 -224.76104881048204
-928.306954459101 -224.92319950640203
-926.7890948809684 -224.43172782838346
-926.1380064047873 -224.84682238280774
-924.8601936854423 -224.09792751252652
-923.8381919421256 -224.59427079737188
-923.1904909767211 -224.67024706482889
