-1144.2 -171.08
-1143.4042140364647 -172.18250067710878
-1143.3477553397418 -172.6900190281868
-1143.3532212346793 -173.9551158118248
-1142.8984487921 -175.59600629091264
-1141.9401318699122 -177.10882093191148
-1141.4947484701872 -177.48824794769288
-1140.627250429988 -178.7484480905533
-1139.4164460867644 -180.20304615974428
-1138.7656021088362 -181.56699533939363
-1137.065574643016 -182.29262383461
-1135.8773075312376 -183.2426000404358
-1134.1841454476119 -183.37166358709337
-1132.576585289836 -183.59297381520273
-1130.7776031464339 -183.8166704940796
-1129.2762790888548 -183.5954287815094
-1127.528945800662 -184.0921958255768
-1126.5678868860007 -184.67496742486955
-1125.0818943351508 -184.82601422250272
-1124.1292545169592 -185.38880407989026
-1123.2918137282134 -185.37315760731698
-1121.4507727593184 -185.82804005026819
-1120.164322730899 -185.1692536342144
-1118.3535438746214 -184.98213808417322
-1117.2231842249632 -184.3225200045109
-1115.5318118304015 -184.17083032608033
-1113.693488714099 -184.57807205796243
-1113.0868975490332 -184.48229338407518
-1112.3051230877638 -184.48638422966005
-1111.3245995014906 -184.89090331077577
-1109.583747264743 -184.83596654415132
-1108.3798427551985 -185.1042705345154
-1106.716791626811 -185.87647952318193
-1105.8274060457945 -186.0778280067444
-1104.8777696460486 -186.27863158464433
-1103.513050493598 -186.19430215835573
-1102.6395567029715 -186.75137730121614
-1101.6301837533713 -186.43299450159074
-1100.1892740100623 -186.18715785622598
-1098.699371394515 -186.40929995656015
-1097.5990322202445 -186.07895417690278
-1095.6700405448676 -186.84947963237764
-1093.9867696136237 -186.2150200176239
-1093.2210387557745 -186.90656300067903
-1092.1789773076773 -186.97932915568353
-1091.6485035389662 -187.3292521107197
-1090.6434581249953 -187.11758370876314
-1088.820844528079 -186.95502025067807
-1087.0353492468596 -186.75881871759893
-1085.3630657166243 -187.1937168556452
-1083.508500573039 -186.58631500780584
-1082.1637189358473 -185.88446739494802
-1080.7071765631438 -186.0693816560507
-1079.171666738391 -186.59361088454725
-1077.2196387022734 -186.47716689288617
-1075.3114986389876 -186.04647553145887
-1073.4103133648634 -186.05488444671036
-1072.4976584881545 -186.49774925217034
-1071.1429072588683 -186.8408514390886
-1069.5680388182402 -187.5282845030725
-1068.1457370489836 -187.78873519405724
-1067.2919007509947 -187.7780946622789
-1066.5015565127135 -187.63983936414124
-1065.579473373294 -188.05566747292877
-1064.6336331933737 -189.4408765564859
-1064.0276346176863 -190.68469138249756
-1064.2864469856024 -192.2991277705133
-1063.5189303725958 -193.57869119748474
-1062.7674484223128 -194.006317807287
-1062.560814407468 -194.5842402110994
-1062.5078456819058 -195.7705001960695
-1061.9489819824696 -197.30587507590653
-1061.7285817682744 -198.6245839725435
-1062.1246649742127 -199.44120116338135
-1062.4202765345574 -200.9465488921106
-1062.4747495174408 -202.65549368962647
-1062.2772025883198 -203.06193657025696
-1061.4813881337643 -204.62113590344788
-1060.8358661353589 -205.6325487624109
-1061.0577083051205 -207.3544404040277
-1060.9636026442051 -208.59249289140106
-1060.4373344004155 -209.54992277726532
-1060.4102070748806 -210.49530441865326
-1059.1320875108242 -211.08917195901276
-1057.6070532023907 -212.17412288293244
-1056.142252367735 -213.30203075513245
-1054.5005798757077 -214.18394864901902
-1052.947660368681 -214.58557493790985
-1051.5385859429837 -214.84933693513275
-1050.5067488372326 -215.3570620547235
-1049.0524179160595 -215.3383082728088
-1048.105352562666 -215.55889442369343
-1046.8443619430066 -215.3243693690002
-1045.7980455577374 -215.82482844397427
-1044.1418652951718 -215.91979303762318
-1043.1928051531315 -215.79991473808886
-1042.112837177515 -215.73525876358153
-1041.228905659914 -215.28749532058836
-1039.5378215134144 -215.1864786501229
-1037.7078497231007 -214.79318956092
-1036.1614048302174 -214.86417139127852
-1034.8683179438115 -214.87469569399954
-1033.2059647858143 -214.6081911082566
-1031.3963336765767 -214.79952271834017
-1030.563844782114 -214.89007676944138
-1029.2281656086445 -215.4407813678682
-1027.8154537498951 -215.05444834932686
-1026.1942300617695 -215.12540993645788
-1025.6040351808072 -215.07463318660857
-1024.1923463761807 -215.26398747220637
-1022.84921733737 -215.93406586900355
-1022.1107451140881 -215.7883703018725
-1021.1826388657094 -215.81165496811272
-1019.5139584362507 -216.10434104308487
-1017.6373770058156 -215.8364710341394
-1015.6772227108479 -216.09067328080536
-1013.9885549366475 -216.0256797577441
-1012.8574548780919 -215.88168162658812
-1011.1019320309163 -216.40968877628447
-1010.1567356407643 -216.5217541138828
-1008.8507920324803 -216.817750004977
-1007.6943268597126 -217.28102314278485
-1006.4466644346714 -217.02294039532543
-1005.20447717309 -216.68875658318402
-1004.1103792011738 -216.5559260080755
-1002.6459708034993 -216.4527901093662
-1001.1090032875538 -217.16143992349507
-999.6326101839543 -216.38886037275196
-998.9283272445202 -216.77820789620282
-997.7453566014767 -216.96233598694207
-996.1863542020321 -217.08172790512444
-994.4994132936001 -217.2770450244844
-993.1181116521359 -216.71550269231201
-991.4557955682278 -216.86685612604023
-989.7622260272503 -216.72648411795498
-987.984926623106 -217.18887445136906
-986.9959234416485 -217.07068549647929
-985.8947380006314 -217.52957167282702
-984.2713716447354 -217.12543167725207
-982.3743063628674 -217.46628125563265
-980.5668436706067 -217.2726485039294
-979.150740069151 -217.08169514492155
-977.8870046555996 -216.54127961948515
-976.0963857591153 -216.2238588090241
-974.7658582150937 -216.50936467006804
-973.4665397822857 -217.0639237816632
-972.7718738138676 -217.43768987610937
-970.9982117235661 -217.53202035084368
-969.6678805172444 -216.69173701658846
-968.2172324478627 -217.11653699532152
-966.7957266390324 -217.53420295372607
-966.0693964779377 -216.9595743621886
-965.0743911087513 -216.8905490319431
-964.1038775265217 -216.67763241931797
-962.8939934790135 -216.37917312785984
-961.9132813632489 -216.50572255060078
-960.4813859879971 -217.13774111673237
-959.2818462073803 -216.5122044365108
-957.5506954610348 -216.4045045207441
-956.7191009938717 -216.22923248812558
-955.9543521821499 -216.58887710973622
-955.0501577079297 -217.09726246997715
-953.3860606372357 -216.7519525270164
-952.0307751119137 -217.29096567437054
-950.5025043904782 -217.09075063273312
-949.3674762666226 -216.77442654773594
-947.8310721337796 -216.60434463426472
-946.2096159875393 -216.73798142179848
-945.2657684504986 -216.40897522673012
-943.5661834895611 -216.19059392616154
-942.6852707087994 -215.49318852826954
-941.3408706605435 -215.64223119422795
-939.8999050080777 -215.9873691479862
-938.7446258485318 -216.18615871474148
-937.9837681472302 -216.1379694621265
-936.1858802258969 -216.44372179910542
-935.290152591467 -216.82783388897778
-934.3825877726078 -217.23710155293347
-932.7834256708622 -217.94555395647885
-932.1604246914387 -218.5224171857536
-930.3911344826222 -219.24066448017956
-928.5693250715733 -219.61366924449803
-927.0834266960621 -220.03063073560597
