-1144.2 -171.08
-1143.4731840610505 -171.87669106006624
-1143.068012368679 -172.94871314048768
-1143.2907393097878 -173.99971588134767
-1143.0793742060662 -174.69486262083055
-1143.541021835804 -176.47483815431596
-1143.5076953068376 -177.45115579843522
-1143.426908005774 -178.57940675497056
-1142.879089345038 -179.54305817365648
-1143.4445308938623 -181.02003528356553
-1143.0789571896196 -181.86846865892412
-1143.538063813746 -183.52053715467454
-1143.5961917236448 -184.8275560307503
-1142.9572910264135 -185.77264572858812
-1142.63514636904 -186.43364544391633
-1142.8168999895454 -187.46097071647645
-1142.9823216542602 -188.1472989487648
-1142.8045628115535 -189.4038405585289
-1142.7428822785616 -190.58768941640855
-1142.4899024039507 -192.13938524007798
-1142.7002325475216 -193.19930042505266
-1142.1381014406682 -194.37051512479783
-1141.6617697894574 -195.72217859506608
-1142.027861249447 -196.5541629958153
-1142.5384394049645 -197.3705977368355
-1142.9948526740075 -198.7784266638756
-1142.813841086626 -200.66215802907945
-1142.9590340077877 -202.4271459746361
-1143.113884550333 -203.58957316160203
-1143.080398258567 -204.96637989759446
-1143.5762017935515 -205.7537377047539
-1143.251459774375 -207.49936403512956
-1143.0516467362643 -209.18220628976823
-1142.0495239764452 -210.0868231225014
-1141.5239464312792 -210.58059667229654
-1140.6093914180994 -211.6721212732792
-1139.4356040626765 -212.30703513503076
-1138.252204862237 -212.59374423503877
-1137.2038219839335 -212.5804405528307
-1136.0094630390406 -213.4441247302294
-1134.356740680337 -214.04429212391378
-1133.5240695744753 -214.21346387445928
-1132.7075070410967 -214.54858613193036
-1131.7830105096102 -215.22859460294248
-1130.3358475238085 -214.94844523251058
-1129.464486387372 -215.16738358318807
-1128.1343442469836 -214.80968830168248
-1127.126186516881 -214.96824830949308
-1126.5680308610201 -215.19538675427438
-1125.2976775437594 -215.40228980958463
-1124.6842972904444 -215.85358315885068
-1123.2397861152888 -216.11189377486707
-1121.9033249288798 -215.973164947629
-1120.1637010246516 -216.11075775504113
-1119.2648549944163 -216.3062817323208
-1118.355620470643 -216.50818573117257
-1116.838059154153 -215.88054363608362
-1115.896401551366 -215.489420222044
-1114.72178747952 -215.9704067873955
-1114.048640397191 -216.09695716381074
-1112.9092957049609 -215.83997918844224
-1112.3088113933802 -215.05459030151368
-1110.4685771137476 -215.11889963030816
-1108.80041834414 -215.2314821946621
-1107.4979656606913 -215.18536482930185
-1106.1479583650828 -215.67421092271806
-1105.6143688827754 -215.74173055768014
-1104.6559124857188 -215.2700783777237
-1103.8759319454432 -215.43171021521093
-1102.305889812112 -215.82738483130933
-1101.5005504757166 -215.47987595379354
-1099.9726339250803 -215.1885851341486
-1098.883278337121 -215.86365637362005
-1097.7131387859583 -216.3274079579115
-1096.4573406845332 -216.25834620922805
-1095.3557673364878 -216.18424430668355
-1093.9591008096934 -216.6603736895323
-1092.7513377338648 -216.5923063027859
-1090.950984326005 -217.22307281374933
-1089.0082686811686 -217.71779145479204
-1088.4081257849932 -218.0331910121441
-1087.4224938422442 -218.06409514129163
-1086.391191509366 -218.0367359238863
-1085.33955385983 -217.88824291706086
-1084.3899581700564 -217.71615840673448
-1083.3384206563235 -217.81067001253368
-1081.8676320582629 -217.4355800393224
-1080.78710642159 -218.12548270255328
-1079.998803523183 -217.75769718915225
-1079.4857458740473 -217.8996119889617
-1078.4474763542414 -217.65664198428394
-1076.8904055029154 -217.4104548636079
-1075.5331557661295 -217.74531152278186
-1073.6251295477152 -217.7589630893618
-1073.0674848228693 -217.70067283876242
-1072.0697071820498 -217.6654170676321
-1071.3056549102068 -218.10519307099284
-1070.5445729762316 -217.96533992134036
-1069.4661234885455 -218.5165108665079
-1068.0934109956027 -218.17541595540942
-1066.333137896657 -217.817592285499
-1064.8897267848254 -217.57573122523726
-1063.5354992419482 -217.72340958558024
-1061.6563705474139 -218.0580431445688
-1060.6119541198016 -218.39671190820636
-1059.4077039033175 -218.82305305443705
-1057.9510588914156 -217.9465995951742
-1056.8431277543307 -217.52919908605517
-1055.765268829465 -218.06043573461474
-1053.9308712750674 -218.22527807198466
-1052.5784528523684 -218.71754833303393
-1051.063713696599 -218.79199454925956
-1049.9276423722506 -218.6662919446081
-1048.7302700549365 -218.1803039237112
-1047.963097241521 -218.0631715580076
-1046.2889544039965 -217.75801842652263
-1045.06871547997 -218.30012231312693
-1044.3244203597308 -217.72541605673732
-1043.3944618970156 -217.8427179902047
-1041.5303155452013 -217.9496047794074
-1040.5606736809016 -217.79523992531003
-1039.579317894578 -217.5509618818015
-1038.0824205547572 -217.96127313368024
-1036.8306690126658 -217.75637406103314
-1035.7549960285426 -217.6386759503931
-1035.06930193007 -217.12090726934375
-1034.4101179510355 -217.0517829283327
-1033.1006302505732 -217.23171777270736
-1031.6769694954157 -217.56673873208464
-1031.0694179207087 -218.16006637357177
-1030.2667488723994 -217.8266809656471
-1029.1413334280253 -217.9429799541086
-1028.559360948205 -218.38149853788318
-1027.832074251771 -218.5574225112051
-1026.179205980897 -217.94832497082652
-1024.955258217454 -218.14759182177485
-1023.572724428773 -218.2452944739908
-1022.8809260994196 -218.64782225333155
-1021.0267954736948 -218.33564733706416
-1019.5632732778788 -218.5599483474344
-1017.7768953710795 -218.03105648599566
-1016.608359900117 -218.30744983993472
-1015.3426651626826 -217.88612281523646
-1014.6589837342501 -218.1143196000904
-1013.3987049132586 -217.72018564485015
-1012.0213790208102 -217.7710522785038
-1011.1342124015093 -217.2669045700878
-1009.529786375165 -217.92616871736945
-1009.0214909583331 -217.53658194087447
-1008.3532011777163 -217.90015525363387
-1007.8585846096278 -218.15568966411055
-1006.7495064407588 -217.6668983771652
-1006.0735453635455 -218.02255550764502
-1004.5267626315356 -217.34166435144843
-1002.9870544940234 -217.5124981775135
-1002.0688294440508 -217.23024720691146
-1000.9948601990939 -217.89076883338393
-999.8683436185122 -217.39751756928862
-998.8638181954623 -217.1709630265087
-997.7238782912493 -217.3919640555233
-996.8041643172503 -217.10075698040427
-995.9763337045908 -216.59352169178428
-995.3164445430041 -216.53517125539483
-993.7081451684237 -216.32054994992913
-992.7607421547175 -216.52544681720437
-991.5384876400233 -216.26463980965318
-990.0032642751933 -216.67668618254365
-989.1512086063624 -217.14367185525597
-988.4244980484248 -217.5233160107583
-987.2743671804667 -217.37434160701932
-986.2752213150263 -217.6560127734393
-984.3786406189204 -217.51612693063916
-982.7938154608012 -217.34086838357152
-981.3591062694788 -217.04362899057568
-980.0177325874567 -217.00033058591188
-978.4686864286662 -217.0846413037926
-977.739437904954 -217.0618253275007
-976.8768106967211 -217.72775112830104
-975.0622207194567 -217.81265032283963
-974.5725047260523 -217.24539786569775
-974.0576598912478 -216.6533563732356
-972.9818632870913 -216.48342579595746
-971.2237737447024 -216.34214872114362
-969.7323345214129 -216.1676063834876
-968.080414441228 -216.34479942910374
-967.3867353469134 -217.04182961575688
-966.8969113498927 -217.38259452573956
-966.1262989908457 -217.20538261525334
-964.6912176281214 -216.76158651702107
-963.9735401540995 -216.8463030680269
-962.0516706377268 -216.93396953485907
-960.546726551652 -216.8698107673973
-959.0871811777354 -217.28586853288115
-957.864159193635 -216.8733971490711
-956.432083812356 -216.94462019197644
-954.7116036087275 -216.9772739186138
-952.8295185238123 -217.2443694844097
-951.9501124292613 -217.4161379709095
-950.7938583761454 -217.29333855949344
-949.5909986168147 -217.0185274704546
-948.0048277050257 -217.5606420262903
-946.7154755264521 -217.53477940514685
-945.5300122171641 -217.82379460886122
-944.4519723325968 -217.5703153963387
-943.3783657222987 -217.72306289330126
-942.0832169920207 -217.72506041631104
-940.5349026590586 -217.5710346530378
-939.0309396654368 -217.5445159803331
-937.7946747213603 -217.50034059390427
-937.2120648890734 -218.22207964763047
-936.102922347188 -218.50518674954773
-935.3215765029192 -219.1265307198465
-934.1463666230441 -219.7394493351877
-932.6402489215136 -220.0997214446962
-931.3001303941012 -220.41400180563332
-930.0316149264575 -220.72638056978585
-928.8313274651766 -220.36911062702538
-927.4478620558978 -220.38702858790757
