-1144.2 -171.08
-1143.66619451046 -172.58347673892976
-1143.1084213972092 -174.2610168027878
-1142.0845291137696 -176.15651007175447
-1141.5262929320336 -177.95605750560762
-1141.6193552732468 -179.56333442211152
-1140.7648239850998 -180.99822862625123
-1139.1588441848755 -181.93047626495363
-1137.309172821045 -182.25866155505182
-1136.5159421682358 -182.75032185196878
-1134.7814270973206 -182.83574285537006
-1133.7034227371216 -183.76902552872897
-1131.8978826522828 -184.4946265462041
-1129.9693125009537 -185.23746504813434
-1128.6092264175415 -185.0502277556062
-1127.1987355470658 -185.7009044829011
-1125.2857101678849 -185.82696926027538
-1123.5148317337037 -185.88545211583377
-1122.4665666341782 -185.80286804765464
-1121.3006555557251 -185.76526263535024
-1119.5686726093293 -185.590870218277
-1118.2969971418381 -185.23036141872407
-1116.5345786333085 -185.4253581482172
-1114.6030882120133 -186.07109174311162
-1112.6407042264939 -186.60006037533284
-1110.7720828771592 -187.15514764368535
-1108.812535595894 -187.35803711593152
-1106.9016903162003 -187.79599371731283
-1105.400345993042 -188.28241959393026
-1103.6575145244599 -188.50357900738717
-1102.2304665565491 -187.73766981244088
-1100.8245390176774 -188.15227414846422
-1099.2982570648194 -188.10447088062764
-1097.654196691513 -187.45466795742513
-1096.0839807510376 -187.81077581822873
-1094.6663478136063 -187.9023760277033
-1093.4048407793045 -188.36855977952482
-1091.7838716030121 -188.5940206217766
-1090.7646308660508 -187.98019536018373
-1089.213242840767 -188.4725184607506
-1088.447598528862 -188.14110680103303
-1087.2805907249451 -188.14682533025743
-1085.4982878684998 -188.4738801586628
-1083.7059514045716 -188.83419446825982
-1083.1265983700753 -188.31764470219613
-1081.448022735119 -187.83025072693826
-1079.5725704550744 -187.01149515986444
-1077.65815128088 -187.15998833060266
-1076.715775859356 -186.8829565513134
-1074.824706685543 -187.37469731450082
-1072.8666771769524 -187.8857553470135
-1071.1303421378136 -188.0356340277195
-1069.6674853682518 -188.579033421278
-1069.0432277441025 -188.0779228079319
-1067.8987857818604 -188.55506150603296
-1067.1341760873795 -189.6010507810116
-1065.461315703392 -190.40317212224008
-1064.9966767549515 -191.84213923096658
-1063.9116692066193 -193.57321642518045
-1063.3894880533219 -194.92832111001016
-1062.571860563755 -196.56786690831186
-1062.049076986313 -197.79340706944467
-1062.635084104538 -199.5497611629963
-1061.6996423125267 -201.06656633496286
-1061.495106202364 -202.4229211676121
-1060.7941090285779 -203.34006880402566
-1061.011257392168 -205.09300457119943
-1060.7516277551651 -206.70407544255258
-1059.5461247682572 -207.46513937592508
-1058.0899048566819 -208.84820889115335
-1056.8004430055619 -209.80204288840295
-1055.2690672397614 -209.97778502285482
-1053.671741437912 -210.92834988415242
-1051.8236805915833 -211.74027553379537
-1050.0847315311432 -212.10563793957235
-1048.4738684415818 -213.0219592767954
-1047.5554688692093 -213.80680462896825
-1045.74658472538 -213.59814314723016
-1045.1604207277298 -214.2691888678074
-1043.23007209301 -214.12902151227
-1041.4165998220444 -214.4266135263443
-1039.6322472810746 -214.40684233784677
-1037.7398316383362 -214.4558473545313
-1035.8331744194031 -213.72238543808461
-1034.1553129673005 -214.16330668509008
-1032.2525252819062 -214.20177500128747
-1030.4261884212494 -214.15266120240094
-1028.5259479999543 -214.67960071370007
-1026.9696297168732 -214.64123769655825
-1025.4404487133027 -214.2686745132506
-1024.255340886116 -214.58726521387698
-1023.0129131793976 -215.17228217974306
-1021.3577059030533 -215.40140143588187
-1019.4118995189667 -215.6470754350722
-1018.2647864341736 -215.85689877524973
-1016.8795134544373 -215.00134502902628
-1015.1035604000092 -215.0148814971745
-1013.277573299408 -215.36068571165205
-1011.6881491661072 -215.36552814200522
-1009.9123135328293 -215.55457196190955
-1008.5887748718262 -214.75972661927344
-1007.3700491905213 -214.140709733516
-1005.9867307662964 -214.27711362197996
-1005.3975628733635 -214.71099061325194
-1003.6313594698906 -214.181265180856
-1002.1950785040856 -213.5988003666699
-1001.0897646069527 -213.56813037201763
-999.5007264733315 -214.1180211286247
-997.7368507504464 -214.35227638289334
-995.9722864747048 -214.97429674670101
-994.544695031643 -215.37432244226338
-992.6432448744774 -215.8240378777683
-991.1829254746438 -215.45669892236592
-990.0228277564049 -215.3279029260576
-989.0872295022011 -214.55194671258332
-988.0506324887276 -214.79909425780178
-986.6613227248192 -214.8313196580112
-984.9007541060448 -214.77395067170264
-983.4329637408257 -214.42455068781973
-981.5105121254921 -213.94933042481543
-980.6409387111664 -214.3939000721276
-979.7375313162804 -214.96394011929632
-977.8058290600777 -215.17412275627257
-976.3656264662743 -215.12877712205054
-975.3322837471962 -214.31353316262366
-973.481778395176 -214.122902443558
-971.5556252121926 -214.38649641528727
-969.9394416928292 -214.2844226936996
-969.050795686245 -214.35538089081646
-967.6042578339577 -214.28207668468357
-966.4930647730828 -214.3054242412746
-964.9136744856835 -215.7276095430553
-963.4307142615319 -216.4608887116611
-962.1447954297066 -216.61242227062584
-960.8037786602974 -217.1530926655233
-959.6399616122246 -217.38900898203255
-959.1274198412896 -217.97351811632515
-957.3524247527123 -218.21670175895096
-955.5203749060631 -217.771751267761
-954.3833071112633 -217.95411339208485
-953.1402231574059 -218.72704943820835
-951.6214755892754 -219.35450389787556
-950.3728267073632 -219.16237143978478
-949.0163637518883 -219.04456289663912
-947.2268887877465 -218.53891565456988
-945.2701214671135 -218.95262577190996
-943.4109288573266 -219.585681399256
-941.7448927283288 -220.06232099786402
-941.1794057607651 -219.9782476554811
-939.241888833046 -220.04756066009404
-937.8287597417832 -220.04750972792507
-936.4373615503312 -220.54412305161358
-935.0325113058091 -221.59750699803234
-933.5934386968613 -222.50923269793392
-931.8215380430222 -222.5680316630006
-930.6286322593689 -223.39879911571742
-929.0609169721604 -223.90491926103832
-928.0598644733429 -223.90825716212393
-927.3540682315827 -223.72000949636103
-926.5912514448166 -223.02841769710184
-924.7272328853608 -222.91968773111702
