-1144.2 -171.08
-1143.352628839016 -172.88005717277528
-1142.954376411438 -174.74206192970277
-1142.9332155108452 -175.6765783596039
-1142.5683117926121 -176.12449713230134
-1142.050187689066 -177.34423883438112
-1141.6638061225415 -178.13388206243516
-1141.207450670004 -179.84375406980516
-1140.2915559232235 -180.87076343774797
-1139.2558097064496 -181.947482483387
-1137.8458723247052 -183.22446026086809
-1136.3563057601452 -184.32746781587602
-1134.5999702632428 -184.1806981432438
-1133.2167971551419 -184.63147007107736
-1131.4944587171078 -185.5390230882168
-1130.5065024316311 -185.80457402944566
-1129.3794603765011 -186.17069687128068
-1127.4633500993252 -186.37547441005708
-1125.5893925845623 -186.36324606642128
-1123.900554817915 -186.99022833809258
-1122.8899523437024 -186.63674272403122
-1121.2265484750271 -186.44808871850373
-1120.0431406915188 -186.86421192988755
-1118.2076073110104 -186.82880484491588
-1116.5763869702816 -186.98173497051002
-1115.3608680188656 -186.39920500844718
-1113.5815024793148 -186.43105751082302
-1111.8914428174496 -186.04499199792744
-1110.7782762467862 -186.10616006135942
-1108.9987188994885 -185.8791744875908
-1107.268708628416 -186.18881316661836
-1105.3625115573407 -186.05555586695672
-1104.5071686923504 -186.15243849337102
-1103.0627489507199 -186.64754641234876
-1101.0810096681118 -187.3611226695776
-1099.467077535391 -186.91942751586438
-1098.524108451605 -187.04042889356614
-1097.3289239823819 -186.63672857165338
-1095.3953152120114 -186.99899034380914
-1093.4207807004452 -187.26217527866365
-1092.030305427313 -187.57256438016893
-1090.798505705595 -187.81192383348943
-1089.0597075641156 -188.11352962434293
-1087.137278956175 -187.39711177527906
-1085.3824441850186 -186.67999118745328
-1083.6230495393277 -187.009181560874
-1082.1457672536374 -187.12199244081975
-1081.15726069808 -187.05104222327472
-1079.280545514822 -186.8876350912452
-1078.0175791203976 -186.97409989863635
-1076.1110699594021 -187.15067892700435
-1074.4080086171627 -186.7433384898305
-1072.6870508611203 -187.0055745485425
-1071.1181723296643 -187.24003120690585
-1069.5792769610882 -187.58100431591274
-1068.2704514682293 -188.19500481516124
-1067.6576736986638 -188.3648162725568
-1065.9512084543705 -189.2933673503995
-1065.0472612202168 -190.25125207930805
-1064.5682501018048 -191.63885476619006
-1063.5899744451046 -192.726019525826
-1062.7075524747372 -193.8080495837331
-1061.873986107111 -195.56560721427203
-1061.4784956395627 -196.4464435222745
-1061.6842327088118 -197.33901520997287
-1061.8805131286383 -198.83862110406162
-1061.525507476926 -200.78742798596622
-1060.9889787703753 -201.9490389469266
-1060.5751721829176 -203.1102127674222
-1059.9378557175398 -204.7137364986539
-1059.9947867661715 -206.3392021301389
-1058.9791087180377 -208.11572262078525
-1057.5944532424212 -209.71341558724643
-1055.899829056859 -210.56445922881366
-1054.2226382762194 -211.53476455241443
-1052.4770289927721 -212.50007214576007
-1050.6540845900774 -212.46760367780925
-1049.17764749825 -213.1530119124055
-1047.6734273701907 -213.4559407773614
-1045.7502122193575 -213.61060012310745
-1044.3908756047488 -213.27011565297843
-1042.5106189519167 -213.53265962928535
-1040.52523496449 -212.88254694074394
-1038.7519052296877 -213.4751063975692
-1036.8489665061236 -213.03908715575935
-1035.3085376292468 -213.704706171453
-1033.6337628632784 -214.3693285378814
-1031.8594785004855 -214.24413866728545
-1030.2866977721453 -214.15479213923217
-1028.845803526044 -213.88671428889037
-1027.694050219655 -214.42605335444213
-1026.0703124076128 -214.21847371190788
-1024.2655535012484 -213.58723560899497
-1022.6285128861666 -213.6175245921314
-1020.7415621548892 -213.72556374773384
-1019.0475273400546 -213.16808913454415
-1018.409285274148 -213.56452156409622
-1016.6884138256312 -213.85993097528817
-1015.2532350689173 -213.69234515532852
-1013.3924550682307 -213.92472086653115
-1011.440658774972 -214.40151442393662
-1009.4795938402415 -214.1434505711496
-1007.6302762895823 -213.7090691457689
-1005.7296081453562 -213.9535045604408
-1004.6644236713648 -213.7242802064121
-1003.4533826977015 -213.68686214640738
-1002.1194481521845 -213.15975091412665
-1001.112820711732 -212.7661615367234
-999.5005110174418 -213.32304475262762
-997.591532316804 -213.1557120884955
-995.875996080041 -212.64380498781802
-994.2931244045496 -212.86744615986944
-992.5848815113307 -213.42419258311392
-991.4955683618784 -213.0065399463475
-989.649327364564 -213.5346638019383
-988.384670701623 -213.83530122593046
-986.4268783003092 -213.49570561006666
-984.6810651689768 -213.85136229351164
-983.4772214561701 -214.21840832188727
-981.6318542629481 -213.65785381749274
-980.7508321672678 -213.53040952041746
-978.8461569219828 -213.46890602812172
-977.6399690777064 -213.75705365642906
-976.1825586229563 -214.2620993088186
-974.4197867780924 -214.31499527201058
-973.4842573076487 -214.36523234650494
-971.7285416990519 -214.57927316233517
-969.8642182022334 -214.50069039121271
-968.1904347807169 -214.8636707867682
-966.3884964853526 -215.0902870501578
-964.5917788416148 -214.96119151070715
-963.3220758110285 -215.34160158589484
-961.4793786674738 -214.89582488492132
-959.6201254993678 -215.75991246655585
-957.7757347494364 -216.14531973555685
-956.5430167585612 -216.40102279737593
-954.9586262375117 -216.38123640969397
-953.1045481830836 -216.48056364610792
-951.5457796722651 -216.000236248523
-950.0420151621104 -215.7692989166081
-948.1335550218821 -215.9028266723454
-946.5987083584071 -216.28109691098334
-944.9301110178233 -215.62210134223105
-943.1485652595759 -215.10877875044943
-941.5682992607356 -215.42325383976103
-939.6686305671931 -216.02663380458952
-937.8151280552149 -216.15922615483404
-936.3549377590418 -216.53134653523566
-934.5629907518626 -217.22340652897955
-932.930763450265 -217.36156824782492
-931.1205753952265 -218.38260129645468
-929.7308904796839 -218.58376697257162
-927.9786734253169 -219.06020010069014
