-1144.2 -171.08
-1143.628956091404 -172.36243017196657
-1143.8529840677977 -173.56205411434175
-1143.7083948671818 -174.83522327423097
-1143.3368409991265 -176.31424601554872
-1143.731610250473 -177.62427647590638
-1144.1160571992398 -178.81137760162355
-1144.3317391246558 -180.32311041831971
-1144.011167165637 -180.93267692804338
-1143.3966059654952 -181.8400647211075
-1143.2502442866564 -183.16758747577668
-1142.1979369193316 -184.79403419971467
-1141.8841057091952 -186.59327478885652
-1142.1044737815857 -187.39548428535463
-1141.6613600969315 -188.60670443058015
-1141.3422291100026 -190.1115902233124
-1140.5463027775288 -191.6054204273224
-1141.1249892532826 -192.5468951034546
-1141.459165942669 -193.89057989597322
-1141.497538973391 -195.33789332389833
-1141.5774148374796 -196.17434258937837
-1141.628111307323 -197.91417642116548
-1141.076782886684 -198.9865194129944
-1141.4008693739772 -199.66470749855043
-1140.5629164025188 -201.27475269317628
-1139.7451844260097 -202.31340678215028
-1139.1112734124065 -203.05214871644975
-1139.1364467933774 -204.03945072174074
-1139.2243315771223 -204.74191256046296
-1138.6221580699087 -205.70946927547456
-1137.9725409939886 -206.71763976097108
-1137.0115356639028 -207.3285426068306
-1137.2105965062976 -207.81238307237626
-1137.6835933968425 -208.95992089986802
-1137.2646743997932 -210.540836827755
-1136.6621637687088 -212.0720534491539
-1136.0627044782043 -212.78133149623872
-1134.7711118802429 -213.30049963474275
-1133.7154648646713 -213.97250898361207
-1132.3192535981536 -214.761307554245
-1130.7758459195495 -214.34377400755884
-1129.5349434956909 -214.60333706617357
-1128.7129977092147 -214.77688695669175
-1127.2938515290618 -215.32800324440004
-1126.1423442706466 -215.67871882200242
-1124.5291122540832 -215.21594469428064
-1123.5310817107559 -214.87888325929643
-1122.0283527716995 -214.59664310693742
-1120.644094620645 -214.51064001202585
-1118.9354094609619 -215.43813501477243
-1117.0319885358215 -215.24305229067804
-1116.2701038464904 -215.21574507832528
-1115.1756311997772 -214.85612593770028
-1113.437901173532 -214.77924665987493
-1111.886450444162 -214.7908446508646
-1110.3252539977432 -215.29294517815114
-1109.1440860375762 -215.7318814712763
-1107.4885800227523 -215.7669725175202
-1106.1142659530044 -215.40691760733725
-1104.9339093312622 -216.04342565491797
-1103.9671789750457 -215.85034862712027
-1102.561727796495 -216.2685668821633
-1101.0092010840774 -216.61565062955023
-1100.51915589422 -216.69704230681063
-1098.838282738626 -217.55965920343996
-1098.2241938456893 -217.81647606745364
-1096.8692967042327 -218.35012414112688
-1095.6991784915328 -218.30573691606523
-1094.0600074872375 -219.01462896347047
-1092.9659791335464 -218.84594665646554
-1092.0492844924331 -218.3320746290684
-1091.0411411866546 -218.42367766976358
-1090.0283874616027 -218.2230551558733
-1088.3307607516647 -217.93093815624715
-1087.0280349597335 -218.22038257300855
-1086.1450302943588 -218.21864835724236
-1084.9694373950363 -217.87739096388222
-1084.2122613534332 -218.6089647243917
-1083.326566849649 -218.25160158976914
-1082.629555617273 -218.05839073464276
-1081.1821351394058 -217.98308685973288
-1079.7440214499832 -217.56735140636565
-1078.1431691989303 -218.3355499561131
-1076.8408491954208 -218.2354341800511
-1075.8029277667404 -217.97381428435446
-1074.064933334291 -218.1196790392697
-1072.2953322276474 -218.43102282837035
-1070.5748885020614 -217.91916114643217
-1069.9946639284492 -218.51660234287382
-1068.1433891996742 -218.6250732074678
-1066.5214496597648 -218.56217450454832
-1065.043049786985 -218.43907774046065
-1063.267147038877 -218.18882385447623
-1062.0628092035652 -218.7186924572289
-1060.5837396129966 -219.2118177767098
-1059.900670979917 -219.74357799246908
-1058.0891912922264 -219.3093724603951
-1056.832691167295 -219.43971524193884
-1055.1617345556617 -219.5083850900829
-1053.7541165098548 -219.31002232238652
-1053.2364547595382 -218.78905793830754
-1052.2214928016067 -218.4081769566238
-1050.9459659203887 -218.024679569453
-1050.2541882142425 -218.14569966301323
-1048.8465959176422 -218.02873517379166
-1047.8498968228698 -218.41015632256867
-1046.9478255853057 -218.72247488602997
-1046.053890620172 -217.95013190612198
-1045.1309693798423 -218.04355483308436
-1043.7607114061714 -217.54043834462763
-1041.9595920786262 -218.18818007960917
-1040.872539614141 -218.21291477039458
-1039.8188745722175 -217.7350735719502
-1038.5697914108634 -217.1600727494061
-1037.0744203075767 -217.7790497596562
-1035.9636734470726 -217.9205381180346
-1035.2570460781455 -217.78086577907206
-1033.5003641590476 -218.0994488503039
-1031.5678338751197 -217.96352170959116
-1029.7475156530738 -218.54945146098734
-1027.8565604433418 -218.50191003262998
-1026.8123668178916 -217.9594373124838
-1025.1659319147468 -218.06544928431512
-1023.3889198049903 -217.59887473464013
-1022.618300293386 -218.2546709048748
-1021.8655140146614 -218.67543043375017
-1020.8156763061882 -219.2811861205101
-1019.3260930523277 -218.60240335941316
-1018.234156344831 -218.91710876107217
-1016.8398568376899 -218.6385290491581
-1015.895895574987 -218.91960229158403
-1014.1363564476371 -218.36921359777452
-1012.7699031576515 -218.00715990543367
-1011.8547256931663 -217.62246544837953
-1010.608362172544 -218.1926437187195
-1009.1048645719886 -218.38112470686437
-1008.4780921086669 -218.46373856246473
-1007.5986398205162 -218.42279919788243
-1006.6661996588111 -218.2154608796537
-1005.3847020611167 -218.8397914002836
-1004.8029349192977 -218.66849873766304
-1003.7578078851104 -219.3066863845289
-1002.5098709210754 -219.90103445753456
-1001.593294416368 -219.54996131166817
-1000.5824470862747 -219.18847395285965
-998.9481088265777 -219.39721412763
-997.5800143823028 -219.40570132240654
-997.1343031868339 -219.1953329871595
-996.5028265461326 -219.40498937472702
-995.5793328031898 -219.37859517887236
-994.2340287908912 -218.57248062446715
-993.2887493714691 -218.54327655762435
-991.7257806405426 -218.53480486471207
-990.4354313954711 -218.5973959406093
-988.96993175596 -219.1116924126819
-988.1685574397445 -219.12598583746703
-987.1015284404159 -219.48797116328032
-986.1097499474884 -219.64016625929625
-985.4981952056289 -219.33362520385535
-984.0665320500732 -219.0021299784258
-983.3335549578071 -219.12763426352294
-982.2121896490455 -218.77541337061675
-981.7163824781776 -219.2689845924452
-981.0538627251983 -219.91637918997557
-979.6010666236282 -220.14192674208434
-977.920391355455 -220.69384560633452
-976.0473257645965 -220.68056716669352
-975.5649593815208 -221.48177625883372
-974.1529091343284 -221.41036035764964
-972.2730879530311 -221.97531153906138
-971.4117207869888 -222.3126279329136
-969.8460908278823 -222.19015256214888
-968.323153410852 -222.8138667707518
-967.4020824179054 -222.70425254750998
-965.8565703377128 -222.7606655721739
-965.1897670969367 -223.02750176835806
-964.2240501388908 -222.46034002948554
-962.5556643947959 -223.2349078123644
-960.8657914146781 -223.1499775563553
-959.9599103674293 -222.9597912793234
-958.1326979145408 -223.2650213604048
-956.5135808929801 -222.55747464943678
-955.31431350559 -222.8876167004183
-954.3895214542747 -222.8336589028314
-953.5166001066566 -222.63918556172402
-951.9770183309913 -222.7088576470688
-950.806932066381 -223.16454674948008
-949.5207634910942 -223.63998966563494
-948.4331304773689 -223.01323019612582
-947.2496608242393 -222.52378924835475
-946.0086676821113 -223.07743605125697
-944.3161011680961 -223.3128390227631
-942.7358187183738 -223.24373230237515
-940.9991854175926 -222.794590174146
-939.5024319633842 -223.37600284714253
-938.3353049501777 -223.00870564479382
-936.8389674171806 -222.57286474008114
-935.5596153482795 -223.21360167760403
-933.6553089365364 -222.67918613452466
-932.5879182562232 -223.27983102101834
-931.4507862076164 -223.6975955059007
-930.7350984558464 -223.73713437367232
-928.7657781586051 -223.4608182673529
-927.902830336988 -223.0463096861914
-926.3198423132301 -222.99104125697167
-925.1593571648002 -223.37872643668206
-924.2376993045211 -223.98681564528496
-922.9372990474105 -224.21348167855294
