-1144.2 -171.08
-1143.7888772010804 -170.65046401500703
-1143.1826486110688 -169.7523930835724
-1142.5558673262597 -168.79882551908494
-1142.2825869441033 -168.03341926813127
-1141.3077548861504 -167.27589668512346
-1140.4276876568795 -166.80434210777284
-1140.2039167404175 -165.57918258190156
-1139.2409516096116 -164.58076019763948
-1138.6387155771256 -163.23031719207765
-1136.7316483974457 -162.61927046060563
-1135.2360901355744 -162.33013542175294
-1133.78389377594 -162.13607482790948
-1132.195661854744 -161.97684143662454
-1131.3422049999238 -161.50317387461664
-1129.4327474355698 -161.74854138672353
-1128.3170045137406 -161.99158102452756
-1127.2752425193787 -162.50305611073972
-1126.0366109132767 -161.8916448968649
-1124.4753137350083 -162.29582247316839
-1122.9369295358658 -161.44199052631856
-1121.391957116127 -161.4742833542824
-1120.3280691623688 -161.811069624424
-1118.8860669851304 -161.66437636494638
-1117.6084097146988 -161.59535873115064
-1115.9735446691514 -161.0779578703642
-1114.0101432323456 -160.9332876968384
-1112.9750903367997 -161.17426921606065
-1111.4939435243607 -160.42201258420945
-1110.1323053359986 -160.7769974935055
-1108.648504447937 -160.2782116997242
-1106.789348077774 -160.16218221366407
-1105.553765487671 -159.43730759799482
-1104.1990879297257 -160.00390678822995
-1103.1864594936371 -160.12647286236287
-1101.48064930439 -159.908562065959
-1100.1914841651917 -160.07610726535322
-1098.7021651983262 -160.1805254238844
-1097.891877424717 -160.375907124877
-1096.9561342716217 -160.4336773622036
-1095.5760870695115 -160.873513327837
-1093.8600316762925 -160.20095454335214
-1092.625836443901 -160.53481058955194
-1091.398098063469 -160.36698828816415
-1090.0371608257294 -160.21150694966317
-1088.1681148529053 -159.97122366905214
-1086.487779569626 -159.11271460533143
-1085.5066983819008 -159.7067879009247
-1084.5880315423012 -158.89642895936967
-1083.0983448147774 -158.7494341748953
-1081.7400196909905 -159.2046550232172
-1080.8994298100472 -159.25458404600622
-1079.8829282641411 -159.14668707728387
-1078.135137450695 -158.79630367636682
-1077.1596263170243 -159.28600372552873
-1075.383804154396 -159.34692244410516
-1073.6326552152634 -158.97524191617967
-1072.0955241441727 -159.66626741170884
-1070.7305267572403 -158.91107441663743
-1069.0452380895615 -158.7872953283787
-1067.495704483986 -158.36094920516015
-1065.8229223012925 -158.37038679599763
-1064.2540583133698 -158.51719011545183
-1063.1740859270096 -158.11813004493715
-1062.1851462841034 -157.9468928742409
-1060.694282245636 -158.20882840633394
-1058.918097805977 -157.91903309702874
-1058.2986174941063 -157.37841455817224
-1057.7525649785996 -157.39815226189793
-1056.2851455926896 -157.7068580388278
-1054.5558183908463 -158.2683116196841
-1053.6913874268532 -158.10926985733212
-1052.0126329779625 -158.35822662703694
-1050.865046274662 -158.12520718567075
-1048.9259390950203 -158.7479580640048
-1047.2251110196114 -159.43442207567395
-1046.6291704893113 -159.41450279198588
-1045.8845675706864 -159.43553089343013
-1044.472554397583 -159.47372272603215
-1042.666813325882 -160.03257390849294
-1041.4865340709687 -159.97804610423745
-1039.5907268047333 -159.79981182508172
-1038.5235144615174 -159.87419706575574
-1036.7413839817048 -159.38844180099667
-1036.0798726797104 -159.46315240107478
-1034.6618599414826 -159.86312117420138
-1033.5217689990998 -160.01002126179637
-1032.302098107338 -159.88248478613795
-1030.3939471960068 -160.34719248853625
-1028.9854264974595 -160.47427334629
-1027.3433284282685 -159.80049546800555
-1026.2271425247193 -159.76308753333987
-1025.2323747992516 -160.53812005363406
-1023.883816254139 -160.25114964686335
-1022.867082965374 -160.609186045751
-1022.4246056795121 -161.68969952307643
-1020.7681861639023 -161.75382971011103
-1019.6361039400101 -162.8341033383459
-1018.5304061889649 -163.98489057265223
-1017.9599736452103 -164.86360984288157
-1017.14120657444 -165.8921592756361
-1016.7975688695908 -167.61604361973704
-1016.4819690704346 -168.18938761197032
-1016.0060532212258 -168.81287639580668
-1015.4202273607254 -169.96815388642253
-1015.5467931747437 -171.67990415535868
-1015.7903002470732 -173.19992726288737
-1015.525118854642 -174.73129981003703
-1015.604844224453 -176.22909169636668
-1015.4346059978009 -178.0353259368986
-1015.9608379423619 -179.9254912658781
-1015.8491671502591 -181.5404906793684
-1015.6797089248896 -183.1053885742277
-1015.7592995435 -184.80517952881755
-1015.921100434661 -186.51524119816722
-1015.9445862088353 -187.20094906531276
-1015.4959736380727 -188.889051072225
-1015.1851521644742 -190.2435580416769
-1015.2875946749002 -191.28904306136073
-1015.3073056105525 -192.59277962885798
-1014.9776391748339 -194.33618902407588
-1014.4892513219268 -195.2010741158575
-1014.43085754551 -196.9588421507925
-1014.487256853655 -197.84742944680156
-1014.4701860237867 -199.5133463665098
-1014.4245489377529 -201.31634705506266
-1013.9643584031612 -202.81312327824534
-1013.0264499921352 -203.41835682831706
-1012.1941902775318 -204.96096151314677
-1011.8564326900989 -206.25467746697367
-1010.493588699773 -206.31070023022593
-1008.9979785818607 -206.54215755306186
-1007.414291991666 -207.90017881236972
-1006.5026203531772 -208.15015261612834
-1005.3908770222217 -208.97490601979197
-1003.7801278967411 -209.15440031133593
-1002.4500166315586 -209.79616763435305
-1000.603086366132 -210.03872265659274
-998.7903615374119 -210.28851353369654
-997.1288792032749 -210.99161713562907
-996.0705175537616 -211.1696128471941
-994.4244226355106 -211.71979858718814
-993.1687811750919 -211.75908771894873
-991.6890516418964 -211.866006545648
-990.648852242902 -211.86269391320647
-989.6144341368229 -211.8039218633622
-987.8252657789737 -211.87581829719247
-986.5826710600406 -211.44466416530312
-984.7520083326847 -210.63590507201852
-983.2135281700641 -210.49018141619862
-982.4046850342304 -210.37211073927583
-980.5653145451099 -210.3488957657665
-979.0816521782428 -210.9264144077152
-977.9151679415256 -211.32734236858786
-976.6600603003055 -210.9355865790695
-975.1159314054996 -211.21849135302008
-973.9631092686207 -210.76825655244292
-972.5360945601017 -210.5320069267601
-971.1228526968509 -209.95412350438536
-970.2807344336063 -209.6584463491291
-969.1065046925098 -210.06944481275977
-967.2300808567554 -209.8353187068552
-966.2782051701099 -209.454046003446
-964.9543951887638 -210.19813441477717
-964.248718513921 -210.06603584431113
-963.332646502927 -210.95373020313681
-961.5166986126453 -211.23204047225417
-959.6827180523426 -211.63478580854834
-957.8110861916095 -211.32525668285788
-956.1698978085071 -210.87224642179908
-954.2531688351185 -211.25378308437766
-953.2533894319088 -211.8192019238323
-952.1903103131801 -212.13919178389014
-951.4688663024456 -212.7501198425144
-949.6889457244426 -213.2294862344116
-948.6491387624294 -213.59121245883406
-947.293328954652 -213.61550476394595
-945.8879671830684 -213.4659601970762
-944.3892546433956 -212.99770014725627
-942.8258683223278 -212.85285782061518
-941.5379338998348 -212.8066012635082
-940.6468807596714 -213.34876666210593
-939.0905112165958 -212.8220912589878
-937.9095242161304 -212.68814758203925
-937.3473876256496 -212.22932545088233
-935.6155851621181 -211.93292842052878
-934.2548602361232 -211.80486238740386
-932.9985422629863 -212.23612085722388
-931.7790816564113 -213.2385768070072
