-1144.2 -171.08
-1143.5041068315506 -171.59594030857087
-1143.3611452698708 -172.5001741218567
-1142.70208568573 -174.06044228553773
-1142.619662348926 -175.42587264060975
-1142.0463724777103 -176.101704018116
-1141.8921647414566 -176.84771301031114
-1141.8806417629123 -178.49297525167466
-1141.6872842207551 -179.66932119607927
-1141.61356343776 -181.54626096963884
-1141.583794657886 -182.7984312939644
-1141.674531389773 -183.88103033781053
-1141.9299430444837 -185.31278254270555
-1141.5838146403432 -186.57570852518083
-1141.2433730855585 -187.52698321819307
-1140.882598270476 -188.484957652092
-1140.6784582331777 -189.88260717868806
-1140.8275238916278 -190.96615036010743
-1141.1346829280258 -192.79100783348085
-1141.191771273315 -194.65576751708986
-1140.841240976751 -196.40555997371675
-1141.3078537926078 -197.6945581007004
-1140.9660838887096 -199.39508493423463
-1141.0397829011083 -200.45538492679597
-1140.7356166735292 -202.04657645702363
-1140.5844537511468 -203.80612965106965
-1140.768846024573 -205.5619427728653
-1141.105454672873 -207.05206127643586
-1140.5825517073274 -207.91839106559755
-1139.9983147278429 -209.37652309417726
-1139.0905523195863 -210.54556866168977
-1137.3012233868242 -211.89233870983125
-1135.4597357407213 -211.64861582398416
-1134.6334856644273 -212.47877060055734
-1132.75013576895 -213.2315462100506
-1131.406661619246 -213.3360153156519
-1129.53804551512 -213.7086737471819
-1127.9348951473833 -214.012490631938
-1126.2774785652757 -214.06033498972656
-1124.671302188933 -214.10557055652143
-1122.880228151381 -214.4456558841467
-1121.0998757973314 -214.57560707807542
-1119.221788276732 -215.0380574333668
-1117.8918058767915 -215.62183092713357
-1116.6978407993913 -215.68337693989278
-1114.9177461758256 -215.8335835504532
-1113.1770079031587 -215.64264406442643
-1111.264080156386 -216.14781548261644
-1109.624631036818 -216.4484636950493
-1108.118226517737 -216.20608639895917
-1106.25668476969 -216.27455252587797
-1104.4863067761064 -215.85596114575864
-1102.9423422709108 -216.14986455619336
-1101.6343237057329 -215.83272868573667
-1099.8764322891832 -216.20581257522107
-1098.0037397041917 -216.27191929697992
-1096.7090690031648 -216.56885887861253
-1094.9706876173616 -217.06356091976167
-1094.245576788485 -217.2676396238804
-1092.8405780091882 -216.48856900811197
-1091.124402691424 -215.99414323449136
-1089.3386141553522 -215.81973867297174
-1087.3782428994775 -216.0028295981884
-1085.6117121472955 -216.2001028674841
-1083.9064052596689 -216.42632951021196
-1082.4536397948862 -216.03067861676217
-1080.98363571316 -216.28149698853494
-1079.1811464324594 -215.9410541522503
-1077.4372602000833 -215.16047834038736
-1075.6734886661172 -215.1876380610466
-1074.4976196780801 -214.8149484562874
-1073.0893139138818 -214.54733167767526
-1071.2698145404459 -214.87923418164254
-1069.6855011478067 -215.02713957607747
-1068.257413674891 -214.7744456845522
-1066.6524687305093 -215.423236759305
-1065.333856035769 -215.16614914119245
-1063.7321355834604 -215.03957738161088
-1063.1204098954797 -215.55200918197633
-1061.5598983064294 -216.29973723173143
-1060.6886047616601 -216.66174806833268
-1059.17084210068 -216.7887256461382
-1057.3478053107858 -217.02668339192869
-1056.1668595567346 -216.97050501585008
-1054.337441135943 -217.4724742937088
-1052.516861011088 -217.3523864838481
-1051.8459656134248 -217.04089758723975
-1049.9216544523836 -217.06101433366538
-1048.938239325583 -216.97118266105653
-1047.4463546171785 -216.97410735666753
-1045.5901859894395 -216.7920473533869
-1044.7293355360628 -216.6900782454014
-1043.087814320624 -217.0220433342457
-1041.3196501627565 -216.40503905892373
-1039.6372998848558 -216.64660878658296
-1038.9078604474664 -216.1365511584282
-1037.2293098464609 -216.52432997703553
-1035.5629144206644 -216.8048686850071
-1034.2242411866785 -215.89878224015237
-1032.5597709909082 -216.50389383912088
-1030.7370706096292 -215.8752503859997
-1028.9993657365442 -216.0610768067837
-1027.7633935704828 -215.70422347068788
-1026.1091125503183 -216.2734667825699
-1024.2450538173318 -216.64003147363664
-1022.6338186755777 -216.73882901847364
-1020.8408444419504 -216.8567478823662
-1019.9966881766916 -217.1558045911789
-1019.0229112401605 -217.4253371524811
-1017.2074950233102 -217.1761027145386
-1015.8984079852701 -216.29388691663743
-1013.9913125529886 -216.04053260564805
-1012.9433126941324 -215.6038312482834
-1011.8097378507257 -215.68006035864354
-1010.7669549480081 -216.2706260997057
-1009.442368079722 -215.68394902527334
-1007.6483667388559 -216.22209969341756
-1006.3687580123544 -216.91058579266073
-1005.3972702518106 -217.18932277143003
-1003.6106858745218 -217.72593671262266
-1001.741969396174 -218.15411898672582
-1000.1390864148736 -218.35007131278516
-999.2314922109247 -217.86060965240003
-998.1031038060785 -218.07792759120466
-997.0802686706186 -218.16174507319928
-995.256780435145 -218.0687943789363
-994.3232322230936 -217.7059155496955
-993.686692108214 -217.6605380344391
-991.9255999222398 -217.6004860493541
-990.7951161757112 -217.31604833334686
-989.8307310238481 -217.85701138705016
-988.3540117636323 -217.33205563753845
-986.9467892542482 -217.14590070575477
-985.1421751871706 -216.87789444059135
-983.8159617081285 -217.52357611984016
-982.44229709059 -218.01766399472953
-981.2964844599367 -218.43567029565574
-979.4214625254274 -218.41890584856273
-978.1204544201494 -218.37836013168098
-977.0346953764558 -218.53638998597862
-975.3453800573946 -218.4640177729726
-974.2714495554567 -218.81689583688976
-972.3896298304201 -218.48035779029132
-970.9617574110628 -218.74397500783206
-969.3720289364458 -217.94916948109866
-967.7228774920106 -217.2597074750066
-966.9668995037675 -217.50774116247894
-965.1396399632097 -218.0560996028781
-964.250582446158 -218.23047063678504
-962.3212549582124 -217.90193537801505
-961.0580012694002 -218.28838292688133
-959.2391137972475 -217.52249906390907
-958.5271775618196 -217.69489636451007
-956.9639421597124 -217.12147923737766
-956.0901373520494 -217.25014009505512
-954.6911090508104 -217.37799803346397
-953.0015917912126 -217.62230459779502
-951.3966780796648 -218.1018964442611
-950.0964727297426 -218.36630026429893
-949.1709163084627 -218.2998555842042
-947.2812139883638 -217.77844458252193
-945.8763124838472 -217.63757369846107
-944.9605301514268 -218.0714277419448
-943.7502280369401 -217.92233247488738
-943.1561227336526 -217.97066430181266
-942.2733277574182 -218.23454795211555
-941.0218621984125 -217.50658891528846
-940.3801941171289 -217.22684649556876
-938.5015863671899 -217.2769632431865
-936.6620833173395 -217.55898193448783
-935.12385802418 -217.96100131601096
-933.5756432309747 -217.25971440404655
-932.5733331933618 -218.10577837556602
-931.3982443109155 -218.60505674213172
-930.3639649644495 -219.25098935693504
-929.9250572815538 -219.82471970647575
-928.7848372355104 -220.7003612908721
-927.4675130739809 -221.2047490271926
-926.0733159676195 -221.40476072758437
