-1144.2 -171.08
-1143.2865898132325 -169.6204897928238
-1143.5275882899762 -168.18296177864076
-1142.5543871343136 -167.07751484394075
-1142.5904931247235 -166.6706754732132
-1141.3275993287564 -166.17381449222566
-1141.1410685896874 -164.64587862968446
-1139.719799888134 -163.64323873996736
-1137.9420445084572 -162.46403725624086
-1137.1280502200127 -161.68459101200105
-1135.2695108771325 -161.5674394312501
-1134.1914438128472 -161.72063412696124
-1133.0477088809014 -160.8179896119237
-1132.1147421717644 -160.78627178996803
-1131.2627843737603 -160.11780999034644
-1129.447031390667 -160.49965045779945
-1128.708265554905 -160.49917056878448
-1127.7462948679924 -160.66391290446163
-1126.3349800229073 -160.85460760911346
-1125.125034224987 -161.15743890126586
-1124.145965230465 -160.41288229544998
-1122.3217648386956 -161.13209524472595
-1120.873666536808 -161.27763603349567
-1119.7224739909173 -160.71523402353168
-1118.60749925375 -160.4478397788608
-1118.0807514309884 -161.0472615780437
-1117.0381952643395 -160.64764962812305
-1116.5204448223114 -160.3115238370502
-1115.0453633785248 -160.2998162256682
-1113.7226639509202 -160.05991349091173
-1112.7815716981888 -159.68594387640596
-1111.4596600055695 -159.33611461987138
-1110.2684369802475 -158.70000592341066
-1109.1394028186799 -159.1874508308375
-1107.610247206688 -159.29654204567314
-1106.6996592998505 -158.67130791862846
-1105.1221946001053 -158.78566357215286
-1104.1690499305726 -158.71216631402612
-1103.461408686638 -159.100811277529
-1102.1851593971253 -159.3939351188147
-1100.8765418052674 -159.2087951647246
-1099.2294637680054 -158.48804191221834
-1097.6786846637726 -158.9963031159842
-1096.0145217895508 -159.46319148411393
-1094.7258824825287 -159.23702365626932
-1093.532282781601 -159.72378755082727
-1092.512461733818 -159.2226052330935
-1091.0820879459382 -159.03668538202882
-1089.578146648407 -159.0983353154862
-1088.237841320038 -159.42660613824964
-1086.606118273735 -159.48462381680847
-1084.9451071739197 -159.6365457000339
-1084.0261852264405 -158.79408661743045
-1082.1840219020844 -159.2539928974712
-1080.5117014169693 -158.53599057813526
-1078.9680364847184 -158.37341564615608
-1078.164281797409 -158.06945517381072
-1077.0662073612214 -158.37046006043792
-1076.135479938984 -157.8656717212999
-1074.8611779332161 -157.77691893001438
-1073.9231935858727 -157.2970504583919
-1073.2135471224785 -157.56533960719943
-1071.4204663157464 -157.81084902306438
-1070.3438543200493 -157.84404390772224
-1069.3527443528176 -157.32435375173927
-1068.500632417202 -157.4303616853559
-1066.7727589726449 -157.38610832860113
-1065.7321970582009 -158.0040942328179
-1064.1863703846932 -157.59805827309728
-1062.9159561514855 -157.6923577534163
-1061.5505687117577 -157.38250408043504
-1060.2507234930993 -157.1673224019015
-1058.4529812455178 -156.6407969640696
-1057.8229821443558 -156.4516968475783
-1056.5626691102982 -156.72586420645356
-1055.298190188408 -157.2365746246779
-1053.9182520627976 -157.13123724331498
-1052.046435070038 -157.61991543044687
-1051.1840809702874 -157.82234421839357
-1050.5105272054673 -157.92792174687028
-1050.0185840249062 -157.58465043177247
-1049.1903734326363 -157.4476138847077
-1048.1161123633385 -156.76914982964635
-1046.4435637116433 -156.58123846819043
-1045.6797087311745 -156.69343517442584
-1044.2467235445977 -156.3208677293861
-1042.911011350155 -155.87006289978862
-1041.4441512942315 -155.99908111711383
-1040.66359115839 -156.1091858642304
-1039.8220851540566 -156.55590780546308
-1038.282229435444 -156.90997077991605
-1037.7047652721405 -157.1175712393725
-1036.819671702385 -156.4022059487307
-1035.8928530931473 -156.79716721644044
-1034.6591006040574 -157.07908466925264
-1032.8246814727784 -156.33284822573304
-1031.3731023788453 -156.85527042021394
-1029.4203752994538 -156.40181732644677
-1028.8432765722275 -155.71092445125223
-1027.8495722532273 -155.05235434045434
-1026.7315169095993 -155.29354082514882
-1025.5341575860978 -155.40089394619108
-1024.8800103187561 -155.82030220796705
-1024.0567578196526 -156.1193523304665
-1022.4880067229271 -155.9970798166597
-1020.78581250906 -155.90606963356376
-1019.6827132821084 -156.67034268101096
-1018.8741777658463 -156.83124498744846
-1017.8420640945435 -156.74554393907428
-1017.2086539387703 -157.38454673906207
-1016.6133231043816 -158.25746522565723
-1015.4087849974633 -158.84758947511554
-1014.2397045016289 -159.51446614881397
-1014.1607736468316 -160.61005769391895
-1014.1434344172478 -162.09513626714588
-1013.3050999760628 -163.08157632966876
-1013.6288091361523 -163.98027263303638
-1013.4374714165926 -165.43477473874927
-1013.9059721499682 -165.89707158227802
-1013.1544939547778 -167.1639175238216
-1013.3232277303935 -168.59679506440997
-1012.5787949234248 -169.32146714349628
-1012.5041500672698 -170.49768362661243
-1011.7269837006927 -172.34645996709705
-1011.743900070712 -173.78467307706714
-1011.7748033393175 -174.81930921693683
-1012.0957699406893 -176.15874109884143
-1011.615872650221 -177.46851871629596
-1011.9596926856786 -178.98880885263324
-1011.5128388989717 -180.54059837480426
-1011.2483928192407 -181.34925137182117
-1011.1232053179294 -182.32556651254535
-1011.01864486821 -183.14888868947864
-1011.0457749281079 -184.30066071172595
-1010.6877777788789 -185.27217946668506
-1010.402440449968 -186.45420466085315
-1010.2528953764588 -187.81847010274768
-1010.1545295555145 -189.39164648671985
-1010.6617776591331 -190.43009303232074
-1009.9593500930816 -191.7679270329082
-1010.3887285728008 -193.0366209568584
-1010.652360810712 -194.93916867395282
-1011.2359142441303 -196.14725826402545
-1011.6561384338886 -197.28946338315845
-1011.8436822135002 -198.45405946393848
-1011.3606431324035 -199.6721488060558
-1010.7291077215225 -200.20173887630344
-1010.5949008304626 -201.42455725093723
-1009.994015320018 -202.04391519447208
-1009.5080466408283 -203.1897968473041
-1009.5443111199886 -204.24877647777438
-1009.3172583717853 -205.3725202502811
-1008.5855858463794 -206.59833912273288
-1007.7234136004001 -207.32469205280185
-1006.1914121050388 -208.1399889411533
-1004.7984769482166 -208.0877487184608
-1003.9651382107288 -208.32377229352832
-1002.4447626013309 -209.07118926664234
-1000.9441341299564 -208.86280384381652
-999.2257684607059 -208.84207334836364
-997.6940451998264 -209.64674159606338
-996.9442305702717 -210.4479674967134
-995.5016284126789 -209.82116403897643
-994.7413638968021 -210.28340613563896
-994.0271118421108 -210.19792110194803
-993.1635779876262 -210.10438736250043
-991.8122483033687 -209.50426407625318
-991.123699202016 -209.73135334720254
-990.2830064434559 -210.29899365176797
-988.4740417141468 -210.53727311362863
-987.7755841750652 -211.24177223910928
-986.2388304013759 -211.52833301295877
-985.076296998933 -211.80457264651895
-983.8826590318233 -211.1165882991755
-982.321989728883 -210.50584865083337
-981.3020692605526 -209.95441681613565
-979.9094931621105 -209.42723477353692
-978.6433695096523 -209.95272970666528
-976.9924000043422 -210.6018542694056
-976.4334219831974 -210.4365643458569
-975.1266275782139 -210.46838881914854
-974.1523447174579 -211.1273620957637
-973.2516644138843 -211.0085140997672
-971.7084734577686 -211.3385135466361
-970.2799060482532 -211.49864109699965
-969.0675016779453 -211.6190253282094
-967.5575466293842 -211.53734322731734
-965.9503528017551 -211.93024470751524
-965.3499388236553 -211.71102788393736
-963.4802717704326 -211.45823099558592
-962.7043103713543 -211.52436330263853
-961.5148810882122 -211.1132062310481
-960.009847952798 -210.897319995811
-959.1155952949077 -210.43351652567625
-957.8548017282039 -210.98250147049666
-956.9996481675655 -211.3821364278102
-955.7318075437099 -211.44519844000578
-954.4563999909908 -211.66694878881216
-953.6521310348064 -211.88448604290724
-952.0549146670849 -211.75551392977476
-950.663233711198 -211.29880293553114
-949.6195227641613 -210.92175587361098
-948.3804002542049 -211.2254416877532
-946.7030303020031 -211.12744578068495
-945.8016168612987 -210.80216916744948
-944.9584877032787 -210.70579905157328
-943.9602705378086 -210.6724117221439
-942.500177635625 -210.45290401299835
-941.5493127245456 -210.82137909253478
-940.5796313423664 -210.20802965482116
-938.7480349678547 -210.1084902258718
-938.0642684239895 -210.90495359619499
-937.2420089978725 -210.99525368680597
-936.0910112399608 -210.78735523392797
-934.9651013154537 -210.94975030889154
-934.4220532912761 -211.0460074739659
-933.3478943843395 -210.85309941043496
-932.564494683221 -211.24785536994577
