-1108.43 -311.37
-1107.6834385919572 -311.7047644507885
-1106.7894924211503 -311.3390683186054
-1105.4838020133973 -311.25573180139065
-1104.1713769960404 -311.12887086987496
-1103.5212568569184 -311.4005399298668
-1101.984003596306 -310.9852038574219
-1100.0535166788102 -310.5282594513893
-1098.0771952199937 -310.23513432860375
-1096.19646566391 -310.16592207074166
-1094.5141077566147 -310.2658247601986
-1093.3949879932404 -309.97526940226555
-1091.7499614286423 -310.249334628582
-1089.9309700059891 -309.8514414083958
-1089.1120105910302 -309.58823754906655
-1087.6837538409234 -310.05424156308175
-1085.9110213446618 -310.5756205570698
-1085.1057692694665 -310.6159294050932
-1083.5228294062615 -310.61215323477984
-1081.8734008002282 -310.35045194894076
-1080.8341349291802 -310.6941384103894
-1079.489232890606 -310.51093900471926
-1078.8317059206963 -310.8171402838826
-1078.1264315772057 -310.8074627619982
-1076.9174859452248 -310.4900963109732
-1076.0857719111443 -310.1220380169153
-1075.307940118313 -310.4681284528971
-1073.7050093340874 -310.1998931270838
-1073.0676655101777 -309.8468568724394
-1071.683897547722 -310.3546290796995
-1070.9413338828087 -310.07867381989956
-1070.125203959942 -309.9234480959177
-1068.944873802662 -310.49426652014256
-1067.8257025408745 -310.3357116532326
-1065.9474238085747 -309.9877302002907
-1064.0874899554253 -309.79497731745244
-1062.141649119854 -309.7687633138895
-1061.0703061747552 -309.35468048870564
-1060.359239153862 -309.0080381733179
-1059.5544990229607 -309.4232890111208
-1058.820824019909 -309.2052589160204
-1057.4273255991936 -309.3709005814791
-1056.0438909459115 -309.66214058816433
-1054.332783215046 -310.07320300757885
-1052.732962601185 -310.30816827237607
-1051.575300090313 -311.0047117871046
-1050.6748961734772 -310.7505135935545
-1049.3619390058518 -310.5417191487551
-1047.7505163478852 -310.650581779778
-1046.6174109506608 -311.0231372740865
-1044.9888092803956 -310.96172689542175
-1043.8837045955659 -310.41197466000915
-1042.4935560750962 -310.0026318047941
-1041.7470319199563 -309.82312393829227
-1041.1178222823144 -310.00846180960536
-1040.0642813372613 -310.1235990141332
-1039.3805986571313 -309.8958963368833
-1037.6827700066567 -309.74116665765644
-1036.9478245902062 -310.055605596751
-1036.2632927823067 -309.7719473306835
-1035.5075844454766 -310.5910285179317
-1034.4383954930306 -310.65912461176515
-1033.6983709859849 -310.2497671534121
-1032.689068131447 -310.04440605536104
-1031.474489145279 -309.97823206976057
-1029.571323208809 -309.62542422011495
-1027.8928559350968 -310.19986928895116
-1026.189842991829 -310.8790479440987
-1025.382209711075 -310.8756118629873
-1024.6934887099267 -310.30993785604835
-1023.6050501990319 -310.55527245149017
-1022.2536477971078 -310.85020454868675
-1021.5728663134576 -310.5153486941755
-1020.7027408409119 -310.08743896231056
-1019.6410681533814 -310.7188984964788
-1018.376890115738 -310.43789284572006
-1017.5180839228631 -311.1137837086618
-1016.4538930583001 -310.7472726915777
-1015.353314511776 -310.66419074580074
-1014.6940107870103 -310.45125047013164
-1013.7496043968201 -311.1100749735534
-1013.06638484478 -310.5542579059303
-1012.1605599451066 -310.4851050962508
-1011.5398753213883 -310.2722908397019
-1010.6881118941308 -310.13195431128145
-1010.003166191578 -310.3121575553715
-1009.1945893692971 -309.92000888183713
-1008.23608522892 -309.92112421885133
-1007.3217866349221 -310.06048220291734
-1005.7414878535271 -309.6844105114043
-1005.11576669693 -309.6307235200703
-1004.1755307841302 -309.6650291968882
-1002.9605064320565 -310.38299718394876
-1002.3024511861802 -310.4991187219322
-1001.4269520568848 -310.50462310656906
-1000.7939841675759 -310.85676943406463
-999.818057589531 -310.76671539887786
-999.1922005343438 -310.304160169214
-998.565584294796 -310.37297733023763
-997.4739983010293 -310.374555452615
-996.8395843434334 -310.58740578487516
-996.1831789541245 -310.9249745447934
-995.2094638872147 -310.47242633894086
-994.5428075122834 -310.82479141548276
-993.920851700306 -310.8123079006374
-993.1747410225869 -310.4702708785236
-992.3955143022538 -310.410410336107
-991.3422670888901 -311.0322125469148
-990.5421252775193 -310.779074511379
-989.678272895813 -310.28097044572235
-988.480912976265 -310.02462743863464
-987.3939641046525 -310.1428775329888
-986.7269734668732 -310.8881941576302
-986.0448760318757 -310.35680110648275
-985.2889320182801 -310.72803904011846
-984.374816350937 -311.17782272294164
-983.4949752616883 -310.98976312473417
-982.842203013897 -311.3726360042393
-981.9362502026559 -310.9442591805756
-980.8985216546059 -310.5064685483277
-980.0843136239052 -310.5149276395142
-979.4269044327737 -310.9425357718766
-978.7465995478631 -310.7734858830273
-978.1201785731316 -310.45397321775556
-977.4003418016434 -310.0375500459969
-976.6285600590707 -309.68131007149816
-975.6347544717789 -310.19887341454626
-974.8793423700333 -310.56603415206075
-974.2696063446999 -310.0964280207455
-973.5356625247002 -309.9148098666966
-972.8236258554459 -310.6180676062405
-971.8781381177903 -310.2238595326245
-971.1264948773385 -309.79283706739545
-970.4312483596802 -310.17859817937017
-969.6720443296433 -309.6111136813462
-968.9528434801102 -309.51638044312597
-968.3429303097726 -309.27982838347555
-967.6989452171326 -308.7576527734101
-967.039164595604 -308.0557778020203
-966.1367950963975 -306.99797202542425
-966.2990552115441 -306.37533397868276
-966.1445394682885 -304.5839885015786
-966.1587455499173 -303.2338529367745
-966.290260128975 -302.1889651556313
-966.0229798781872 -301.5979308028519
-965.8722236084939 -300.0811059613526
-965.8263259458543 -298.4068336625397
-965.5781165885926 -296.6743861575425
-965.7249541211129 -295.19206954434515
-965.6995589065552 -294.0574925084412
-965.7691399383546 -293.1695840497315
-965.8473067808152 -291.6640703816712
-965.6519001948834 -290.2856395383179
-965.6679294335843 -289.47426868870855
-965.8244177627564 -287.9359119077027
-966.0291326570512 -286.35060812428594
-965.5257714915276 -284.7978593249619
-965.3305324542523 -283.97498460009695
-965.4866395521165 -282.7396344681084
-965.6127187538148 -281.24049980834127
-965.7283233034611 -280.20360763266683
-965.6990873742104 -278.8777478475869
-965.2955514121056 -277.6541376848519
-964.4922329115868 -276.7349975247681
-964.8368669080735 -275.84434915974737
-964.8620038557053 -274.9501974721253
-964.894703142643 -273.5222255130112
-964.6430954861642 -271.6516626019776
-963.9369795250893 -270.5828980346024
-963.9521690535546 -269.5039528746903
-963.9405281174184 -267.9720227856934
-963.9612649607659 -267.0835143466294
-963.8326338905097 -265.2988006015122
-963.6388010758162 -264.1617078919709
-963.3588062602282 -262.3271882672608
-962.772104151845 -261.06250513985754
-962.576652892232 -260.0300586362183
-961.9787077981234 -259.2764483232796
-962.3094334083796 -257.5158351202309
-962.4348834234477 -256.2488069076836
-962.4112897592784 -254.91256351664663
-962.656648375392 -254.07103957131505
-962.6335042494536 -252.52973617509008
-962.1542336124182 -251.4740833182633
-961.6915253776313 -250.20830346539617
-961.5809077548981 -248.57852043107152
-960.9258624243737 -247.78240026429296
-960.3910626101494 -246.4712824960053
-960.1405273008347 -244.75785769417882
-959.7784816253186 -242.9229256053269
-959.4714626300336 -241.02737273171545
-958.9826439249516 -239.15361596539617
-958.4862621355057 -237.2208581109345
-957.8856901454926 -235.69825841382146
-957.591648452282 -234.03586365178228
-956.118074529171 -232.57938159897924
-954.5047665762902 -231.9660795469582
-952.6650204586983 -231.8902710814774
-950.9027706313134 -231.73426039412618
-949.3179489302636 -231.1333873410523
-947.52930819273 -230.1959339518845
-946.0122868943215 -229.72410233214498
-944.3159667181969 -229.10461635783315
-942.4020168709756 -228.36840148165822
-940.4787652420998 -228.06033541157842
-938.6039824414254 -227.50864924386144
-936.6406959223748 -227.32291652157903
-934.7640703845025 -227.47172997787595
-932.8963929343224 -227.67214910581708
-931.4315762448311 -227.69299675419927
-929.5203190970421 -227.0841285724938
-928.1340011286736 -227.05857254832983
-926.3984279561043 -226.32868071168662
-924.6659077334405 -226.1196622428298
-922.800233476162 -225.9362574544549
-921.3666950392724 -225.456484529078
-919.3961075472832 -225.20390072733164
-917.4952031302453 -225.88753018051386
-915.5514863657952 -225.52597975999117
-913.672319405079 -225.6032903072238
-911.7317336726189 -225.54264648526907
-909.8917322087289 -225.34525318711997
-909.1222973394395 -225.0057964500785
-908.3012745904923 -225.10272310942412
-906.7316289472581 -225.2811411049962
-905.3442431020737 -225.16151520878077
-904.1734552907944 -224.7720215049386
-902.2475902366639 -224.6234861341119
-901.2637063193322 -223.4956226077676
-899.4569270539284 -223.03978547722102
-898.9876929450036 -221.44642600685359
