-1108.43 -311.37
-1106.4558901119233 -311.1143423271179
-1105.0960490036011 -310.6850563836098
-1103.3150326538087 -310.7964019429684
-1101.4994522857667 -310.3072732937336
-1099.5817066955567 -310.19245929539204
-1097.7333425807954 -309.89468825876713
-1095.801501684189 -310.1573150855303
-1093.9688345718384 -310.51103020727635
-1092.1613424348832 -310.27808153152466
-1090.2458156871796 -309.9958331537247
-1088.311525039673 -310.03008682549
-1086.4928573894501 -309.6581763726473
-1084.600330643654 -310.08893234550953
-1082.9387382793427 -310.0097009342909
-1081.1098782348633 -309.97000790655613
-1079.3777816820145 -309.6739441853762
-1077.5315359163285 -309.71963811933995
-1075.6295292901993 -309.9410673481226
-1073.6734955835343 -309.62291462242604
-1071.7239258813859 -309.2304188710451
-1070.3910149860383 -309.59918425500393
-1068.5242381620408 -309.32368926227093
-1067.0553135204316 -309.41124484956265
-1065.5775784778596 -309.0798413556814
-1064.0062116909028 -309.0772191089392
-1062.261448674202 -309.4167555075884
-1060.3362954187394 -309.2118125063181
-1058.57104783535 -309.7900520068407
-1056.826820664406 -309.3450479608774
-1054.8834405469895 -309.5432267290354
-1052.951667599678 -310.1509207588434
-1051.0077086019517 -310.66848189651967
-1049.2779779958726 -310.16378409683705
-1047.3571780252457 -310.2343571212888
-1045.7111967134476 -310.2142328199744
-1044.202733092308 -310.41453729838133
-1042.3073325681687 -309.96045224636794
-1040.3831320333481 -310.3879828926921
-1038.4370933103562 -311.0619758245349
-1036.5918674993516 -311.029995906055
-1035.120647006035 -310.9556295898557
-1033.1748576688767 -310.78864586621523
-1031.5490444231034 -310.89139914780856
-1030.2940116453171 -311.34092635184527
-1028.700369052887 -311.16911924153567
-1026.7809221076966 -310.93839779764414
-1024.8895603942872 -311.02527053922415
-1022.9236318397523 -311.07568860694766
-1021.2238151359559 -310.84121904417873
-1019.5436726140977 -310.4314502839744
-1017.660205655098 -309.90864608332515
-1016.1488003063203 -310.49754599377513
-1014.4501827287675 -310.1461343829334
-1012.5826993513108 -310.646324223727
-1010.6496897268296 -310.3016324405372
-1008.8431239652634 -310.15510704264045
-1007.3544689941407 -309.9759941612184
-1006.1331199932099 -309.9049918566644
-1004.3770245838166 -309.50274052366615
-1002.615653090477 -309.5924650345743
-1000.9527345228196 -309.1910649751127
-999.0625689554215 -309.5872488234937
-997.1835301446915 -309.77184543654323
-995.9648002910615 -309.55543345853687
-994.1536872911454 -309.6707575906813
-992.2759976911545 -309.0683204521239
-990.8477668094636 -308.76587647095323
-989.3547077703477 -308.3166626383364
-988.1928232240678 -308.10492154851556
-986.3586957979203 -308.01594366028905
-984.65893512249 -308.094504660815
-983.149390153885 -308.04225548252464
-981.3335838842393 -307.96352653846145
-979.6280172395707 -307.94721957936883
-977.775664381981 -307.77079698339105
-976.0954587984086 -307.3822574903071
-974.4296792078019 -306.841189532429
-972.943451576233 -306.20257219567895
-971.564136915207 -304.8978420187533
-971.0271249938012 -303.16554495587945
-970.2803863811494 -302.2613180567324
-969.7220262813569 -301.1962092806399
-969.2724178361893 -300.20866796270013
-968.704286210537 -298.6331252743304
-968.2801946926118 -296.90804836049676
-968.0326954799891 -295.01942774549127
-967.9899428266287 -293.61036226049066
-967.442410864234 -292.3474839617312
-967.716228761077 -291.35518857732416
-968.0229513424636 -289.42180701985956
-967.5614972490073 -287.79738220468164
-967.9909731525183 -286.3552061010897
-967.7704681086541 -284.9880076338351
-967.3753876018525 -283.4870329786837
-966.9100312519074 -282.0887120653689
-967.1392760503293 -280.2766054560244
-966.9988309520484 -278.30804690614343
-966.5671573656798 -276.4371713091433
-966.6215542185307 -274.5998897244036
-966.4826851415635 -272.91599687829614
-966.9134439754487 -270.9743810583651
-966.9456694352627 -269.9334388662875
-966.7088642644883 -268.2129293371737
-966.3576077151299 -266.48254808679224
-965.7898974347115 -264.6181755949557
-965.6377565789223 -263.1222074915469
-965.3584402132035 -262.50395086303354
-964.0813019800187 -261.82576987043024
-963.3764659094811 -261.10101899400354
-962.4344656395913 -259.9023964096606
-961.6524926352502 -258.48131832376123
-961.4509014713765 -256.62956949964166
-960.8023261058331 -255.68081983819604
-960.0884940254689 -254.05035182729364
-959.5996964800358 -252.354389398247
-958.9236558306218 -251.51021662250162
-958.4443378973008 -249.84188821807504
-958.7872543859482 -248.18631246581674
-958.1294932293893 -246.50546005263925
-957.8012166845799 -245.37064912810922
-957.0757619965077 -243.9138931323588
-955.7640485394002 -242.628588347584
-954.7964353191853 -240.83715143695474
-953.3490768301488 -239.87883946195245
-952.1438376533986 -238.98307660117746
-950.583367549181 -238.44712677493692
-950.2129068005086 -237.44141176238656
-948.6424030888081 -237.04475885525346
-946.9745678532124 -236.20566385880113
-945.5032720196248 -235.5617609013617
-944.7472383606435 -234.68956577673555
-942.9126405346394 -233.85206055536867
-941.3293133604527 -232.94687187567354
-939.9076686728001 -232.336545406729
-938.2506633627415 -232.79065319791437
-936.3677371370793 -232.27654454007745
-935.4446296322346 -232.1778770376742
-933.9449901211262 -231.85778412118555
-932.1292595493794 -231.82652276650072
-930.7706660854817 -230.50850218430162
-929.1259442198277 -229.69034826651216
-927.3630379068852 -229.51150390401483
-926.4970309364796 -229.18812423840166
-924.8461378443242 -228.8116400231421
-923.1668649542332 -228.4574197818339
-921.4693208563328 -228.13516873016954
-920.564463697672 -227.70778828755022
-918.6560154783726 -227.28252667084337
-917.3866611349583 -227.241691852808
-915.8795985805989 -227.19689315453172
-914.3123408186436 -227.23718386784196
-913.5351028668881 -226.58157986298204
-912.4914484250546 -226.59493129596115
-911.2225181090832 -227.0203893993795
-909.4711145389081 -226.7099226628244
-908.1623554456235 -226.58519055590034
-906.2868724095822 -226.48138524487615
-904.888001703024 -226.16614128544927
-903.5870845544339 -226.29178172245622
-901.8822756040097 -225.82399937406183
-901.019446336031 -225.5218140770495
-899.6956836807728 -225.4616951186955
-898.5153212177754 -225.10785372450948
-897.728780232668 -224.11101008847356
-896.4788542616368 -222.9854607720673
