-1108.43 -311.37
-1106.6419393348694 -311.10755979537964
-1104.7815802621842 -310.9966050115228
-1102.855923705101 -311.02284469351173
-1100.8977275419236 -310.5190522287786
-1098.9781802225114 -310.0965537045896
-1097.2496194171906 -309.6180845116079
-1095.5371022748948 -310.20020862564445
-1093.7228673028947 -310.2701854248345
-1091.739955239296 -309.9441335339844
-1089.7692457962037 -310.0471690584719
-1088.0497929382325 -309.90003669157625
-1086.2406875419617 -309.7425478537381
-1084.4107982444764 -309.5348027636111
-1082.45995800972 -309.68775038316846
-1080.602727584839 -310.2678943116963
-1079.1811370182038 -310.4066021730006
-1077.5030957984925 -310.0622516860068
-1075.9739549684525 -309.8484730859101
-1074.4423435258866 -309.4327206750214
-1072.9173943328858 -309.1332106728852
-1071.5328153896332 -309.1488569815457
-1070.096758298874 -309.1655325730145
-1068.2832428741456 -309.3038519014418
-1066.667916827202 -308.98507857218385
-1064.745636754036 -309.1856421519816
-1062.8208257484437 -309.4101021130383
-1061.1336609649659 -309.7318468530476
-1059.4020381498337 -309.3844899375737
-1057.515930109024 -309.7690268595517
-1055.6521953868867 -309.65967029228807
-1053.7934462356568 -309.4995785792172
-1052.0572838115693 -309.19198967412115
-1051.081797771454 -309.8613352318108
-1049.6976733732224 -309.83241431310773
-1047.8224124240876 -310.22216622427106
-1046.1731509494782 -310.4266834397614
-1044.5695844221116 -309.9350648660958
-1043.2406949329377 -309.50691790774465
-1041.6565746593476 -309.4726627905667
-1039.6985848474503 -309.2266300459206
-1038.2094169187546 -309.24543823197484
-1036.3016753721238 -309.7115162153542
-1034.625656657219 -309.62190726295114
-1033.4975867795945 -309.6704034049809
-1031.715334467888 -309.8112046559155
-1030.2734611558915 -309.9066409383714
-1028.2979109811783 -310.3495463643968
-1026.5124981927872 -310.40647378459573
-1024.6918461847306 -310.17584939196706
-1023.7040888595582 -310.4955097575486
-1021.9252204227448 -310.1299414177239
-1020.0178882408143 -310.07431708171964
-1018.1528026390076 -310.3926940102875
-1016.2758139896393 -310.4712796498835
-1014.7037092971802 -310.031470387131
-1013.133084230423 -309.7065570642054
-1011.307404332161 -309.7911253859103
-1009.7661486196519 -309.67251329019666
-1007.9189730215073 -309.4132416088879
-1006.2668675708771 -309.5501994778216
-1004.5203888940812 -309.436447827965
-1003.383313946724 -309.1167158474028
-1001.766338877678 -309.21313226118684
-999.8111070919038 -309.01576748386026
-998.3801969814301 -309.2076487530768
-996.5514220523835 -308.99592736259103
-994.7989061403275 -309.35284685984254
-993.0318583774567 -309.2796128381789
-991.0956489372254 -309.4035729457438
-989.2350646781922 -309.386165766865
-987.9123266267777 -309.88344207301736
-986.8696826028824 -309.51597911015153
-984.9125061559678 -309.4181326021254
-983.0773456621171 -309.7357773472369
-981.2615447568894 -309.72837588086725
-979.6309098529816 -309.7735165794194
-977.6955225992203 -309.52298580005765
-976.3011634874345 -309.1584604521096
-974.9431626129151 -309.4986030597985
-973.0568723011017 -308.9533219476044
-971.3497802543641 -308.53409738734365
-969.3878573703767 -308.0119364400208
-967.4542087841035 -307.6718699772656
-965.771538310051 -307.7871017445624
-964.4651691246033 -307.87222247466445
-962.8553433942795 -307.80227269873023
-961.8874621915818 -307.9390437965095
-960.6501067209244 -307.92833427235485
-958.9106951284409 -308.4682736758888
-957.6882521438599 -308.1590225760639
-956.6631545352936 -308.5788302485645
-955.2627573537827 -308.7669548456371
-953.4212432432175 -307.89737994119525
-951.8801245021821 -307.1090310280025
-950.0783590602875 -306.9794177477062
-948.201765947342 -306.176526850909
-946.6795313882828 -305.2840572063625
-945.1529286432267 -304.65485203906894
-944.2324400472642 -304.33022329851985
-943.1722745227814 -303.47504458472133
-941.825408153534 -301.9622996811569
-940.6720871257783 -301.2362174753845
-939.8175154256821 -299.56151816889644
-939.3654438185692 -298.09394679114223
-939.1793705004454 -297.0755156044662
-938.6008221286536 -296.17263195559383
-938.1945435184241 -294.3613347773254
-938.15655621171 -292.66486713930965
-937.7640148627759 -291.4731957678497
-937.2990329790116 -290.09680447623134
-936.8717553544045 -288.5605954889953
-936.9089492785931 -286.8726178173721
-936.7783641147614 -285.1765627627075
-936.5625314044953 -283.5380911593139
-937.2046681571007 -281.8384941582382
-936.7580275464059 -280.5179692272842
-936.2842263507844 -278.9426780705154
-936.0679257440568 -277.6759466890991
-935.7619268822671 -276.2924872402847
-935.6676168817282 -274.79370734736324
-935.5155051875115 -273.37544879958034
-935.2383670437337 -271.72402200743556
-935.1037301945687 -270.3950247530639
-935.6955792832375 -269.21062502905727
-935.5338807928563 -267.95706007525325
-935.4734221178294 -267.1018039946258
-935.3017235475779 -265.421274638623
-934.9525184112788 -263.87977585837245
-934.2944375354052 -262.65593109175563
-934.0370458739997 -261.66638991877437
-933.7628403085471 -259.7243184809387
-933.568993382454 -258.9793072704971
-933.1815042722226 -257.5907288555801
-932.8496537137032 -256.18524465605617
-933.3090351450444 -255.08685359999538
-932.9356923925877 -253.88839623972774
-932.5797384309769 -252.7900274758041
-932.0249042439461 -251.00796089217067
-931.8226692605019 -249.69104955241085
-931.5030083286763 -248.05342052027584
-931.320292659402 -246.7685783867538
-930.9119019287825 -245.80130872771144
-930.674268655777 -245.04024318501354
-929.7211818623543 -244.1686461929977
-929.1126670169831 -242.3816338543594
-928.9417989033461 -241.206972694844
-928.2823790091277 -239.84578452154994
-927.5225364345313 -238.96457562491298
-926.6543433445693 -237.9813081984222
-926.0722324031592 -236.7594961886108
-925.7333019751311 -235.35341367766262
-924.5088717716933 -234.3285389904678
-923.2030694264174 -233.20004067465663
-921.451796271205 -232.9721444015205
-920.2121426838637 -232.77532402321697
-918.8269250172377 -233.04818350717426
-917.573425628543 -232.4363546435535
-916.5706463831664 -232.66614452645183
-914.907505967021 -232.4729842607677
-913.2287627238036 -231.75582546636463
-911.4516279476882 -231.88984861120582
-909.8856601494551 -231.55378796800971
-908.2198852080107 -230.99561222538352
-906.6113818663359 -231.57369222387672
-905.5320257920027 -231.25930955156684
-904.1900654810668 -231.4305067126453
-903.3307528275252 -231.1856805895269
-901.4719761389495 -230.7361006949842
-899.9866632002593 -230.68988507136703
-898.459684111476 -230.083596817106
-896.8527405041457 -229.78028165444732
-894.9172694462538 -229.7257347021997
-894.0258186835051 -228.99306773290039
-893.1323065537215 -228.24167948111892
-892.0256619232894 -227.14166682109237
