-1108.43 -311.37
-1106.6981765556336 -311.0585258257389
-1104.782151632309 -311.0743302319944
-1103.1358725357056 -310.86827314540744
-1101.9979165124894 -310.8243127901852
-1100.5998797941209 -310.56318963959814
-1099.4109104204178 -310.3320430953801
-1098.0242665338517 -310.06639395549894
-1096.4786487150193 -310.1042535443604
-1095.041329317093 -309.81584899023176
-1093.089387588501 -309.6663618822396
-1091.5722790288926 -310.2579166431725
-1090.7212155389786 -310.02968200936914
-1089.3009536790848 -310.59904989495874
-1087.8824054527283 -311.09667947784067
-1086.3186165618897 -310.93853588297964
-1084.78613155365 -310.94265393063426
-1083.5246160554887 -310.5358409945667
-1081.5762634801865 -310.94033271715045
-1079.9350572156907 -310.3357958261669
-1078.3333395051957 -310.66759646579624
-1076.9625742959977 -310.25767332956195
-1076.1993573832513 -309.8911824886501
-1074.559942238331 -309.86332819506526
-1073.095061891079 -309.7488257651031
-1072.0349087643624 -309.99195445224643
-1070.3985173630715 -309.7079842452705
-1068.6500747132302 -310.3198224668205
-1067.0968749451638 -310.2647329185903
-1065.2171400713921 -309.8054085586965
-1064.0561308789254 -309.5505131100118
-1062.3808486390114 -309.3106718723476
-1060.6070969033242 -309.2357777123153
-1058.8129314112664 -308.9623762731254
-1057.502516977787 -308.68366408988834
-1055.9964686560631 -308.758979267329
-1054.2925665307046 -309.5847333137691
-1052.6492694544793 -310.1995411579311
-1050.7617477107049 -309.9711508367956
-1049.320049636364 -309.76738224074245
-1047.8551039624215 -309.56760980829597
-1046.1581989455224 -309.5196060602367
-1044.4681751656533 -309.73156676337123
-1043.3987897562981 -309.93764268502593
-1041.7010335850716 -310.7454337988794
-1039.9605119156838 -310.74712493911386
-1038.4386020827294 -311.07384219661355
-1037.1465213227273 -311.5218291570246
-1035.789591782093 -311.1599854518473
-1034.8825501728058 -310.68255761161447
-1033.0146464633942 -310.9553333808482
-1031.9172936010361 -310.6539055098593
-1030.3868901062012 -310.63777267828584
-1029.0051703977585 -310.23842543259263
-1027.4268087673188 -310.13316108182073
-1025.6657845306397 -309.88167200878263
-1023.7460364627839 -309.6489948023856
-1022.4676185178757 -309.7708804894984
-1020.9003216552735 -309.8644483228028
-1019.5451810884476 -310.6574782271683
-1017.6955653953553 -310.1786264617741
-1015.9206859397889 -309.81153230264783
-1014.1676703023911 -309.8833697874844
-1012.4679374027253 -309.573655410558
-1010.8082101869584 -310.423434420377
-1009.3838087844849 -310.62498585775495
-1008.0074476528168 -310.5391334284842
-1007.0185192751885 -310.9290013898909
-1005.8934392857552 -311.0518330772221
-1004.2348487305642 -310.85214288428426
-1002.9983977007867 -310.6946573098004
-1001.8966597247124 -311.27217511728406
-1000.2188134121895 -311.3055717934668
-999.0950471091271 -310.75175362721086
-998.030225865841 -310.8810559500754
-996.1137993264199 -310.70021334186197
-994.764471166134 -310.9103150357306
-993.6061330962182 -311.39590641751886
-992.6954267549515 -311.0982243706286
-991.7625538039208 -310.5901774455607
-990.1908899474145 -310.8663338710368
-988.9115796017647 -310.5813069035113
-986.9913263249398 -310.75588336482645
-985.2377413439751 -310.69935838773847
-983.6930259394646 -310.1704967458546
-982.4148528504372 -309.95003993704916
-981.3590156960488 -310.0837645967305
-979.7154791283608 -309.61457021430135
-978.5151380228997 -310.26026852324605
-976.7557407546044 -309.4743533869088
-975.4616957831383 -309.26215149357915
-973.9212160038949 -309.5516566772759
-972.5072584080697 -308.2713105221093
-971.6598870682717 -307.3201671381295
-970.4371335434914 -306.8905277390778
-969.3891854214669 -305.4885957379639
-968.375231974125 -304.5787304778397
-968.4138008582593 -302.70307280018926
-967.6214770305157 -300.91166044667364
-966.7749539840222 -299.2101829190552
-967.0524869191647 -297.71554447606206
-966.6619668829442 -295.83128215268255
-966.1766418445111 -294.64878119423986
-965.4751900660992 -293.0162419219315
-965.1321980583668 -291.5919461388886
-965.1161643046141 -289.9687495370209
-964.4978183287383 -289.13551331952215
-963.9171915429831 -287.3406510491669
-963.8354619818926 -286.0237422128022
-963.0746300297976 -284.8439541001618
-962.8748394328356 -283.2425137896836
-961.6858187991381 -281.58885826066137
-961.0629646855593 -280.4860019822419
-960.3037383633853 -279.5697701115906
-960.4469063657523 -278.31625582173467
-960.6050200390816 -277.28787173226476
-960.3601635473967 -275.56885625317693
-960.6018598157168 -273.87503482297063
-960.103577323556 -272.7013545174897
-959.9494721072913 -271.3164211650193
-960.226323940158 -269.8106448788941
-960.2756288427115 -268.53859843209386
-959.5281462448836 -266.7141497273743
-958.6099936741591 -265.63602913811803
-957.6909843462706 -264.2951257367432
-957.2999477165938 -262.6483186621964
-956.3351383584738 -261.72897566750646
-955.8091614621878 -260.5366391082108
-955.2336845773459 -259.4248922009766
-954.951231815219 -258.26172043278814
-954.4621040004492 -257.36608697369695
-953.6615701097251 -256.38402117684484
-952.2940312999488 -255.96171183779836
-951.0139149802924 -255.4269921322167
-950.4706048148871 -253.5766230364144
-950.3784983533621 -252.52957256034017
-950.0741685110331 -251.17003698542715
-949.5067947584391 -250.21097285941244
-949.3110548782349 -249.0872648496926
-949.3232331800461 -247.91650791361928
-948.697017543316 -246.4364714165032
-948.5746440890432 -245.13952524855733
-947.962733745873 -243.26697809889913
-947.4561784270406 -241.50973482325674
-947.1993080678583 -240.77003683045507
-946.8747519555689 -239.8705232281983
-945.8158337178827 -238.4631472964585
-945.4119865003229 -237.3588409562409
-944.3513571324945 -236.38533230021596
-943.634547919333 -235.3366964598
-942.7764540615678 -234.1488178510964
-942.3100567761064 -233.46706570580602
-941.6775636973978 -232.50056584075094
-940.2184527221323 -231.4174512167275
-938.6426815095544 -230.69948239520193
-937.5401221814752 -230.17188270285726
-935.7386005225778 -229.5388689775765
-934.0635347667337 -229.17555226281286
-932.5394903722406 -228.92676514282823
-931.6626138988138 -228.4422730793059
-930.811410099566 -228.64437588945032
-929.1027202907205 -228.5817779441178
-927.968369871676 -228.58874195337296
-926.0707737508417 -228.973531062603
-924.5854627195001 -229.13866315305233
-923.2004075351358 -228.45978943526745
-921.8054316344858 -228.98776737868786
-920.3746341767908 -228.91922452569008
-918.3888296189905 -229.15721825778485
-916.7369568648935 -229.4246039789915
-915.1927901807428 -228.903931478858
-913.3151220384241 -229.30754871189595
-911.5445274415613 -229.57231203734875
-910.6885754171014 -228.82178024470807
-909.429030686915 -228.80785168230534
-908.6161107125879 -228.93397719681263
-906.8285334411264 -228.59835816442967
-905.3021780553461 -228.40387446701527
-903.9041191640497 -228.15946466743947
-902.8501742187143 -227.5407081347704
-901.5132322612405 -226.99431575357914
-900.704307884276 -226.44751013338566
-899.7147021594644 -225.4396401745081
-898.9456467333437 -224.4568476778269
-898.1264979544283 -223.10708833754063
