-1108.43 -311.37
-1106.7627548503876 -310.55821120262146
-1105.3351648378373 -310.2891726446152
-1104.254311733246 -310.25993008434773
-1102.5638404417039 -310.0512675744295
-1100.8636129426957 -309.89097104489804
-1099.0404421615601 -309.709815557003
-1097.360441737175 -309.54674988508225
-1095.9517938423157 -309.7352906268835
-1094.3389136123658 -309.62176276266575
-1093.4070671725274 -309.3763810199499
-1092.6641595292092 -309.20236834406853
-1091.5362777638436 -309.06324140250683
-1090.1191582608224 -309.3026791316271
-1088.6836364197732 -309.022156278491
-1087.9082569408417 -309.0785159420967
-1086.318418674469 -309.2067377370596
-1085.010110192299 -309.25538851588965
-1083.8586386966706 -308.9189686951041
-1082.2437973546982 -309.51577832072974
-1080.5197742509843 -309.0016848024726
-1079.017162733078 -309.2070513394475
-1077.111141614914 -309.3105585229397
-1075.2954854297639 -309.43057527661324
-1073.5849285650254 -308.99990042567254
-1072.2550799179078 -309.49236574292183
-1071.3370165157319 -309.1562096130848
-1069.8922880220414 -308.96829542040825
-1068.3871998119355 -309.23369693279267
-1066.473834924698 -309.32972534269095
-1064.9150380420685 -308.8037606057525
-1063.819692902565 -308.22433324426413
-1062.600807003975 -308.23700784415007
-1061.3143152523041 -308.0113521692157
-1060.193990521431 -307.3401564833522
-1059.4301872181893 -306.5335296866298
-1058.597192041874 -305.5677609321475
-1058.1135391521454 -303.7733275768161
-1057.528147213459 -302.1212634918094
-1056.8718458342553 -300.512915122211
-1057.176294438839 -299.10538302630187
-1056.790066652298 -297.49139939516783
-1056.3889840769768 -295.92002783983946
-1056.1000467169285 -294.5080193158984
-1055.4460959661008 -293.16627107828856
-1054.4675710427762 -291.9613633033633
-1053.6061496961117 -290.9038102504611
-1053.445659019351 -289.51513551443816
-1052.7090520638228 -288.5646303769946
-1053.1320579129458 -286.9867004033923
-1053.32434376359 -285.5268480655551
-1053.795162163973 -284.2704660770297
-1054.0985795783997 -282.80791138380766
-1053.5535117912293 -282.2087308046222
-1053.1400213766099 -281.0309707996249
-1053.209401704669 -279.76827393740416
-1053.413350813389 -278.2985523816943
-1053.4421459364892 -276.54508148401976
-1053.2684689092637 -275.1132873174548
-1053.5505236911774 -273.1636830446124
-1053.4750457409025 -272.20063232153655
-1053.0539711418749 -270.79053209990263
-1052.5050224366785 -269.88984357088805
-1052.660719037354 -269.07336901396513
-1052.1357221606374 -267.5329915162921
-1052.1478860157729 -266.54358028143645
-1051.6990883725882 -264.990401494205
-1052.0592031258345 -263.9263924238086
-1052.4033361154795 -262.79904495447875
-1052.9078675585986 -260.9867223379016
-1053.3179591077567 -259.5810769674182
-1053.381761096716 -257.93015741080046
-1053.148874707818 -256.75536535948515
-1052.9828535693885 -255.9736015674472
-1053.3963551598788 -254.92678533762694
-1053.44788854599 -253.1366587755084
-1053.177695505619 -251.28896318644286
-1053.4227141815425 -249.82321249216795
-1054.2014547067881 -248.42452059954405
-1054.501003690362 -247.12732075423003
-1054.8030133324862 -245.64670883387328
-1055.1889490562678 -244.22290359705687
-1055.1388383957744 -243.35003589361907
-1054.5667576643825 -242.62429218262434
-1054.4397513869405 -241.39387659996748
-1054.7500565949083 -239.71142511337996
-1054.684272028804 -238.35181264847517
-1054.964321114421 -237.3318020579219
-1055.0634383487702 -236.09685246914626
-1055.3587670850754 -234.52272741764784
-1055.2694732624293 -232.68255727261305
-1055.0582767802478 -231.7826613661647
-1054.655502446294 -230.42743115395308
-1054.1608837026358 -229.39917545288802
-1053.8389459627867 -228.34197871655226
-1053.2441320794821 -227.47818558186293
-1053.2598228606582 -226.50141303509474
-1052.9032522293926 -225.3879873034358
-1053.238781735599 -224.1483997580409
-1052.7704952213169 -223.10996739834547
-1052.0586064311863 -221.2722853896022
-1051.1264600011707 -219.6619382378459
-1050.9263011965156 -218.4707122322917
-1050.188414886892 -217.42658381432295
-1048.6426482948661 -216.54824076861144
-1046.83701379627 -216.40857628256083
-1045.6493480953575 -215.9276383844018
-1044.0191121849418 -216.2403456297517
-1042.925409630239 -215.77523955971003
-1041.6567800793052 -215.63277505606413
-1040.288620069921 -215.22612183064223
-1039.0092948231102 -215.40427859395743
-1037.871160939634 -215.06470723718405
-1036.2171581539512 -214.54161025851965
-1034.3754635605217 -214.1492984470725
-1033.1375300440193 -213.7728261229396
-1031.7408819946647 -213.67654650181532
-1030.1847457441688 -213.17683537572623
-1028.9141715320945 -213.16944439977408
-1027.4188061508537 -213.00194150477648
-1025.7968986782432 -213.3225823071599
-1024.9243863376976 -213.14102037519217
-1023.643945530355 -212.88941385120154
-1022.9577282819153 -213.2186977443099
-1021.3990265282989 -213.49784435600043
-1019.8202253732086 -213.82446117967368
-1018.3478658351303 -213.67773098021746
-1016.8894088420273 -214.12420302897692
-1015.0758255872131 -214.03559628397227
-1014.0226506146789 -214.42458600074053
-1012.1909953507782 -214.3422299054265
-1011.1534336957336 -214.11295931309462
-1009.8284338864685 -214.4987459358573
-1008.8809973153473 -213.99492277473212
-1006.9524873647094 -213.95024664223195
-1005.8180718573929 -214.18201194226742
-1005.0318327102066 -214.32802301168442
-1003.4027612361313 -214.15354504704476
-1002.0438428077102 -213.85450222611428
-1000.9661445769668 -213.9841772568226
-1000.0398551377655 -213.9138906773925
-998.3580449971557 -214.19971870154143
-996.965998903215 -214.2398404058814
-995.742503181398 -214.22672744736076
-993.884543195665 -214.21069688245655
-992.9203728589416 -214.47699905082584
-991.681914344728 -214.62072651728988
-990.7605466994644 -214.5908858281374
-989.3635316047073 -215.24668724358082
-987.8353254947067 -215.3945220065117
-986.3497489842773 -215.70448877930642
-984.6968748721481 -216.34867301106453
-983.5593409690262 -216.14885887026787
-981.77286018461 -216.13909990608693
-980.1816162022949 -215.59915954887867
-979.2161641272903 -215.13745872199536
-977.9405636939407 -214.6343528431654
-976.6852303895355 -214.22108204185963
-975.028622404039 -214.61204109609127
-973.8075904998184 -214.7650015604496
-972.7992432269455 -214.7332545694709
-971.4128518256546 -214.7002811831236
-970.0892788323761 -214.5116263282299
-968.8097461614013 -214.66138070344925
-966.940619007051 -215.10403358459473
-965.8572394999862 -215.388483877182
-964.5579087886215 -215.9729368042946
-963.1372001323105 -216.0846532535553
-962.264903202951 -216.27822649002076
-960.4796122464538 -215.725705678463
-959.7455834302307 -215.76073786512018
-958.8085116299987 -215.87357537344099
-957.1341172608734 -215.9051221933961
-955.3349713239074 -215.7348460134864
-954.249036923349 -215.91214262217284
-953.4775154742599 -216.13081719249487
-951.606984988153 -216.16263914376498
-950.5472592267395 -216.59864846140147
-949.1126023682953 -216.33493250876666
-948.1952034386993 -216.0114607539773
-946.9117822799087 -216.04528968304396
-945.6432662162185 -215.5094718810916
-943.9110983762146 -215.83126916259528
-943.0030177387596 -215.3307383236289
-941.5794939550758 -215.51412965625525
-940.6856587681175 -215.68333253532649
-939.8706861886383 -215.27571335703135
-938.6706727895141 -214.9658040431142
-937.0812820348144 -214.99300442904234
-935.9967056664825 -215.66757266491652
-935.2024406942726 -215.65462863713503
-933.7564146074653 -216.22387683659792
-931.9258975538612 -216.27794644504786
-930.6667233261467 -216.7255369153619
-929.9445396217704 -217.1933312740922
-928.9759381565452 -217.80687412887812
-928.0630119594932 -218.4595080342889
-927.0864988121391 -218.7835516062379
-926.4037823829055 -219.5695406523347
-924.5996346625686 -220.46466091543437
-923.0584418925644 -220.97594782978297
-922.0773127827049 -220.83794307976962
-920.5761965069175 -221.2192169752717
-918.9065434488655 -221.45741372078658
-917.3368320021034 -221.79157175391913
-916.0968496355415 -222.6683739003539
-915.0687614235283 -223.05562864512206
-913.5952086004615 -222.45145605772734
-912.0413543733955 -222.09440826147795
-910.3393680605293 -221.73210276931525
-909.4750756773353 -221.81867745786906
-907.9881664070488 -221.5453016486764
-907.2743782553077 -221.93498638540507
-905.6816663298011 -221.83776571124793
-904.0375381264091 -222.37005289167166
-903.0310160669685 -222.41696391522885
-901.213449433744 -222.10198227584362
-899.4200653585792 -221.68598095595837
