-1108.43 -311.37
-1106.9383260536194 -310.86481767416
-1105.3431252765656 -310.7900056195259
-1104.091808371544 -310.28971439123154
-1102.4681741523743 -310.94083398103714
-1100.947090678215 -310.46638488292695
-1099.6729424524308 -310.3922666710615
-1097.8088684606553 -310.78346476972104
-1096.0383277463914 -311.11326245486737
-1094.3349476385117 -311.2532248747349
-1092.6272301006318 -310.734668995142
-1091.1750805902482 -310.59840905189515
-1089.4302793073655 -310.0944994044304
-1087.557473473549 -310.197733322978
-1085.8898509073258 -310.223043615818
-1084.2634681987763 -310.4035147678852
-1082.7253580617905 -310.2880134832859
-1081.1076465177537 -310.4204501014948
-1079.3301952409745 -310.3417427492142
-1077.985656671524 -310.3002500188351
-1076.2703387069703 -309.92738493800164
-1074.597361497879 -309.751246060133
-1073.147294573784 -309.8962098014355
-1071.1854634809495 -309.8003907006979
-1069.9283503818513 -310.37243233144284
-1068.1692597198487 -310.8806474608183
-1066.5443828630448 -310.8059878227115
-1064.6567483472825 -310.31761281460524
-1062.9156029748917 -310.23782801896334
-1061.2204505729676 -309.89278477698565
-1059.281198911667 -309.8680200305581
-1058.0727701711655 -310.364335539639
-1056.7376202869416 -311.05192917853594
-1054.8461982536317 -310.7032185819745
-1053.36509888649 -310.5240124192834
-1051.5359415340424 -310.0988390174508
-1050.6805370378495 -309.70166483789683
-1048.9197488355637 -310.4049283590913
-1047.0382822084428 -310.118128272593
-1045.2105435657502 -310.20017406612635
-1044.1078399944306 -310.60118663579226
-1042.210283689499 -310.28050273925066
-1040.8005954551697 -310.53138435155154
-1038.8907133865357 -310.2651842263341
-1037.1250249671937 -310.54361641675234
-1035.4970533180237 -310.0926047590375
-1033.6785342025757 -309.86535339325667
-1031.8449463176728 -309.5627395090461
-1029.8860663700104 -310.01728828519583
-1028.2407323646546 -310.29577447742224
-1026.4526222276688 -309.9623306569457
-1024.5948181676865 -310.26470138400794
-1022.7154343652726 -309.8634125766158
-1020.9763297367097 -309.6083564338088
-1019.6244044828416 -309.2538157579303
-1017.8070787715913 -309.77338569134474
-1016.065852098465 -309.7182260927558
-1014.2134875583649 -310.02072693675757
-1012.419907026291 -310.1565623161197
-1011.2762817668915 -309.7318849143386
-1010.0183249044419 -309.77093683451415
-1008.2417533922196 -310.15810393065215
-1006.391950659752 -310.57036386698485
-1005.038530163765 -310.6800963458419
-1003.2457787322999 -311.07050858706236
-1001.5631614255906 -310.89202247828246
-999.8396157550812 -310.6944505748153
-998.4707246351243 -310.415328758657
-996.6515812206269 -310.1724928197265
-995.1286041069031 -310.2484584477544
-993.8030354309083 -309.77822226554156
-992.2968794631959 -309.9186737713218
-990.9468706178666 -309.33728291362524
-989.1449087190629 -309.170043694675
-987.3633211183549 -309.1249575418234
-985.673890285492 -309.19923183590174
-984.4562830257416 -309.201850387156
-982.5470146465302 -308.9649360653758
-981.0908854532242 -308.25480579108
-979.4319870996476 -308.90901659697295
-977.991751484871 -308.5951694723964
-976.4103966283799 -308.5256386128068
-974.7733961868287 -307.7305986610055
-973.5444597530366 -307.33797735244036
-971.7190272140504 -306.4624130752683
-970.1344262886048 -306.313469889462
-969.0820464420319 -304.7680026319623
-967.5193956422806 -304.2592263248563
-965.8340666818619 -303.380462410748
-964.4834991025925 -302.12370944291354
-963.6846395063401 -300.75109148293734
-962.6840471553803 -299.16180873185397
-962.5321368205548 -298.2202169325948
-962.0602998960019 -297.2465105679631
-961.1157787668706 -296.0476563599706
-960.6495150852204 -294.95315355330706
-960.0490668344498 -294.03636592894793
-959.8137803751231 -292.9245132830739
-959.2344476658106 -291.4779724505544
-959.6548323112727 -289.894819560349
-959.0362221676112 -288.0671541121602
-958.5458691793681 -286.8031525042653
-957.8022013384104 -285.9720762398839
-957.3846753317118 -284.37009352713824
-956.1702473837138 -283.29774576693774
-955.3064518648387 -281.9617335227132
-954.7873030978442 -280.61460596591235
-954.271076925397 -279.18830424815417
-953.9590802866221 -278.0187208083272
-953.6946129876376 -276.2872216132283
-953.4183334487677 -275.1598377850652
-952.7323357242346 -273.7107349064946
-952.3518591600657 -272.87673193484545
-951.9810957092047 -271.55000585585833
-951.3602840083838 -270.4683641818166
-950.7590304392577 -269.4132382300496
-950.4018933552504 -268.38175076514483
-950.6913958567382 -266.86732214957476
-950.6212449449301 -265.59410161048174
-950.2117146927119 -264.57347983390093
-948.9849293905497 -263.126033487618
-948.2314865666629 -261.80321592360735
-947.4151236492396 -260.4059062626958
-947.3067745941878 -258.95020002394915
-946.6555877703429 -257.6166268017888
-946.8798603492976 -256.39023632079363
-947.331512041688 -254.7935785678029
-946.5951893407107 -253.5402144816518
-946.2678354460002 -252.12874990969897
-945.898170747161 -251.15845901042223
-945.9698332625628 -249.48961478739977
-945.1100517588854 -248.73780125647784
-943.8217088061572 -247.2832710173726
-943.3321595865489 -246.6071550872922
-942.9153642731906 -245.52286696702242
-941.489489324689 -245.34298944741488
-940.1518865901232 -245.02439710766077
-938.5000120478869 -244.44075057178736
-937.1600424128771 -243.89586839348078
-935.8842275220156 -243.83310926228762
-934.5385599213839 -242.74823105603457
-933.9050925451518 -242.07366407185793
-933.4085555154086 -240.72048366338015
-932.7141414362193 -240.1202485588193
-931.6504564958811 -239.55101216107607
-931.3337571698428 -238.02663290768862
-930.6202846843005 -236.95676934987307
-930.0496663528681 -235.7404114034772
-929.1524244624377 -234.4559956815839
-928.3945123034716 -233.57599777251482
-928.4918612915278 -231.80106967955828
-927.804845519662 -230.89661807090044
-926.9072247225047 -229.32620018988848
-925.9262883144618 -227.89958972007037
-925.0255547839404 -227.47838202387095
-923.8770644742251 -226.4471861448884
-922.0811535197497 -225.55289814144373
-921.0317854958773 -224.9887716498971
-919.996895917058 -224.76456010609866
-918.1255391913653 -224.57113127678633
-916.956643589139 -224.03713409870863
-915.3251001912356 -223.64682035416365
-913.7080843526126 -223.7982454624772
-912.4509272652865 -223.5203357961774
-911.7464436966181 -223.39456169575453
-910.1830340105296 -223.53197600215674
-908.5845478254557 -223.62578472018242
-907.079833098054 -223.08500405669213
-905.3186426836253 -222.68206661462784
-904.423887975812 -222.31068616628647
-903.4070775586367 -221.57902425050736
-902.681839414239 -221.27212878584862
-900.9108676391841 -220.64852234244347
