-1108.43 -311.37
-1107.3026743459702 -312.0146087360382
-1106.4357668089867 -311.84045882046223
-1105.4262703585625 -312.0708507549763
-1104.7394724416733 -311.59866919636727
-1103.9987780976296 -311.2035650265217
-1102.973115079403 -311.5085660171509
-1101.3457970547677 -311.1914572966099
-1099.379022591114 -310.86461671710015
-1097.4104169535638 -311.2724929404259
-1095.4212175536156 -311.0517351728678
-1093.5503636527062 -310.98126932501793
-1091.556861512661 -311.49154069542885
-1089.7441137957574 -310.91394111037255
-1088.0768409895898 -310.3422593128681
-1086.7250753569604 -310.12520841777325
-1084.8224896121026 -310.8327600759268
-1083.4565035033227 -311.129436711669
-1082.6034806895257 -311.51190478622914
-1081.4271875548363 -311.45528584614397
-1080.1421092677117 -311.25634057715536
-1079.4935771751404 -311.7929222126305
-1078.1941990184785 -312.13465551927686
-1077.5143963027 -312.5350343425572
-1075.8028606104851 -312.37723319128156
-1074.986294322014 -311.95855425193906
-1074.2499753165246 -312.11161951616407
-1073.6413536596299 -311.90966342285276
-1072.8469526696206 -312.4290529330075
-1072.233624868393 -311.728205486089
-1070.2449656057358 -311.1519059379399
-1068.2708372402192 -310.8805357654393
-1066.3787755298615 -310.3154568512738
-1064.5570201206208 -310.1336056728661
-1062.9338858652116 -310.25938992097974
-1061.5606532621384 -309.92823301151395
-1060.6926354694367 -309.623396589309
-1059.5545503425599 -308.921213581115
-1058.5158954191209 -308.70965950086713
-1057.8009142804146 -308.07132379606367
-1057.0009856152535 -308.32817076042295
-1055.6174778866769 -307.99751327827573
-1054.9935841488839 -307.9313103695214
-1054.220278196335 -308.4923109550774
-1053.5605947303773 -308.8421054621041
-1052.957447640896 -308.59549926117063
-1052.315878622532 -308.0883005698025
-1051.3987091708184 -308.00577109202743
-1050.3364585566521 -307.639516851753
-1049.6878187584878 -307.61981472082437
-1048.5355538058282 -307.0507108242065
-1047.298024647236 -307.31621077366174
-1046.6491123366357 -307.09110632248223
-1045.6989809203149 -307.23118728108705
-1044.9794377017022 -306.91522469826043
-1043.8540023493767 -307.2381078273803
-1042.734423391819 -307.6882512242347
-1042.0468361902238 -307.69048452086747
-1041.4327019381524 -307.4202519030124
-1039.6498364138604 -307.4684788928181
-1037.7082915234566 -307.74528688646853
-1035.8315130400658 -307.48760551668704
-1033.8822216916085 -307.49842696346343
-1032.213624470234 -307.632042472139
-1030.4232221770287 -307.2794448182732
-1029.0608655142785 -308.1202316329628
-1027.259115331173 -308.76880217052997
-1025.6386490988732 -309.25316369988025
-1024.5897478985787 -309.60490844108165
-1024.015515677929 -309.1034942612797
-1022.3520532774926 -308.57058474875987
-1020.9408874440194 -308.16968933202327
-1020.0477732944489 -307.997403864637
-1019.2703945565224 -308.3718094275147
-1018.0492627549172 -308.5574019447714
-1017.2234842109681 -308.4487831712514
-1016.441884212494 -308.3455943212658
-1015.4641985225678 -307.8127423272282
-1014.3718282508851 -307.4811970935017
-1013.6362252759934 -308.094023738876
-1012.644471757412 -308.33414799429477
-1011.8509541678429 -307.8008520052582
-1011.1177386569977 -308.0257143125683
-1010.4046477007867 -308.1261043146998
-1009.5802650380135 -308.4866409198195
-1008.8335232067109 -308.05283229507506
-1008.0996857213975 -308.26467405714095
-1006.5298696088792 -307.69716756500304
-1004.7821361351014 -307.7380311907083
-1002.8009012269974 -307.10396931774915
-1000.905704908371 -307.1490809739381
-999.0601714181901 -307.70653037436307
-998.0320861864091 -307.3702756584436
-996.7679348516465 -307.24241083569825
-995.8523635196686 -307.2489279628545
-994.2480851936341 -307.51926879294217
-993.5632234740258 -307.1810625613481
-992.8453276085854 -307.6633382857591
-992.0916315245629 -308.0209457100183
-991.4526785540581 -308.0159805946797
-990.802267305851 -308.5493177109212
-989.8635450530053 -309.16700064472855
-988.9128755259514 -308.9852197550982
-988.0484275746346 -309.00102452270687
-987.3313225436211 -309.2849208497256
-986.4657154011727 -309.2998635888845
-985.7174361872674 -309.41353847540915
-985.0369917678834 -309.1057399109751
-983.9167954254151 -308.80260916508735
-983.0715704488755 -309.4376300171763
-981.9568943309785 -309.78709574498237
-980.6791647005082 -309.12847514905036
-980.0666434097291 -308.7732620731741
-979.4498686718941 -308.37700470246375
-978.7904430556298 -308.56528163410724
-977.5952092337609 -309.1972439930588
-976.5707999396325 -309.1704420492798
-975.3078683543206 -309.3167542115599
-974.3431038784981 -309.94377647794784
-973.7011452245713 -309.84710780985654
-973.0519976544381 -309.72657210834325
-972.2805129218102 -309.6780579806119
-971.614029519558 -309.19156507857144
-970.4934176135064 -309.056438979581
-969.6120322871209 -308.57404061861337
-968.9552730250359 -308.7469506085664
-967.641440384388 -308.59357936389745
-966.6727780032159 -308.9992241085321
-965.8723885941506 -308.486872118786
-965.156873934269 -309.1096504152566
-964.5218205976487 -309.5100706935674
-963.7373531389237 -309.00628526218236
-963.0171248841286 -309.5474522829801
-962.4093677926064 -309.3523599476367
-961.7287711429597 -309.2532420501858
-961.0758574533463 -308.53913435794414
-960.3747562098504 -307.9051300034672
-959.7601538825036 -307.2206275806576
-959.1389796662331 -307.206267830804
-958.4420570063592 -306.93423589773477
-957.835540406704 -306.29545286007226
-957.1685467886925 -306.495671075657
-956.48574041605 -306.199994129017
-955.834631137848 -305.7742962063104
-955.1780694055558 -304.8626382768899
-954.5617766308785 -304.4116996050626
-954.0295808839799 -303.60656352050603
-953.0237117338181 -303.18771673448384
-952.4770642447472 -302.705181908682
-951.9773855733872 -302.47460804589093
-951.3365202474595 -302.05369804508985
-950.807587735653 -301.657275897339
-950.1862700510026 -301.1633050263673
-949.2227920222283 -301.07269440300763
-948.7558652687073 -300.903141778782
-948.3657950091363 -299.63697008498013
-947.8736768293381 -299.1830033481866
-947.4135687279702 -298.70265350945294
-946.9357720541955 -297.41340289719403
-946.2638314890862 -296.5898119033128
-945.757109515667 -296.2803439617902
-945.1686070489884 -295.84792329080403
-944.4002813625336 -295.0269913793355
-943.7933517026902 -293.82736850984395
-943.0890965986252 -293.6708208144456
-942.5220145511628 -293.3906642020494
-941.9827675747872 -292.95241002447904
-941.493456773758 -291.990788263157
-940.7662818956376 -291.3027425826341
-940.4760850000382 -290.637446981743
-939.9910382854939 -290.1903368652612
-939.7840815114976 -288.7267890394479
-939.6042730736733 -288.258200270012
-939.6297913122178 -287.72905717499555
-939.738328807354 -286.07472811348737
-939.7911680269242 -285.2069210828096
-938.8988925743104 -283.6802161753923
-939.0270227420331 -282.38652442105115
-939.2122644412518 -281.0245250285417
-939.0974672067166 -279.30979703076184
-939.002631686926 -277.9334059775621
-939.3018340098859 -276.99158249504865
-938.7768684852124 -276.37450895912946
-938.04243095994 -275.3279896796495
-937.1149791109563 -274.2637873709947
-937.082487769723 -272.4235462964326
-937.3438243347407 -270.6514288008958
-937.5873769301177 -268.71636973030866
-937.2319103556872 -267.1855889380723
-936.9585572558642 -265.50054810650647
-936.4566359597445 -263.7636917651445
-936.9933675605059 -261.86840544350446
-936.434046574235 -260.2034197867662
-935.9792778271437 -258.5361865580827
-936.1877670067549 -256.9433505357057
-935.7847033518553 -255.72059093125165
-935.7699580940605 -254.02707181580365
-935.4418859931827 -252.3855850518495
-934.9571666869522 -251.07811127312482
-934.7696768942476 -249.62802265293897
-934.3097611370683 -247.67771242268384
-933.8997929397226 -246.37068353302777
-933.4672684970499 -244.83060954220593
-933.5118199291826 -243.00380859978497
-933.2340880933405 -241.3432104409486
-932.8022053542734 -239.88456235535443
-932.3488397303224 -238.4462824881822
-932.0204919877649 -236.7653627217561
-931.8414576652647 -235.88976476795972
-931.6318183246256 -235.2291095674783
-931.3094105723501 -233.48049859412015
-930.2234041693807 -231.695665878132
-929.8677698674799 -230.27179388411344
-927.9910756650568 -229.1879831970483
-926.1714921298624 -228.98083392985166
-924.2459473910928 -228.64314074523747
-922.9703942838312 -228.0822833300382
-921.1058980527521 -227.95562247641385
-919.9191584888101 -227.74003788538278
-918.0537883344293 -228.0318120390922
-916.3979807201029 -227.61345383234323
-914.8434024158121 -227.60948142118752
-913.152699739039 -227.59167983837426
-911.5492478910089 -226.93209275312722
-909.6841161552072 -226.76922566898168
-908.7187389436365 -227.0657129109651
-907.333424717486 -226.44152395136655
-905.5210413041711 -226.69821785099805
-903.6684938970209 -227.02767522342504
-901.8460523191095 -226.93159471161664
-900.2668166461588 -226.8359114126116
-899.3679250183702 -226.579942067042
-897.811886638701 -225.9181065157801
-896.8161214891077 -225.64987682260573
-895.9719554486871 -224.67523001588881
