-1108.43 -311.37
-1107.5915504026414 -311.10375087976456
-1106.010992460251 -311.40306847810746
-1104.3128370571137 -311.0402722012997
-1103.155285768509 -310.58276515722275
-1101.2900857257844 -310.140489692688
-1099.37397687912 -309.90624868392945
-1097.6025926399232 -309.60615443706513
-1096.6225271749497 -309.29048770189286
-1095.6438090133668 -309.49163788080216
-1094.2267755794526 -309.4689525914192
-1092.5305626916886 -309.34691398859025
-1091.0588731098176 -309.8572843027115
-1089.2264901924134 -309.80059197068215
-1087.4319026994706 -309.42479940772057
-1085.5139837789536 -309.63847092807293
-1083.7535207796097 -309.76819437265397
-1082.1751803684235 -310.1737092089653
-1080.407926850319 -310.2098419469595
-1078.681469731331 -309.8115381997824
-1076.830020480156 -310.15496561944485
-1075.2566633749009 -310.16245987534523
-1073.8088204193116 -310.21893848747015
-1071.9988591003419 -310.8367207226157
-1070.365369372368 -310.70663431555033
-1068.8030264902116 -310.4990126219392
-1067.0246686267853 -310.0246498313546
-1065.1654249954224 -310.54334900051356
-1063.2808491516114 -310.65248006105423
-1062.212403588295 -310.2079375934601
-1061.092237763405 -310.33932688355446
-1059.2417473125458 -310.37574120134116
-1057.6700153875352 -309.8510667857528
-1055.8616046237946 -309.6716176298261
-1053.932108335495 -310.2543327239156
-1052.0568535852433 -310.00573909550906
-1050.2824852991105 -309.6219371584058
-1048.4015138673783 -309.7195611026883
-1047.2545636224747 -310.1565699008107
-1045.4360480833054 -309.8199678686261
-1044.4031044769288 -310.38234305649996
-1042.8111761140824 -310.12095400959254
-1041.0548940229417 -310.00565411418677
-1039.5640695619584 -309.9591341045499
-1038.8148432898522 -310.5353879955411
-1037.9130413460732 -310.64278642356396
-1036.6389312672616 -310.4293480318785
-1034.7087211537362 -309.9864477914572
-1033.5277595448495 -309.79289021611214
-1031.7966308522225 -309.7319986027479
-1029.9257280755044 -310.33854911744595
-1028.493671052456 -310.59756181657315
-1026.5907357859612 -310.3015343350172
-1025.3146883177758 -310.5034582567215
-1024.31410872221 -310.9760460805893
-1022.468077890873 -310.8175494325161
-1020.7617071795464 -310.74595941871405
-1019.4838199543954 -310.60805295675993
-1017.5430278706551 -310.52661282092333
-1015.7945107150078 -310.0996198382974
-1014.5415826964379 -309.8783937421441
-1012.7639518904687 -309.5602505531907
-1011.0322109389306 -309.9141596284509
-1009.1087567734719 -309.73929880827666
-1007.785197608471 -309.80007976561785
-1006.4865066933633 -310.1980761912465
-1004.6281974244118 -310.0808572199941
-1003.8466044592858 -310.0742657509446
-1002.4400451111794 -309.685093614161
-1000.8967308926583 -309.68510543078185
-999.3309208083153 -309.5624957409501
-997.4353126215935 -309.38608864217997
-996.0367506670952 -309.20864764124155
-994.2955391335488 -308.878014716208
-992.6869842934609 -308.6263462033868
-990.9999130892754 -308.5526865300536
-989.3192027735711 -308.293958979547
-987.6709028410912 -308.62675424188376
-986.5586612153054 -308.44166086882353
-985.1298055577279 -308.5479757216573
-983.5997716116906 -308.2503347423673
-981.7191505360604 -308.7936834719777
-980.051219933033 -308.86812226742506
-979.0385316538811 -308.3994979438186
-977.2394673752785 -308.55572821468115
-976.2422202754021 -308.35587519675494
-974.793552749157 -307.17114633589983
-973.4768166470528 -305.99982697039843
-972.1402591395379 -304.5421639111638
-971.2810413765908 -303.2207060483098
-971.2435485351086 -301.9237526085973
-970.5513977038861 -300.1011762049794
-969.8496872413159 -298.92175442248583
-969.9573627564312 -297.4203129437566
-969.3309687229992 -296.04808229476214
-968.8363946828247 -294.41417783766985
-968.88523654297 -293.03923040896655
-968.6037039275468 -291.40578264266253
-968.3051003928483 -290.0069407847524
-968.2959490458668 -288.329505982697
-967.9974509517849 -286.8919013169408
-968.0601421783865 -285.01191634207964
-968.2691701243818 -283.40663022071124
-967.7278551648558 -281.8593506243825
-967.6913723091782 -280.28475016623736
-967.5950014631451 -278.3715700533986
-967.846934709996 -277.11918419867754
-967.8706081698836 -275.86778337031603
-967.496269364208 -274.58619433909655
-967.0251908491553 -273.13991421729327
-967.1821293722094 -272.0306962159276
-967.1038834343851 -270.4724229004979
-966.7928590963782 -268.8189956572652
-967.0520629177988 -267.5758300450444
-967.6135945807398 -266.0685586360097
-967.6363273303211 -264.7428428557515
-967.6715817119182 -263.1756452944875
-967.8790446783603 -261.53829807311297
-967.5144503976405 -260.4907528784871
-967.4775737787784 -259.34131008654833
-967.691770028621 -257.681990685761
-967.7264782901109 -256.137615146935
-967.1682850237191 -255.06868714362383
-966.4661584611238 -253.48855394393206
-965.9361841793359 -252.46834212809802
-965.719019394666 -251.06102425128222
-965.9193370307983 -249.98658520251513
-965.8923456988484 -248.91188448935748
-965.5486102721841 -246.9760933545232
-965.2300098858029 -245.68900805979968
-964.6740196666867 -244.3418706086278
-964.252467127815 -242.7349392798543
-963.8343732974679 -241.22937101393939
-964.1380101463944 -240.1008992817998
-963.8675495407731 -238.81135028868914
-963.967122393027 -236.99175185233355
-963.436581330672 -235.11079532176257
-962.6494089535624 -234.25324160128832
-961.6863385609538 -233.3245788243413
-961.6442125908286 -232.22715491324664
-960.8517206779868 -231.5291206267476
-960.2409059277923 -230.88128775626421
-959.0013689271361 -229.9740047481656
-958.2865369192511 -229.39957940846682
-956.6288934818656 -229.30777204304934
-955.1878173223884 -228.8902300027013
-953.6895596853644 -228.35265106230975
-952.3558983675391 -228.28458509117365
-950.6520070902259 -228.03590029746294
-949.0783542267234 -227.98189252883196
-948.0289879909903 -227.13582384854556
-946.6915271154792 -227.45891401439906
-945.5285881630332 -226.79835865169764
-943.652385102883 -226.5945150282979
-942.2137960068137 -225.8549976375699
-940.297943936959 -225.38959163695574
-939.2063403002173 -224.94727501541377
-937.9950525633246 -225.48653182655573
-936.3124065271766 -225.89653092890978
-934.9544653765113 -225.69053557783366
-933.5676700941474 -225.7054159258306
-932.2168288103492 -225.53558000072837
-931.1585012546927 -225.19187845930458
-929.7635844818503 -225.02906539186836
-928.3664858213813 -224.93217108294368
-927.5554965011031 -224.8443789471686
-926.0638800136 -225.28388607397676
-924.87959663786 -225.07800948515535
-923.6597564689071 -225.75576609268785
-921.8425187341124 -225.55787084892393
-920.1086862555892 -224.96691267088056
-918.8270773164184 -224.613863273412
-917.690236972943 -224.25967775180936
-916.4915098420531 -224.91635022953153
-915.6394702664763 -224.69146843150259
-913.8646680585296 -224.7394116435945
-912.8127022258193 -224.5879673574865
-911.8031024209411 -225.09947355732322
-910.3902124635131 -225.04383334040642
-909.1446712485701 -225.1238566067815
-907.9805891982467 -224.58088898926974
-906.2766407004744 -224.892438056767
-904.7630178204925 -224.77408585220576
-903.2967547646911 -224.7719744694233
-901.3947819940001 -224.89703493833542
-900.6819807163627 -224.6248886537552
-899.1335005632789 -224.7943379831314
-897.9555641285331 -225.00888213038445
-896.842179524079 -224.6163992536068
