-1108.43 -311.37
-1106.4314996528626 -312.06004249572754
-1104.4341420459748 -311.77794122219086
-1102.4402081298829 -312.4012340259552
-1100.4459645080567 -312.39046794444323
-1098.4517467546464 -312.7766737368703
-1096.4655833768845 -312.99564796954394
-1094.4816780614854 -312.86745520204306
-1092.495243959427 -313.17310740321875
-1090.5177516269684 -313.2978673604131
-1088.5403752851487 -313.3383657065034
-1086.5639517831803 -313.77055123716593
-1084.599730782509 -313.8837078538537
-1082.6368704366685 -314.07676497370005
-1080.6926789808274 -313.7863091853261
-1078.7265832948685 -313.8304922309518
-1076.7682457494736 -313.7615377929807
-1074.800638012886 -314.12669852644206
-1072.8688654232026 -314.41907662421465
-1070.9300143051148 -313.52598810464144
-1068.9823483753205 -313.5420880046487
-1067.020103507042 -313.79362973839045
-1065.1969258117676 -313.64539087086916
-1063.556451253891 -313.04066795378924
-1062.1189383792878 -312.2584813860059
-1060.7248129177094 -311.8486526039243
-1059.553123407364 -311.1326230791211
-1058.352343492508 -310.5626734521985
-1056.7815326976777 -309.98494893580676
-1055.2602253484727 -309.4177182343602
-1053.881039671898 -308.31452530890704
-1052.4884367513657 -307.7798181799054
-1050.974462800026 -307.2424644854665
-1049.7226601171494 -305.95163089305163
-1048.8815819549561 -305.0493279722333
-1047.7975202131272 -303.9130561378598
-1047.254187397957 -303.09058952599764
-1046.5109701085091 -302.4194943931699
-1046.2116179692746 -301.4534979489446
-1045.6034198629857 -300.71901577979327
-1045.6192617493869 -299.36996466189623
-1045.1165506321192 -298.60532462865115
-1044.6561423319579 -297.47293436795474
-1044.272252328992 -296.0763261345029
-1043.9811009246112 -294.5513167408109
-1043.7031786817313 -293.56940841943026
-1043.9539714533091 -292.63802933961153
-1043.6441854315997 -291.7236350801587
-1043.7983144897223 -290.6412401226163
-1043.5629224258662 -289.89885181456805
-1043.5186749178172 -288.8641638186574
-1043.6040386635066 -287.0895264771581
-1043.7106781679392 -285.5045768645406
-1044.0611571747065 -283.89424604445696
-1043.8273440676928 -282.4582037356496
-1043.6157911795378 -280.6707265999913
-1044.1340477246047 -279.0730841782689
-1044.0558137077094 -277.25438434153796
-1044.674184717536 -275.60919159919024
-1044.1024887937308 -273.67042750388384
-1044.1827750954033 -272.14756137400866
-1043.4755624088646 -271.0681139853597
-1043.2758058461548 -269.46719998389483
-1043.0761184844375 -267.81516880065203
-1042.810538545549 -266.2935709384084
-1042.5589938613773 -264.435475769341
-1042.3611214014888 -262.7104457047582
-1042.7133217307926 -261.46495896846056
-1042.8763461264969 -259.86115962535143
-1043.045163974464 -258.15664702922106
-1043.1056116822363 -256.6043524172902
-1043.2043066027761 -254.6633867648244
-1042.4916183951498 -252.74126595526934
-1042.1865452232958 -250.7527012255788
-1042.196935851425 -248.77817553550005
-1042.2217877696455 -246.97325152426959
-1041.6468157957495 -245.1691035655141
-1042.003961224407 -243.22230702906847
-1041.7157714854181 -241.26219028502703
-1041.6125482212008 -239.36503023177386
-1041.958276976198 -237.46892661124468
-1041.6965661536158 -235.56815725833178
-1041.82471828565 -233.6758664277196
-1041.7282209585608 -231.7195778515935
-1042.4450680206717 -229.81468564540148
-1041.8527370284498 -227.85073095828295
-1041.4016355465353 -225.91109973460436
-1040.1942485760153 -224.09179216891528
-1038.8928823660315 -222.56407767802477
-1037.1768751333655 -221.45468265086413
-1035.3225369642676 -220.44097525149584
-1033.7052799652517 -219.67056542903185
-1032.007951040119 -218.97364008694888
-1030.0614663551748 -218.37368870049715
-1028.1242578218878 -217.8152901557088
-1027.0733217190207 -217.34544706612826
-1025.314504761547 -217.10286489397288
-1023.3592908571661 -216.7228979793191
-1021.4840468357504 -216.41505259543658
-1019.5534193705023 -216.11647790938616
-1017.643705148548 -215.84117806226016
-1015.7654428671301 -215.74619999796153
-1013.964281577915 -215.51454082399607
-1012.0667163322867 -215.2906267669797
-1010.2238768528402 -215.1479966071248
-1008.4923600147665 -214.99313831597567
-1007.2285239885748 -214.86359322339297
-1005.4193558882178 -214.82477748662234
-1004.2436907480658 -214.7043543484807
-1002.5838020037115 -214.63446444541216
-1001.0802905748785 -214.84858411818743
-999.598788637966 -214.69863492518664
-997.9689297865332 -214.5923332002759
-996.6315497349203 -214.46908593446017
-995.3547975014151 -214.45514428883791
-994.4082551191748 -214.36497462064028
-992.8307874391974 -214.3148691084981
-991.2113485525549 -214.2269392040372
-989.4293301294745 -214.46432182461024
-987.8518325279654 -214.52931067615748
-986.0924655388296 -214.56485197216273
-984.4230939339102 -214.63177022606135
-982.6853583048285 -214.6853732791543
-981.4494815061987 -214.77581563860178
-980.0542274902762 -214.8213746276498
-978.42011227116 -214.95088443428278
-976.8016586492956 -214.93667647510767
-975.3353043983877 -214.88136008650065
-973.9103888462485 -214.87145659595728
-972.1769656132162 -214.8843646374345
-970.3527065704764 -214.82430663973093
-968.6529392193258 -215.00748503476382
-966.9873134087027 -214.94876247912646
-965.2091006229819 -214.90315825015307
-963.8529885004461 -214.97108984261752
-962.1913075636328 -214.9139640954137
-960.4238473366202 -214.8781073716283
-959.6752085874975 -214.8832443383336
-958.143449921459 -215.00832999020815
-956.4315109442175 -215.02649104863406
-954.702934999317 -214.96952569752932
-953.042935628742 -214.97429996997118
-951.217102546543 -214.96007037431002
-949.3755483816565 -214.92868382006884
-947.5547912310064 -215.26319638162852
-945.7193979214132 -215.4312402036786
-943.8692671249808 -215.71177259355784
-942.0177589844168 -216.04453277856112
-940.1279252956808 -216.76600736647845
-938.2062193344534 -216.64250251919032
-936.3312818001211 -216.41260585457087
-934.4670068214834 -217.09143999487162
-932.5519156645239 -216.9710436192155
-930.7039781998099 -217.53187874227763
-928.8238114307821 -217.64323869615794
-927.0203315208853 -218.82879033952952
-925.140479464382 -219.35527435213328
-923.3215996216238 -219.39455190569163
-921.6873868893088 -219.8745452490449
-919.9979089687765 -220.8492411699891
-918.30998386845 -220.74582079321146
-916.7269813011587 -220.77641973167658
-914.8869407366217 -220.5674806264043
-913.6711609552801 -220.5277638462186
-911.9162416647375 -220.67543579906226
-910.2548372934759 -220.6326718506217
-908.7276401709021 -221.2229869541526
-906.7822071503103 -221.17784022063017
-904.8555423210562 -220.97197668522597
-903.2009309719504 -220.8846224424243
-901.3458703945578 -221.50698910921813
-899.6876998136938 -221.36066131561995
