-1108.43 -311.37
-1106.5749731588364 -311.09669047117234
-1104.9506192731858 -310.6094309937954
-1103.097701125145 -311.17806985497475
-1101.553547077179 -310.7731674563885
-1100.0136381912232 -310.37085163116456
-1098.1026318597794 -310.5475370538235
-1096.2240694093705 -310.24502935528756
-1094.6963683891297 -310.32308063179255
-1093.0025090503693 -310.778880032599
-1091.7138183641434 -310.33492413431406
-1090.61015062809 -310.5075214383006
-1088.9896753358842 -310.25132145255805
-1087.0325930643082 -310.2139753726125
-1085.0941765832902 -310.90153831511736
-1083.470377855301 -310.64000472694636
-1081.6731237697602 -311.3042930689454
-1080.9401788043976 -311.54149525135756
-1079.202620201111 -311.1605535623431
-1077.6649166870118 -310.9369237449765
-1075.7415819692612 -310.6800107088685
-1073.9519705104829 -310.1482277241349
-1072.934009127617 -310.00338523358107
-1071.7090141105652 -310.4708317396045
-1070.6585478115082 -310.90418409079314
-1069.6030029582978 -311.18179612129927
-1067.919091038704 -311.52479581803084
-1066.7901871728898 -311.0330258783698
-1065.179578356743 -310.6244458732009
-1063.653242521286 -310.59598726302386
-1062.287565522194 -310.8573897507787
-1060.3367351818085 -310.38887837797404
-1058.9901592063904 -310.3117040720582
-1057.4295362758637 -309.95698884397746
-1055.7443371343613 -309.8405306664109
-1054.2943935918809 -309.5093859162927
-1052.816170744896 -310.22274777561427
-1051.416687064171 -310.44580273598433
-1049.6009946393967 -311.1715931174159
-1048.4475516605378 -311.2628888961673
-1047.1640152263642 -311.8788974162936
-1045.3755990791321 -311.7380201843381
-1043.749906115532 -311.6769610223174
-1042.5579780864716 -312.0558769878745
-1040.9846728372574 -311.87772743672133
-1039.1082335042954 -311.49559362500906
-1037.1496086645127 -311.34416032105685
-1035.3540995645524 -311.5769588974118
-1033.7224875020981 -311.32248077064753
-1032.534623913765 -311.34906425595284
-1030.9810295629502 -311.36434390477837
-1029.419989757538 -311.9080835812539
-1027.8505803871155 -311.48619096808136
-1026.0013670253754 -311.0045946174115
-1024.0637044239045 -310.8036850028485
-1022.7528694200516 -310.7241596662253
-1021.0132061767579 -310.5218172156066
-1019.4452442455292 -310.23525918357075
-1017.8889091539384 -309.9171730362624
-1016.6522434282303 -309.5882430457324
-1015.1564511585236 -309.76414377324284
-1013.59101872921 -310.27708137862385
-1011.9238633441926 -310.28878084652126
-1010.5944501686097 -309.9880488895625
-1009.1949065256119 -310.13839165203274
-1007.3922925519944 -310.70193801157177
-1005.7212615537644 -310.84882908396423
-1004.4925039339066 -310.2803979449719
-1003.7976317930222 -310.6871525876969
-1002.3650880384446 -311.1769552462548
-1000.7358596849442 -310.8831435673684
-999.0211009311677 -311.45274701051414
-997.3310392427445 -311.6732643031329
-995.4770191240311 -311.0453008197993
-993.8356617021561 -310.8997018568963
-992.231141858101 -310.2959844105691
-990.6998565721512 -309.5613956683129
-989.6700933504105 -309.7749234222621
-988.8663458156586 -309.6669541307539
-987.5804218578339 -310.03768974624575
-986.1198967027665 -309.80050674162806
-984.1950473117829 -309.3186534949392
-982.8289406824113 -309.35386298678816
-981.2182925271989 -309.1630315639824
-979.4216554689408 -308.9123577334732
-978.4636807966233 -308.2713950135559
-976.7044022607804 -308.38867856644094
-974.9780847358704 -307.89413435839117
-973.4869396018983 -307.0420499005169
-972.3067691850663 -306.32782484672964
-971.1418594646454 -305.6146117606014
-970.9246560710669 -303.8905693449825
-970.0378530997039 -302.0549835123867
-969.1481290835143 -301.1870460071415
-968.4712584990264 -299.87345106981695
-967.0670453089476 -298.30765529058874
-966.139975168109 -297.92712886713446
-965.6454119461775 -296.6347833433002
-964.3091394680739 -295.33505232714117
-963.2338802593947 -294.215582684502
-962.7642090398074 -292.9856799402088
-962.3819153684378 -291.86706467054785
-961.7461601871253 -291.0817685880512
-961.3647798675299 -289.5118293323368
-960.8080078738928 -288.6521856942028
-960.5521842318774 -287.132390634045
-959.5982341843844 -285.740239039883
-958.3288481312991 -284.9310465016216
-957.643759019971 -283.124670759663
-956.8521086651087 -281.3575315632671
-956.616299815774 -279.90193165920675
-955.9991608935595 -278.7116198696941
-955.5536332803965 -277.1963441529125
-955.3452812361718 -275.8562337317318
-955.5846106338502 -274.88364304684103
-955.0764428305627 -273.0679823317379
-954.8017272877694 -271.4435732521862
-954.3270578908921 -270.573815003857
-953.9896174597741 -269.35591127060354
-954.1884763467312 -267.8975159087032
-953.5615892636777 -266.35546030186117
-953.2466835010052 -265.15417136333883
-952.8545882034302 -263.8293081679195
-953.1836717653275 -262.32219006203115
-952.6241934227944 -261.07752479694784
-953.0278046357632 -259.1913417734951
-952.8069501745701 -257.9512318529934
-952.9083157408238 -256.61060465954245
-953.5487464892865 -254.8886755862087
-953.4901082332433 -253.69854642532766
-953.107516270429 -252.1456680455059
-953.7360638196767 -250.5822689690441
-953.7696058976651 -249.1026431479305
-953.193470619917 -247.96971859119833
-953.7174972522259 -246.16199638031424
-953.3548951673508 -244.28168346069754
-952.6314353871346 -242.81961895607412
-952.4705697375537 -242.1727841653675
-951.5259927588702 -240.80862458132208
-951.6694424527884 -239.89438696287573
-951.0903447049857 -238.74582572363317
-950.1399262326956 -237.3504602470249
-949.4653993028403 -235.88167877577246
-948.5429658669234 -234.2836787261814
-947.273945786357 -233.75244839571417
-946.3871382254363 -233.17799891613424
-945.1217784661055 -232.59412677668035
-944.1343667286635 -232.44635458372534
-943.1273821371794 -231.57692773722113
-942.4853109496833 -231.09185256145895
-941.3217509168387 -230.4519063987583
-939.6446640866995 -230.4148573138565
-938.4023534435034 -229.72772269032896
-936.9807634729148 -228.79272441647947
-935.6174855607749 -227.83345131658018
-934.2036779302359 -227.14319954894484
-933.0169686454535 -225.91270981810987
-932.1999719518424 -224.9547797896713
-930.7673758643866 -224.93074151955545
-929.5249252694846 -224.96784536622465
-927.804980673194 -224.867375799343
-926.7018881219626 -224.65972837142647
-925.1098305362464 -224.40188338689507
-923.8011348623038 -224.19965528778732
-921.9612867015601 -224.28932044737041
-921.0576186555625 -224.41876649193466
-919.5558785575629 -224.07791649632156
-918.3261288779975 -223.43789147667587
-916.5359174388648 -222.93226396374405
-914.6577762740851 -223.1370233231038
-913.8502985614539 -223.42259737186134
-912.8441414016486 -223.3401568018645
-911.4424144405127 -223.10896226100624
-910.4275200742484 -223.0667015620321
-908.7962614673377 -223.14862713299692
-907.1599105972052 -222.88785380207003
-905.7119825261832 -222.28830009780825
-904.4250764030219 -221.93152368150652
-902.6520220416785 -221.43368250213564
-901.9261617439986 -221.14408558689058
-900.34175429523 -221.23443317495287
