-1108.43 -311.37
-1107.388403468132 -311.66016691446305
-1105.6212552118302 -311.8603559088707
-1104.5899930524827 -312.62388234853745
-1103.1188560056687 -312.97732343792916
-1102.0616905021668 -312.86071441590786
-1100.168140821457 -312.6869033676386
-1099.0813538360596 -312.374935875535
-1098.1344166326523 -312.9660701853037
-1096.2846229600907 -312.9453556191921
-1094.328490548134 -313.5899881374836
-1092.6690016317368 -313.08671131253243
-1090.9611831235886 -313.0009394091368
-1089.1440320539475 -312.9896808964014
-1087.4384462165833 -312.71563882648945
-1085.720115237236 -313.1037665706873
-1083.9922440576554 -313.35734526336194
-1082.8729178237916 -312.88726557314396
-1081.2774900722504 -312.94617101073266
-1079.7584231424332 -312.6627227020264
-1078.3691186237336 -313.1968441557884
-1076.509638004303 -313.4827362251282
-1074.5914480018616 -313.27262466669083
-1072.674677424431 -313.677877600193
-1071.0690771865845 -313.3211123895645
-1069.1003737974168 -312.91296359419823
-1067.3017430830002 -313.054189170599
-1065.4415596055985 -312.71288957715035
-1064.1831660795212 -312.446693803072
-1063.1461430120469 -312.5750296366215
-1061.3564293909074 -312.67877512693406
-1059.6967444944382 -312.5925918620825
-1058.1102833080292 -312.5904990684986
-1056.2235976982117 -312.4556632888317
-1054.3944725322724 -312.75117495179177
-1052.5634295272828 -312.63806388795376
-1050.7571018266678 -312.72843393206597
-1048.804429345131 -312.5223619890213
-1047.4941570091248 -312.7819100570679
-1045.5924908447266 -313.46316235780716
-1044.0466622638703 -313.1919836354256
-1042.6094401407242 -313.19538855075837
-1040.8895133066178 -312.763878698349
-1039.5726572799683 -312.4651342880726
-1037.8826175260544 -312.87979521870614
-1036.1617630052567 -313.2359752905369
-1034.638701133728 -313.17477176606656
-1032.8061402368546 -313.50224260509015
-1031.3044515180588 -314.06391648471356
-1029.8741038370133 -313.83659465134144
-1029.002322845459 -313.8477023643255
-1027.2120286750794 -313.7400892776251
-1025.417420797348 -313.7230856817961
-1024.21171646595 -314.0435124140978
-1022.56514149189 -314.4939409297705
-1020.8387616205216 -314.47123766958714
-1018.9627838659287 -314.5001535665989
-1017.4537008333207 -314.8198871564865
-1015.7769421863557 -315.20823934197426
-1014.7101582813264 -315.1216984939575
-1012.8418826389313 -315.1540739488602
-1011.257211380005 -314.82370307564736
-1009.5496124553681 -315.0807392549515
-1007.7456142234803 -315.18280237436295
-1006.5328443574906 -315.60667085170746
-1005.3116599845887 -315.93984010338784
-1003.6776317882538 -315.6853791129589
-1002.5721803236008 -315.4778612804413
-1001.0137911367417 -315.2055159163475
-999.1319664049149 -315.5386941087246
-997.8013011741639 -316.3018493306637
-996.5182877111436 -316.6477245640755
-994.6467431116105 -316.5004198205471
-993.1448991823197 -316.55394087255
-991.4116122055054 -316.5425219786167
-990.011774711609 -316.377108271122
-988.294797115326 -316.42495544523
-986.5357308912278 -316.8820581313968
-985.5207944440842 -316.4239058074355
-983.8021026182175 -316.1353932198882
-982.5642074871064 -316.06515009969473
-981.1175355243683 -315.86670539051295
-979.2266594696046 -316.1192778375745
-977.5620034265519 -316.05628650158644
-975.9124610948563 -316.1553930518031
-974.4627993631364 -316.4222167608142
-972.7089696455002 -316.8480587181449
-970.9183583784104 -316.59885432094336
-969.1164038705826 -316.71954442828894
-967.3112409639359 -316.96079214185477
-966.4302957582474 -316.6031790551543
-964.6932750272751 -316.1904995021224
-963.1107016134263 -316.7969255027175
-961.7130485105515 -317.10457726091147
-960.679320268631 -317.6437874612212
-958.9490496444703 -317.6103570711613
-957.3145168352128 -317.26794582128525
-955.400864892006 -317.65367307782174
-953.5855243730546 -317.2694039595127
-952.5205729532242 -317.60452082276345
-950.6256318616868 -317.3248699259758
-949.1283796358109 -316.84447884082795
-948.3146662044526 -316.5677860927582
-946.8371335792542 -316.3808945965767
-945.300904326439 -316.11032813310624
-944.145707063675 -316.2665771496296
-942.552953414917 -315.9528048288822
-940.7862488555909 -315.93189216673375
-939.5591196346284 -316.0470716011524
-938.3003122138978 -315.63143524050713
-936.5262991714478 -315.7684848856926
-935.1368351507188 -314.93455117464066
-933.8963425683976 -314.6440488946438
-932.5068442153931 -313.8780365240574
-931.3274519968033 -313.21492924809456
-929.8756458091736 -312.22774156451226
-928.9384341168404 -310.85212572932244
-928.0004482197762 -309.23147329211236
-927.1185952353478 -308.008242572546
-926.6083021092415 -307.0789382112026
-925.9712824153901 -305.29481431365014
-926.142451517582 -304.49651684880257
-926.493869804144 -303.0153019678593
-926.3338355052472 -301.4813878786564
-926.4762101399899 -300.30362763524056
-926.1648684370518 -298.84860077023507
-926.2447258013487 -297.5376506102085
-925.9764693158866 -295.96461680054665
-925.5613464790583 -294.73572721600533
-925.4058339375258 -292.95487167954445
-924.9711726981402 -291.7067446959019
-924.8041938322783 -289.9073654663563
-924.8721166032553 -288.5345011007786
-924.7837375479937 -287.5742322456837
-924.5728053081036 -286.748595918417
-924.5968884828687 -285.1532370698452
-924.1828568580747 -283.9292063367367
-924.0474413934351 -281.99794145941735
-923.8116398456693 -280.48246344447136
-923.60751698941 -279.24640115618706
-923.9686352464557 -277.8848729979992
-924.6280720087886 -276.3577507388592
-924.2510855647922 -275.32923218131066
-924.9297703358532 -274.47270550847054
-924.6117892417312 -273.55485096096993
-924.4503661993147 -271.94101944088936
-924.450459137857 -270.6646412861347
-924.090736463964 -268.7454682838917
-924.576208100021 -267.30911841511727
-924.539355442226 -265.3875315439701
-924.7261604222656 -263.922134424448
-924.601090386808 -263.02440836548806
-924.2130944880844 -261.19111206650734
-924.6181845220924 -259.90029146790505
-924.5307045134903 -258.2285793077946
-924.735070526898 -257.16448118805886
-925.274036705792 -256.54536571621895
-925.7754069569708 -254.71971633553505
-925.1452906134725 -253.39069714665413
-925.4938760700823 -252.08284571290017
-925.1941244903207 -250.48480978131295
-925.4048948886991 -249.1319061768055
-925.8738814893366 -247.79302921414376
-925.8746850791574 -245.99315991520882
-926.3394397798181 -244.88573970913887
-925.7390109601617 -243.9388612163067
-925.2099823656679 -242.94651063799859
-924.695187419951 -241.31632229208947
-925.0461519363523 -239.6447229039669
-924.4161409142614 -238.43075164675713
-923.9744859340788 -237.49162122130394
-923.7507823112608 -236.0435118329525
-923.8319775539637 -234.82117768645287
-923.2330848652125 -233.5097772729397
-922.4427180367709 -233.03315796971322
-921.9868418055773 -232.14400061488152
-920.8204351741076 -231.5984468114376
-920.0123294073344 -230.2845859181881
-918.666205354333 -229.45427914977074
-917.4526919800044 -229.5593680393696
-916.4447888809443 -228.95451583981514
-915.1749661642314 -228.38873472332955
-913.3422113138438 -228.47901970416308
-912.2277013736964 -227.87973326712847
-910.8487483936549 -227.66147208482028
-909.5691813904048 -227.22149685293437
-908.8208187299967 -227.35808675259352
-906.9165508228541 -227.45530681580306
-905.2156481224299 -228.09835188359023
-903.8517289835215 -228.05220717832447
-902.6328901726008 -227.69524405047298
-901.2882531362773 -227.43239796802402
-899.7661474424601 -226.8506817881763
-898.7833882647753 -226.81341982528568
-897.1537405329943 -226.65039626404644
-895.564383276105 -226.21256682917476
-893.9449739533663 -225.19580099627376
