-1108.43 -311.37
-1106.436467819214 -311.42433340370656
-1104.4438691663743 -310.9456233781576
-1102.4482012319565 -310.4567957621813
-1100.457401328087 -310.7375099760294
-1098.4657956886292 -310.8566974204779
-1096.4719528484345 -310.6332106989622
-1094.4839005994797 -311.0125788551569
-1092.4878025579453 -311.58032340824604
-1090.5188432264329 -311.87427873432637
-1088.5289483594895 -311.8535794623941
-1086.5318248796464 -312.0315664418787
-1084.5405509996415 -311.71371644817293
-1082.5609617757798 -311.5704241552204
-1080.5718260335923 -311.5793067551032
-1078.5812702703477 -311.0093401408568
-1076.6028178262711 -311.277341578044
-1074.6188357400895 -311.05722885195166
-1072.6277660655976 -311.76829438272864
-1070.6293701457978 -312.0159088558331
-1068.6377845335007 -312.1825572735444
-1066.647780828476 -312.62013899151236
-1064.664757900238 -312.4745702928677
-1062.6804334449769 -311.95893837872893
-1060.6836895275117 -312.45957310859114
-1058.6958877372742 -311.70893760386855
-1056.7074543762208 -311.9072469360009
-1054.717670135498 -312.14801426593215
-1052.7267706918717 -312.40926631156356
-1050.7466205883027 -312.1433704680577
-1048.7540196704865 -312.3528801089898
-1046.7672650146485 -312.73096804682166
-1044.7774146127701 -312.2994426376
-1042.8105038928986 -312.4116335100308
-1040.8175806331635 -312.71315439406783
-1038.8279823589326 -312.75604571763427
-1036.8641251850129 -313.2506259268895
-1034.8934141921998 -313.4804255998507
-1032.9627463150025 -313.46833967033774
-1030.9871455955506 -313.5612203365937
-1029.0142170715333 -312.82256774965674
-1027.0286901521683 -312.45256694022567
-1025.0380256700516 -311.84455772105605
-1023.040077738762 -312.40324534837157
-1021.0765157270432 -312.6267495936528
-1019.0886555242539 -312.8407634979859
-1017.1014161634446 -312.8350071198121
-1015.1157736110688 -312.83792418602854
-1013.1319641399384 -312.669012103118
-1011.1502026844025 -312.7920543438569
-1009.1650881099702 -312.6971134952083
-1007.2370118427277 -312.16824303183705
-1005.2551185417176 -312.6436189821735
-1003.2738060283662 -312.83753782127053
-1001.2945045757294 -313.11187165591866
-999.3232325839997 -313.40811794612557
-997.3874189186097 -313.17338776204735
-995.4173809814454 -313.32349662099034
-993.4427580165864 -312.504052679874
-991.454571299553 -312.60931051883847
-989.468781285286 -312.14822999749333
-987.4763227033616 -311.73901293788106
-985.4861413764954 -312.0113028994575
-983.5052619504929 -312.25281206879765
-981.5956521558762 -311.9333856812492
-979.6061860847474 -312.07133286807687
-977.8593434619904 -311.39999711129815
-976.0413420724869 -311.1085028610006
-974.0593863058091 -310.9682338497415
-972.0675350952149 -310.620427515246
-970.0772039222718 -311.18761077139527
-968.1410781669617 -311.3619637152925
-966.1714860725403 -311.12142029020936
-964.3063836622239 -311.3650891593471
-962.4280351924897 -310.9167341998592
-960.8279146480561 -310.56975267443806
-958.8494719791413 -309.93798885855824
-957.2461042928696 -309.84268799040467
-955.4444183635712 -309.89462852094323
-953.661377363205 -309.3492232522741
-952.4180703687668 -307.8914618453756
-951.2598665285111 -306.4268872699514
-950.157319598198 -305.58074634883553
-949.2470728087426 -304.30620783183724
-948.1774405169488 -303.29573267314584
-947.9990562129021 -301.699223097302
-947.0909099507332 -300.4238405785337
-946.372783355713 -299.36024146888406
-945.2907549667359 -298.04915397975594
-944.723134868145 -296.8201720080152
-943.3269449400902 -295.9783598146215
-942.5255237746239 -294.657889004685
-941.5763199257851 -293.017300244309
-940.7329425740243 -291.80543803784997
-940.4415646719933 -290.08382236573846
-939.7808775234223 -288.9163608512655
-938.9924709129334 -287.3328108749166
-938.4252109456063 -285.8368108234182
-937.9978769946099 -283.92952763650567
-938.1382291990519 -282.80641138169915
-937.9810903596879 -282.00119644019753
-937.7316602844 -281.27065449569375
-937.5389410036803 -279.5630695185438
-937.4270772862435 -278.1754547915235
-937.1866923201085 -276.8508256039396
-937.1184298920632 -275.4266094527021
-936.7446448731423 -273.99714547012
-936.5588180649281 -273.0207850298658
-936.0254624712468 -271.48501318309457
-936.2624036598206 -269.90410333488137
-935.9196413087845 -268.0985003075376
-934.9958524036408 -266.42784660670907
-934.7244271266461 -264.6243814787641
-933.7518888938428 -263.38951199863106
-932.7536462771893 -262.1096776089445
-932.0188232886792 -260.60237890098244
-931.3597274649144 -259.3526212534681
-930.7724166142941 -257.6787316164747
-930.1786653029919 -256.362219270207
-929.7596855092049 -254.77783625934273
-930.1611485409737 -252.98057061050088
-929.6690722036362 -251.18395691726357
-928.8434842157365 -249.44925456855447
-927.7115463542939 -247.808970268704
-926.6277849006653 -246.20243924472481
-925.8394142913819 -244.78463536117226
-925.5397989082337 -242.8923489413038
-924.5925695228577 -241.3351858219877
-924.7161379384995 -239.69479077670724
-924.1429682302476 -237.81383531901986
-924.1854317079485 -236.25504654262215
-923.8106929849089 -235.22183626506478
-922.6993684361876 -233.87952309463174
-921.5507385323942 -233.04807084415108
-920.2515184472502 -231.60352652881295
-918.8841930221022 -231.0525860152021
-917.1515312980116 -230.76757344219834
-915.8346663306654 -230.54709142062813
-914.0141270945967 -229.75189810607583
-912.3021877597273 -229.4328407606855
-911.5583942721785 -228.83745491120965
-910.1162453483046 -228.88167008001358
-908.3388583253325 -228.2166166527942
-906.9320174048842 -227.82183750707657
-905.6823113749922 -228.36776038248092
-904.7308247874678 -228.68315812189132
-903.0124814103544 -228.55117135483772
-901.3026018927992 -228.54482129111886
-900.5172704647482 -228.2948532690108
-898.944761414379 -227.7172225703299
-897.6622206161917 -226.508680819422
-896.6103943775595 -225.39280033007265
-894.9669449518622 -224.5885587324202
