-1108.43 -311.37
-1107.359721236229 -310.20996665477753
-1106.3577995824814 -310.14437445521355
-1105.3134156990052 -310.3103764605522
-1103.964402012825 -310.52780736505986
-1103.1790270733834 -310.6791091066599
-1101.3428680825234 -310.8718683820963
-1099.7398388314248 -310.50886035978795
-1098.3618446516991 -310.92198918282986
-1097.2267489361764 -310.6601561111212
-1096.4587728309632 -310.9302035075426
-1095.4359150457383 -310.6372614902258
-1094.508775703907 -310.4306645792723
-1093.2677224802972 -310.2536927115917
-1091.9733644652367 -309.90465512394906
-1090.9487346339226 -309.53929626464844
-1089.3269178795815 -309.18096082925797
-1088.3197184729577 -309.4078660261631
-1087.4394657540322 -309.6174404126406
-1085.87034665823 -308.94494409382344
-1084.8825549411774 -309.3797197443247
-1083.8158658075333 -309.8446884852648
-1082.0540912675858 -309.3931743603945
-1081.3253260779381 -309.01048735797406
-1079.5816944766045 -308.94156548649073
-1078.9087123203278 -309.39225441485644
-1077.0659490156174 -309.73310458928347
-1076.049681119919 -309.1958143141866
-1074.3424610424042 -308.86894127994776
-1072.4453580904008 -308.2174113717675
-1071.4546850252152 -307.8170672979951
-1069.5747669267655 -307.92408292263747
-1068.3770307826996 -308.25049196451903
-1067.1195253658295 -307.6156033155322
-1066.0572622346879 -307.7301943925023
-1065.0649062919617 -307.2705961790681
-1063.2342960166932 -307.71603045135737
-1062.3421894836426 -307.82216020941735
-1061.2536130475999 -308.05738985061646
-1059.769914560318 -308.3014955472946
-1058.4607050943375 -308.6307138156891
-1057.3520139980317 -308.02776896476746
-1055.5073214101792 -308.7117377471924
-1053.9882402944565 -308.87977961719037
-1052.7788537073136 -308.1079500120878
-1051.634005241394 -307.44557933032513
-1051.0600879120827 -307.3844076794386
-1050.1458849835396 -306.3250174921751
-1049.7523038315774 -305.3088721436262
-1048.4414696621895 -304.65129576146603
-1047.9940507936478 -303.27613602101803
-1047.9069670069218 -301.8844355148077
-1047.5215153026581 -300.459910492301
-1047.2920745390654 -298.7377530139685
-1047.1568783897162 -297.9080769819021
-1046.6879236775637 -296.802044968009
-1046.8156559842826 -295.0551899474859
-1046.3374860960246 -293.88453422009945
-1046.4762419837714 -292.55204687535763
-1046.8096600550414 -291.6177851957083
-1046.602086402774 -290.64711890637875
-1046.3909581679106 -289.2800676625967
-1045.9085544723273 -287.42628000199795
-1045.5772503691912 -286.57070503652096
-1045.1884757059813 -285.73239241063595
-1045.1739614012838 -284.3348136943579
-1045.248983770907 -283.54063914239407
-1045.4596402350069 -281.93427036225796
-1045.2878490689397 -280.5500507158041
-1045.0765606018902 -279.360248426795
-1045.036709048152 -278.41464362561703
-1044.6081464964152 -277.26875815808773
-1044.2164225059748 -276.2066325944662
-1044.5311989563704 -274.2884075444937
-1043.9970947283507 -273.4218152564764
-1043.6862838047743 -271.57402024686337
-1043.532918908 -270.1447714370489
-1044.0238211232424 -268.5745950740576
-1044.2019933092595 -267.49854240834713
-1044.5050423669816 -265.74618301808835
-1044.4656670990587 -264.305688957572
-1044.7263084951044 -262.5122886699438
-1045.1477054658533 -261.32479188859463
-1044.5684835019708 -260.1483592790365
-1044.6964527520538 -258.91593025147915
-1044.8815840038658 -257.20394001424313
-1045.164464608133 -255.9763750833273
-1044.6402480754257 -254.76445255696774
-1044.7837351563574 -254.12102512538434
-1044.454637080729 -252.66044000804425
-1044.418395858556 -251.57935218036175
-1044.304007318169 -250.14466218173504
-1044.2676372680069 -248.76287488162518
-1043.7988392862678 -247.08621696650982
-1044.4220302256942 -245.64269725501538
-1044.407688383311 -244.57888321101666
-1044.3915047574044 -243.75124220073224
-1044.2728035825492 -242.44105116546154
-1043.7415894049407 -241.63558248698712
-1044.1559418815375 -240.6326907080412
-1044.680702187419 -239.55946366012097
-1045.2945164817572 -238.11142567813397
-1045.536775507331 -236.80453161418438
-1045.3938137668372 -235.03024605929852
-1044.730180181861 -233.617947499156
-1044.969043173194 -232.4335232180357
-1044.4110372442008 -230.87778023898602
-1044.0354482012988 -229.18995837390423
-1043.3755763846636 -228.01001743495465
-1043.2510421055556 -226.84905819118023
-1042.932944931388 -226.06285468757153
-1041.9863371032477 -225.25292776048184
-1041.7565749663115 -224.43549142301083
-1041.2080418843032 -222.86801741540432
-1040.2938383597136 -222.60406429588795
-1039.0613912123442 -222.38805131137372
-1037.3219461220503 -221.25685838878155
-1035.8353488224745 -221.40341306746006
-1033.8985688465834 -220.80471731245518
-1033.1542306917906 -220.02411753952504
-1032.033302165866 -219.30086977303029
-1030.7947658079863 -219.38824582368136
-1029.4896893280745 -219.37076214410365
-1028.6609695333243 -219.6378559217602
-1027.6884678977729 -219.8111908183247
-1026.065788306594 -219.6247757718712
-1024.325123705268 -219.4753264234215
-1023.0941830056906 -219.96536493755877
-1022.1115792769194 -219.81266101159156
-1020.8931582945586 -219.3314507202059
-1019.9345484751464 -219.36288978613914
-1018.954214193225 -219.5138705418259
-1017.4759837168456 -219.44826369442046
-1015.8996770161391 -219.29944880761207
-1014.7877001541854 -219.2646925122291
-1013.7243957298995 -219.57417076535523
-1011.9290216940642 -219.40409604914487
-1011.0701327699423 -219.16368803091348
-1009.8097079175711 -219.44818371243775
-1009.0961648601294 -218.82339256711305
-1007.3743086236716 -218.9917782665044
-1006.3679116147757 -219.27289490111173
-1004.5845548290015 -218.9000971735269
-1003.3096881288291 -218.960984063223
-1001.4135482686759 -219.6038696885854
-1000.1289211887122 -219.79741599865258
-998.8588551658393 -219.61469614215196
-997.8454947847129 -219.72109006799758
-996.1638377088309 -219.78852905787528
-995.1540550369025 -220.03204505600036
-993.4910110610724 -220.27308476425708
-991.9416546005011 -219.82738739706576
-990.4838102239371 -219.59027466632426
-989.0306228774787 -219.24952677346766
-987.6834625381232 -219.24042667903007
-986.1075603145362 -219.07408862270415
-984.5550157207251 -219.11074594117702
-983.0880114215613 -219.3056165919453
-981.7745771783591 -219.65812540508807
-980.9745381253958 -219.49688736058772
-979.1814397948981 -219.62403762795032
-978.2894550341368 -219.66833547584713
-977.294168688655 -220.26182267896831
-976.6224537867308 -220.17095244012773
-975.8805680054427 -220.0484036885947
-975.0655147212744 -219.9960364037007
-973.6871294158698 -220.00620968721807
-972.1371504443885 -219.39675463818014
-971.0777494090796 -219.49162227742374
-969.6041572469474 -219.0445405625552
-968.3025176900626 -219.14474747411907
-967.5757385867835 -219.21844028018415
-966.6257404464484 -219.3423566081375
-965.3869648355246 -219.6532316365093
-964.2073822396994 -219.6862685688585
-962.4956481832266 -219.88547101698816
-960.9968912976981 -219.53437718831003
-959.9740547317267 -219.4359586917609
-958.3496076244116 -219.79592854611576
-956.7761530059577 -219.42076657049358
-955.0095150846244 -219.24659698538483
-953.4041384834052 -219.80209534697235
-952.4949536699057 -220.37289243273437
-950.9879057782889 -219.7032343082875
-950.0704791921378 -220.00911071233452
-949.1968940275908 -219.8475914233178
-948.191616870761 -219.6917087816447
-946.758711912036 -219.10287521116436
-945.9022078889609 -219.24966739945114
-944.9141697663069 -219.70073276095093
-943.0813803452254 -219.86143118970097
-942.2210412997008 -220.43642587296665
-940.6286991614104 -220.6488020055741
-939.3640824335814 -220.8534195356816
-938.0740762728453 -220.20175492100418
-936.4595554846526 -219.64287781052292
-935.317278482318 -219.14176946215332
-933.8479892987013 -218.66909819178284
-932.5096415060759 -219.27443354658783
-930.8258099335433 -219.96388285689056
-930.1091851371527 -220.07142879895866
-928.7340004819632 -220.31041773490608
-927.6902375596762 -221.2709010475129
-926.6697453635932 -221.45521914295853
-925.0821808952094 -221.99273537926376
-923.5948212522269 -222.42717384628952
-922.2899511235953 -222.8167857759446
-920.7158073562384 -222.95057682029903
-919.0559982436896 -223.48349390260876
-918.2704192179442 -223.43898164190352
-916.3761759775878 -223.35692350275815
-915.442237712741 -223.53646607406438
-914.1459386128188 -223.27879981406033
-912.5772082585097 -223.18297342665494
-911.54456887424 -222.85925285227597
-910.1940539854766 -223.41730479605496
-909.1946047323943 -223.8270456314832
-907.8440420407057 -223.79142412252725
-906.486316420436 -223.90168745525182
-905.5415036457778 -224.01144025929273
-903.9463832157851 -223.6457520545274
-902.5794421213866 -222.853487771824
-901.5851818102599 -221.96145443327725
-900.3518398779631 -221.76816291816533
-899.0736456888915 -220.78473759897054
