-1108.43 -311.37
-1107.1216801929475 -310.8911582183838
-1105.5747355747224 -310.19948768138886
-1103.6592433977128 -309.6448273611069
-1102.1608533191682 -309.2322096180916
-1101.1329809951783 -309.0400659096241
-1099.669015698433 -309.17787885189057
-1098.360516600609 -308.50281667232514
-1096.6433588790894 -307.9193171811104
-1095.0475022125245 -307.4802724671364
-1093.2727097797394 -307.41139487445355
-1091.4259435462952 -307.0217005711794
-1089.676462583542 -306.55081568181515
-1087.933319978714 -306.50955625891686
-1086.609322719574 -306.91743725061417
-1085.276642613411 -306.46504812955857
-1084.1337525177003 -307.24424087524415
-1083.1543659496308 -306.7287862253189
-1081.2786452102662 -306.2936181974411
-1079.7799132394791 -306.6425374698639
-1078.365326218605 -307.003558511734
-1077.4499979543687 -306.5434876036644
-1076.5733202028275 -306.6872569870949
-1074.8807385492325 -307.3172393989563
-1074.0031193423272 -307.47033056139946
-1072.756756298542 -307.0808657062054
-1071.5547817873955 -307.0983116877079
-1070.5034211802483 -306.7687815082073
-1069.5163462090493 -306.9658771556616
-1068.355583422184 -306.8224689614773
-1066.6689577031136 -306.86679835140706
-1065.2166290211678 -307.19850198447705
-1064.0793620276452 -307.4851524335146
-1062.936607592106 -307.0809790593386
-1061.5095839428902 -307.0882729691267
-1060.7022544670106 -307.1314622563124
-1059.5697522687913 -306.92510373413563
-1057.7856252717972 -306.4809275966883
-1056.950983695984 -306.1990205746889
-1055.9174433279038 -306.0430100661516
-1054.8012924718857 -305.8275130790472
-1053.748033695221 -306.25493202626706
-1052.778836541176 -306.8455258411169
-1051.9451054859162 -307.1085367304087
-1050.545114927292 -307.693601141572
-1049.2294602918626 -307.94032991945744
-1047.874030046463 -307.7628193897009
-1046.2926421689988 -308.132548789382
-1044.955567650795 -307.72573299229146
-1043.622821621895 -308.21295286238194
-1041.850531153679 -307.63480592787266
-1040.6677227544785 -307.6958496038616
-1039.3694772052766 -307.22328839346767
-1037.6236750411988 -307.0779513184726
-1036.6269931125642 -306.82544273778797
-1034.876384549141 -306.5601683919132
-1033.6807915496827 -306.3869104449451
-1032.3919159698487 -306.56608679041267
-1031.4590862321854 -306.3147271488607
-1029.6879659223557 -306.7588631127775
-1028.9793961572648 -306.7829854105413
-1027.695599012375 -307.2473563466966
-1026.2113234329224 -307.17366652831436
-1024.7154537963868 -307.11683993682266
-1023.7511394548417 -307.38436772570014
-1022.8011936473847 -307.78095834597946
-1022.1201481747628 -307.40831082209945
-1020.4794950413705 -307.8325980220735
-1019.3884023356438 -307.7646640454233
-1018.4390534687043 -308.49488156184555
-1017.1123222637177 -308.83452536806465
-1015.9989343214036 -309.23630960926414
-1014.7617104578019 -309.3771995817125
-1013.1245401430131 -308.7374901686609
-1011.9620535898209 -308.19165652140975
-1011.0765802192689 -308.06105806574226
-1010.3970144319535 -308.61118318781257
-1009.5885230827332 -308.1842065666616
-1008.3570944595338 -307.73848255619407
-1007.0867684412003 -307.51549703523517
-1005.4066980409623 -308.0755140249431
-1004.463133506775 -307.5942015711963
-1003.5922025966645 -307.9188788597286
-1002.4382648992539 -307.8441895906627
-1000.889470152855 -307.4359824125469
-999.2414905357361 -307.59541039809585
-997.6214695501328 -307.7388574694097
-996.9115999865533 -307.8128931288421
-995.598222129345 -307.5826660756767
-994.1037598776818 -307.2084803943336
-992.3102457451821 -307.3038822029531
-991.1924235749245 -307.4170064096153
-990.4482923674584 -307.7255831424892
-989.5968826937676 -307.94219306752086
-988.1299331116677 -307.8368388776481
-986.9673693108559 -308.1763809685409
-985.7786621975899 -308.3688865070045
-985.1453598666192 -308.5373364304006
-984.1236969161034 -308.0454464171827
-982.811928741932 -307.63072799786926
-981.2342686581612 -307.7487103779614
-980.4866974878312 -307.6346517045796
-979.521486632824 -308.1672416765988
-978.3198534178734 -308.0647008408606
-977.5989845323563 -308.2012729932368
-976.3492957878113 -308.50507268205286
-974.5579013156892 -308.83560657396913
-973.6163963007928 -308.21291357174516
-972.3541754412652 -307.8736708749831
-970.9759614396096 -307.56162875786424
-969.5349177050591 -306.817248224169
-968.3857749629021 -306.8189829130471
-967.1542675423623 -306.2251556058228
-966.022368900776 -305.84537561133504
-965.2396711039544 -304.7250424166024
-964.1156735348702 -304.49362118437887
-963.0735624957085 -303.53910983994604
-961.961742155552 -302.72449447110296
-960.9460170197488 -301.2426902194321
-960.588782184124 -300.04489017918706
-960.0681770968438 -298.6547017236054
-959.7010588276387 -297.23214270070196
-958.7987835037709 -296.373528971225
-957.5931520092488 -294.9211198230088
-956.7439719069005 -294.6226665516198
-956.4127518165112 -293.36031813815237
-955.8744498717786 -291.9734167595208
-955.3623344528676 -291.02035309270025
-954.0387249815465 -290.7019736607373
-953.5746408331395 -289.72003911331296
-952.3004116642476 -288.94917558029294
-951.4238490688801 -287.78370533779264
-950.1518205034733 -287.47961170867086
-949.3165881860257 -286.5280686159432
-948.640562080145 -285.26262350276113
-947.6861796605588 -284.3276750583947
-947.6811537075043 -283.1261324425042
-947.3938820886613 -281.6810329695046
-947.0508333671094 -280.24183578684926
-946.7664737331868 -278.6131803531945
-946.975346647501 -277.26765115454793
-946.6865073668957 -275.88193972304464
-946.3048131990433 -274.9004866619408
-946.0793529081345 -273.6866400976479
-945.6593636202813 -272.68790103390813
-945.5370706918836 -271.85756839707494
-945.5653463307024 -270.49271704152227
-945.7128938290477 -268.8412662883103
-945.9276983889938 -267.8859836001694
-946.0782463851572 -266.82088769868017
-946.0185893404484 -265.4860624213517
-945.580629580021 -264.5611550350487
-945.8791999149323 -262.88273568347097
-945.1198937225342 -261.5831784744561
-944.4015885519982 -260.0524128217995
-943.7666522192956 -258.6710469265282
-943.3540650832654 -257.3941038389504
-942.9299152123929 -255.85246570304037
-942.5525120723248 -254.5944176454842
-942.8137962448598 -253.72007317736745
-942.9088242727519 -252.09974832728506
-942.4798804003001 -250.37414903834463
-942.2190637665988 -248.87802310183645
-941.8729011493922 -248.17000181868673
-942.4865244108439 -246.90021462634206
-942.097893126607 -245.06615538790822
-941.7059348899127 -243.95091028407217
-941.0979487973452 -242.49912519648672
-940.5532356578112 -241.12448902323843
-939.9682801443339 -239.24774177268148
-938.351572342515 -238.09383208945394
-936.6032429414988 -236.85399158194662
-934.834538050294 -236.21602608159185
-933.0714646059275 -235.03514636948705
-931.2168462949992 -234.5994207699597
-929.3908153253794 -233.84506969049573
-927.5588563162089 -233.36697740748525
-925.9401061016322 -233.27151398256422
-924.0403710085154 -233.02142248943449
-922.0610073286296 -232.61509634450078
-920.2019367891551 -232.21911950305105
-918.2427106577159 -231.93369646266103
-916.286138125062 -232.17304973199964
-914.339201040864 -232.26083294942975
-913.3075354772807 -232.50722071424127
-911.551406570077 -232.880170314461
-909.6405169445277 -232.600685595423
-907.678003974557 -232.474803878814
-905.7681166607142 -232.34386694326997
-903.9151167351008 -231.74693786993623
-902.1748415905238 -231.52027484670282
-900.1926109272242 -231.42102242156864
-898.3132392841578 -231.30823467567564
-896.3694326359034 -230.86148424342275
-894.6109193044902 -230.53641788557172
-892.7162982898951 -230.3603558380902
-891.1440003591777 -230.71537955000997
-889.8359598594905 -230.40242294862867
-888.0817101675273 -230.6897675831616
-886.3757508474589 -230.48688729003072
