-1108.43 -311.37
-1106.9486419487 -311.4593614962697
-1106.1730095076562 -311.34287987172604
-1104.3830739188195 -310.8932474952936
-1102.6684987473488 -311.5621030431986
-1101.6626632142068 -311.6038442131877
-1099.8712196278573 -311.24292640656233
-1098.4580460715295 -311.4080041077733
-1096.9462021517754 -311.3608071346581
-1096.12518917799 -310.7582438726723
-1094.7552915740014 -310.33832187846303
-1092.9001604247094 -310.39828131988645
-1091.2103463339806 -310.20251443877817
-1090.1622810292245 -309.8487004031241
-1088.7571434903145 -309.76810529723764
-1087.4565329480172 -310.08503687277437
-1086.001367919445 -310.3036547590792
-1084.8926154303551 -310.1184262622893
-1083.6300817656518 -310.29043006792665
-1082.4008307385445 -309.85666873946786
-1081.1729245114327 -309.7249294658005
-1079.6267847943307 -309.3852337141335
-1078.5657302069665 -309.75850750401617
-1077.442282550335 -309.8158995349705
-1076.007107846737 -310.425019069463
-1074.5314990210534 -310.8697575171292
-1072.896241657734 -310.67011631920934
-1071.5093395638467 -310.4792438288033
-1070.0291548895837 -309.9431099434197
-1068.1771088767052 -310.3360180695355
-1066.3543819117547 -310.285539521724
-1064.9024099040032 -309.87829531624914
-1063.6084345507622 -309.7515048672259
-1062.4319938349724 -310.10254642263055
-1060.6298276114464 -310.0314869274199
-1059.3512026000024 -309.959504737407
-1058.0250438380242 -309.8981625278294
-1056.2842930483819 -310.5927617390454
-1055.0948768782616 -310.30825041130186
-1053.5392857718468 -309.93993379071355
-1052.104640595913 -310.1942199905217
-1050.8428112196923 -310.5256258685887
-1050.1373317170144 -310.9262413819134
-1048.6358688998223 -311.2101188142598
-1046.728210322857 -310.91930471256376
-1045.3781754899026 -310.48764426901937
-1044.042352192402 -310.2597386677563
-1042.497069709301 -310.6522406180203
-1041.497064702511 -311.0766053338349
-1040.162442200184 -310.8111440677941
-1038.7362680363656 -310.4121923585236
-1037.7042682099343 -310.4673564051092
-1035.7450663971902 -310.59381944581867
-1034.603903644085 -310.63359678432346
-1033.6571786928178 -310.15136141225696
-1032.231824450493 -310.1353572075069
-1030.640068821907 -310.0795288448036
-1028.7334588098527 -309.67364061519504
-1026.8699319887162 -310.1131277744472
-1025.0671639966965 -310.06014525040985
-1023.2636334228516 -310.695406011194
-1021.7821436452866 -311.1112570081651
-1019.8912005949021 -310.8504494343698
-1018.1961103010178 -310.55008660897613
-1016.8279300260544 -310.9824429963529
-1015.858513109684 -310.71292778000236
-1014.1472377705575 -310.3027391348779
-1012.5409891533852 -310.00380452618003
-1010.8613076138497 -310.047817504853
-1009.3002656626702 -309.97544637963176
-1008.56305580616 -310.24103624269367
-1007.5094962644578 -310.0735209350288
-1006.1965911912919 -310.1428377096355
-1004.9950725364686 -309.7581680481136
-1003.3380352783204 -309.64845872566104
-1002.51542406559 -309.6074741844833
-1000.7556994485856 -309.32052553340793
-999.4375935125352 -309.5399067763984
-997.8668751049042 -309.1243133608997
-996.4103409576417 -309.60282627388835
-994.9246869611741 -309.5588041757047
-993.5773064422608 -309.38926013454795
-992.3657999563218 -309.14629667147994
-990.5733707475663 -309.20846732601524
-989.0710987377167 -309.8661080811918
-988.173979394436 -309.47247176513076
-987.388030641079 -309.6779908154905
-986.2325735020638 -310.4291900013387
-984.7111759114266 -310.29083483561874
-983.4299818205834 -310.0839123938978
-981.5874496626855 -310.24765569612384
-979.8542288470269 -310.4560052667558
-978.0459259676934 -310.32691027864814
-976.9312273192406 -309.8378021930158
-975.8824592757226 -309.9241930012405
-974.4393160271645 -310.37506837293506
-972.6062728095055 -310.66106457158924
-971.4389778304101 -310.12609178468585
-969.8722696232796 -310.26755099639297
-968.2272503304482 -310.76299934729934
-967.0763707089425 -311.0997902368009
-965.3059920001031 -311.2793684963882
-964.0030965733529 -311.73212373897434
-962.2835636067391 -311.49361493334175
-960.6439202952386 -311.38007479801774
-958.8292397189141 -311.3023103539646
-957.293948404789 -310.77792502090335
-955.5272865223885 -310.9091870997846
-954.481575601101 -311.0220796529949
-953.0630134272576 -310.5288123552501
-952.1542733240128 -310.39324296161533
-951.3242354917527 -309.7489169304073
-949.6871666240693 -309.42717642232776
-948.6514102745057 -308.07031506940723
-947.1103505420685 -307.0134343568981
-946.2300550270081 -305.59073252126575
-944.7951013374329 -304.5115276043117
-943.2271827983857 -303.74308103963733
-942.7963560748101 -302.3942546312511
-942.1525643396378 -301.1950040523708
-941.275565378666 -300.3734177415073
-939.7373576092721 -299.23088133975864
-938.7339043545724 -298.27718473121524
-937.490379087925 -297.6820008818805
-937.1924652683736 -296.4711399142444
-936.7968078184128 -295.3182065550983
-936.1617686080933 -293.8866888348758
-936.0752551484109 -293.00267017528415
-935.9681977409125 -291.36563671275974
-935.5103651064635 -289.74863184139133
-935.0724849480391 -288.48289466544986
-935.0183903801442 -286.76634073898197
-934.2232081520558 -286.06401855394245
-933.7520541179181 -284.18294710561634
-934.1477654504777 -283.3924565975368
-934.2834694761038 -282.02154821798206
-934.8074503320456 -280.9320556585491
-934.8924647647143 -279.37928862020374
-934.2172198969126 -277.849046177119
-933.6703481751681 -276.27273029729724
-933.3028749901057 -275.25575084134937
-932.8029953914881 -273.4214786951244
-932.8502947914601 -271.4896472160518
-932.790248759389 -270.13926643773914
-932.6494298952819 -269.12837452337146
-932.139159180522 -267.5835732881725
-931.7280421632529 -265.8171371881664
-931.3678588348628 -264.33911353990436
-931.9461481052638 -263.2770832245052
-932.0690843763948 -262.15556902334095
-931.9787558320165 -261.32208067819477
-932.026506856382 -259.9854367439449
-932.4750951680542 -258.1986296837032
-932.9126367720962 -256.2886970703304
-933.0538676980138 -254.58629257127643
-933.0245389419795 -253.60142547532917
-932.8980995196105 -252.23815566942096
-933.4983377236128 -251.216756529063
-933.1458739119769 -249.86814708158374
-932.6476547795535 -247.89660543844104
-932.4580131399632 -246.00859255239368
-932.405072413683 -244.5441967909038
-931.4978146779538 -243.50579125329853
-930.7337161529065 -242.31186718389392
-930.6414912867547 -240.65480656072498
-930.5297957587243 -239.6166849796474
-930.3950633633137 -238.75268108293415
-930.163789652586 -236.87528056547046
-929.4443600404263 -235.86207181856037
-928.6180041658879 -234.5367334549129
-928.326505445242 -233.947116381377
-927.6854195821286 -232.9801254336536
-926.5281868207455 -231.8989806239307
-925.8074833381177 -230.9631737534702
-924.0583480823041 -230.01090336486698
-922.2012075412274 -229.89995797619224
-920.4531238305569 -229.90127464279533
-918.6033659207822 -229.74572005018592
-917.0304250943661 -229.56756857678295
-915.6303779113293 -229.3393694524467
-914.5595540034772 -229.3821916346252
-913.1271482932568 -229.01071414992214
-912.1278388726712 -228.89859103307128
-910.869105719328 -228.45687865361572
-909.7882123219968 -228.6771131668985
-908.1585042703152 -228.55019196018577
-907.1476093757153 -228.26574956521392
-906.0294684398175 -228.05168291077018
-905.0703062045575 -227.5790150974691
-903.391827248335 -227.3709140484035
-901.5730985629559 -226.98367608234287
-900.037916802168 -226.959634206146
-898.7398896443844 -226.8964624617994
-897.0953743684292 -226.63565828546882
-895.3003108727933 -226.74232219800354
-894.3891589868069 -226.77782440826297
-893.0564786422253 -227.2330955927074
