-1108.43 -311.37
-1109.4889019060136 -311.9304885816574
-1111.0378189611436 -312.34425332665444
-1112.1900399255753 -312.4894733977318
-1112.9553920555115 -313.4337635588646
-1114.8489150333405 -313.69576790452004
-1116.1184280443192 -314.318719650507
-1117.1791810321808 -314.7591600370407
-1119.0747595357896 -314.93051191687584
-1119.7789906191827 -315.5291943204403
-1121.1327660012246 -315.3067180168629
-1122.4298460412026 -315.0234173190594
-1123.452018492222 -314.7508534145355
-1124.5902919697762 -314.4279998791218
-1125.7074700522423 -314.4954891306162
-1127.2738151478768 -314.9482181471586
-1128.9571371006966 -314.2688340944052
-1130.5134502577782 -313.76839796721936
-1131.5732639956475 -313.9674151492119
-1132.9811160492898 -314.2504307579994
-1133.89329587698 -313.9709846031666
-1134.6033821034432 -313.55764397501946
-1135.564178519249 -312.8509610545635
-1136.8317580747605 -312.060778285265
-1137.5383046197892 -310.8674413216114
-1138.6522049236298 -309.84413805127144
-1139.966959052086 -309.20207562565804
-1140.6389545726777 -308.09460332512856
-1141.5084323215485 -306.8673823130131
-1142.5087689685822 -305.88342341303826
-1142.7798683571816 -304.78567727923394
-1143.0143635797501 -303.61942323565484
-1143.3582579123974 -302.43106850504876
-1143.7888790595532 -300.7823384654522
-1144.0887826013566 -299.1993854892254
-1143.8837442475558 -297.96891173243523
-1144.495267995 -296.7192144048214
-1144.0754353481532 -294.87681337714196
-1143.7573736387492 -293.43481620669365
-1144.559937902093 -292.55876990675927
-1144.711293168664 -291.30733498454094
-1145.6240635591746 -290.0228190076351
-1145.2175859886408 -289.16565247893334
-1145.4024750220776 -288.40957745432854
-1145.6114350783826 -286.77567538142205
-1146.121328674555 -285.27962502360344
-1146.7157370078564 -283.9872343194485
-1147.5857866036893 -283.0105520141125
-1147.479430757761 -282.1552692306042
-1148.2980540621281 -280.4186650168896
-1147.8012196648122 -278.8629558932781
-1148.0152479934693 -277.540579880476
-1147.8224336433411 -276.0524723184109
-1148.3143101263047 -275.25389679789544
-1147.9254343736172 -273.74093886733056
-1148.0377061221004 -272.81890329241753
-1148.2346776279808 -271.703354562521
-1148.7245974096656 -270.03358694434166
-1149.1085577461124 -268.5412647378445
-1149.6239618512989 -267.37416681170464
-1149.0653000923992 -265.9098469865322
-1149.3758786770702 -264.39139815688134
-1149.3072956579924 -263.27341648459435
-1148.9903942126036 -261.83520444750786
-1148.903395496607 -260.8590332520008
-1148.5812124836445 -259.94754734158516
-1148.8153884190322 -258.51103201031685
-1148.6960346478224 -257.5607298862934
-1148.311994560361 -256.0112561237812
-1148.963023789525 -254.3229620707035
-1149.2865531522036 -252.80303111195565
-1149.0269889312983 -251.4067946922779
-1148.7792795526982 -250.2526974928379
-1148.392432473898 -248.51993193745614
-1148.6938780474663 -247.7686786901951
-1148.6945711544902 -246.3677960884571
-1148.894293519035 -244.65234508633614
-1149.164790513292 -243.03469755768776
-1148.7324613354356 -242.23751678586007
-1148.4947867713124 -240.65221610188485
-1148.9916091582925 -239.52105441212655
-1148.718916328922 -238.27536311268807
-1148.234799059406 -237.508786226511
-1148.5316223523766 -235.76449992775918
-1147.8933583519608 -234.71662202000618
-1147.4447291217 -233.80322172760964
-1147.3594309262187 -232.399411226511
-1147.8843295744807 -231.47463431477547
-1147.753069119826 -230.1196980726719
-1147.6852022282035 -229.27446737408638
-1147.1701516977698 -227.71053233265877
-1147.0635087884218 -226.30563476204873
-1146.9206072486193 -224.67936220288277
-1146.6757361984999 -223.31671073555947
-1145.7835266686232 -221.65409245610238
-1144.6131653881819 -220.34052958607674
-1143.5599433279783 -219.43287428736687
-1142.818886647299 -218.15799590468407
-1141.9662291503698 -217.69350075244904
-1141.4335664010794 -216.37937259197236
-1140.042836258486 -215.3324457359314
-1138.7009342408926 -214.81292169809342
-1137.696681926325 -213.97852724313736
-1136.8480897641928 -213.38737362146378
-1135.2399039960653 -213.0033360671997
-1133.7748708225042 -212.68606742739678
-1132.8911761737616 -212.2180713069439
-1131.3636577821524 -212.0458287549019
-1130.2648438907415 -212.1659551215172
-1128.7449129319937 -211.79275255918503
-1128.0126929379255 -211.3959042084217
-1126.2042721606047 -211.66453518986702
-1124.7641712523252 -211.32953419804574
-1123.9174398279936 -211.75858285546303
-1123.0934829808027 -211.79750611528755
-1121.2631368733198 -211.33926763281227
-1120.425916562155 -211.01666202291847
-1119.4486564493925 -211.01851469919086
-1117.8789240217955 -211.35234970495105
-1116.565555105284 -211.46892347827554
-1114.7714405155928 -211.3673290897906
-1113.775911519602 -211.34860807552934
-1112.1729070640356 -212.01186162129045
-1111.094263026789 -211.74375724688173
-1110.2890314555914 -212.2065450538695
-1108.7439993119986 -212.8148567070067
-1107.6532000995428 -213.12750548020006
-1106.9120299316198 -212.89830355241895
-1105.8276566959173 -212.42440478399396
-1104.8461796737463 -212.2821111817658
-1103.392373154238 -212.19781257107854
-1102.141845414713 -212.6128157515824
-1100.9730559087545 -212.33577932313085
-1099.9749576545507 -213.01657183364034
-1098.8417453265936 -212.64504481747747
-1097.3201678491384 -213.0196891565621
-1096.1846290326864 -213.32364301279188
-1094.932695100382 -212.82446430519224
-1093.7754226423056 -212.48055137589574
-1092.5936966634542 -212.6177791197598
-1091.255978891924 -213.15145777061582
-1090.238661716059 -212.59988020256162
-1089.1443664527685 -212.25121404126287
-1088.4340998030455 -212.63487337425352
-1087.1944998598844 -212.51405388757587
-1085.666256318167 -212.53931212320924
-1083.7600361204893 -213.15069031611085
-1082.1167825556547 -213.64707317844034
-1081.0105161762983 -213.3840589810908
-1080.3350700236113 -213.6960604478419
-1079.2937169171125 -213.22489371791482
-1078.165683279112 -212.88641211286188
-1076.6417769289762 -213.43795248761774
-1075.8520192003996 -213.40367310389877
-1074.5091111756117 -213.3504669506848
-1073.5917186833174 -213.26412029460073
-1072.4992487526686 -212.5599632997811
-1071.3049551344664 -211.99221326306463
-1070.4958037234098 -212.09021279111505
-1069.8284712529928 -212.70254996314645
-1068.4380239940435 -212.86866560474039
-1067.3991066909582 -212.8426755041629
-1066.0844461417944 -213.2116999001056
-1064.9573885894567 -212.57464265532792
-1063.6426128841192 -211.99135571427644
-1062.4306462503225 -212.3209055633098
-1060.9964597917349 -212.2329344869405
-1060.1796543694288 -212.48569626815618
-1059.097093353346 -212.8156978905946
-1057.6694669819624 -213.25250507600606
-1055.9216981030256 -213.18657740660012
-1054.730298171118 -213.65805494494737
-1053.5926007128508 -213.64664635609836
-1052.4109425640852 -214.2167358155176
-1050.4370048142225 -214.01900262188167
-1049.4120198584349 -214.33306852530689
-1047.6474565363676 -213.7666713352129
-1045.964510569647 -213.02958891343326
-1044.0792135096342 -212.60307586740703
-1042.398556361273 -212.4768511409685
-1041.2231646872312 -212.35160390090198
-1039.69651247032 -211.9306312258169
-1038.7350510454924 -212.5136984045431
-1037.3884085512907 -212.31615879189224
-1035.996978411749 -212.27808311384172
-1034.1872559881956 -212.09962694149465
-1033.2954008675367 -212.39503399830312
-1031.6488051510603 -212.10174329381437
-1030.682794938162 -212.55113597016782
-1029.4158296681196 -212.63797372382135
-1027.5436493254454 -212.39626842539758
-1025.8804655171186 -211.94119092624635
-1024.6301380492002 -211.86739420693368
-1023.3846310473234 -211.5046413223073
-1021.8622198200972 -211.68970954220742
-1020.4186034298689 -211.78322595160455
-1018.7984997130186 -212.19135746162385
-1017.560560355261 -212.1157407442853
-1015.6662386751921 -212.14617491874844
-1013.7882737017424 -212.33738590393216
-1012.5936318732054 -212.0587280503288
-1011.5665727949888 -211.79582984361798
-1010.548594961241 -212.0771494916454
-1009.0142454005033 -212.73335884127766
-1007.7465703583509 -213.20199478778989
-1006.5074615574629 -213.08108191553504
-1005.1175936556608 -213.16032932315022
-1004.2990884876997 -212.71753324184567
-1002.8187764979155 -213.16965026769788
-1001.7054408884794 -213.56798125419766
-1000.2008330918104 -213.40717893455178
-999.1829943753035 -212.97776698682458
-997.8173912859709 -213.12015449617058
-996.4659984207899 -213.19768947724253
-995.1598271227629 -213.1249153054133
-993.9761586285383 -212.830199364461
-992.6662765837461 -213.354813102521
-990.9705053664 -213.66149118904025
-990.0004676080496 -213.61401344452054
-989.0445022083074 -213.73682750377804
-987.9963255620748 -214.18221707258374
-986.4957982993872 -213.80345962557942
-985.4950851894171 -213.87244647357613
-984.0929181075842 -213.4509803614393
-982.9673147893698 -213.50262118492276
-982.2347554660589 -213.62226998422295
-980.8811009622366 -213.72524621699006
-980.0999876356871 -214.06304004404694
-978.5923134184629 -214.23703141126782
-977.1793062783033 -214.06615689013154
-975.4113681412489 -214.1446772626415
-974.3824075556547 -214.25845676276833
-973.3409923411161 -214.39776341233403
-971.766801962927 -213.8116963318363
-970.6956359244139 -213.4436447731033
-969.4202571011335 -213.84364924941212
-968.5931969381124 -213.83124307904393
-967.357409188822 -213.50030825648457
-966.5890706277639 -212.71772358927876
-964.7282841897756 -212.69152897771448
-963.0188375211508 -212.72002856049687
-961.6305512882025 -212.62148853007704
-960.200195381716 -212.995905954279
-959.485206315592 -213.01153987262398
-958.3995251155645 -212.55690204713494
-957.4680283165724 -212.66678875301034
-955.8455361223967 -212.9838661513105
-954.8905227280409 -212.53627389285714
-953.2978566981108 -212.15610411379487
-952.0867340660841 -212.6461397967115
-950.8120796776564 -212.96114089701325
-949.4659875727446 -212.82183147583157
-948.2540174818785 -212.68565804872662
-946.7829121447355 -213.03880749259145
-945.4794224596769 -212.9266835710779
-943.655906090811 -213.43138005945832
-941.7149908638746 -214.11159959051759
-940.9579482770712 -214.76396849367768
-939.8812509275228 -215.3037917873636
-938.8201584316046 -215.9561227819696
-937.8042338586599 -216.6278027555719
-936.8825792766363 -217.14884665224702
-935.8711451984198 -217.8793949744478
-934.4741173482687 -218.17685111973435
-933.4129194713385 -219.34696682903916
-932.5194459653646 -219.44815902028233
-931.8542927599699 -219.89689878735692
-930.7152388191969 -219.95728312049062
-929.12187422283 -219.98089405510575
-927.7397266722471 -220.6380310914293
-925.8466149664671 -220.93928697321564
-925.1686887837202 -221.30671810720116
-924.0880385733396 -221.623114820458
-923.2016217804701 -222.30904644344002
-922.2969982720167 -222.43382739637048
-921.1111705399305 -223.10944139573724
-919.6563340521604 -222.9742379597202
-917.8663693762571 -222.80594996724278
-916.3566286659986 -222.71810842666775
-914.926807532385 -222.96039212856442
-913.0341945982725 -223.34573979292065
-911.8699195481092 -223.72036714468152
-910.5632683134825 -224.15985561523587
-909.0327541924269 -223.44814110908658
-907.8202146387846 -222.99727300915868
-906.6302234030516 -223.39392320428044
-904.780276188925 -223.46682041499764
-903.3825335598738 -223.66336851928384
-901.9260975218565 -223.29946916911751
-900.8669417000563 -222.64086544129998
-899.8514521218092 -221.52010953042657
