-1108.43 -311.37
-1106.8891866731644 -310.4058490943909
-1105.9251219558716 -310.25697531819344
-1104.255828075409 -309.4770720255375
-1102.3355454730988 -308.7336116087437
-1100.5120651054383 -308.21147968888283
-1098.698329501152 -307.7612293314934
-1097.5774989652634 -307.2043085050583
-1095.821103386879 -307.0517108243704
-1093.8869865465165 -306.71560833871365
-1092.1331648159028 -306.8754069310427
-1090.2305495071412 -307.124584223032
-1088.4648542928696 -306.7010972750187
-1086.878890566826 -307.16726925492287
-1085.4882163333893 -306.64225425839425
-1083.7842096614838 -306.30254059553147
-1081.9634060192109 -306.3114321780205
-1081.1867590475083 -305.9117098701
-1080.178478293419 -305.6240883421898
-1078.355945520401 -306.3830972266197
-1076.453283481598 -306.0020634186268
-1074.6435856151581 -305.9554341685772
-1072.7230307388306 -305.7161643755436
-1070.794909887314 -305.5615892958641
-1069.4412841129304 -305.5830378186703
-1067.7934128570557 -306.19418462634087
-1066.4221411275864 -306.088862503767
-1065.3675813007355 -306.08021953225136
-1063.4504263925553 -305.7554295015335
-1061.686872534752 -305.5887114953995
-1060.1893079805375 -305.44325688004494
-1058.4488294649125 -305.5511657845974
-1056.6078424978257 -305.32321393013
-1054.8237467336655 -305.44453721761704
-1053.4629928398133 -305.15857055306435
-1052.4057937192918 -305.6335025382042
-1050.5004983472825 -305.13093059778214
-1049.320331029892 -304.46696370363236
-1048.275664381981 -303.1696868491173
-1047.4970350193978 -301.41748529195786
-1047.2570528316498 -300.06173234701157
-1046.936532728672 -298.2902662110329
-1046.2102959084511 -296.4561893296242
-1045.9863563108445 -294.62554364919663
-1045.3858542966843 -292.70828979730607
-1045.047575109005 -291.049703772068
-1044.9071388024092 -289.2039567780495
-1045.0116149637104 -287.7846538376808
-1045.1863438043 -286.03793793439866
-1044.865918532312 -284.3638091635704
-1044.730127066672 -283.0635376524925
-1044.3875802758337 -282.0389490675926
-1044.06916362077 -280.33722108125687
-1043.6975679400564 -278.86315375089646
-1044.0632013681532 -277.03641587018967
-1043.7137057486177 -275.49514489889145
-1043.605736360252 -274.0564773631096
-1043.4215591552854 -272.51886289834977
-1043.1712596419454 -271.2056059193611
-1043.1725292357803 -269.3181776356697
-1043.4147469255329 -267.8926294398308
-1043.6099556985498 -266.3823934149742
-1043.1533907952905 -264.93936091184617
-1042.8237810137869 -263.4862059903145
-1042.8915131691099 -261.9539577317238
-1042.8303757163883 -260.21330743551255
-1042.7912774834037 -258.84826570272446
-1042.5704445394874 -257.0330854010582
-1042.5926943573356 -255.44946676015854
-1042.3499662432075 -253.58351808309556
-1043.091378286779 -251.9535458636284
-1042.712226882875 -250.48790043115616
-1042.4994696828724 -248.6471139740944
-1042.2394473406673 -247.02365427732468
-1042.056820318401 -245.19238358259202
-1042.1019371303917 -243.6685457777977
-1042.3058159205318 -242.0129256796837
-1042.2680338773132 -240.66812306165696
-1042.9383295926452 -239.44633429765702
-1042.70488065511 -237.9404169869423
-1042.530689060986 -236.29064267396927
-1042.739774644673 -234.52553385019303
-1042.5770587328077 -232.94271832227707
-1042.5880636156724 -231.42514639616013
-1042.1232295812295 -230.1317080807686
-1042.2463850558922 -228.19705146074295
-1041.6119401634858 -226.33119505167008
-1041.4677019001172 -225.4856947016716
-1040.9822444201634 -223.99831276655198
-1039.7865043164418 -222.9607786488533
-1038.6189145327733 -221.82610839128495
-1037.0533633710072 -221.47995492339135
-1035.6320773841069 -221.32611752569676
-1034.5923778296635 -221.32937429368496
-1033.7751836062596 -220.85503409326077
-1032.4179686785862 -220.07146523416043
-1030.6577528000996 -220.07518052577973
-1029.4694260836766 -220.26206570386887
-1028.2406305552647 -219.76900240302086
-1026.8158708096669 -219.29110952734948
-1024.970147180669 -219.0849015069008
-1023.4568648816273 -219.16141683876515
-1021.512671280019 -218.9527956646681
-1020.051826405637 -219.58320407092572
-1018.4203767062352 -219.68476797163487
-1016.9735262871907 -219.83155779063702
-1015.9275103093312 -219.6366539400816
-1014.6919628859685 -219.3862790566683
-1013.1049534560368 -219.03581384837628
-1012.2581295849011 -218.57172007381917
-1011.3028856397793 -218.31771893322468
-1009.4981677414105 -218.29331805825234
-1007.98616884958 -218.33432784944773
-1006.2512957931683 -218.0181352224946
-1004.7314046503232 -217.90019536286593
-1003.3617286564038 -218.48154843121767
-1001.5809248567746 -218.59311042249203
-1000.0398685814068 -218.13070265471936
-999.2152315260098 -218.1724115562439
-997.6777913452313 -218.0517143857479
-996.4302793623135 -217.77783670544625
-995.1458312154934 -217.81429737329483
-993.5361540199444 -218.1347607922554
-991.6168601394818 -218.0617423605919
-989.8558754802868 -217.96993118047715
-988.101093995683 -217.696291680336
-987.1231217266247 -218.34214144468308
-986.1966421486065 -218.7813058745861
-985.0762447000668 -218.82066886767745
-983.4358383299038 -219.03875630244613
-981.7096863866971 -219.48633863672615
-980.4939972044156 -219.0926224206388
-978.9374908090756 -218.83530833467842
-977.2118755460904 -218.68099831685424
-975.7929632545636 -219.09057634219528
-974.1107960821316 -218.51593815431
-973.3126234890149 -219.0202625308931
-972.1460844160245 -218.92224439129234
-970.4063048244641 -218.83627908572555
-968.790894615762 -218.303875259012
-967.5628068329022 -217.85837405070663
-965.8525221229718 -217.91605267569423
-964.2816015363858 -217.73677603051067
-963.1278309703991 -217.78677997633815
-961.9455947757885 -218.1754213039577
-960.8101143718884 -218.5989203517139
-959.8974702240155 -218.1759163503349
-959.2033776522801 -218.85844919726253
-957.5028762103245 -218.5673575167358
-956.224751639478 -218.46752829000354
-954.949872779958 -218.98063451692462
-953.2194638730214 -218.7084037129581
-951.7763059617207 -218.7141062681377
-949.9851483584569 -219.02359104797245
-948.3105997325108 -218.8442212407291
-946.4082123519108 -218.38616863533855
-944.7773927928135 -218.56884141907096
-943.0483266593144 -219.0148492370546
-941.7088200331852 -218.5136399780214
-940.5453588248417 -218.13327108964324
-938.8201468468831 -218.3703579221666
-937.2470881224797 -218.47326375439764
-935.9984474660084 -218.50182423636318
-934.6688753844426 -218.0472759668529
-933.7171269537137 -217.86666779860855
-932.5004860044644 -217.86563330039382
-931.0031796575711 -218.04418315634132
-929.4477474571393 -218.89040508016944
-928.401569354646 -218.91875492677093
-927.2372346998379 -219.96996270760894
-926.1949454427884 -220.03466396674514
-924.7060946108029 -220.24013075873256
-924.0468267680333 -220.4825665716827
-922.4631183625386 -221.41644779488445
-920.8759443045781 -221.51860140904785
-919.7573636056111 -222.03653042659164
-918.2603741170094 -222.03883277520538
-916.437852668874 -222.8519868169725
-914.5518711091206 -223.2114142690599
-913.1692861796544 -223.0848467116058
-911.6381266595051 -223.56967440888286
-910.5096641064808 -223.8203871910274
-909.3801751614735 -223.16172457382083
-907.9423197985814 -223.12550629198552
-906.8036667586491 -223.4184533160925
-905.454027700536 -223.80438617885113
-904.2286644459889 -223.67858811736107
-902.947012233846 -223.07171770453454
-902.0155083419011 -222.30649420142174
-900.7650906325505 -221.79904046177865
-900.0723606229947 -220.87905385613442
