-1108.43 -311.37
-1107.181561999321 -311.5869285863638
-1106.4709415364266 -310.97017673671246
-1104.744008295536 -310.971225271821
-1103.0148780274392 -310.97704516619444
-1102.2114549803734 -310.5600557503104
-1100.6533793139458 -310.7419267770648
-1099.4270483183861 -311.17278643220664
-1097.9225406575204 -311.34152074426413
-1096.1980029273034 -311.94510390132666
-1095.5201719927788 -311.97165828838945
-1094.089974038601 -311.56396436586977
-1092.5146356749535 -311.755706294328
-1091.44115244627 -311.5688654024899
-1090.3985007929803 -311.0788881917298
-1089.5756378102303 -311.37727938488126
-1088.4199055361748 -312.0364253361523
-1086.5873628783227 -311.80369280174375
-1085.0875633883477 -312.3774211843312
-1083.8011279034615 -312.44330610230566
-1083.0189109373093 -312.9667256613076
-1082.2323681640626 -312.5075734396279
-1081.2913591194153 -312.1973179419339
-1079.5676130580903 -311.865282728225
-1078.3573411035538 -311.55577506020666
-1077.0857326316834 -312.09884233668447
-1075.7312173175812 -311.82167895033956
-1074.366933040619 -311.5689721246064
-1072.7812352705002 -311.78991360858083
-1071.347282819748 -312.1768225570023
-1070.3565065193177 -311.5999873419106
-1069.5892390537263 -312.0474847097695
-1068.186325006485 -312.3337062139809
-1066.240244679451 -312.13335414126516
-1064.9717511463166 -312.54558022215963
-1063.7486132907868 -313.0422122617066
-1062.903648607731 -312.7928989966214
-1062.061963133812 -312.26297281578184
-1060.9959075975419 -311.78619132831693
-1059.4447471427918 -312.1394173641503
-1058.0585046339036 -311.62320049002767
-1056.8305862474442 -312.06213231280447
-1055.2537632513047 -312.0768457007408
-1054.5432511496545 -312.35893707990647
-1052.961599700451 -311.88714596152306
-1051.0180391001702 -312.20383879065514
-1049.3936309742928 -312.3049161684513
-1047.98447524786 -312.4743843328953
-1047.0004405903817 -311.9776979637146
-1045.0676352906228 -312.54425298690796
-1043.2487158703805 -312.09842395305634
-1041.8937268185616 -312.1333191458881
-1040.8166960406304 -312.3204922144115
-1039.3357525992394 -312.47951380059123
-1038.0443224835396 -312.5491829802096
-1037.2739284563065 -313.0704707790911
-1035.8383907604218 -312.5723944891989
-1034.2544150877 -312.3527372916043
-1033.254363231659 -312.93027733162046
-1031.5669557380677 -312.78141610220075
-1029.9115471172333 -312.6965773765743
-1028.3269485759736 -313.01032943174243
-1026.9265076446534 -312.9018723060191
-1025.738326482773 -313.44150546088815
-1024.5239347743989 -313.27080511942506
-1023.3929218578339 -313.22416128858924
-1021.5974616336823 -313.4152077947557
-1019.8711697387696 -313.95615308627487
-1018.3992543745042 -313.93502889841795
-1016.6924025344849 -313.70451191335917
-1015.5525200891495 -314.12348556786776
-1014.5492831993104 -314.26531994611025
-1013.7279724407197 -314.50027707487345
-1012.3903298902512 -313.8874855366349
-1010.6094518232346 -314.1722845759988
-1009.8676443028451 -313.69139099389315
-1008.5984712767602 -313.671127679646
-1007.1826643872262 -313.400749745667
-1006.0259243178368 -313.02956289321185
-1005.006111137867 -313.25936369866133
-1003.131101243496 -313.66861464351416
-1001.4092726635934 -313.9048417982459
-999.7681796479226 -313.6766256567836
-998.0644164013863 -313.08982001513243
-996.6949174332619 -313.4710829731822
-995.5267662930489 -313.1069733378291
-994.7560807394982 -312.98872658878565
-993.3608784604073 -312.4981094327569
-992.3504699397088 -312.4632746604085
-991.0066008496285 -312.7681500938535
-989.9852772879601 -312.83611028164626
-988.7502617764474 -312.6244490620494
-987.3677422928811 -313.37480853766203
-986.4685724902154 -313.936604308784
-984.8634051012993 -313.73569929867983
-983.4701039719582 -313.39885673195124
-982.6650173592568 -313.4941125315428
-980.7604188847542 -312.904971639514
-979.9585258293152 -312.75592706620694
-978.4483373689652 -313.2550790113211
-977.4759642410279 -313.3097789426148
-975.8839382457734 -313.658783300668
-974.1179012584687 -313.83691313758493
-972.2107816267014 -313.4013643850386
-970.6697922277451 -313.4710796241462
-969.2923673915864 -312.8614198331535
-968.5670403766633 -312.27119491145015
-967.0072359371186 -312.60925552889705
-965.7826927232743 -311.4087695841491
-965.2044929194451 -310.65379974886775
-964.5506168532372 -310.51635721966625
-963.1408723521233 -309.97694090649486
-962.5784258174897 -309.0287058119476
-961.8789526152611 -307.82533834025264
-961.9219736534358 -306.53258607432247
-961.6561508852244 -305.30533251807094
-961.2071146148444 -304.2548001770675
-961.4495639878512 -303.0528735880554
-961.6895486044884 -301.7447870735824
-961.8001518923045 -300.72364792868495
-961.4168653565646 -298.95435843512416
-960.64165420115 -297.47087822005153
-960.4352948594094 -296.3422196869552
-959.3785217928887 -295.5637461309135
-959.034493290186 -294.8466591601074
-958.9582456278802 -293.2911932234466
-958.3045006918908 -292.1068898205459
-957.4262968230248 -291.28195295378566
-956.1067773032189 -290.44635770365596
-955.952881448269 -289.0897284512222
-955.5050896930695 -288.17869279429317
-954.7835272479058 -287.4027896885574
-954.089113585949 -286.0999470715225
-953.3226813006402 -285.6363807980716
-952.0731499123574 -284.5598453347385
-951.6760439801217 -283.1297427479923
-950.1902227330208 -282.61813617393375
-948.8504351305962 -281.5218496386707
-947.8280078101159 -279.97209215804935
-947.3483863401414 -278.70517481014133
-947.138996206522 -277.21327365085483
-946.4432080018521 -275.93765330955387
-945.4744532334805 -274.7865357463062
-944.2132733094693 -273.26370788261295
-943.622352026701 -271.8065676753223
-943.0424315559865 -271.2123752896488
-941.7476976740361 -271.06520850107074
-940.6408005583287 -270.8393055562675
-939.8524215447903 -269.989625788182
-938.5300609099866 -269.21937773272396
-937.5282358157635 -268.4960921172798
-936.3444251048566 -267.77500835701824
-935.4493141400815 -266.05909112736583
-934.893220268488 -264.8655165795982
-934.7873538064957 -263.58767012402416
-934.3211796808243 -262.6179713372886
-934.1547522175313 -261.51329377934337
-933.6069192516804 -259.7394078139961
-933.6646601188183 -258.0134095315635
-933.2589140760899 -256.30196419999004
-933.0107670801879 -254.73814300343395
-932.509405412078 -254.04429397627712
-931.9175055998564 -252.46556494280696
-932.3991442400218 -251.01896832033992
-932.5278786200286 -249.26555452391506
-932.0711335021258 -247.73561856791378
-931.8311208564044 -246.26546917006374
-931.6196867305041 -245.23619720980525
-931.7758009362221 -244.19774982973934
-931.367242269516 -242.85142133280635
-931.1131735670567 -241.16205165430904
-930.8608309853078 -240.33682719513774
-930.8404380160571 -238.7218991880119
-930.4130670505763 -237.48204306408763
-929.8487145382167 -236.21677008911968
-930.2781445461512 -234.76618353173137
-929.4002731519938 -234.05848918005825
-929.4161068278552 -232.95893774077297
-928.4308077770472 -232.34483680769802
-927.6690276342631 -231.25912461325527
-926.3449332195521 -230.9620232348144
-925.4990459161997 -229.96766248986125
-924.487646766305 -229.23486957594753
-923.3772406059504 -229.06977911934257
-922.2597008424998 -228.6771366213262
-920.5346012789012 -228.23339068040252
-919.1482072550059 -228.3269005034864
-918.1309934335948 -228.1933472071588
-916.8566439825297 -227.77941109880805
-915.9441892582179 -228.31958552345634
-914.9249447065592 -227.91328292235733
-914.0670735317469 -227.66381908103824
-912.5510507303477 -227.52988398715854
-911.0427878576518 -227.10978431150318
-909.3894568163157 -227.73337072774768
-908.0017494636775 -227.5970260564983
-906.8450003343821 -227.3277602557838
-905.0736840444804 -227.42198862031103
-903.2751926857234 -227.66487409070135
-901.5206932502986 -227.18653057411314
-900.7627719718218 -227.68847344711423
-898.8934899646044 -227.759885019511
-897.2374039965869 -227.53967779025436
-895.704786785245 -227.28021263226867
-893.9940605241061 -226.57331656560302
