-1108.43 -311.37
-1107.5758683013917 -310.96505942463875
-1105.9517353105546 -310.76398950338364
-1104.384644203186 -311.1049165081978
-1103.3694037723542 -310.7378776025772
-1102.1372734832764 -310.50376903533936
-1100.3310565280915 -310.50786036521197
-1098.4041678237916 -310.15382379561663
-1096.4380786943436 -310.1752924051881
-1094.6405511426926 -309.9800551709533
-1093.265551738739 -309.75594836741686
-1091.4330219554902 -310.1336658027768
-1090.2264732646943 -310.1082910773158
-1088.7070042419434 -310.27102837234736
-1087.305670671463 -310.6402147141099
-1085.8212320137025 -310.3653852966428
-1084.3457823324204 -310.0582123425603
-1083.0030504989625 -309.8985446718335
-1081.364361577034 -309.7582047906518
-1079.678557806015 -310.5119920101762
-1078.0202707576752 -309.98200860887766
-1077.0619265961648 -310.25019985705615
-1075.6368577408791 -310.3244614702463
-1073.9230034279824 -310.3597032827139
-1072.1212840008736 -310.470775629282
-1070.5315959382058 -310.05147093057633
-1068.7529473233224 -310.13446951925755
-1066.9511072564126 -309.99036909163
-1065.0897240567208 -310.3912895423174
-1063.8058836388589 -310.23789643764496
-1062.4241789507867 -310.6619189929962
-1060.6442431139947 -310.32486319065094
-1058.7075680422784 -310.61425250291825
-1056.8246011662484 -310.41306998848916
-1055.2142383980752 -310.22256956517697
-1053.726599328518 -309.82852722227574
-1051.8731996941567 -309.5804057073593
-1050.3509535717965 -309.7890514087677
-1048.8455984520913 -310.33306240558625
-1047.8928453850747 -310.6584241640568
-1046.0309576916695 -310.6949767050147
-1044.4788368868828 -310.13065441221
-1042.848581545353 -310.5014701065421
-1041.231649272442 -310.86975361675024
-1040.231816225052 -310.4263112124801
-1038.972494893074 -310.32866671949625
-1037.7366400289536 -310.1246381726861
-1036.29310005188 -309.87910245627165
-1035.0576865005494 -309.9641419675946
-1033.4414716291428 -310.5975393679738
-1031.9731690216065 -310.1351003971696
-1030.137401752472 -309.9906730827689
-1029.0190691280366 -309.80848230689764
-1027.9756080436707 -310.08202789992094
-1026.7820671129227 -310.54401023954154
-1024.9805350828171 -310.2439097341895
-1023.3948805856705 -310.7565838870406
-1021.6780034828187 -310.55065425008536
-1020.2617623138428 -310.27798028558493
-1018.5581485557557 -310.11932580441237
-1016.815122537613 -310.1944705796242
-1015.6215268898011 -309.9255712580681
-1013.8280941772462 -309.74207958102227
-1012.7032294797898 -309.294886316061
-1011.177551560402 -309.38199969649315
-1009.5736811685563 -309.63471304893494
-1008.1854994821549 -309.6682274144888
-1007.169478468895 -309.52069331228734
-1005.2878315973282 -309.5364870530367
-1004.0696793127061 -309.5393650633097
-1002.8378649282456 -309.54613534629345
-1001.0118158388138 -309.6845054280758
-1000.0395031499863 -309.78809759289027
-998.173699669838 -310.2125397053361
-996.2579286623002 -310.18854052096606
-994.5286824035645 -310.1204210397601
-992.8125727701188 -309.5865564224124
-991.0390533733369 -309.0709910866618
-989.1878802108765 -308.8260665115714
-987.2754594612122 -308.92297067016364
-986.0425853061677 -308.52280171483756
-984.7993871498109 -309.07008977502585
-983.1771973896027 -308.3789065656066
-981.7262452173234 -308.5148969617486
-979.8749037313462 -308.0247844186425
-978.6608560609818 -307.33649173647166
-977.0241681861878 -307.4133847978711
-975.7138699817658 -307.0265864160657
-974.0952120351792 -306.6673964586854
-972.7917572784424 -305.3883322802186
-972.4229113090039 -304.67703739076853
-971.5732455480099 -303.62392869859934
-971.5823419618607 -302.1799651709199
-970.8979287672043 -300.60578027635813
-970.1235809850693 -299.5124062624574
-969.8020834851266 -297.9552004662156
-969.5311824011803 -296.52496972948313
-969.4819802570344 -294.6746731129289
-969.6466555821896 -292.88108149439097
-969.8205930221081 -290.95943489938975
-970.0861786830426 -289.599899443686
-969.6209340918065 -288.74416879087687
-969.3538594472409 -287.0959041443467
-969.1545642840863 -285.89996031194926
-969.1183831843734 -284.4661504355073
-969.1016443113983 -283.229497345984
-969.4959456960858 -281.8621352043748
-969.5110134746135 -280.97565946251154
-969.5437105636299 -280.0694820609689
-969.3447049747408 -279.00985524326563
-968.6005032549799 -277.55277917057276
-968.912052769512 -276.5186923471093
-969.0888889174164 -275.111592861712
-969.3305465321243 -273.86040923267603
-969.4065670262278 -272.44662365585566
-969.474184844941 -271.1151064363122
-969.168604258746 -269.8050298419595
-968.7216392795742 -268.3556611266732
-968.3683518211544 -266.52381214767695
-968.2273538450897 -264.8504583564401
-968.058445353359 -264.0719226923585
-968.472341914028 -263.2416745749116
-968.6048524270952 -261.2782556143403
-968.225237120241 -260.5880560603738
-967.7855872403086 -258.6751522746682
-967.8611910606921 -256.85579297214747
-967.799087100029 -255.6765352216363
-968.1347892212868 -254.10573396354914
-968.3565544861556 -253.01633617550135
-967.7547197121382 -251.68716308742762
-968.1570959466696 -250.29335615307093
-967.7662153023482 -248.73686239391566
-967.4932985681296 -246.9897814717889
-967.4389755989612 -245.724683496058
-967.1189291144908 -244.40117821365595
-966.7479502822459 -242.80877074867487
-966.8822759057582 -242.06271741062403
-967.0720018710197 -240.5853328433633
-967.0172829519213 -239.2732869115472
-967.076306116134 -237.93362722069025
-966.2482832784951 -236.2417183843255
-965.584237408191 -234.3325956788659
-965.5238146300615 -232.64950117737055
-965.0627400393785 -231.23364898830653
-963.8309266085923 -230.4002022472024
-962.5632971043885 -230.09373608499766
-961.3859877105058 -229.0186157551408
-959.7222634072602 -228.46546349197627
-957.83740050748 -228.74656811624766
-956.3476800437272 -228.02477255731822
-955.369415652305 -227.3275766697526
-953.7003022547067 -227.48696357280016
-951.9626652117074 -227.53993623226881
-951.0875479097665 -227.13873560994864
-949.6242302770913 -227.3574190017581
-948.7059068794549 -227.77709849447012
-946.9249897117913 -227.19418283075095
-945.2026846523584 -227.47775678604842
-944.1163005943597 -227.4634218391776
-942.2774258966745 -227.06378273934126
-940.6315416212381 -227.08468263864518
-938.7605183239282 -227.318244035244
-936.9759163971246 -227.06492369890213
-935.6812017078698 -226.62755459070206
-933.8445735092462 -226.68525772809983
-932.1385791416467 -226.78759502887726
-930.2142588014901 -227.071823502779
-928.7518726702035 -226.39712646126748
-927.0507043714822 -225.8144954097271
-925.8049645538629 -225.33120736002923
-924.0507907982171 -225.02310254693032
-922.8489732857049 -224.99776052951813
-921.5792609567941 -225.04166978120804
-920.0664848203958 -225.22562740266324
-918.6413848514856 -224.77469859540463
-917.5712056274713 -224.78968928277493
-916.082312476188 -224.8939634886384
-914.3768346424401 -224.99118653208018
-912.9315581436456 -224.92198004096747
-911.6195352192224 -224.18907036155463
-910.3492835874856 -223.9752618548274
-909.303640138656 -223.49809320539237
-907.8636156435311 -223.2360574182868
-906.4904445524514 -222.83798389405013
-904.6648839826883 -223.04931067198515
-903.3986768837274 -222.28854833811522
-902.6792420263589 -221.94243033498526
-901.7042878384889 -221.86037327617407
-900.9920719380677 -221.9522380706668
-900.3151123638452 -221.23248856037856
