-1108.43 -311.37
-1106.9096279668809 -312.12962871313096
-1105.738896303177 -312.44167449593544
-1104.9286107349396 -313.1763472211361
-1103.7633492279053 -313.5447750043869
-1102.037749938965 -313.9959005665779
-1101.2356002855302 -314.35412588238717
-1099.4241107034684 -314.86851021170617
-1098.3553758192063 -314.97421296954155
-1096.8101902532578 -314.329659665823
-1095.5469539690018 -313.9721355688572
-1093.6937234926224 -314.09896164655686
-1092.0899191427231 -314.1594243076444
-1090.5324059057236 -313.64028626948596
-1089.2763454246522 -313.24023124843836
-1088.071867876053 -313.34496055811644
-1086.61545460701 -313.7521874782443
-1085.0584087896348 -313.42065333098174
-1083.195174984932 -313.4884196546674
-1081.4333996105195 -313.93151858717204
-1079.8301499414445 -313.89756483852864
-1078.0810761976243 -313.9983419057727
-1076.9738424348832 -314.3789124068618
-1075.2856345701218 -314.99938215583563
-1073.5757923650742 -314.7087251421809
-1071.8065035867692 -314.11641536921263
-1070.1053252744675 -313.5591208216548
-1068.5231079387665 -314.3095366832614
-1066.955782942772 -314.28381443291903
-1065.7046263742448 -314.03797181218863
-1065.030940167904 -313.821415874064
-1063.2881187129021 -313.5736844417453
-1061.442282550335 -313.8726494190097
-1059.8234378027917 -314.263059425056
-1058.2730319428445 -313.88040299981833
-1056.62471937418 -313.930974765569
-1055.2782481837273 -314.0337589596212
-1053.7871776747704 -313.84902911528945
-1052.7148746180535 -313.59232615575195
-1051.2896038222314 -314.1335009251535
-1050.0182933735848 -314.2779706929624
-1048.3237452435494 -314.34068021818996
-1047.086129539013 -314.11139865860343
-1045.5303083586693 -314.2216546301544
-1044.1601133275033 -313.98458702012897
-1042.3733894753457 -314.38720763370395
-1041.2634111571313 -314.8339364294708
-1039.8865997719765 -314.19987336441875
-1038.4921505379677 -314.81471345469356
-1037.2107309031487 -314.7133049954474
-1035.2626446413994 -314.830658390075
-1033.915079586506 -314.3423567850888
-1032.8801914381982 -315.0117156942189
-1031.0902736115456 -315.6935008008778
-1030.1116992163659 -316.0488076944649
-1028.8764663863183 -316.15981848433614
-1027.5154293704034 -316.4881773133576
-1025.8108507323266 -316.37642751529813
-1024.4366034197808 -316.92736105516553
-1022.7330994534493 -316.73248438432813
-1021.4202947545052 -316.7312102754414
-1019.9989454674721 -316.9392392475903
-1019.1854941773415 -317.1627206642926
-1018.0715169835091 -317.60367105796934
-1016.5495335984231 -317.92706410482526
-1015.7004678177834 -317.432940467149
-1014.4973785805703 -317.7230689366162
-1012.8041047978402 -318.0520315308869
-1011.4095761704446 -318.1062735681236
-1009.8949853110314 -318.0330171276629
-1008.521394841671 -318.0989757318795
-1007.052490823269 -317.82135893300176
-1005.2658358740807 -318.180726005584
-1003.5334488081933 -318.2260304604471
-1002.0961277413369 -318.41629864916206
-1001.2064740586281 -318.8215795968473
-999.7526782679558 -318.90452214226127
-998.8637520003319 -318.8824188475311
-997.143183939457 -318.706111035198
-995.7639278101922 -319.02871023759246
-994.6010218787194 -319.3860936973989
-993.6560606884957 -319.6390739296377
-992.1828839707375 -319.7893877540529
-991.174802415371 -319.77392019972206
-989.5008877444268 -319.1322794173658
-987.8192195820809 -318.79379396781326
-986.8750768232346 -319.0136182372272
-985.6462152528763 -318.7274583642185
-983.9963706064225 -318.52170937404037
-982.3210137414933 -317.7931318794191
-980.4913847970963 -317.3783150230348
-978.5190086889268 -317.14477395161987
-977.5527735280991 -317.4290745173395
-975.7323351430894 -317.123175791353
-973.810627989769 -317.38233538612724
-972.3851146030427 -317.21872571751476
-971.1690778064728 -317.1648207706213
-969.370773844719 -317.44323817908764
-968.2769995260239 -317.51207392930985
-967.3352077531815 -317.5564252537489
-965.7185955572129 -317.9154817265272
-964.0926299619675 -317.6351404887438
-962.7820169258118 -317.22327918827534
-962.1860638189316 -316.7008152705431
-961.2568983960152 -315.7185348969698
-960.9615769910813 -314.9944363337755
-960.5892132449151 -313.90250332176686
-959.5023956227303 -312.8566830855608
-959.0695719051362 -311.908219884038
-959.3404900360108 -311.170685480237
-959.3516384589673 -309.6213143569231
-958.6540833938122 -308.4629301530123
-958.1183445680142 -306.9790410500765
-958.2967875379325 -305.99667705118657
-958.619958319068 -304.75031663000584
-958.1243869441748 -303.2548369270563
-958.3075407820941 -301.6043492656946
-958.039345689416 -300.41278160631657
-958.2956888753176 -298.8290727239847
-958.437646098733 -297.0069935423136
-958.1276734548808 -295.7340837818384
-958.3066558021308 -294.63259864866734
-958.077900313139 -293.2068533998728
-957.6294399130345 -291.79927826941014
-958.1862727630139 -290.01661826193333
-957.7175206172467 -288.50353265821934
-958.2130439507962 -287.2497567039728
-957.6396414268017 -285.5632199150324
-957.2047102081776 -284.62950135290623
-956.4170288670064 -283.2793675762415
-956.741974555254 -282.0236895185709
-956.0252964127064 -280.36214531481266
-955.3029533255101 -278.8729244571924
-954.3865859138966 -277.9977097016573
-953.3605873215199 -277.00728781044484
-952.3348739969731 -275.5170264941454
-951.355544410944 -274.87998564064503
-951.1727217960358 -273.83987111866475
-950.5126835632325 -272.1476151448488
-949.5379745292664 -271.51697583019734
-948.7733282375336 -270.5148567658663
-948.5827048349381 -269.56100768864155
-947.3767965364457 -269.0575518113375
-946.8079624700547 -268.29982168495656
-945.2769641208649 -267.9150464338064
-944.7548783349991 -267.18386183202267
-943.4678261804581 -265.9828334850073
-942.6981047320367 -265.50573007285595
-941.8705561089516 -264.4874147576094
-940.7640142369271 -263.59404877841473
-940.4040557372571 -262.3259656828642
-940.1403827595711 -261.00426665961743
-940.2668073552848 -259.7251205843687
-939.8211180049182 -258.8372318547964
-940.2129650193453 -257.6163613599539
-939.5331847745181 -256.5988125604391
-939.3377689796687 -254.93030939519406
-939.513807617426 -253.35223792016507
-939.1050620901585 -251.80435369431973
-939.0249038118125 -250.9142550033331
-938.3884407657386 -249.35551224172116
-938.3337870243192 -248.60932413756848
-938.2402715834976 -246.82009557902813
-937.7554549130798 -245.9694347780943
-938.1403733047844 -244.25348726928235
-937.6316325220466 -243.3971913856268
-937.1216009411216 -241.72724304616452
-936.5231552872062 -240.38898609101773
-935.5699451717735 -239.01294229447842
-934.79789675802 -237.66858480393887
-933.1901790055633 -236.6753703159094
-932.6268018636108 -235.4584899944067
-931.8765189203621 -234.43446407735348
-930.7060160192848 -233.96785442054272
-930.4742314073444 -232.49405686080456
-929.5962343665958 -231.75924930989743
-927.983045026958 -231.4051174324751
-927.2895821186901 -230.3395177525282
-926.1352134796978 -229.48315958201886
-924.6219827982784 -229.75606928288937
-923.5958374592662 -229.21348867833615
-922.5932351204754 -228.69182751595974
-921.6294514986873 -228.651893838197
-920.5310187193752 -228.77535924211145
-919.6190219971538 -228.94635654881597
-918.2750497910381 -228.80794618919492
-917.5142600986362 -229.35472057655454
-915.7482094022632 -229.53681357100606
-914.2845186445118 -229.88158060505987
-913.2503972503544 -229.256174518615
-911.9787190410495 -228.93787188723684
-910.7699211093784 -229.43920792534948
-909.2514449808002 -229.3880302001536
-907.5222716781498 -229.5256007899344
-906.4139279577137 -229.94344103232027
-904.8845185491443 -229.54964846268297
-903.5459652397037 -229.10258698359132
-902.1864797326923 -228.89044903114439
-900.8929864618183 -229.1593264181912
-899.2066803428531 -229.61724980071187
-897.4501156064869 -228.875235273391
-896.3098388168216 -228.85047879338265
-894.6125007125736 -228.573736692667
-893.4593487235904 -228.2872070324421
-892.7280075404049 -228.30231588602066
-891.3529560419918 -227.74909066677094
