-1108.43 -311.37
-1109.3028638887406 -311.3318692100048
-1110.623934082985 -311.6605314862728
-1112.0784035253525 -311.6065579158068
-1113.8310918140412 -311.9768629771471
-1114.8066895532609 -311.97399263352156
-1116.520361237526 -312.13915941387415
-1117.9185715246201 -312.5644576278329
-1118.8116499710084 -312.20604464679957
-1119.7937259602547 -311.640994104445
-1121.6685320067406 -311.59317019850016
-1123.089708082676 -311.33252889186144
-1124.0743740725518 -311.22648680478335
-1125.1743756461144 -311.80285394459963
-1126.8749655413628 -311.6435096439719
-1128.8134603428841 -311.8912571695447
-1130.6256940293313 -311.99110529839993
-1132.2167799401284 -311.6100061041117
-1133.51259755373 -311.338365624547
-1135.1555308032036 -311.10908756673336
-1136.1147420334817 -310.0600535672903
-1137.1862239766122 -309.2049500745535
-1137.936038606167 -308.12813399255276
-1138.448308699131 -307.3471188944578
-1138.877784125805 -306.59433821856976
-1139.9084029126168 -305.0157264870405
-1140.1473008322716 -303.76270870387555
-1140.5826133716107 -302.66998521506787
-1141.3645478713513 -301.5924405258894
-1141.7519573497773 -299.7716397446394
-1142.1983461904526 -298.8638576668501
-1142.3026823329926 -297.6081133288145
-1142.1827851760388 -295.94653968036175
-1141.7210616993905 -295.20310936391354
-1141.9340495693684 -293.90359316289425
-1141.6299852359296 -292.91263554513455
-1141.4318488764764 -291.35579393327237
-1141.7985545921326 -289.8912430804968
-1141.7141074839235 -288.87101660192013
-1141.6297398212553 -287.436482052207
-1142.144533932507 -285.827084402442
-1142.4892052713037 -284.39437876164914
-1143.5457067790628 -283.2216430705786
-1143.9531825187803 -282.061033706069
-1144.6747485998274 -280.47837338864804
-1145.4141730669141 -278.8310612243414
-1146.8464362028242 -277.921276370883
-1147.355157673657 -277.45989034593106
-1147.772911489308 -276.29111192643643
-1147.8627482059599 -275.42203269422055
-1148.2784732285143 -274.41890774190426
-1148.805404931605 -273.62220988690854
-1148.7488216723502 -271.952009896636
-1148.5571142549813 -270.5589436095953
-1148.7211767549813 -269.6637645763159
-1149.1172719712556 -268.18974564492703
-1148.7391567344964 -267.06438718259335
-1148.3313425894082 -266.14140663564206
-1147.563475739509 -264.87521586835385
-1147.3167044039071 -263.7245907586813
-1146.9565148468316 -262.6761896413565
-1146.2187366004289 -261.24248872220517
-1145.352326821834 -260.30649493157864
-1144.871741783172 -258.9310049813986
-1144.6611087585986 -257.6952218812704
-1144.4054388965667 -256.54992602288723
-1144.4547302241624 -254.79452500760556
-1144.6897984559835 -253.3790691894293
-1144.36650733307 -251.87719295442105
-1144.4154652173818 -250.48601911485196
-1144.7380892451108 -249.12843201577664
-1146.0710009749234 -248.27252135694027
-1146.9299790079892 -247.5304647487402
-1147.4593288715184 -246.5468280118704
-1147.915765028745 -245.34378705441952
-1147.601792317182 -243.60591481149197
-1147.334333997518 -241.88505814492703
-1146.696405750066 -240.3653183978796
-1146.6543478782476 -238.63762507855893
-1146.1054399426282 -237.34356961667538
-1146.0981344546378 -235.74908981740475
-1146.260996323377 -234.49811778485775
-1146.0210750664771 -233.6579642099142
-1146.4256893958152 -232.3838126462698
-1146.436330985576 -231.56664679467679
-1145.9771416898072 -229.89075181901455
-1145.380184006244 -229.00804398477078
-1144.8172307129205 -227.25577304780484
-1144.6479028876126 -225.42120860040188
-1143.988254826814 -223.74584434449673
-1143.2852189953626 -222.75622699677945
-1142.1867714340985 -221.30055532872677
-1141.3367613370717 -220.51158295094967
-1140.6008363182843 -219.46657703340054
-1139.3930044586957 -218.46253834187985
-1138.6729447062314 -218.03314513981343
-1137.3593973334134 -217.9981637698412
-1135.8029766495526 -217.46178645908833
-1134.4969779665769 -217.103596727252
-1133.5851935561002 -217.16487432539463
-1132.382841628343 -217.40700572252274
-1131.3879574353994 -217.17943155288697
-1129.6917022283376 -217.47125422477723
-1128.5225127752126 -217.3464621257782
-1127.8359789068998 -217.2206082892418
-1126.2127243693174 -216.58823877096177
-1124.8591319735349 -216.35590317368508
-1123.1840385611356 -216.18896215677262
-1121.6737907345594 -216.64469831705094
-1120.3632297928632 -216.1322702717781
-1119.0157250578702 -215.8447575223446
-1118.2084384377301 -215.96118171036244
-1116.8326687033475 -215.45096934854985
-1114.9183704073728 -215.51394402503968
-1113.3879605944455 -215.12173142552376
-1112.0768915827573 -214.62477784872056
-1111.2167314703763 -214.24311774492264
-1110.417270463258 -214.12262652337552
-1108.5511498863996 -214.44831712067128
-1107.624818366319 -214.6157852512598
-1106.4865603859723 -214.6300116506219
-1104.6250780041516 -214.70710285276175
-1103.4209781105817 -214.13745565980673
-1102.3876146490873 -214.19662507891655
-1101.0380988533796 -214.7411915910244
-1099.3784135992826 -214.87951159000397
-1098.0203921015561 -214.7760078188777
-1096.7645702774823 -215.10879777640105
-1095.63976363495 -215.48670165508986
-1094.3417773659528 -215.17897559970618
-1093.2287062819303 -215.26812258630991
-1092.2287285740674 -214.6846968856454
-1091.4797119911016 -214.6716853928566
-1090.407434564382 -215.21257465600968
-1089.3735391910375 -215.16393364861608
-1087.9303396756948 -215.2362942685187
-1086.0817218835653 -215.86384063854814
-1084.1845552738012 -215.38619360223413
-1083.3379950340093 -215.57199232175947
-1082.67003707245 -215.57923698600382
-1081.060327332765 -215.7872448879108
-1079.2250142510236 -215.5737075376138
-1077.4424974139035 -215.09620993014425
-1076.3927903588117 -214.72669626947493
-1075.0512079413236 -214.86785815831274
-1074.0702455456556 -215.2932410704717
-1072.8580186779798 -215.082700731121
-1072.0270342047513 -215.6199585216865
-1070.92094985798 -215.4014543163404
-1069.2076180393994 -215.22850515123457
-1067.3576631958783 -214.88503386255354
-1066.5059512074292 -215.15764106985182
-1065.2861904318631 -215.41426073189825
-1064.0000758583844 -215.54372526880354
-1062.6380000527204 -215.85751278873533
-1061.7894421036542 -216.2865052389726
-1060.0611770565808 -216.45910754974932
-1058.305505436212 -215.74261239346117
-1056.8368432934583 -215.70521968033165
-1055.3888440544904 -215.16209673311562
-1053.7864078696073 -214.70954271581024
-1052.0680385048688 -214.19947549130768
-1050.1366737301648 -214.04010205890984
-1049.4436217959226 -214.3416304531321
-1048.5930264408887 -214.3338106515631
-1047.0751617367566 -214.1011836173758
-1045.295421641618 -213.5423264148459
-1044.1015170033277 -212.76098814036698
-1042.805297535211 -212.20261147048325
-1041.7693264897168 -212.3846515062079
-1040.472610514909 -212.80969866540283
-1039.5326752479375 -213.10619905021042
-1038.5453234727681 -212.70874186780304
-1037.4261071498693 -211.97221817996353
-1035.9989183957875 -211.7967247011885
-1035.3626121099294 -211.34254425194115
-1034.0414140041173 -211.00929805066437
-1032.30703018263 -210.56101360347122
-1031.4213056381047 -210.312180945538
-1029.6404714401067 -209.95996142353863
-1027.9343471343816 -209.78957379784435
-1026.9231339509786 -209.9737095328793
-1025.8536798770726 -210.43462882366032
-1025.0644998367131 -209.92402277316899
-1024.1344115550817 -210.548727789782
-1023.2640145833791 -210.42066010262818
-1022.2270628030599 -209.8348448517546
-1021.0515601451696 -210.2724774422869
-1020.1804319436849 -210.4586456510052
-1018.9477073962987 -210.6274603399262
-1017.4837711866201 -210.27991876926274
-1015.6991848762334 -210.43572660710663
-1014.1607622916997 -210.43169168744237
-1012.8541632707418 -210.8023873380199
-1011.4947081620992 -210.9594279787317
-1009.8053564842046 -210.55233776185662
-1009.1336184556783 -210.19962685916573
-1008.4023669178785 -209.95009010646493
-1007.0073938782514 -209.417482133843
-1006.0384976084531 -209.4091955683008
-1004.5828987772763 -209.1925247869268
-1003.6791316683591 -208.9535140803829
-1002.3505021746457 -209.6031426003948
-1000.7156459505857 -209.90125090990216
-999.9130310232938 -209.80929709587247
-998.6711620505155 -209.44398431096226
-997.5803841765226 -209.8659007659927
-996.282373469621 -209.36859021697194
-995.4077856953443 -209.94742463145406
-994.748403530866 -210.40097684774548
-993.0119073207677 -210.72079278144986
-991.7127681787313 -210.49106789741666
-990.5083273465932 -210.97241659078747
-988.9830921705068 -211.1488067618385
-987.883035760671 -210.5380010119453
-986.3380684669316 -210.06378240499646
-984.9708676154912 -209.63624117884785
-983.4549879844487 -209.31974111113698
-982.1727546270192 -209.75465221319348
-980.976075988561 -210.46153588209302
-979.1176785047353 -210.1502005270496
-978.1133802945913 -210.1748318484798
-976.6909675414861 -209.85494394216687
-975.3271747644246 -210.41802222643048
-973.6447759683431 -210.88393006835133
-972.3175456340612 -211.04307512555272
-970.4232519681752 -210.78540120635182
-969.206677299291 -210.63526488456876
-968.3790191228688 -210.78896925959737
-966.8004295642675 -210.93336075160653
-965.6489047820867 -210.70988194260747
-964.172481995374 -210.57679788384587
-962.6476859863103 -210.8616657069698
-961.9761884625257 -210.59035189066083
-960.4000971730054 -210.9188510588184
-958.4771948273481 -211.3522042444721
-957.1733115132154 -210.77884433779866
-955.6492253954709 -210.85680964950473
-954.050643246919 -211.09175509575755
-952.5698787386716 -210.58890676859767
-951.0926375801862 -210.07876414421946
-949.8540267165006 -210.61793727044017
-948.4756051714719 -210.23540693882853
-946.9312504942716 -210.72450369957835
-945.3848560269178 -210.14262849453837
-944.4714776690305 -209.7587437665835
-943.0859970267118 -210.25510922435672
-941.9625457938016 -209.8967883921042
-940.4991467411817 -209.53805759910495
-939.3132808621228 -209.9758095181361
-938.3481204922498 -209.88793887559325
-937.0490281994641 -210.43218608561904
-935.745266955644 -210.56446715060622
-934.9973148520291 -211.2149550503865
-934.1126705820859 -211.8999965972081
-933.7605769450963 -212.9518957919255
-933.3513601239026 -213.92709125939757
-933.1866107846797 -214.7750221676007
-932.6649314428867 -215.5945553964749
-931.9850287105144 -217.3575883096829
-931.826168563515 -218.54606010381133
-931.2545960213245 -219.2774121946469
-930.3080511952937 -220.67273320619017
-929.9898154999316 -222.04443993035704
-928.7170398499072 -223.02706213656813
-927.1656213070453 -223.1120348757878
-925.796877052933 -223.33935545746237
-924.3084928061069 -223.6598233467713
-923.4709448482097 -224.22304748360068
-922.1101559068263 -224.5843315607682
-921.3060011531413 -224.43774144712836
-919.3852473165095 -224.2706225699559
-917.8434029485286 -224.2006717509404
-917.0443813468517 -224.15105395380408
-915.3106221820415 -224.1508895641938
-914.1066256429256 -224.6679147369042
-912.613718238026 -225.45597659412772
-911.4372875358165 -225.03885795537383
-909.6797842647136 -225.38620953623206
-908.9920062090457 -224.91952126089484
-907.8226512934268 -225.41837351385504
-905.9217406775058 -224.8927113896981
-904.3002382780612 -225.1835160440579
-903.6408360864223 -225.7266982978955
-901.9037241603435 -225.89273660246283
-900.4928961659969 -226.27073245111853
-899.1478614474834 -226.08146529261023
-897.6658104325832 -225.88253291312606
-896.3871003057063 -225.9339828974381
-894.8938520814479 -225.5087641960755
