-1108.43 -311.37
-1106.7562350559235 -310.5305443954468
-1104.9717408943177 -309.8982397866249
-1103.457688741684 -309.54236357927323
-1101.5700861740113 -308.96102207422257
-1099.6839129257203 -308.2510226917267
-1097.7073308753968 -307.7480611753464
-1096.082390241623 -307.4391626369953
-1094.24950879097 -307.51894320070744
-1092.3075019645692 -307.74506414949894
-1090.7048237848282 -307.25803155720234
-1088.739304714203 -306.86093751609326
-1086.7915567684174 -306.577755073905
-1084.8922777700425 -306.4131209206581
-1083.0237465429307 -306.4072270345688
-1081.21276014328 -306.1158096444607
-1079.2668566036225 -306.05836227059365
-1077.3425220775605 -306.40629618883133
-1075.479543619156 -306.2078513157368
-1073.6340650844575 -306.06508984684945
-1071.746984653473 -306.1376232904196
-1069.8243425416947 -306.0938465100527
-1068.175220065117 -306.52458615124226
-1066.7840182113648 -306.07185066759587
-1065.7074031162263 -305.66342852532864
-1063.7363459396363 -305.7287466776371
-1062.2705811786652 -305.371395881176
-1060.797451786995 -305.05472066521645
-1059.1018893051148 -304.2111850631237
-1057.4093741703034 -304.29615763098
-1056.0503863620759 -303.86053744226695
-1054.3935725021363 -302.8705789771676
-1053.0163971710206 -301.89929947525263
-1052.0742168951035 -300.15287229686976
-1051.4965364265443 -298.348201366961
-1050.9596663045884 -297.00130436092616
-1050.1670895147324 -295.4550496068597
-1049.5710109996796 -294.01887914806605
-1048.795888118744 -292.84122225910426
-1048.2494064497948 -291.14603433281184
-1047.6470873880387 -289.53548881679774
-1047.1350107121468 -287.7191409793496
-1046.6923792886735 -286.0062012401223
-1046.5633878934384 -284.3551251617074
-1046.5270306098462 -283.4725075688958
-1046.1215738880635 -281.5281454053521
-1045.8259524929524 -280.1284659829736
-1045.6754011142255 -278.5152460065484
-1045.9126366007329 -277.471007796824
-1045.8106184232236 -275.57560190826655
-1046.166625790596 -273.77590200573206
-1046.1436282920838 -272.21670815616847
-1046.4237855899335 -271.17400750786067
-1046.3400271165372 -269.2552021470666
-1045.8419124114514 -267.327169033587
-1045.502361201048 -265.7460363832116
-1045.3543111610413 -264.05966863304377
-1045.3351881432534 -263.01950416237116
-1045.0936867523194 -261.1283789601922
-1045.343130581379 -260.10433420807124
-1045.312836341858 -258.23803171783686
-1045.0928542542458 -256.3130567994714
-1044.948369048834 -255.30584463745356
-1045.5133758413792 -253.62302717834712
-1045.2419708299637 -251.96225640445948
-1044.9054145145417 -250.4910443750024
-1044.7679447460175 -249.0687755075097
-1045.0130675661565 -248.15858039528132
-1044.8053982186318 -246.41439578205348
-1044.5823722410203 -244.76117846637965
-1044.706421070099 -242.90917322307826
-1044.6871578323842 -241.68240317970515
-1044.8195350247622 -240.2772513356805
-1044.8558854538203 -238.43274519115687
-1044.702239163518 -237.33904549747706
-1044.6542654114962 -235.75674948364497
-1044.937446423173 -234.08272406727076
-1045.4737694936991 -232.87823269039393
-1045.036222882867 -231.33250186115504
-1044.6900518912078 -229.6669112172723
-1044.7212562787533 -228.0720989432931
-1044.0355043041707 -226.69791993767024
-1043.4313457238675 -225.16412481933833
-1042.6763915646077 -223.5055376020074
-1042.6633002379165 -221.72537502914668
-1041.9327212193236 -220.59026178985835
-1041.9341429987178 -218.89393589168787
-1041.501843742393 -217.64695379406214
-1040.303868702911 -215.97684559494257
-1039.1193038740382 -214.3613508668542
-1037.2112705030665 -214.37795725733042
-1035.6251290359721 -213.8021827068925
-1033.7650642910228 -213.94363230735064
-1032.063908151649 -213.35143822699786
-1030.2255160131679 -212.62588638335467
-1028.733924678825 -211.84567624598742
-1027.7283590355144 -212.05571186810732
-1026.5661094703898 -212.18602131575346
-1024.6773313799129 -211.76468791335822
-1022.7928900041804 -212.08115805953742
-1020.8161284246669 -211.65123297542334
-1019.72715669062 -211.61157380312682
-1018.0957837620006 -211.0101900574565
-1016.9753380336986 -210.71476350992918
-1015.3095243492351 -210.57685835927725
-1014.1762017526851 -210.4722538393736
-1012.3592224636302 -210.90030781447888
-1010.6180823364482 -210.67540412664414
-1008.9520365514979 -210.54921163141728
-1007.395344904922 -210.70559527993203
-1005.5707723417506 -210.47480481386185
-1004.914847961925 -210.09225618362427
-1003.5936821618304 -209.7970260334015
-1002.0317355313525 -209.63548631489277
-1000.107860676311 -209.67964101850987
-999.154623083137 -209.66398553073407
-997.5742624321208 -209.75037180900574
-995.8373971500621 -210.18350266933442
-994.7799276628718 -210.46003150463105
-992.98543565657 -210.2008281302452
-991.5747476139293 -210.17888772010804
-990.022118500732 -210.39170319855214
-988.2677567520366 -210.3511206459999
-986.700794033073 -210.5139047008753
-984.8599931516871 -210.57230105519295
-983.7166454115138 -210.53247375309468
-981.8106475391612 -210.30063555657864
-979.9858150997386 -210.28877008974553
-978.1853262701259 -211.03068275272847
-977.1042224683986 -211.60927481472493
-975.381267479919 -211.1693734329939
-973.4169780531154 -211.51572988450528
-972.0442022600398 -211.14638636529446
-970.0776790895686 -210.67774565041066
-968.671206525825 -210.30620873987675
-967.5755272426829 -210.10257568478585
-966.3611430444942 -210.111279438138
-964.6009382524715 -210.3580596101284
-962.9693345346675 -210.2455702227354
-962.0891792097316 -210.0530159574747
-960.8266674795375 -210.12701400637627
-959.3043703356013 -210.28865235567093
-957.3677000322566 -209.79425858974457
-955.9877689399943 -210.67341809988022
-954.1494677582011 -210.958929861784
-952.1729678430781 -210.98767166480422
-950.5225486078486 -211.3583232973516
-948.9549128332362 -211.5162066732347
-947.4333047189937 -212.01396914467216
-945.8665031709895 -211.68403290852905
-944.6910007515178 -212.08258943900466
-943.487413100265 -212.14023435756565
-941.5670215406642 -212.17427537485958
-940.6915138283 -212.4472364549339
-939.3617177524791 -212.95065251633525
-937.691593698524 -213.2027409438789
-936.1212158718333 -213.41268899187446
-934.2686000385509 -212.83841004118324
-932.3739717521892 -213.23299627646804
-931.0814354934917 -214.0892916236818
-930.3367883482204 -214.4626271341741
-929.7990643897281 -214.7487482045591
-928.2331958928332 -215.41290625080467
-927.9020640769229 -216.41475089535118
-927.3476571955905 -217.62694390758872
-925.9467143931613 -218.5896133993566
-924.6463096060977 -218.9749722097814
-923.1120618500934 -219.36030851945281
-922.2910726585612 -219.65952914103866
-920.7065761604533 -220.18379699334503
-920.0087688484416 -220.4893370781839
-918.4665513553844 -220.77197875723243
-917.3676075258479 -221.49581178173423
-915.8679886379466 -221.3945318375528
-914.328295997642 -221.63086577400566
-912.6010143079982 -221.84164781019092
-911.1064299860225 -221.81153959676624
-909.1689366617427 -222.27683252736927
-908.3733353533969 -222.02105901286006
-907.3532247462497 -221.5854855541885
-905.7125468173251 -221.20405486866832
-903.9354144253955 -221.02196142718196
-902.2742640891299 -220.33329019591213
-901.0197744288669 -220.33683564409614
