-1131.022682695048 11.579655668835017
-1129.6008239075113 12.656946799854609
-1128.1988408848215 13.223982653717371
-1126.7944929882456 14.86708386907992
-1125.3331091686655 15.429449877838465
-1123.4233885094095 15.265076107482287
-1121.5830464645792 15.474441400865885
-1119.6373005196024 15.655767641167017
-1118.2050078197885 15.453767693738314
-1116.2588838621546 15.37937851915774
-1114.4240695520807 15.967846713165613
-1112.576619295733 16.341905615429255
-1110.7837750002313 16.42332719932017
-1108.9206701799799 16.362239054540964
-1107.6267719551493 17.025271824697825
-1105.9902327343393 17.061527363161417
-1104.569884209292 18.138098112444254
-1102.678187160151 18.369817367891642
-1100.8028047367502 18.88456999431071
-1099.1846443697382 19.703332117895457
-1097.30415049042 19.680360554854246
-1095.6168062969614 19.32629129211125
-1093.9121082111765 19.018909423748823
-1092.391950158732 18.83948026518044
-1090.5358640238214 18.836590095559927
-1088.6743098780084 18.988427906433913
-1086.890545038836 19.013763784567686
-1085.2427103802133 19.35362270394978
-1083.4888899609018 19.228733121554228
-1082.059207110064 18.95155167500195
-1080.9493361994196 18.6469751290482
-1079.460545806544 18.62938739279923
-1077.802673725741 18.828431083957526
-1075.9836302086283 19.229230000774237
-1074.3527219578195 19.710396542350622
-1072.465996770518 20.00325803379235
-1070.6198227688242 20.22607956747231
-1068.7681769415308 20.328653021852347
-1066.8986660524774 19.858184560338827
-1065.0043181463648 20.171228393117758
-1063.193603424685 20.218707836369845
-1061.5514034315515 19.962230987052294
-1059.6569344088007 19.74161691139159
-1058.1800400301386 19.76583178261933
-1056.5008675142694 19.66211759964642
-1054.905573038714 19.3792549661797
-1053.1967124029566 19.95440545598683
-1051.4077602907587 19.731677084366652
-1049.9235979601312 20.33694711248097
-1049.0540651365686 21.149059324662062
-1047.9458748384882 21.635343431631895
-1047.0650447293688 22.50014173905072
-1045.5936278983522 22.58460694472012
-1044.0430737420488 23.007421611945006
-1042.548616616385 24.11962723652539
-1040.7869429274965 24.546378105084273
-1039.7525318547655 25.43086060802159
-1038.5314474984575 26.243562667767378
-1037.4886834308077 27.14065429488835
-1036.6104900523592 28.81450876514134
-1036.3795911654402 29.818897574345442
-1035.655690072434 30.575629978577467
-1034.9619882687498 32.070299177567335
-1034.330204664128 33.8195261053246
-1033.634784935372 35.09901550332722
-1032.8583449706007 36.77936020414052
-1031.9637577518392 37.60550203839955
-1031.396236060517 39.06354477922139
-1030.5435410126615 40.868766575257155
-1029.1193937643934 41.45479974071202
-1027.9546357973982 41.75995209733662
-1026.1631844624449 42.433875351349684
-1025.3170188054014 42.8899589471024
-1023.8704193219114 42.85990592757878
-1022.1671316012312 43.053753539125296
-1020.3453940733839 43.21476384917912
-1018.470592556851 43.2196825734776
-1016.5139247759748 43.00275120059666
-1015.2600260361601 42.77109563271222
-1013.4506855591703 42.6085384182137
-1011.5657702073026 42.394942163626524
-1009.8274986132551 42.28653281847653
-1008.7686652525831 42.317437260548445
-1006.9303252085615 42.38318478981671
-1005.0262638911177 43.18105691591916
-1003.1935049876142 43.70958882490811
-1001.6640387162138 44.28506344477353
-1000.309174834149 44.00027584950146
-999.0376161917616 44.33432760755238
-997.2894731148649 44.1779827169579
-995.7252759322096 44.28281254241881
-994.02143102731 44.32966740349946
-992.3446734532286 44.200618206660124
-990.8958151921202 44.17692553917584
-989.2700229271818 44.15589237133679
-988.1556506737638 43.94101433376488
-986.2476034745146 44.21310980538544
-984.4123235329557 44.59644909123597
-982.4452174290586 44.6063034452003
-980.6466808899809 44.70526816616473
-978.830686388867 44.71464866320309
-976.9661969527174 45.15589988152203
-975.1631669386793 44.71607303539929
-973.424498973744 44.1758319131535
-971.5103432520796 44.615679889122816
-970.0809202774931 45.11489495555577
-968.9693198784757 45.42180997053799
-967.1079018696714 45.372913587043854
-965.618712244885 45.58387762601194
-963.9170092925001 45.0739704399806
-962.761413036244 44.94224122459707
-960.902105985539 45.49206015760717
-959.1181343182493 45.10530209834394
-957.2169774159361 45.00245908195791
-955.3828552349974 45.15281850392637
-953.8732855900694 45.15413194070277
-952.0056024178434 45.165711588363024
-950.6934369191099 45.406485072473856
-948.7656866892744 45.468057426760765
-947.3451711520124 45.48522056559739
-945.5036417826582 45.70617620567498
-943.5592936858106 45.796161188880774
-941.9917871340681 45.84479453707752
-940.1998561009336 45.76802880610046
-938.2933562382627 45.88810094739017
-936.8545642479826 45.98940522516784
-935.045421062367 46.14015453601894
-933.2203381642271 46.19372582728681
-931.4311793431211 46.35481766159353
-929.6664569958616 45.85767647917089
-927.8517013176847 45.53962686950979
-926.6187829359937 45.36770354504404
-925.5732193573881 45.61252428884325
-923.9341387137342 45.239852356861206
-922.195101080792 44.711303996990296
-920.6024005993772 45.16220091576395
-918.9052460774351 45.26773089463529
-917.9068565949369 45.513133946011635
-916.2790128573347 45.40483629996595
-915.0724027737547 45.59278884823141
-913.2428835019041 45.20530122811613
-912.2544798239637 45.11542004639921
-910.6739342793394 45.71546280677137
-908.7778746470381 46.19634971315679
-907.2163454874922 45.95523719782648
-905.4732887133528 45.648277270744416
-903.864919601338 45.29276399607477
-902.1917880162168 44.70950918192682
-900.300679741757 45.38718937630472
-898.5229521378446 45.78175638909158
-896.6089864357878 46.3087234377366
-895.080944119351 46.11793749327478
-893.4853833302427 45.74043758506593
-892.0069980009962 45.62088530058679
-890.247667489903 45.96933062667665
-888.8419790848661 46.10402711028871
-886.9305904492307 46.50583784575281
-886.0780960902143 46.49941483433065
-884.6376176461149 46.21257689888296
-883.4411663397718 45.9906653046113
-881.7806772574354 46.52539156670389
-880.4175590857435 46.53395484680948
-878.5212032183576 46.721745613167855
-876.9463806733061 46.287152472088906
-875.2145710572172 46.15312452907381
-873.6758640393186 46.18164711738643
-872.1756318196226 46.506782914648625
-870.5554195031095 46.525136645088764
-869.4729101046491 46.39934753919658
-868.0781845435072 45.75011091972408
-866.8636611088682 45.520213405738446
-865.6184509381224 45.22228090013084
-864.3707663401533 44.76561300004539
-862.7857566460539 44.78315302277622
-861.1763548239637 44.88674444998321
-860.284354029553 44.53318760837135
-858.7351663693357 45.282764534602734
-856.9703993185926 45.622039119849774
-855.5159692152906 45.659120413611504
-853.7809008940626 45.55217401976404
-852.33098119344 45.46449048365173
-851.2051090582777 45.35250295246658
-849.4360238894392 45.71677086795387
-847.6237328633238 45.68248182828245
-846.2262731179167 45.58264094884214
-844.7378770693708 45.16594493682203
-843.1264194830824 44.4517096310359
-842.1001471861769 43.98632237608251
-840.7257229670454 43.49761537010488
-839.156498013394 43.02863091523466
-838.442555485623 41.846757116864296
-837.0042651280332 40.80714685017881
-836.4599916323591 39.480761113713356
-836.5598860665727 38.47857886845884
-835.8742443605829 37.27970177228269
-834.9736145421434 35.858446899006935
-834.488421110766 34.17599886948881
-834.3676848470736 32.54674166734037
-833.9019354939032 31.687351527760597
-833.6495386123229 30.42324871117887
-833.2732458769847 28.560363832066628
-833.4920705765057 27.225951138089272
-833.5784561395217 25.688559237073036
-833.4335753678847 24.25576323563871
-833.6478422194291 22.780678096364113
-833.4974915742446 21.532364669392678
-833.9469556867648 20.189079108784767
-833.6281573831607 18.574877086232277
-833.0299821555186 17.13677424485502
-833.2634398996402 15.753533545086952
-833.1520890503693 14.828163686345192
-833.2840312778521 13.900768640587899
-833.1171686261464 12.654383423874947
-833.1365644692946 11.841801646302315
-833.3587984501887 10.347481015275093
-833.0041189550925 8.765688183854195
-832.7837162076999 7.110443475792977
-832.7222749203015 5.42036319072065
-832.4349169343282 3.579405191491219
-832.9445813506413 2.2793177395564044
-832.9459792881776 0.9833775788050616
-833.2532492190171 -0.5763546199101484
-832.7605412810613 -1.9618349046010053
-832.6511036812831 -3.2407264680165326
-832.3177217900325 -4.66588484947863
-832.6892650186587 -5.7067097396153486
-832.660251593547 -6.967401740004448
-832.7180557608176 -8.374786254813102
-832.7028194576073 -9.352524396826652
-833.0342190473843 -11.061504718710808
-833.4319530039597 -12.558135387350944
-833.9832602649499 -13.326611277510551
