-1131.022682695048 11.579655668835017
-1129.7942470594812 11.131615153650614
-1128.0544793888498 10.721349529127451
-1126.4243271633554 10.693668327431055
-1124.6059094950128 9.900318107704493
-1122.9533510490824 10.075874722699496
-1121.4995880409647 10.267619467477175
-1119.576352862971 9.742236352662417
-1117.7322786137033 9.54600036809859
-1115.8659487053324 9.225742227534624
-1114.531561164515 9.429368323783251
-1113.1765539928842 9.01244864533362
-1111.4658227249552 8.213814295033785
-1109.6509589239527 8.319929695824953
-1108.154375342982 8.366218096713396
-1106.4601002022196 7.5724598235887015
-1104.7868192478586 7.4193967945378745
-1103.1672635361124 6.489968276719424
-1102.257191090243 5.998775667647692
-1100.9482882305551 4.985308951835009
-1099.8019733711649 3.3926598496240103
-1099.6455954297949 2.687484688262316
-1098.7906022056509 1.8907812304299796
-1098.2105649098326 0.338800138930651
-1097.6070752724577 -1.0785055690008676
-1097.544669276433 -2.2673781447607553
-1096.7874068676997 -3.663866811295179
-1096.2295025646258 -5.018169456024793
-1095.9177210986186 -6.0069163971144235
-1095.690111181097 -7.4834600620466745
-1095.5492696374226 -8.25812857677522
-1095.2893526762296 -9.692520909805921
-1094.8970368712712 -10.417650156517652
-1094.618334016161 -11.750976377030042
-1094.4478645532895 -13.104200177689222
-1094.7181644647885 -14.898262076874403
-1094.3769934981633 -16.432280116577772
-1094.2403644531537 -18.02073686649385
-1094.4511060624886 -19.61605220367494
-1094.4655975460578 -20.461331301232008
-1094.1382182597686 -21.335411124725965
-1094.0961550831366 -22.544475131531385
-1093.9463310449887 -24.155360513229994
-1094.3636431604195 -25.933121257324842
-1094.530529177146 -26.625004940529493
-1094.0522243439723 -27.740247064133314
-1093.9063346892167 -28.546727054615644
-1094.0397056400348 -29.843476765652326
-1093.8977919876147 -31.409204476376203
-1093.6102735161353 -32.59625458051744
-1093.5014217555095 -33.450954549809126
-1093.2180626749564 -35.01248728563371
-1093.7591605543662 -36.78327071001115
-1093.362893855529 -38.134845965405134
-1092.648649132209 -39.19984888364854
-1091.995435512023 -40.414888017674116
-1090.9898236155082 -41.89716243078294
-1089.215894019561 -41.89123465945306
-1088.1560889839698 -42.01493465234819
-1086.5952557682563 -42.42750000288072
-1084.9868252634574 -43.39576947023454
-1083.1051543116141 -43.752790980835584
-1082.1093047022391 -43.44258045484605
-1080.9544908165503 -43.73569174935403
-1079.3661194204856 -43.597969137926725
-1077.4371497988272 -43.96630325247827
-1075.6864380001593 -44.551465832491544
-1074.3455945610572 -44.69626342584672
-1072.5781392216254 -44.82957493593278
-1071.214389717536 -45.16440456440034
-1069.513259804206 -44.643538945217756
-1067.6737040638495 -45.00563075472894
-1065.8152455448676 -44.537796580095915
-1063.8964485287238 -44.21111162831369
-1063.2575027107764 -44.322637424667505
-1061.6617005228568 -44.59207786699119
-1060.711251652198 -44.504396752317575
-1059.352234876113 -44.794231490095285
-1057.8917141317893 -45.12996850987258
-1056.0570575356055 -44.76528717656913
-1054.2256365179587 -44.544114545782236
-1053.0428326487113 -44.570346177418855
-1051.4378259539176 -44.56903543402734
-1049.8451178431083 -44.61004870464387
-1048.3885201572944 -44.4355406396586
-1046.5720714687873 -45.172860764761595
-1045.2242536902 -45.6773749821383
-1043.6956205725241 -46.116300635834364
-1042.3868269085456 -46.720516376991895
-1041.3482106089164 -47.741050534744886
-1040.3928378581572 -48.11270903875413
-1039.3550785541106 -49.004978411694196
-1038.390273010688 -49.29051780035081
-1036.8474279999305 -50.68840133478227
-1036.2324892639685 -51.28322350313249
-1034.7030027269889 -52.03607904245439
-1033.5987797140647 -52.11823701192918
-1032.1818246006537 -52.901090198059705
-1030.9767761587668 -54.09835260440889
-1029.6644831060935 -53.7448131673533
-1028.3997747063208 -53.94689629306379
-1027.0123315214682 -54.727260568042425
-1025.4467550873328 -55.091456481118826
-1024.4904336094428 -55.06550470819059
-1023.6752090811301 -55.276511960526136
-1022.7015341281462 -55.646816992064146
-1021.1545002221633 -55.88057396640363
-1019.6443072318602 -55.40890166987958
-1018.2725517510939 -54.97400132646146
-1016.460551595645 -55.02039776821914
-1014.7766438483764 -54.60745270629707
-1013.0343011378814 -55.12163539310279
-1011.8306276559401 -55.38975535412612
-1010.4586370944548 -55.923301980693964
-1008.6188415050078 -55.49617792745414
-1007.5895757436324 -55.47369007659438
-1005.9169757127333 -55.96385626388076
-1004.0834297895003 -55.74638083470347
-1002.2620408296157 -56.10863679540637
-1000.3883471250106 -55.83315503490451
-999.5435565471221 -55.326805590515164
-998.3014226913024 -56.02733433139804
-997.1575550794173 -56.10711514097932
-995.4258352279235 -56.31479658824685
-993.4986115455199 -56.517048082177666
-992.0611867665816 -55.9242360804725
-990.3633367776442 -55.49248813730958
-988.8891889810134 -55.49717192524406
-987.3892322539855 -56.00204537981483
-985.9499970435668 -55.601044969496456
-983.9660585879851 -55.223291145500866
-982.9647541999389 -54.828158156809536
-981.2533389091063 -54.737157078323094
-979.7760830878783 -54.82910394841167
-978.2591614484359 -54.761438222465245
-976.8998278140593 -55.237417818841664
-975.2581730842162 -54.84483549171421
-973.3522094249297 -54.79042771631214
-971.5886174201537 -54.877524586257664
-970.0911792277861 -55.06961794370147
-968.2554354428817 -55.11274940320584
-966.694851255374 -54.91916072913739
-965.3261155843306 -54.75241929837796
-963.4859432935286 -54.48020616718861
-962.1563000440169 -54.23020759770009
-960.3421715259124 -54.4681599939737
-959.3261010407973 -54.59481946179005
-957.8473933696318 -54.974375283208815
-956.094876265483 -54.7825838977966
-955.3232977747489 -54.9337309057388
-954.2321408152152 -54.910925691810576
-953.4434896468688 -54.97157021411988
-951.5747101068068 -54.767407050219504
-949.8367407083083 -54.51013224372002
-948.2472347974349 -54.4919989163551
-946.5049030541945 -54.88329774686429
-944.7147024631072 -54.61806980320546
-943.2180750131179 -54.8299537057552
-941.5026303290892 -54.69561580368611
-940.1014518498946 -55.189645146814314
-938.2858859061766 -55.04153545745942
-937.4395576476622 -54.70896898755166
-936.2358395814467 -54.668416162816015
-935.381919360118 -55.210017224637
-933.6857069491912 -55.16571208634707
-931.9360686301757 -55.09993627467486
-930.3656824588347 -55.64174446263644
-928.8909249066878 -55.67910799556705
-927.026928996997 -55.11635711961719
-925.760631298976 -55.32549502128097
-924.6302689075042 -55.00409598821136
-922.8656995057631 -54.901288980481354
-921.0286527633239 -54.42210691594812
-919.2475486754943 -54.603801259634224
-917.5210362433959 -54.49926106804344
-916.5497433304358 -54.20791070335838
-915.6273465513755 -54.388332204756466
-913.989019906478 -55.0271697210643
-912.8359855770636 -55.36193637722465
-911.8860862612296 -55.91832862966987
-910.1856385826636 -55.64911191338035
-908.3834283709098 -55.688751684365
-907.3022904753257 -55.173315690693585
-906.3776287197638 -54.68504034155342
-904.5589309095908 -54.72698266231748
-902.8419428228904 -54.608901383218495
-901.7856526732016 -54.97780606323215
-900.0960216879416 -54.759476723012654
-898.695241725402 -54.73353700512382
-897.6338044762183 -54.78482121774289
-896.4059759735633 -55.142059838262526
-895.6758668183852 -55.34104963192078
-893.7732553243209 -55.525545215097395
-892.5543954133559 -55.04724398800465
-891.2110194921065 -54.754646992174116
-889.8071260213424 -55.05508614131543
-888.065931415515 -54.898380776730505
-886.5440011977721 -55.00014055320355
-885.2694428920317 -54.68574959584805
-883.7809269189406 -54.49560523578259
-882.9997546433974 -54.33950412818524
-881.2765398978759 -54.01381344148251
-879.3704854011107 -54.62194651910397
-877.9819394111205 -54.564523329821554
-876.9161183595229 -54.91198693760964
-875.6403071641494 -54.603003313628165
-874.81797263618 -55.33724360713097
