-1131.022682695048 11.579655668835017
-1129.2612135693003 12.46865709791598
-1127.423325328486 13.35659380922732
-1125.4848346992899 13.980575702289912
-1124.0262546822 14.539602480034205
-1122.0900707527567 14.947058162788721
-1120.211470155375 15.429753146271082
-1118.423127679484 15.684780559639307
-1116.4723003193308 15.661342880825373
-1114.584815053599 15.845712102155062
-1112.7264502331186 15.661162919501635
-1110.8587451263834 15.68658768306193
-1109.289957790034 15.564706257681223
-1107.422163037913 15.674109703997942
-1105.7474377437998 15.603892422417971
-1104.0452211185861 16.471256590585085
-1102.1514203831125 16.34704836378512
-1100.1703846737314 16.43487543533263
-1098.2200875564981 16.628282225827547
-1096.4397415205408 17.11470199296889
-1094.9726393505503 17.059136244605156
-1093.004184393542 16.950959335218045
-1091.1005398317743 17.22704486096916
-1089.2160810514856 17.637594650636288
-1087.4455093428064 18.05455602253494
-1085.8071159407068 18.311577986131283
-1083.9772829100061 18.540772165308567
-1082.2477785631586 18.73159807468471
-1080.389462260859 18.972338269601437
-1078.6188962742258 19.287046144853207
-1076.806270389216 19.114736776004406
-1074.8470664307047 18.956267560968968
-1072.9374238535333 18.878340828369232
-1071.1493271871973 18.476874846170517
-1069.2179715916086 18.738041597555252
-1067.4056654259134 19.01234205360231
-1065.5352647587229 18.43528034086046
-1064.2677997633386 17.645539540002915
-1062.3381887957025 17.66523542734501
-1060.7750995441843 17.243438628638955
-1059.3923111244608 17.52363747092602
-1057.4803587480951 17.90420567723629
-1055.6805681272913 17.737078515018197
-1054.141864089625 17.490471896852227
-1052.422590403216 17.031125423635217
-1050.4385026976038 16.93180764200804
-1048.6226218029428 16.730212872053357
-1046.665038137095 16.48516372325537
-1045.085866598742 16.791055117870542
-1043.2154934688974 16.751014706815454
-1041.2467642113138 16.75279642375824
-1039.425881175654 16.673971002126905
-1037.5337008520532 16.510665898348066
-1035.7236091181207 16.374871780301305
-1033.909041671412 16.961320807362767
-1032.0827496334482 17.10140963378069
-1030.2285406872202 17.437850554610463
-1028.3036470695902 17.508817580665323
-1026.3381915375162 16.92507633301136
-1024.4061310573984 17.189036217654916
-1022.5094313904215 17.561812457765313
-1021.3271011396814 18.03966250749943
-1019.3735193296839 18.3732653233659
-1017.6012341066767 18.384879452313157
-1015.789553551333 17.634848815525743
-1013.8157574221063 17.843628433669778
-1011.8769184633661 18.16960361334202
-1009.8862208410669 17.89666923614857
-1008.6111697241236 18.370398727382394
-1006.7636547371317 18.457042661632272
-1004.9535694405008 18.90861803027508
-1003.3503122612406 19.21370619269726
-1001.4832654282022 19.13819399210331
-999.8684656902719 18.95256799193737
-998.8613274380136 18.403980967725488
-997.2591072603632 17.793730196679803
-995.3991291805673 18.424456176484796
-993.8004902883936 18.7747408721101
-991.8844905182291 18.70340735944626
-990.0364263340402 19.069887739742967
-988.226736096995 18.477419716442796
-986.3287102266718 18.45216080280659
-984.7485004946161 18.832713690723153
-983.2292983814646 18.156764594043466
-981.3175628467966 18.393875402535173
-979.8835481687952 18.212940660442086
-978.0611270948816 17.64036789270756
-976.2836891695429 17.924059537376138
-974.4338877483774 17.660741475547525
-972.6328782125879 17.63706195275006
-970.6649989172388 17.752731352249953
-969.4928295895029 18.286413698593947
-967.539442805903 18.699901431004378
-965.7366457268167 18.246973603169295
-964.3518065496851 17.799384831587645
-963.3116696163584 17.433206974665495
-961.3522236629892 17.700570433537337
-960.2129422708917 17.079216926495405
-958.4946171327997 17.4541739217442
-956.627579598086 17.6156569711369
-955.3522607370783 17.78634884874043
-953.4409443422724 17.72302329460797
-952.0029994532038 16.92226576725659
-950.2351600214411 16.109849690596434
-948.4844323679376 16.107087432543608
-947.0897370859552 15.647359072367522
-945.1490794702936 15.970783679882857
-943.6278333946634 15.989512096295925
-942.2460621878076 15.90230839247522
-940.8596633955408 15.86818873802838
-938.9889308496881 15.896072468857142
-937.0933434053827 15.902522842536541
-935.2122620626856 16.062395419130894
-933.2231687590051 16.59673568154392
-931.6656832977701 16.637141521225544
-929.9888170048166 16.131662066231343
-928.2477200313974 15.585576827774617
-927.0299115463663 15.025651569614979
-926.1058635398317 14.807993735323521
-925.1084516927172 14.756324640611979
-923.339750377791 15.053017369608256
-921.5229619428087 15.521898440222117
-920.0867343827654 15.425581595997187
-918.2180257722307 15.172963432173106
-916.6967655106951 14.504455200533243
-914.7501614972521 14.826324842075678
-912.837770073073 14.653993628124567
-911.0995486661363 15.199411115745875
-909.1801949426103 15.743716440300318
-907.6296668931413 15.221805117229792
-905.8915451451708 15.531639359096857
-904.7618837043215 15.712798169950815
-902.9089576884676 15.712307504515024
-901.2803420707155 15.162586025099131
-899.424878446715 15.307997799615237
-897.8038168832231 15.059987432460161
-896.0550871774126 15.160780943135592
-894.2188598796297 15.67880824873862
-892.6738369151522 15.079561448792788
-891.0142267629076 15.61066768238959
-889.2770518943239 15.20404449770865
-887.9823198005129 14.874722040395113
-886.5460605307985 15.089689380626055
-885.0641210957933 15.249076462487551
-883.7308050080705 15.099375418524119
-881.941076962607 15.5498173750442
-880.1243188067842 15.484208784202906
-878.2532791778017 15.245463541845652
-876.5607510491777 14.657278231481882
-874.7387221738268 14.577020383576723
-873.0141683503557 14.497444681028696
-871.2105990334917 14.340586534838053
-870.2654530092645 14.193451545338007
-869.0833412691522 14.595636776785227
-867.2862502619196 14.624852107043239
-865.502731947558 14.32256870078561
-864.7549965664316 14.474863098139735
-863.0279016777445 13.8784752945852
-861.2155370994974 13.929022045011493
-859.9151606842447 13.900422037715884
-858.1594293400217 13.650562794084522
-856.7127814575601 13.565052048439952
-855.3679083868433 13.859096215243312
-853.7712947412897 14.366003201479884
-852.4026328607965 14.585987777585956
-850.6175717398096 13.938636393423053
-849.5543632790018 13.619735748643848
-848.1393899008203 14.166063876028034
-846.74400463547 13.662311167592975
-844.921354083674 13.503075794453594
-844.1726366564203 13.154798106427165
-842.7889926716257 11.793576554532024
-842.1057025476862 10.635089234585735
-841.5929565116335 9.628866986508342
-841.1547839030195 7.945737914319011
-840.8836989983488 6.99486084389207
-840.5188935383726 5.972047523732158
-840.3094363495279 4.9168632786226
-839.6906565710474 3.3494438688707078
-839.5877807721067 1.4671041529130662
-839.4890530392099 0.06393964695450904
-838.7682638451029 -0.6278613050031936
-838.487211404698 -1.7340674836683547
-838.7109116002489 -2.7411340911436355
-838.9385340496469 -4.340694709544209
-838.7989171132017 -5.301266952281026
-838.8155223860908 -6.041297777419118
-839.0877981319595 -6.847391947035817
-838.847835956471 -8.020783527617482
-839.2547308191229 -8.990820093874959
-839.3085158451963 -10.150393529658345
