-1131.022682695048 11.579655668835017
-1129.625733523028 11.970406255821558
-1127.9331524654795 11.98579537043986
-1126.014243154185 11.542030266622874
-1124.439990310328 12.100495091776224
-1123.4080653473306 12.144764430026385
-1121.7214141174722 12.456073350409838
-1120.1534315630365 12.713125295142504
-1118.9450043722559 13.204085952739092
-1117.6148320719171 12.64930093954024
-1116.1079554840494 12.877776525120112
-1114.6299426838327 13.267276487449976
-1112.929804711001 13.183584398726794
-1111.4934580608774 13.419912538627955
-1110.0754919334818 13.833003810743662
-1108.411930589335 13.186501673559519
-1107.2596879288126 13.340807444552752
-1105.95279100384 13.5675388045114
-1104.0607569500376 13.868489450911852
-1102.7555997654367 13.745753369430872
-1101.4340670391489 13.738880983690592
-1100.4967887684275 14.082998833755823
-1098.630531577723 14.396044931511256
-1097.4355291410852 14.616036138634058
-1095.5965743347574 13.872572980026575
-1093.7596063896585 13.58148228297648
-1092.030614165919 13.879611662725779
-1090.1669643207956 13.130770257810923
-1088.4769101425577 13.423248521189066
-1087.5583947583605 13.43065466652331
-1086.3127860709596 13.820922604898783
-1085.401608912604 12.91903089652476
-1084.3592508717943 12.739724389414164
-1083.4632914945055 12.835007256965014
-1081.9880039378572 12.482671923140856
-1080.1151963159014 12.676083109478327
-1078.3548913880754 12.926074928740832
-1076.7550728007723 13.29848945806441
-1075.1364937707353 13.53927203188357
-1073.6790183469225 13.08893691668925
-1072.5383138343263 13.156654901007983
-1070.7092449351717 12.395838386515948
-1069.4964991494585 11.995583928326937
-1068.0516675397325 12.362930513123843
-1067.0364147111345 12.451947010259005
-1065.471492020743 12.560976757804724
-1063.7609787866045 13.053358270923468
-1062.434190361159 13.257332458297583
-1060.9058006688524 13.28798293987927
-1059.065765349524 13.705846696297499
-1057.1826159640718 13.188773899475905
-1055.914444653647 13.389473318259093
-1054.3786773368288 13.118096678654524
-1053.5825156852175 12.73395594875035
-1051.9715133592058 12.448010563055846
-1051.1994182750154 12.777194171349379
-1049.7059766932894 12.868447899023863
-1048.4442869111467 12.364033459822508
-1047.0151453896929 12.646359413067671
-1045.5407640620638 12.696931763688895
-1044.5531697555948 12.879689901272627
-1043.5159006401468 13.013770743409964
-1041.9275838419367 13.098359643618437
-1040.179598002093 12.752431362072798
-1039.3882057949472 12.478982090155455
-1038.308960823672 12.241376727024885
-1037.005667833941 12.766378550927016
-1036.2402493044306 12.747715397874686
-1035.383562950747 13.004132553140494
-1034.5678499027658 13.265745981733176
-1033.004780559199 13.446424930493208
-1032.3016294523645 13.741648285786482
-1030.8388603016306 13.785086750189635
-1029.9083262964655 13.7646446518105
-1028.7345023437906 13.728047176400992
-1027.2127884909082 13.540267779628607
-1026.2601990982462 13.844400300781103
-1024.4637990280557 13.766569300691458
-1022.9307295366693 13.472678705255362
-1021.9682761713434 13.009951098958823
-1020.3263477369715 12.56950639108834
-1018.996016649859 12.514789498547884
-1018.1603439136911 12.330076000789973
-1016.6423499866892 12.771311692098948
-1015.3925180717874 13.132837585310313
-1014.0572887941767 13.310273087720248
-1013.1926159545351 13.186606182853552
-1011.8799044772554 13.14902511159596
-1010.0710241481233 13.297710045377585
-1008.9305300399233 13.486056818763586
-1007.0576208516527 13.176589234868857
-1005.3116538211275 13.20832942346749
-1003.7637245341707 12.827827557126852
-1002.6627832337786 12.47564856628594
-1001.8145258113314 12.264035522143217
-1000.6127924605776 12.790741681258055
-999.0648045226503 12.484925805727812
-997.5658298417497 12.351237892309996
-995.7663176938463 12.243660933474871
-994.2603070422579 12.279138050178858
-992.5963350221086 12.490402496556612
-991.1321124717165 12.534864238600107
-989.5146555587221 12.893985203604075
-988.6253747626711 13.330107263426157
-987.3821242734361 12.686958721975657
-986.492365448134 12.418028346399637
-985.0997794553209 12.717596254448267
-983.9214969560076 12.428868017296168
-983.0424482509065 12.759237549404475
-981.7914073153902 12.095835707287165
-980.9055391236711 11.88239494631705
-979.5396613761354 12.039994917015406
-978.263020245688 12.192082381944033
-977.058726398604 11.942198089460703
-975.7084611340929 11.675539366106364
-974.3834114953447 11.924858338336321
-973.2392528935839 11.814231476883265
-971.9093725367952 11.551762244800898
-970.5906352683473 11.179237268070551
-969.2287436410356 11.475844315389963
-968.0992742463518 12.058448902468058
-966.1991601869036 11.90952338943896
-965.468030421393 12.006301916341158
-963.837480632918 11.711010552148196
-962.1347078963686 11.714101753334376
-961.1578555985857 11.928545332650515
-959.9481430932451 12.488228059510561
-958.3283520623613 12.398032746414515
-956.3983556910921 12.169385484556528
-954.469150273459 12.448039463857981
-953.039611785071 11.653452984194132
-952.0852024241854 12.224781564573618
-950.321356265204 12.700860462288233
-949.1941284820009 12.620223193566176
-947.7260983869005 12.636729716460081
-946.0269224330355 12.890398382346007
-944.1096205398012 13.06260955254254
-942.3082638665605 13.456419049898955
-941.4523060008455 12.99848893205342
-940.7154186650682 12.80611810008702
-938.9156331702638 12.69524393151221
-937.4379034921099 12.667005106012198
-936.2529644652773 12.794460131923529
-934.8449113055635 12.25228734234986
-933.7234184428621 11.9999193392199
-932.117582409041 12.40570165137467
-930.9530647679735 12.286781429449888
-929.4629919215608 12.355436301926943
-927.6839811488558 12.152228689889284
-926.9760836645532 11.99655703375754
-925.9176839872766 11.914315580527159
-924.3368479296137 11.804340317050787
-923.4356815501619 12.36879922370133
-922.4328457995821 12.299598968724581
-920.9278881236482 12.142067170838686
-920.2510590239931 11.788426495293947
-918.7086079999376 12.124092615346285
-917.5482031985689 11.78878924916205
-916.2884151622225 12.40906307766852
-914.8572688981462 11.847003317574831
-913.3768794223238 12.296795225838991
-912.5889123960901 12.051185644368502
-911.6287815853525 11.798022425870272
-909.7919569298197 12.125070161322924
-908.5014759584833 12.704165405730578
-907.2338353678156 12.998632258872362
-905.999046353953 13.054975859026285
-904.9056284710337 12.702018312315317
-903.247710375445 12.668743363718363
-901.8298360392023 12.087493232588145
-900.1967820211817 12.30254261861262
-898.991278319018 11.671666673521372
-898.2521380468775 11.541108763913485
-897.1323362871576 11.769248685936304
-895.9573902174402 12.170967451433512
-894.2303989216257 11.984277657369944
-893.1919617935587 12.06786244283137
-891.3275277897287 12.498460403780314
-889.3465462013651 12.791403076748225
-888.7165345236231 12.800694904426905
-887.7141868158747 12.32813470731196
-886.1082154795099 12.655105463365885
-885.0093301817346 12.417885369757983
-883.097663550036 12.458379998008581
-881.2196346804071 12.146091952125403
-880.2611826940943 11.590797140399786
-879.2899985596109 11.484522356788489
-877.9054911419321 11.132720246116492
-876.943968562739 11.1588324225944
-875.947226791041 11.225146121482226
-874.7166405006815 11.735673970679613
-873.220186738627 12.103932804564806
-871.6588255449701 12.097766897777888
-870.3021598144937 12.40594916711268
-868.7789783760477 12.048277101616236
-867.9989254757334 11.790844283203455
-866.7481030508447 11.587796337107989
-865.2011281534601 11.66279046903071
-863.5132096096445 12.013001761535975
-862.3011675163675 11.647503904203745
-861.4714625164438 11.498665026525828
-860.0615226313043 10.818137756685587
-859.3441637441088 10.92601811806378
-858.130335776465 10.957477874259325
-857.0605120345522 11.032331294516894
-856.1687998458315 10.634890682200762
-855.173306374209 10.63409096295652
-853.5862864538599 11.00583049948034
-852.6998653694559 10.39406028683004
-851.929934589522 10.741785529206368
-850.2857886239458 10.355613174985024
-849.2508266850878 10.324121254633042
-847.5723298474718 10.239323544452759
-846.4956938907076 10.166884469936463
-844.6886522456575 9.510594415615174
-843.8567117139269 8.775265622089478
-842.47044381346 7.712130117366883
-841.4403360768724 6.753890323589417
-840.5881156608034 5.819716739605042
-840.0991862102915 4.670056629131409
-839.9831239342261 3.6786916732293093
-839.547580009656 2.201239156673523
-839.9475592433978 1.3893244742852175
-839.7545584052373 0.22429435248193386
-839.3428804486562 -1.3527143717307126
-839.4750434070397 -2.3298387051123655
-839.2756764351893 -3.1519116879004514
-838.7557882725764 -4.342656922389892
-838.388227081256 -5.513362479259399
-838.0717406034041 -6.665177059223083
-837.7468917130996 -7.419467878391174
-837.5206645637322 -8.290610742618469
-838.0116161018182 -9.450335454990295
-837.4920841961671 -10.511199903537658
-837.8643811255265 -11.377950620700744
