-1131.022682695048 11.579655668835017
-1129.2320506855417 11.715258083443018
-1127.4559235855509 11.15361883411822
-1125.6496293827463 10.621041081051203
-1123.7908629461695 9.666225812534663
-1121.8067704721857 9.996757797102305
-1119.9624065443445 9.70910280118403
-1117.9845513388086 9.743749505977007
-1116.177169351237 9.219912952880236
-1114.2091119572092 9.54003340671477
-1112.2955439373422 9.7785861260694
-1110.5696765467096 9.017328477601382
-1108.615225224154 8.572647190789553
-1106.7222994848657 8.977314061621996
-1105.3288771196771 8.546332932214113
-1104.2183115765024 8.372243694166514
-1102.2661404892374 8.899793914656016
-1100.5746555611063 9.221066287855479
-1098.6120400711466 9.00077869663653
-1096.8788618132044 8.821171051959368
-1095.4040636106897 9.3335060543817
-1093.7727221533228 9.018771655063006
-1092.0725881143976 9.49033269951758
-1090.1816739126612 9.414699084262224
-1088.2022632643152 9.912611878613802
-1086.2887114569116 10.004690042833658
-1084.5810122772623 9.850724852780672
-1082.6855628773142 10.029698795775744
-1081.2094320341516 9.977974495987269
-1079.5517933651377 9.821323028902384
-1077.569549946444 9.625493905643793
-1075.7183382793833 9.781923181514117
-1073.7939997002054 9.585263914565417
-1071.9998805805612 9.907667017678591
-1070.4500357195307 10.01067151794848
-1068.8139936014582 9.955912045339915
-1067.0351802393366 9.874308287302824
-1065.2628039404321 9.753831274012896
-1063.3462459131647 9.40230876872954
-1061.4441067263056 9.451374500195357
-1059.6510222240854 9.643193586866232
-1057.674611477511 9.274766280452582
-1055.6813352390695 8.64719666461167
-1054.2718971058298 8.590500286917063
-1052.4592302128244 8.817870698074671
-1050.9458139225412 8.380034229854914
-1049.467015771525 8.192032626966807
-1047.8267389818598 8.771844736437174
-1045.9188267275263 9.21043046484408
-1044.1705433412958 9.446880093912455
-1042.617256550448 9.441401942769858
-1041.0277241751123 9.40829407344279
-1039.2361109539438 8.880413762430521
-1037.2740246340204 9.036296374301287
-1035.7820817514826 9.216264582375857
-1034.1870248600412 8.657294786671969
-1032.2272320076395 8.709017436156842
-1030.4096298500467 9.08134810174522
-1028.4879840895105 9.231535534511181
-1027.1371890589166 9.069863448987576
-1025.1722498222757 9.139604452202889
-1023.4193313404489 9.310360434601876
-1021.4789746090341 9.584924134562584
-1019.8668338343073 9.885561826775643
-1018.1094883963037 9.748692128012749
-1016.522563724177 9.728041309068772
-1014.574923066752 9.973474177668663
-1013.5258430525232 10.06480443770704
-1011.997879175799 9.59025299842176
-1010.3365534826685 9.188385549138161
-1008.4351944014002 9.200123558889004
-1006.5581324383188 9.434963177095028
-1004.9022211119104 9.64578200424728
-1002.9756245895792 9.482436890850636
-1001.1694641395975 9.112338747034642
-999.2772760673929 8.670987750540348
-997.8638478800226 8.763763266752335
-996.1628384872843 9.015558290432068
-994.8765868231226 9.389326947877976
-992.9689908310343 9.49085217262325
-990.9982005640436 9.862451340208622
-989.219604162829 9.442346776972386
-987.6126917883325 9.359189252505871
-985.7025722547937 9.078314970384213
-984.1261961742807 9.386954675565335
-982.2848677917887 8.9867358609539
-980.6156797691751 9.486774901996228
-979.4039978071619 9.305727790246578
-977.6125406309534 9.202100436339947
-975.7499524637628 9.736054520259472
-973.80619254555 9.559032539973828
-971.8300400062967 9.560375805149647
-970.8159166857172 9.940329964409443
-968.9353579565454 10.342182363520237
-967.2211234852243 10.69538035536823
-965.3999057098795 10.964158411274525
-963.8855510040689 11.339283938656422
-962.4101151510645 11.559672649155232
-960.6317447706629 11.539200942168804
-959.4826255127359 11.547883327255818
-958.291075615542 11.617918799768063
-956.323927549975 11.442164774189564
-954.4147409483362 11.865137274513813
-952.4428605123926 11.9790514215332
-950.9058869167734 11.926119174013706
-948.9747426792551 11.804817411254021
-947.1433387085367 11.504419061492058
-945.4728715702463 11.534910413573357
-943.5568210169245 10.916948887656304
-941.8421144768167 10.98775824452457
-940.0957835003305 11.299863244543644
-939.3423616572786 10.754921580801579
-937.6222761556078 11.059319938669773
-936.0248545094896 11.121891263077828
-934.8736296578813 10.535771968911263
-933.4632700368334 10.471714551697346
-931.7319447680879 10.11612551952419
-929.8586535140444 10.134589805404516
-927.9784612342287 10.160515136222216
-926.1906745120455 9.946611649493548
-924.3606519385744 9.481831855277392
-922.4099826499391 9.310526929001185
-920.7650994941164 9.546071878771158
-919.3217006608415 9.659550703267428
-918.0828578158785 9.498641557196947
-916.5108359738756 9.967647678355547
-914.7005093976427 10.461900002459856
-912.9225102349687 9.896804697017046
-911.183858124869 9.663654304246279
-909.3137671634126 10.403056717614504
-907.4104497119356 9.911924875478121
-905.851123301642 9.679418063859316
-904.076505868094 9.446100167135569
-902.5410800858904 8.79396163592753
-900.7121048852373 8.505188278059336
-899.2353865786959 8.969951979021403
-897.5475001021791 8.738599143127772
-895.7523712798525 8.900966442326876
-893.8888964339662 9.020838580231043
-892.1790929719377 8.951484925250384
-891.0133821650911 9.235444612006518
-889.2330548449922 8.918689376811358
-887.8234843894411 9.294737584094378
-886.7090748235155 9.579490847091051
-885.4123826905657 8.7952598399919
-883.7091231032778 9.128015346030566
-881.8618752643038 9.22265060166535
-880.1203329249788 9.607189818422171
-878.377653090613 9.301197215120169
-877.0870634004045 9.301630414227816
-875.2478297635485 8.70887187788901
-873.3991933747698 8.600912324289652
-872.0493434354235 8.50777352521834
-870.5218836947847 8.968627310494753
-868.7430884524751 9.149543604950281
-867.3371565028597 9.36373218069491
-865.9904342576433 9.359032987753721
-864.5161153956819 9.445995739797922
-862.8052519246507 9.362701512078615
-861.5081256314684 9.488036803106638
-860.0866266175676 9.625768921474787
-858.251016585486 9.003160200218531
-856.4944839164186 8.597418210605952
-854.8039590999056 8.771667725543352
-852.9150328322817 8.18837667177138
-851.2269479915071 7.7876098222535575
-850.0378994628359 7.894455603460642
-848.7317729875017 7.368845514158579
-846.8754213735033 7.103540650705668
-846.0125378056932 6.912284187177988
-844.232406704085 6.680260888437601
-843.8178488596845 5.912600091795298
-843.0381874426771 4.8926748550933326
-841.7615596636701 3.787167242864939
-840.8523264511991 2.617233685354563
-840.3870631441046 1.138807467321726
-839.5105772003103 -0.04472143282475827
-839.0836761876512 -1.3417140923935449
-838.7206163391043 -2.533447810311941
-839.0065187200476 -3.471060045858053
-838.4646559342314 -5.275881775518087
-838.8365977987219 -6.236614950795797
-838.6418518855739 -7.766294129987386
-838.3800325527359 -8.791090854306844
-838.2070434227157 -10.256704338689474
-838.6046755745579 -11.37745130886617
