-1131.022682695048 11.579655668835017
-1129.3318847700525 10.728473208050104
-1127.8350585981775 10.490230537156435
-1126.1197999998499 9.753112054566714
-1124.357592610972 9.061588204602572
-1122.5664031788278 9.181099734405848
-1121.3209432646204 8.573242566685053
-1119.7715992018152 8.43991690049586
-1117.9812363668848 8.398445348392102
-1116.1178999229837 8.652578185449215
-1114.5537040516306 8.71206942493734
-1112.6339681431223 9.255200478385063
-1110.8831930443216 8.769453468869301
-1109.07721212353 8.887802171657654
-1107.329226641314 8.56778680081186
-1106.0608457609583 8.45135119850454
-1104.0798694178034 8.947155567954155
-1102.4971279188562 8.928054443697306
-1101.757377831595 9.322168639997813
-1099.7905956193376 9.050534359316202
-1097.845937459128 9.603672198156687
-1096.459067194121 9.135772398809763
-1094.9508857413698 8.896430707673403
-1093.1420225783754 9.368155247668597
-1091.4360005542208 9.390031918088766
-1090.4551767989565 9.442635982434126
-1088.6417436286379 9.678610532681319
-1086.9598109408785 9.087883918682905
-1085.1483958646227 9.079487300614687
-1083.5638458415438 8.622847563723894
-1082.1593982860018 8.914454079369875
-1080.8884095832277 8.224799013833376
-1079.4205075189043 8.087647593716952
-1077.5161583110262 7.680550760726305
-1075.9273256942201 7.222459918956133
-1074.3112222834993 7.947963721255633
-1072.410556523459 8.316150612334582
-1070.5210268184114 7.973903334836336
-1068.6958219691683 7.743959135512682
-1067.2140572949816 8.4495869345468
-1065.830310790198 8.88607603977141
-1064.9364429398943 8.314060337046953
-1063.5646361991335 8.343214747632715
-1061.7735707446504 7.971097168649408
-1059.9034635707308 7.8787480417144025
-1058.5083995744158 7.50448579820511
-1056.7739257499147 7.235226047362062
-1055.7606296225954 7.267705527271005
-1054.3962227984834 7.166464713538858
-1052.5708629771639 7.071511355365487
-1050.8250660582949 7.691262391532632
-1048.8776120826174 7.476439518059465
-1047.2447832509447 7.5717962506663525
-1045.6200695916582 8.048555445994111
-1043.6582655593324 7.7698530975234235
-1041.8686573192049 7.983876598204347
-1040.4195800706316 8.404907238806459
-1038.9819624110628 7.9064215246093
-1037.191746799605 8.187336606110307
-1035.5585665389467 8.334879887427064
-1033.8531211301256 8.044814271057817
-1032.3215830012728 8.195216965998384
-1030.7839748546053 8.096808624590608
-1029.9761007710863 7.507925165022584
-1028.1754954739977 7.615155239726278
-1026.7114237233568 8.159038563395711
-1024.9218523188997 8.56888737263796
-1023.9839385434557 7.60839833798525
-1022.1394122525621 7.342109759474965
-1020.9195396586824 6.8345493275177205
-1019.4458040877748 7.137339194442006
-1018.0474425240923 6.343296487952443
-1016.2376218720842 6.5650500554096425
-1014.4459464236666 6.385782768155309
-1012.6570379420687 6.188006241942617
-1010.936130730765 6.1358925003063405
-1009.1979462787081 5.954621051574918
-1007.3607082053591 5.729374353910657
-1005.4526865168978 5.077918057466718
-1003.9650818988252 4.696205263162824
-1002.4404173776079 4.761458170737001
-1000.6494165345598 4.820208748007985
-999.6738480016161 5.060640801812383
-998.0073462411333 5.243945499087545
-997.0303265735079 5.532493670607778
-995.1678545161653 4.889030297423574
-993.6198889895845 4.7752629715454304
-992.0980850144792 4.466861446524831
-990.4169425651003 4.006937404299947
-988.6637088939119 3.646702845717641
-987.0132674857546 2.5581115085136616
-986.2743600889612 1.9676515656959737
-986.0089776202608 0.41298492732164505
-984.8404544278551 -0.8241776627052104
-983.9159289285112 -2.187701265190867
-983.6223770960737 -3.2716846865165508
-982.920191703694 -4.175135235165385
-982.9790663927365 -5.611820797299174
-983.0506357684303 -6.769020418499736
-982.3616499438454 -7.823991159771708
-982.3746972515751 -8.965171079014567
-982.4171978219915 -10.190937022541789
-981.7830982788969 -11.486862997387675
-981.2805065497328 -12.70910666403654
-981.4409878834654 -13.737687806462077
-980.8548328861166 -15.308006505345134
-980.0425432905126 -16.678354124401835
-979.954805968659 -17.978684405659465
-980.1052436366249 -19.55193827566984
-979.2246348395515 -20.261747578953532
-978.6574776902366 -21.298298577641276
-978.4997742756773 -22.29217050490263
-978.3518946453501 -23.479504446362284
-977.2996697708536 -24.9193886321533
-976.5644225760866 -26.21164129195097
-975.8132828756738 -27.012175897930888
-975.4242182954717 -28.595763067578105
-975.252013294356 -30.400512317990092
-975.6468040033747 -31.37809215006712
-975.7706822514106 -32.861632327412394
-975.3828544675875 -34.653388480519084
-975.3226882315744 -35.34346363959196
-974.8879190779794 -36.62186811385038
-974.8131259701718 -38.111080388401774
-974.6535265765656 -39.35830483851316
-974.8977283261288 -40.91290471968534
-975.1165905765761 -42.280567030285624
-974.3879948429335 -43.69273052630308
-974.0972548596133 -44.430533151005534
-973.6624604932535 -46.31029055533293
-973.1443309060801 -47.685721020077494
-971.5611156694163 -48.350043277119426
-969.8980561963785 -48.82065136251333
-968.5780045263041 -50.05435271081808
-966.805748151945 -51.099233339403895
-965.413833307432 -51.36703766403082
-964.3487827054728 -52.45746506271246
-963.278304385351 -53.32033492145422
-961.6048751346339 -53.530647064422396
-959.8823104373682 -53.885225499843386
-958.885359632181 -53.71925356504801
-957.4966320864428 -53.98540535089853
-955.5718526713122 -53.99474320826414
-954.7351626626719 -54.232096771572856
-953.5162088147868 -54.71974677858236
-951.8463341466654 -55.060616056298045
-950.5929561130274 -54.902050207232264
-949.1637509338129 -55.255175183390406
-947.330764578985 -55.63847003397825
-946.1703786126841 -55.02773211417082
-945.1349150411356 -55.46110443291548
-944.269341158079 -55.63477518675211
-942.9213146440256 -55.1508871268976
-941.5629972688425 -55.58260297295931
-939.756809281515 -55.66880376902702
-938.2431356183756 -55.89901615944984
-937.2870166770686 -56.40649469462517
-935.454952286886 -56.61266674367073
-933.835273551153 -56.36721857157829
-932.6000737420786 -56.149963545476226
-931.1767181627024 -56.66386829582336
-930.1624267570246 -56.886122661505965
-929.1172132961024 -57.09901596871498
-928.1987493507136 -56.6180871900666
-926.7628195754755 -56.533234598909644
-925.9977133743037 -55.81818908718708
-924.998238848852 -55.29875833061817
-923.0632795564402 -54.841254833017615
-921.729551600622 -54.70962313083294
-919.8530842534769 -54.884347024236945
-918.4254031650294 -55.3382043865073
-917.467648791479 -55.523438784157065
-915.8231020442713 -55.09237948325756
-914.3113617173899 -54.745223673855094
-912.5334227554072 -54.98900001016739
-910.7076747886408 -54.68134005633476
-909.5043389074076 -54.69834864405277
-908.5782173148859 -55.11557269362095
-907.4311423770655 -54.776261749540595
-906.115661429571 -54.63899387684944
-904.8873911372889 -54.729788425241736
-903.0249376765955 -54.95591935781124
-901.1966647378672 -54.59672996667507
-899.4564946166743 -54.972906413351325
-898.3044814340342 -55.18853143123272
-896.7957569829691 -54.8838709321368
-895.3688889018763 -55.02979302672031
-894.2080051175822 -54.78927728799465
-892.7814829818476 -55.01080546048763
-891.1763937942255 -55.32752785352352
-889.7185655109156 -55.08835305539253
-887.9175385705698 -54.856917667065886
-887.2150604001749 -54.66036941376808
-886.2400490514506 -54.76962194857481
-884.3834797612894 -55.18629328427198
-882.6432611219157 -55.27997099873903
-881.6749763957728 -55.09272138295057
-880.6099360458124 -55.36949495491865
-878.9777508250941 -54.90261332211378
-877.1486962310541 -54.887520464931754
-875.8462704889048 -54.58554581073406
-874.3864089719523 -55.110330256496695
