-1131.022682695048 11.579655668835017
-1129.2145898624826 11.648056469063135
-1127.4406565710474 11.785612187485071
-1125.731733350413 11.791895023683878
-1123.8134084030557 12.021232656339976
-1121.8670366093088 11.85532017717776
-1120.0462674185205 11.53235497246203
-1118.407572297709 11.949735841850611
-1116.5807521625925 12.025931737522455
-1115.6719021483827 12.695834002594324
-1113.7005581542421 12.550915605525347
-1111.8760641499925 13.150235182742449
-1109.903648941176 13.770096427897784
-1108.124993888991 14.077116615275713
-1106.3126814052034 14.038385170648667
-1104.768771736281 14.268925654838654
-1103.5875785037447 14.518035027335259
-1101.6892134829927 14.276433336685272
-1099.8852320596147 13.829668509910675
-1097.931210844176 14.363329040954682
-1096.2649035140444 14.437416489372822
-1094.5507192298342 14.078363712082478
-1092.6321742221285 13.536534245262715
-1090.6636974498201 13.797197337399098
-1089.069648472922 14.227264608393284
-1087.227224557059 13.939281250486943
-1085.5053244515825 13.5837827577692
-1083.5305255338121 13.34843270028648
-1082.224476067679 12.917929123292538
-1080.3035213633943 13.352081905255886
-1078.3524642869402 13.1675711824995
-1076.5296183511186 13.12462101424751
-1074.6118384286333 13.440759639392468
-1072.6518217011858 13.06128225768623
-1070.8231981679369 13.556630651603314
-1069.3062318250109 13.066331545959088
-1067.4991610928942 12.972429494510266
-1066.0545528813768 12.85673573161182
-1064.5849104806352 13.51035609389362
-1062.73767122473 13.020722891340824
-1060.786603061812 13.368916328201863
-1058.898484079497 13.000304932842823
-1056.9489608689714 13.323037917862507
-1055.3430313750673 13.625696416149708
-1053.5368650838304 13.325357134590718
-1051.8587283774782 13.778002406607243
-1050.4413369580675 14.081422026405903
-1048.4742406293321 14.334508205900761
-1046.923353521483 13.899950499783131
-1044.9765997811724 13.809802654336067
-1043.458903758185 14.022191691349121
-1042.057411043303 13.884041684816452
-1040.1531146451402 14.166959154556366
-1038.3040896340776 14.515359836767288
-1036.6597367211748 14.354210752199265
-1034.7324181481767 14.647239911506745
-1033.1936096831728 14.45017555649099
-1031.2486158296038 14.91365719134626
-1029.2702837869097 14.782944890807244
-1027.5703851863314 14.39646798665342
-1026.3737679406572 14.36804513367531
-1025.2166560574938 14.679965269888612
-1023.3626349851061 14.118179333533021
-1021.8239838763643 14.33334335419056
-1020.1244913026262 14.123303366030427
-1018.6342903062273 13.988956433857652
-1016.7645784303118 13.715609801138612
-1014.7956512853075 13.225678754175874
-1013.7501941605974 13.053934198940965
-1012.2693684979845 13.34829432996628
-1010.3468769475389 13.681187343920442
-1008.4725204392839 13.845044759238931
-1006.5663329049517 13.520109710420343
-1004.8546051665712 13.583551881040307
-1003.7548389121462 13.978109953130456
-1001.8976466342378 14.68848234149334
-1000.6846087857652 14.05693071814892
-998.9013832494188 13.668699261869165
-997.1017689391542 13.892112192834588
-995.2442137881685 13.862547335351678
-993.3137793227602 13.621064123834344
-991.7162443086077 13.463997972334596
-989.749315826552 13.055500221575471
-988.5736081286836 13.19263134631035
-986.662443368094 14.019890171612474
-984.8473012134004 14.172028196181031
-982.8807601615358 14.400752035106393
-981.5152375384737 13.85756006571171
-979.6130276605058 13.63712057205555
-978.2047290488649 13.508450743879052
-976.9585948869158 14.182825085843774
-975.8297637387682 14.572809216703149
-974.0371254369188 14.996611711705896
-972.2447744294573 14.706448194707605
-970.5695143624712 14.693306005696627
-969.514860956328 15.113031990031573
-967.8072055264879 14.710405594806048
-966.7956088468004 14.34873712728438
-965.257293431418 14.204335457782122
-963.4905562087465 14.45140787134585
-961.5867764636446 14.448331277954253
-959.9119469806124 14.733856152879866
-958.8299401685167 14.676159087705287
-956.8362649365831 14.952570144223841
-956.024681954043 14.628562096643122
-955.1004020258356 15.13125473647085
-953.4451164289881 15.097553946214589
-951.625365881579 14.93553433580962
-949.8028592153955 15.002255328136357
-947.8622203155924 15.438404150443944
-946.477922229426 15.314554229515466
-945.0282501264978 14.712166682022485
-943.2645429655481 14.818824209409627
-942.0415982290674 14.964839719372662
-940.2125984713007 14.945851404356631
-938.2602277084757 14.821017217027816
-936.5738609119821 14.927057515966567
-935.2487725302149 15.044899042832526
-933.456455139773 14.92486428855625
-931.6218248888422 14.977374795961055
-929.886688975947 15.293320212649974
-928.314925222056 15.337455768274936
-926.9879654928613 15.158684242653521
-925.397539047854 14.9746363946673
-924.2503383442331 15.454971272635134
-923.3716800495554 15.590887833523425
-921.9446742817331 15.542186234283122
-921.1487151071001 15.701262761044177
-919.8146018668581 15.18487243740526
-918.0671631976534 14.914173919844302
-916.4519028350282 15.098830927300128
-914.6998380109239 14.750861752915057
-913.3722473069597 13.382720459389361
-913.0658352359701 12.760493088650378
-911.8288736328054 11.98085736124483
-911.5216540678907 10.969766844200763
-910.739082632916 10.31777678816286
-911.0429301544596 9.308160413193377
-910.6408403500486 7.481007326531085
-910.6492801889349 6.054657448219928
-909.782497046845 5.130830872940692
-909.3619550451208 3.777662862229022
-909.1860450788904 2.960420657086047
-908.7747948154379 1.7071640977140987
-908.2607951744963 0.04722552387681844
-908.7240588947702 -0.7456784358743107
-908.3292102202345 -2.1366031280282414
-908.3279332130719 -3.7100517860177433
-908.6986077636052 -5.684041511130658
-908.0990250318814 -7.330873977256147
-907.5454325884152 -8.654591452193586
-908.1000910609532 -10.576188456130353
-908.2837327181865 -12.349714886260358
-908.5598941504527 -14.158906113219587
-908.0774713217784 -14.91457630307707
-907.6675953328181 -16.256053816390363
-907.386775737958 -17.354533325744
-907.0838917552996 -18.706100594115583
-906.8617850899268 -19.593595873427716
-906.9112728893328 -21.267994891715375
-907.0614702760745 -22.708547126365033
-906.9498342036773 -24.019868980956403
-907.0027791618872 -24.847441326690046
-906.5729547500182 -26.124036323142377
-906.2411342024375 -26.901377271724073
-906.5617852568198 -28.020357441020337
-906.6564602016974 -29.130411933970777
-906.9476802408267 -30.65429682643446
-907.7247749030162 -31.673250269008008
-907.5917035847474 -33.26504714400801
-908.3087614088822 -34.96910495669874
-908.0813043772746 -36.712104033542005
-908.5653353690673 -38.079790305209485
-907.9385750054885 -39.65343243987593
-908.0642531871367 -40.40078647048506
-907.8591671794225 -41.833309482646314
-908.1871806293298 -43.495431970668164
-907.8066466956902 -45.14276749999556
-907.494918754654 -46.5561849585298
-906.9842453509141 -47.99415857703718
-906.1716785937119 -48.96203691871199
-905.3560284286309 -50.44857437522444
-904.8840963154603 -51.20375854880842
-903.6538957863618 -51.63181127221617
-901.9225199728776 -52.167262684417096
-900.485703995781 -52.0604057720426
-898.8680387049485 -52.09507907540831
-898.0559024124909 -52.25772706778082
-896.5914326220322 -52.843910377335874
-895.1458056479264 -53.26084987432989
-893.6241243391801 -53.591978471589414
-892.7300032883454 -53.53155885250601
-891.5759126454163 -53.7939217499021
-890.3993289976884 -53.433542083812085
-888.8281038313676 -53.64544437439474
-887.6957994013596 -53.8511717280868
-886.2952669173051 -53.657029714298574
-884.4970548659135 -53.534910846364824
-883.5149814396668 -53.916259158265916
-881.709180763321 -53.92673053206238
-880.2371056586076 -53.57795332731041
-878.4329622298051 -53.53147461624178
-877.0790695458222 -53.766270425033895
-876.3433653026391 -54.490248467636434
-874.6290790944863 -54.456769641352025
