-1131.022682695048 11.579655668835017
-1129.2978821083475 10.80862953434405
-1127.6978874489237 10.578707701663348
-1126.784100739615 9.771141297320696
-1125.4905798121858 9.57669819066939
-1123.8047284766603 9.727840936879488
-1122.6489441081453 9.81413941750941
-1120.732090918677 10.05464664767203
-1118.8013631984163 9.760641730527254
-1116.918019501822 9.410932785968157
-1114.9811800404955 9.251234985093447
-1113.1888860150743 9.15950603703675
-1111.5128134175707 9.161658524672362
-1110.1352619811464 8.912648259798857
-1108.4378735705782 9.109603314797255
-1107.1492632314134 9.070349103907915
-1105.5935897513796 9.387995279530855
-1104.2162154599596 9.053362763623568
-1102.3988108321596 9.086236789028021
-1101.1171199962068 9.273599802653166
-1099.7158913299013 9.408726095358702
-1098.501643626349 9.815260975758406
-1096.6725345536638 9.95661246697125
-1094.7676714345384 10.302704422871443
-1093.030555932181 10.28812122265515
-1091.4434683009554 10.320646925966116
-1089.626200644629 10.548269315759512
-1087.734123913901 10.410733386079642
-1086.5527983590532 10.370730309883925
-1084.9404729291368 9.905064373413893
-1083.2722977086473 10.237191884915205
-1081.4808491155077 10.190167053739401
-1080.5997361823488 10.240005596677634
-1078.9381574078966 10.098901911775442
-1077.323227016585 9.495620711843344
-1076.2535447760988 9.633758678237768
-1074.9816604539324 9.625393419663283
-1073.15663835253 9.387157111565443
-1071.2197243853975 9.628100871245238
-1069.246041981833 9.435658871332976
-1067.4240792676378 9.5036133966845
-1066.0033731147219 9.632548659245344
-1064.1432120486666 9.162469892899367
-1062.8744787856508 9.088392197291228
-1061.2981670781542 8.839174001614424
-1059.8394483014513 8.417852311531874
-1058.3059924527574 8.659761845270964
-1056.778749792235 8.952831446329924
-1055.3766158505846 9.079719885389181
-1053.6915180369783 9.173820949296328
-1051.977815358298 8.342921531895968
-1050.3725382968355 8.49749464462218
-1049.4827227875162 7.705443567733141
-1048.0744318052698 7.19422543714461
-1046.430525211947 6.61587340305266
-1044.8695463224817 5.674569196204516
-1043.6279841944147 5.210927612284991
-1042.1796773954798 4.233584827880236
-1040.6680146738458 3.540683216552111
-1039.4540223165918 2.028732485274645
-1039.0148285612036 0.9131944842141593
-1038.5765137359072 -0.7567018799978769
-1037.744317559855 -1.7016493015486276
-1036.9628248497415 -3.308072441120771
-1036.3428088709284 -4.466124170323042
-1036.0714966937471 -5.605021350880293
-1035.9360729738642 -6.439490192433027
-1035.4569030388761 -7.396954172154096
-1035.3491926922966 -8.835277908344892
-1035.281960411327 -10.566472762127546
-1035.787595434444 -12.185812466641096
-1035.3290879264046 -13.589233510990766
-1035.2309517845083 -14.234083109398512
-1035.0531578942705 -15.8605537944037
-1034.9296799286772 -17.52163582374635
-1035.4351996764112 -18.361014776726392
-1035.6024671032596 -19.568186336060194
-1035.7742732449938 -20.64956288864198
-1035.7137007250954 -21.643264823456434
-1035.8610718830992 -22.969070725937513
-1035.6224489345718 -24.79152267505708
-1035.5892691447903 -25.572607689400343
-1035.185946030872 -26.71016293098512
-1035.5485352113415 -27.773842983742384
-1035.936001880424 -29.298272662659315
-1036.0838766529728 -31.007692866821913
-1035.634271426456 -32.00785880615297
-1035.3133817746807 -33.77355545093599
-1034.9247475698162 -34.91610293914857
-1034.8781861051489 -35.94253795673433
-1034.4065321966577 -37.06056862403932
-1033.804360239165 -38.41108089019838
-1033.625167129891 -39.367897921105055
-1032.7970358117987 -40.36975901653352
-1032.7132572143842 -41.00266026784959
-1032.2924199908543 -42.25338279535356
-1031.8446755617429 -43.69685816099229
-1031.521844765501 -44.923740857144026
-1031.479169687586 -45.94453107645097
-1030.568246445017 -47.12604724695268
-1030.2612775176335 -48.264123790760664
-1029.7696220188905 -49.369594924946455
-1028.790313294487 -50.63807415296617
-1028.2447640806008 -51.673098915119795
-1026.5321597963143 -52.67693447401109
-1024.6791736989785 -53.09081520964685
-1022.9618149905968 -53.29827772905412
-1021.2612317710687 -53.0363464884955
-1019.5183950572778 -52.94669162561479
-1017.7003093868066 -53.094317638178495
-1015.8157266288567 -53.539798640509275
-1014.5536659866143 -53.41171074738088
-1013.2819346099664 -54.184199937482504
-1011.6311091094781 -53.79166797627988
-1010.1524649768639 -54.25836635460439
-1008.2830418258477 -54.19999464680734
-1007.0320304542352 -53.81018509795251
-1005.3680698781777 -54.361615800161985
-1003.9299530893136 -54.73128923108163
-1002.1845755487252 -55.091405057211546
-1000.3976323514748 -54.96634633173528
-999.2395942121316 -55.579724975724844
-997.445595970707 -55.883764066596655
-996.430361261921 -55.79030569722238
-994.8377007156182 -55.52563204695764
-993.0549706130791 -55.812997245093015
-991.617767801838 -55.62092300583902
-990.1787408500481 -55.59553775643292
-988.9306880145837 -55.08277520989361
-987.8909538894463 -54.708527033080486
-986.8990842014123 -54.20732981418553
-986.0001127630044 -54.42825535391751
-984.4015488534737 -55.06359056090298
-982.9353753238488 -54.86711025690022
-981.5099302440453 -55.1626769349474
-980.1869286208916 -55.18498943639281
-978.881885161953 -55.3961352546263
-978.0037642627526 -55.45281230178955
-976.7783600002099 -55.9350288387883
-975.575008621769 -56.33858029810074
-974.1579898505975 -56.5560831901181
-972.2014014631081 -56.37168598440769
-971.176081171589 -56.615872981821326
-970.0574544578362 -56.476374271189
-969.0271974712182 -56.50476968554142
-967.8547460943032 -56.36561388043049
-966.6860633998681 -56.323098297094134
-965.1779701619912 -56.323922845398215
-963.4851901441384 -56.19000339773777
-961.974047175007 -55.61249202755573
-960.6188113599587 -55.311632695471076
-959.2131097226907 -55.901467564379004
-958.3772022634316 -56.37698516515377
-957.3243713289071 -55.602150413070945
-955.7709925084878 -56.21637961534145
-954.1048264413644 -55.537636014496115
-952.8878519445229 -55.06821015742901
-951.5431289583016 -55.345674815450934
-950.5901794343758 -55.19110416141632
-949.5698090701867 -55.5330450412381
-947.7545417457391 -55.601902025615004
-946.8646728902627 -55.59811648340258
-945.2056291013528 -55.41503659994635
-943.6312707572747 -55.05498246462378
-942.2429981141854 -55.261493962121335
-940.5825110584069 -55.38418326885733
-938.8294646650124 -55.20332027585539
-937.5394792466927 -55.82733769328627
-936.3166477590371 -55.7087296506885
-934.8792344241906 -55.77526723952326
-933.6850855260659 -55.80840400592717
-931.7636812835503 -55.43688199655446
-929.8879998832513 -54.8603064192954
-928.6961653142739 -54.62421818808946
-927.5640971570779 -54.55421596751842
-926.1050769000817 -54.68960854397449
-924.7178057342339 -55.12304797754916
-923.4494168668557 -54.6186843811098
-921.7398453861047 -54.63533537821206
-919.8296137958337 -55.335759512943355
-918.3149191051293 -55.01079054908189
-917.3311899214555 -54.65923043326768
-915.6715970545579 -55.11404892043504
-913.9374220877457 -55.42326530055436
-913.0679902344514 -55.23832524554166
-911.6155486613084 -55.63429815308484
-910.6853840261269 -56.17868740097913
-908.8911676317025 -55.724873877925006
-907.1590979009438 -56.11862728731069
-906.0608278423119 -56.21664071069392
-904.2240608840752 -55.92721346007022
-902.5868942647744 -56.05155067132148
-900.7198047548104 -56.355474993449775
-898.9433375507165 -56.18053048835429
-897.6506302266885 -55.9514382629219
-895.811169972973 -56.18360283957156
-894.1089595466424 -56.43105277405414
-892.1809524207879 -56.817143916946975
-890.7327719836999 -56.23908948884639
-889.04332219656 -55.73567873225841
-887.8204085737038 -55.308382063967315
-886.0788292794991 -55.06062486754092
-884.9011059909631 -55.09891622127327
-883.6563318877984 -55.197354245794145
-882.1665071159173 -55.42399557293686
-880.7896155029107 -54.99594004811081
-879.7619304567147 -55.06411421657833
-878.3187175899316 -55.21320085586342
-876.6477605014611 -55.47914205850395
-875.2520611196328 -55.56559802950653
-873.9755601793099 -55.08498861254486
