-1131.022682695048 11.579655668835017
-1129.8306324764658 11.464714630643698
-1128.0739605709482 11.007458641330572
-1126.210845975535 11.440809442798468
-1124.2660169884134 11.672603204051825
-1122.4145276829172 11.742389812270972
-1120.7064796968866 11.555813118020865
-1119.3394654079843 12.097638412515494
-1117.6927633568216 11.92280997256455
-1116.252502231257 11.906385625849339
-1115.2141731068064 12.243261451969715
-1114.2178782507349 12.142181280205818
-1112.3786593958307 12.571330788682076
-1110.5553323313165 12.706365498850914
-1109.7894233747888 12.988376113722893
-1108.4196410461832 12.635450425694557
-1107.269174961703 12.808726865003678
-1105.6392356439997 12.93960237796125
-1104.2305251642633 12.308072927544686
-1102.3111244722772 11.719937506268593
-1101.5052559658457 11.971180024693581
-1099.798245458262 12.222343358347985
-1098.3522210403848 12.675711485694023
-1096.3814922853876 12.543834033558937
-1095.006126432078 11.937841060708138
-1094.0432446285654 11.62439698273954
-1092.2556141897608 11.417678478310677
-1090.4918031975199 11.59911968107042
-1088.5358710571695 12.02759959096727
-1086.802694348948 11.654811012695404
-1084.929765610354 11.250847446868988
-1083.085807232516 11.17016135449228
-1081.2268008276392 11.195273322190019
-1079.303606657641 11.632232618654939
-1077.6984720512796 12.077968401039811
-1075.7444277092386 12.400841814602586
-1074.4347931429315 12.20643229516861
-1072.6212997719217 12.113442097927305
-1070.7318223997522 11.812348817611905
-1069.0893534704614 11.82328577818987
-1067.3561122700144 12.205921311999532
-1065.654629377978 12.051380192066404
-1063.8193813845087 11.749225204015943
-1062.236561803477 11.498949294115278
-1060.6701811834741 11.2191102552664
-1058.7264809891153 11.11332383486149
-1056.8103225513864 10.88530549141285
-1055.0585358425546 10.81128468098757
-1053.4908747955728 10.744042766417238
-1051.8289617582727 10.881964084829065
-1050.5540654941965 10.492779639686319
-1048.931595592158 10.420333725537034
-1047.108108429568 9.959836078013154
-1045.4360647484232 10.117369023288461
-1043.905544190066 10.187668484772416
-1041.9767412229944 10.824348610962602
-1040.4488619848657 10.842290570164892
-1038.7078978105951 11.371421028996679
-1036.859297899859 11.683789451743337
-1035.3695448919702 11.385405351544591
-1033.6511636063028 11.825070102835866
-1031.8644213959146 11.477862318183156
-1029.893939523356 11.418147822047445
-1028.1189035459925 11.458148487980338
-1026.218635468142 11.252308481509658
-1024.2887074037958 11.393132113988372
-1022.6616064592768 11.869370036895248
-1020.8399253174234 12.408303314025375
-1019.1562084242273 12.580616676385375
-1017.870577363627 12.255629890735122
-1016.291852502482 12.341300704653236
-1014.6613260790277 12.86673418539283
-1012.9654622360636 12.375353702480766
-1011.1538338943888 12.469295242006751
-1009.5234818741251 12.327603810603591
-1008.418537168162 11.931788616950485
-1007.2591852232385 12.194653147037002
-1005.3107571884561 12.490325682933303
-1003.5792112633158 12.450225853497955
-1001.8936493679453 12.761624955708953
-1000.0901434704233 12.242897057111236
-999.0295260235239 11.833544218118163
-997.2325450464655 11.834544279749366
-995.4167461677957 11.665221371824714
-994.3761233374048 12.123314538176032
-992.5934586807657 11.936087527449104
-991.2324749514032 12.318607934887382
-989.7574568077493 12.170409583623382
-987.8370306774545 12.526148610885116
-986.1966241880823 12.193278604323837
-984.6887115522791 12.695910089786025
-983.1425606295038 12.41149555998561
-981.373781232493 12.844780468518707
-980.5390576406885 12.736484476501914
-979.112884668963 12.333784767563316
-977.2950668617655 11.624572702820274
-975.5989301487375 11.505692632074329
-973.7948231979776 10.934332342023822
-971.9643609806467 10.526202888364764
-970.0869050308634 10.22978216516492
-969.1430889650751 10.284635999376746
-967.9451455160547 9.923133232767555
-966.4873572870661 10.549132862265083
-965.1729517265726 11.027051755363914
-963.6072275921274 11.063524284536811
-962.3407866045404 10.822805547292205
-960.9045125528742 11.08505856352565
-959.6601960941721 11.195385479505035
-957.8208056971002 11.153085162068578
-956.3908646389414 11.349926342393132
-954.7278616711069 11.240814847077104
-953.2919009014536 11.259835482711765
-951.4465771004129 11.958019853706332
-950.2759021803308 12.095780314083072
-948.574182419436 11.46858763801572
-947.3734786793161 11.094631047124835
-945.4107113167215 11.42531034457204
-944.3700766846109 10.890175850267383
-942.4407658859659 10.604386092300388
-940.8511007114816 10.428184093112918
-939.1054631754328 10.429312111015292
-938.0542478844095 10.773148180122348
-936.3366378828455 10.41379642593381
-934.6351528450418 10.968814016456577
-933.6041932388712 11.53797102081296
-932.4466536327768 11.18243074523923
-931.28541961159 10.924769343013736
-929.5874196573664 10.519614727373096
-927.7637895628382 10.788980455274555
-925.8881594225336 10.400085182065936
-924.2586454435755 11.011813075418445
-922.6141015573908 10.738647283191654
-921.3644526287485 10.976214886779758
-919.7188760324884 10.693209798212024
-918.9558325096536 10.860665054197284
-917.2943823620249 11.082201243514987
-915.4355912491251 11.41960212695119
-914.3293006702829 11.780984969015094
-913.5503852054048 11.616368458743068
-911.9448599502016 12.150743113036128
-911.2259201690126 12.52567835258958
-909.6883434935976 12.802613810772868
-908.506603805678 13.04741898285863
-907.2585951968599 12.954122589106532
-905.8003395482469 12.728020520086261
-904.6559440776277 12.678741091067764
-902.7963773890901 12.157233291442367
-901.4737878724504 12.402808779056045
-899.861759273665 12.222843551213714
-897.9756170197893 11.784219228799316
-896.6523469373155 11.943112426574203
-895.6405619069506 11.276910119826766
-893.8446253224779 11.845890456016036
-892.690575091498 12.226629817063781
-891.4046145364214 11.823134445722076
-890.0492571278978 11.345959001357528
-888.658586113112 10.76367228585002
-887.490448562758 10.759852939422103
-886.6514231845308 10.692333118195506
-885.713627664702 11.155615882153484
-884.4641371652056 11.407683805699321
-883.0493471309114 11.66338215875146
-881.4657210990358 12.243597374434444
-879.9971509858538 11.967271969790431
-878.9346327468324 12.45777891683099
-877.2616893931795 11.857146904940578
-875.6735324546266 11.924601183409663
-874.6086437388826 11.726648346657726
-873.2512441560198 11.24689073967454
-871.9927599116731 10.983073459143611
-870.7697648688722 11.533427343840572
-869.4141364976335 11.515815667013499
-868.4694735690523 11.313458538750979
-867.2986573859621 11.301400226677629
-865.5215929433275 11.50316898259041
-863.7605678721834 11.619588089312288
-862.3382225915361 11.606709829668375
-860.5517028256822 11.411850861410471
-859.2207584067751 11.76418646345553
-857.5225163384844 11.665388657848212
-856.4549297973085 11.41383804301438
-855.059635846274 11.341495758990618
-854.2747855469156 11.64725819895682
-853.6124379917551 12.070933706263872
-852.3472639604975 12.450380331973406
-851.6695562883783 11.895205385188433
-850.0756053015161 11.197283095816942
-848.9130009695459 10.833601004580828
-847.7598204895426 10.322599894503924
-846.9269988819528 10.284872523645731
-845.3363147064615 9.711546233991953
-844.1901381298471 9.957864589194628
-843.2282914802004 9.430403179625841
-842.192157714026 7.945759958724352
-842.0558287784029 7.286797947387072
-841.6939500554968 6.196116632918688
-841.6966831668783 5.16161531875548
-841.2155410036016 3.6339110798638785
-840.3712577804495 2.5521863169473136
-840.1582991167475 1.5912767715257132
-839.664560107844 0.7600789136689627
-839.0750277921129 -0.516805284519819
-839.4195503875185 -1.7703478269773996
-839.2575660332609 -3.0429396562773263
-839.0510727449823 -3.9993727140623605
-838.9553847446609 -5.808881037731794
-838.9620881624091 -6.82859908868852
-839.2229382641185 -7.529945605297712
-838.9275980241168 -9.373057358761457
-838.6153598971237 -11.026423805256513
