-1131.022682695048 11.579655668835017
-1129.1955524965692 12.01807873616633
-1127.9793740793634 12.221634647945734
-1126.0377785250116 12.769125542740198
-1124.2341914459635 12.43804003963885
-1122.3104181572367 12.844389937023493
-1120.427928118365 13.127729914287897
-1118.584045557635 13.172700843910548
-1116.9683956190515 12.748347929815623
-1115.0844786449838 12.757030821542116
-1113.4691760822702 13.198627866010042
-1111.5436399265695 13.499543822507235
-1109.6593720003534 13.447702965835902
-1108.0334832950998 13.449329621295306
-1106.1927244945932 12.99130002329764
-1104.571694044726 13.237582168678614
-1103.5684449955393 12.786813578705164
-1101.6466157719065 13.185227981905314
-1099.8524256035257 12.589778355459543
-1098.0574751182962 12.479845210115286
-1096.1085126682688 12.39201366821942
-1094.666412381785 12.388211562435004
-1093.7206911131311 12.66658063153443
-1092.1914601608682 12.83566099325833
-1090.2493090912271 12.772760442594858
-1088.3985655590463 12.627474717001292
-1086.5187065884043 12.113780907492014
-1084.563718943255 12.23277132878718
-1083.1071622654367 12.112147337893816
-1081.3398169561792 11.485110647181841
-1079.6055101438928 12.095026380519244
-1077.681400923388 11.93572620222983
-1076.0634260460306 11.58341816733298
-1074.1408033653665 11.287167585591646
-1072.708686618464 11.833017862538668
-1070.8963051124979 11.63074176679072
-1069.368352083819 11.418572119573923
-1067.4918524309564 11.192628822426173
-1065.8666568085123 11.125479540924402
-1064.0531714245249 11.707755229572626
-1062.311652211802 11.424706897835108
-1060.8733395620752 11.087121269802424
-1059.7501466556955 11.010772875646921
-1058.2900432630945 11.574785522322031
-1056.3404008432794 11.08485331306872
-1055.1549467131067 11.017851746777865
-1053.4445364757944 10.604831702212664
-1051.5826208874155 10.859706825713488
-1050.198629049914 11.231395936707827
-1048.3680187746454 11.553575403193804
-1046.6254903360773 11.878913379411074
-1044.719417242663 11.984652086297842
-1043.3793386503626 12.227953388492438
-1041.664319305079 12.473919510046812
-1039.9018688484598 12.764821707407805
-1038.5423553272653 12.885359658996435
-1036.6534869953562 13.00187408844647
-1035.3360228821207 12.727858840624663
-1033.7691686436106 12.364927440087172
-1032.0383799358774 12.028625040451857
-1030.1279144569803 11.798607840339514
-1028.7399280353952 11.557551427881094
-1026.823288588183 11.917732997934195
-1024.9389559313227 12.486234053174826
-1023.9976939841677 12.125029101173254
-1022.5466361924578 12.227034873465868
-1021.7519644185472 11.602302736739489
-1020.3861957475115 12.090582228402468
-1018.7592266484667 12.37873334358153
-1017.4325214311052 12.603296852807375
-1015.7164278909136 12.418126068214747
-1013.8325265332628 12.54318752060351
-1012.0951562806536 12.404600179890963
-1011.2054600998331 12.206054306725832
-1009.4825848623682 11.714123434523913
-1007.9927170559336 11.497412539224001
-1006.7796914860178 11.282008371452662
-1005.428920774119 10.985765359501215
-1004.0363785311151 11.29008670816836
-1002.7082164570261 10.918165288071009
-1000.9859278484751 11.351083002189966
-999.4758159204889 11.100099823574396
-997.9365906998087 11.243048555354449
-996.0029974266458 11.435480154256197
-994.8436223551203 11.103040850858065
-992.9104112669397 11.29866633484778
-991.8466818615366 11.148400909404131
-990.1453918501306 10.78604290554938
-988.2820505186487 10.980556986431452
-987.4956227823664 11.462950519422861
-985.7128610893656 10.948045603136393
-984.1631140991617 10.572153738836619
-982.2059456392694 10.785256049732538
-980.9469564243723 11.370140335659357
-979.8178551479746 11.713494650225016
-977.917548684733 12.055675557951304
-976.2674538179804 12.173245384494635
-974.7482087894846 11.7533353112143
-973.7524074598718 11.704460024039122
-972.1088446661402 12.064124225775572
-970.1729623361994 11.755571334759566
-968.3202046438623 11.532221823136183
-966.5567089601923 10.975133626858565
-965.2695317551065 11.588982789913985
-963.4490425869394 11.930181025664183
-961.7470101400781 11.49325987617192
-960.6087041183878 12.054269223610731
-959.3650088592935 12.35840988079724
-957.6841795727182 12.286939739386412
-955.9378655239511 11.968345224062773
-954.8260739132334 11.791024043361517
-953.0649277254511 11.941263004342886
-951.766491918223 11.752594380776259
-949.9483156486917 12.263650446335646
-948.9054642006327 12.320569194058749
-947.550471930163 11.808057046632143
-945.7300755068231 11.884994021753641
-944.6678194090296 11.348281017641398
-943.8994617744852 11.294138080577227
-942.3252773567606 11.391275308231684
-940.701244620936 12.037065944771143
-939.2513639017511 12.590410969356867
-937.5686456247736 12.657338134149882
-935.8627883478571 12.755030757884356
-934.3096890732218 12.659025087158057
-932.3827153726984 12.57046561608729
-930.525840906756 11.958605340818735
-928.6707469507624 12.442439220051142
-927.3026649042536 12.697243920664164
-926.4288682028223 12.248179546694132
-924.6509057566095 11.155932895044657
-923.6582396909166 9.821787825922343
-922.9253887816835 9.22927372823176
-921.5826034232546 8.329769245485636
-919.9146108313967 7.917886308531138
-918.3651475593019 6.994037441114756
-916.8246308251787 6.8163777507346595
-915.8335261031557 5.97203051219401
-915.1011068507601 4.650065771440836
-914.5909455105234 3.1372023738425696
-913.6912345572878 1.902065388063761
-913.3667475267816 0.3920189059775794
-913.3920645400453 -0.5031642400223291
-912.6598809644152 -1.5112786971527612
-912.0950855299402 -2.683843680520681
-912.0113103970457 -3.4269166671234643
-911.4959214910436 -4.220531054635671
-911.3697719260622 -6.143288918634084
-911.391709803002 -6.933955677648214
-910.8038059457708 -8.13259983887258
-910.5719012006689 -9.042365320821432
-909.9904112204481 -10.627802857061056
-909.8323160096575 -11.818756350179342
-909.6858175679613 -12.814317830701498
-909.7345398947168 -14.215702541967062
-909.7574314161707 -15.687976130147604
-909.8967800125051 -17.2684900843102
-909.7280126794744 -18.81711912979665
-910.1802369936872 -20.288760193486837
-910.4275532349516 -21.332832821508077
-910.0597452207971 -22.212045081754354
-909.8030156477857 -23.032573290963796
-909.6365799590517 -24.200763412614492
-909.6068634971548 -25.957117744584707
-909.4220127149988 -27.184402533670095
-909.3191896065641 -28.516075082917837
-909.5076684787441 -29.96526867975774
-909.9362991287876 -30.860424765248922
-910.6727257206608 -31.800595530172018
-910.2080469265152 -32.510811694760946
-910.40432385947 -33.75271666874471
-910.3323814555574 -35.284228452344564
-910.0297376498152 -36.46892798771444
-910.3647811993528 -37.858555802007345
-910.4841655626465 -38.61630118717733
-911.0065504446197 -39.37924362053457
-910.6281459167171 -40.88990474571767
-910.2975486352611 -42.43052507271352
-909.6952116921116 -43.46795607437673
-909.5125424846578 -45.17919112076345
-909.5254993721414 -46.6425569139916
-908.6552343651224 -47.92130900253835
-908.2374595090319 -48.82814235319677
-907.4732781335283 -49.57539571156087
-906.3020857259203 -49.63604218592229
-905.2999407931734 -50.96062214006963
-903.7712099238802 -51.47013724674764
-902.5176940843035 -51.37406662931028
-901.1015710517336 -52.37269631852689
-899.6882877036501 -52.812467255492834
-897.7870297118593 -53.50928191175046
-896.1700386687685 -53.462951891918806
-895.4350492044855 -53.737085872193006
-894.0573960825373 -53.94871007730546
-892.2467271372248 -53.783633851309446
-890.984430460589 -54.40013041426721
-889.4563762232233 -54.696695559521345
-887.930359272616 -54.52151509453836
-886.5107300564218 -54.51421821662518
-885.5539559408594 -54.8562008196983
-884.3012320085932 -55.16311950036618
-882.7261683031488 -54.645951097694365
-881.2395655199457 -54.76409210064742
-880.2975571438242 -54.35698099234435
-879.207720307963 -54.542695326593844
-877.8036504074503 -54.930045528200594
-876.9647481724191 -54.83532653549048
-876.0732255860735 -54.70436264374587
-874.6255870744158 -54.69745614179703
