-1131.022682695048 11.579655668835017
-1129.1890425964762 11.807340494493815
-1127.883946208613 11.749199840376946
-1125.9994607254434 11.495151790927025
-1124.1537840649057 11.320009756038758
-1122.6679141804148 11.501994329641434
-1121.4241731449533 11.367535117219063
-1119.7345909162927 11.50169308776674
-1118.024580268519 11.110669511507126
-1116.408612279551 11.39787541622934
-1114.9427609726358 11.1589825629693
-1112.9896256014276 11.834168839405152
-1111.2833323761392 11.284825491855713
-1109.9029395862985 11.936130630920502
-1107.9738865181375 11.774772453258606
-1106.1886569544245 11.848956364343735
-1104.471023707049 12.212492632816407
-1102.9961680456568 11.984637725303742
-1101.0766734167505 11.308875787208649
-1099.3441679760385 11.003163266132447
-1097.5347516819406 11.029332633267018
-1095.69489124264 11.172702352653118
-1093.9843679949213 11.592269580016705
-1092.003732828753 11.310541163335415
-1090.656473426478 11.4502750440937
-1089.6972426458765 11.567612516830536
-1088.094910053866 12.1346306681138
-1086.1988827272821 11.806529450367066
-1084.3541957422663 11.624572935650917
-1082.432409195559 11.850756007383438
-1080.8828162237573 11.354760575244995
-1078.9707685991693 11.55262324507055
-1077.198687104838 10.94572910959539
-1076.0116794392038 11.61153254205999
-1074.1256604477335 11.369086372802826
-1072.9608285709787 11.303945663521858
-1071.251862792628 11.484525966594788
-1069.8575223967005 11.440845678697201
-1068.1193454548288 11.844428043017956
-1066.3529281898905 11.938449169645878
-1064.7057097240854 12.418029601822468
-1062.7962212845255 12.00437140012798
-1061.5599656387735 12.174827183733555
-1059.6493860765863 12.628476019154164
-1057.8726707979608 12.492292489061924
-1056.0786572977472 12.92023163581905
-1054.6612603947092 13.054467241416546
-1052.959059147494 12.880649219403836
-1051.0517571255136 13.01754301334438
-1049.2808721348215 12.49017118955669
-1047.8303152605463 12.932972367058369
-1046.029958395617 12.878228868494602
-1044.231282143252 13.150812531958195
-1042.4452446981836 13.423544968615147
-1040.7427429243494 12.86236556912479
-1039.0843853041101 12.5733868136507
-1037.8418519779611 12.681796158800694
-1036.3920401617456 12.581599268267723
-1034.66991677727 12.149192246745201
-1033.4748491331507 12.54013851578054
-1032.1020561739374 11.985302004168602
-1030.8643363996912 11.495055916855904
-1028.9515863939691 11.72660278076944
-1027.3968617006708 12.128786432693573
-1025.7485804840494 12.534880030105683
-1023.8592855020929 12.553615722010704
-1021.9602320476938 12.214430275509926
-1020.1430619045664 11.574305477688881
-1018.8633258625437 11.634012802640768
-1016.9972036167551 11.371561302940222
-1015.2900876089502 10.904864772359701
-1013.4464546724726 11.281114443342062
-1011.5931926056314 11.878475769559714
-1010.2641566082407 12.03904037098107
-1008.7115060373712 11.803486689130636
-1006.8658639475275 11.609731360475394
-1005.585700659411 11.445186629096838
-1003.7661966368128 12.121806218425604
-1002.2064625307489 12.32809550980744
-1000.5481528326441 12.406474529902312
-998.7444817110468 12.350550032357546
-996.9237622305322 12.580697006682726
-995.3764826342035 13.04592323968825
-993.4662725016046 13.030425108174654
-992.1381055399347 12.29854426453528
-990.9428251072336 11.720213211278292
-989.2715093180109 12.023227489690157
-987.5264281317163 11.864060885409685
-986.2547720953394 11.426648623446795
-984.7520880981851 11.640474877456995
-983.3070887609888 11.664940531502339
-981.8544329687525 11.896361868033978
-980.3493329569269 11.601805399308773
-978.6637008472849 12.058038811336132
-977.1488045736719 12.066751654396626
-975.2580658480097 11.82657712245998
-973.7554389521051 12.02095923865852
-972.5701978489328 11.66919977510986
-971.6994328781534 12.046862821231457
-970.621434120791 12.09957839096603
-968.792694000857 12.413715253720852
-967.2159904524256 12.774520824800106
-965.5484675451685 12.934312830815884
-964.0043832346369 12.309126447091671
-962.181099919932 12.071024279246899
-960.9929404541422 11.775671820293041
-959.7152490898538 11.86980598712978
-958.0916828199793 12.159413959036442
-956.3134380861688 12.588226075420948
-955.1592048689295 12.859340782414051
-953.7752732321192 13.124751622925373
-952.5204445406366 13.213395561228367
-951.4048346563745 13.076205874929997
-949.8603567167688 13.153740997562977
-948.8383020445276 13.272598262081715
-947.4475580736566 12.984616900930973
-945.6252256914545 12.980587075601193
-943.8622932716776 12.825511719236943
-942.1275476499964 12.422744120607945
-940.685224799769 12.828625406275364
-938.8181672378946 12.88995557571468
-937.19298007931 12.8617660805088
-935.3159783169199 12.647586251745793
-933.4925840183664 12.028668786535832
-931.6401603504587 12.023464973221394
-930.1891526266504 11.912358696709248
-928.820082215922 11.233794088612171
-927.036685614245 11.10483201886234
-925.6050349756647 11.075902278671833
-924.3124132439066 10.147414560566517
-923.1016446634699 9.657729591379734
-921.6296567007471 9.95750563884792
-920.4267502113748 9.85408661807594
-918.6349468513895 9.288723628173443
-916.9551760240961 9.295748311231705
-915.9611677214075 9.269992339561554
-914.7054739281107 8.948667573879334
-912.9065611645151 8.915465380201908
-911.2883429809976 8.796879123101803
-909.7281804367472 8.69935227478561
-907.8151358648706 9.333718071828457
-905.9177218958307 9.334741051445576
-904.8896731420923 9.733005697975727
-903.1880637689997 10.125334258328053
-901.9657084032465 10.001341353307339
-901.2601774021555 10.135321046362492
-899.4074967190195 10.146253983626934
-897.6073499008585 10.340541835079762
-895.8952977940012 10.71538167739925
-894.0567058607508 10.863056088934513
-892.2699801012445 10.938583190689656
-890.5834709688593 11.05111845875797
-889.4996947332788 11.249964292297932
-887.8861197515894 10.53932582880077
-886.110023288386 10.30619498635349
-884.8515931650568 10.118660207043263
-883.2980021521021 10.275130177984806
-882.4199811502863 10.172325830112072
-881.2350034996439 9.75291119063911
-879.7020736023355 9.586230869541737
-877.8446920200754 9.289759422789189
-876.2641995235849 9.431891079197499
-875.1284089371134 9.171446825514408
-873.964718489306 9.471164818058583
-872.5845389648844 9.063349302063557
-870.7397437378336 9.616557474384877
-869.3517337128092 9.761427383075329
-867.9480420633722 9.968168730984303
-866.80925646271 9.868963788400265
-865.0343065544535 10.131196270833584
-863.9091021105219 10.031875747392746
-862.317916659968 10.303289669702622
-860.9034931942392 10.009024727295014
-860.0037186428476 9.959182906101319
-858.5396055265833 9.884535583804222
-857.3138335033823 10.21632951791105
-856.1031147524286 10.111327665994736
-854.7160059496332 9.95337072307882
-853.358315972941 10.04025683100042
-852.4196681066919 9.778065594981285
-851.3386494203974 9.070920082877251
-850.4129473253656 8.653683516333672
-849.5048160835672 8.951510402510735
-848.4822473808695 8.757946881602379
-847.2445088907648 8.478882941554161
-846.4040302320886 8.435399892876717
-845.1139308496881 7.666430833886238
-843.7974905058313 7.338764283011528
-842.676733402865 6.030673834632012
-841.5669932648111 5.310306760619255
-841.0232438727785 4.19474479849157
-840.8649187966753 2.3295863598090136
-840.2177667900492 1.4487755029898608
-839.808834461825 0.8170580595236743
-839.5169242903162 -0.424923446823982
-839.9583215996195 -1.2671052486199414
-840.0175859316755 -3.186537888695625
-840.4357793315817 -3.9405787855881727
-840.0603656753469 -5.420495358158973
-840.1199073180128 -6.370278206517128
-839.8257600649763 -7.319624272038368
-839.2764632686544 -8.736966577221779
-839.4438919409681 -9.518997398068336
-838.8754791602064 -10.91280826633158
