-1131.022682695048 11.579655668835017
-1129.1930657907892 10.706126830677363
-1127.2792712732721 10.48418261776385
-1125.4086469694544 10.603827080826136
-1123.577674059527 10.263619653086039
-1121.7771890446115 10.424091420273157
-1119.882468609469 10.182710713843676
-1117.9070664926935 10.291438541511866
-1116.21100118603 9.896631053785654
-1114.4318095728327 10.29246195326266
-1112.6303504988123 9.515127263168665
-1110.8457016035486 9.249987623791071
-1108.9560131117273 9.03464659223971
-1106.9744640871454 8.68156208763537
-1105.0205382391382 8.092832527260157
-1103.0589854999948 8.487668684820505
-1101.125186829226 8.429355277816626
-1099.1575326010156 8.911883487502905
-1097.3814132496286 8.895663592169853
-1095.4033577724863 8.604695323060128
-1093.5095012470651 8.395632910678955
-1091.6478436275888 9.017283666084381
-1089.6850322767664 8.64252217407045
-1087.7956713720728 9.090821850250336
-1086.2025002523828 8.94003048832235
-1084.218154101031 8.990349355290505
-1082.270069269793 8.421574118683907
-1080.739612965243 8.10864416057882
-1079.117909936564 8.163435860673758
-1077.2742655559946 8.313100530902716
-1075.5828838631082 8.767243518630835
-1073.696234969752 8.96630956153092
-1071.8643164917398 8.656217589179846
-1069.9261093422342 8.466392516295286
-1068.081769733088 8.24898920873818
-1066.1395352169443 8.604691191713187
-1064.4571059032846 8.439675464431616
-1062.5772683903147 8.663309141198965
-1060.6459570213724 8.713319114546152
-1058.8676985784937 8.38462566504893
-1056.9577453419138 8.138256228665682
-1055.1114805027414 8.213166951338621
-1053.1640215202738 8.38554581920323
-1051.4263935371805 8.472800909678313
-1049.8715578600336 7.9766700259846175
-1048.3413118406702 7.740719019572111
-1046.7296183391977 7.6021341673534835
-1045.1913142486978 7.523485123316618
-1043.4569573685098 7.310435070793005
-1041.7987692638803 7.338703378240439
-1040.0564649387766 6.41026006559548
-1038.5047123714853 5.238782151738974
-1036.9567848726679 4.199498280088278
-1035.8806751057077 3.2505296907824004
-1034.885687737124 1.976411624948355
-1034.1094062611032 0.6775711021822417
-1033.9476613387037 -1.002351836164621
-1033.7650303229261 -2.915378645857004
-1033.5772269948889 -4.314028696020273
-1033.1653926059175 -5.220936492880014
-1033.1819199159313 -6.040614322622446
-1032.6248130037952 -7.142108038862375
-1032.1719691589046 -8.591777161558298
-1031.7290479376484 -10.370506600340036
-1031.3359468116928 -11.789099291761545
-1031.0784960820843 -13.324091986616281
-1030.781818701284 -15.206985548933176
-1031.113060487764 -16.65007002731147
-1031.0308782591987 -17.278952495058206
-1030.9590137138534 -18.821687237222818
-1031.3957034483124 -20.28426934858146
-1031.35016532089 -21.42743708272758
-1031.642707718866 -22.55894900937858
-1031.667779146092 -24.068498984773782
-1031.258149622338 -25.491508499582437
-1031.1300625785757 -26.12704278608146
-1031.316912649529 -27.58237840314689
-1031.9948263153005 -28.470170394380716
-1031.8617491408754 -29.839593426187662
-1032.1647643729616 -31.695437447031168
-1032.020244716065 -33.18384553571525
-1032.09590732898 -34.70465590139213
-1032.0469145908523 -36.47292853971305
-1032.076811759131 -37.246835366686014
-1031.4640765472818 -38.27249206682029
-1031.4123614415098 -40.20236922879997
-1031.7954388245512 -41.63049091478172
-1031.3304994985033 -42.99252094407859
-1030.7551201864649 -44.64208640237632
-1030.1489349886347 -45.39533646484199
-1029.6367786213327 -46.94836480995002
-1029.3057152315546 -48.51836104770484
-1028.988164482968 -49.17875816007438
-1029.390930978911 -50.147403375108865
-1028.668878285544 -51.29184831758323
-1027.8874134107996 -52.692993895013956
-1027.5253093227316 -53.671392814119486
-1026.5432754143644 -55.177092806299356
-1024.7305251940656 -55.263336972196726
-1023.1004605873991 -55.951940969427255
-1021.2840664967466 -55.976391360958246
-1019.791380582707 -56.61677412768188
-1018.4902995213438 -57.305450723369745
-1016.6270852669645 -57.119075820644525
-1014.8958716973234 -56.6873020388681
-1013.3654981240202 -56.83725443561855
-1011.472084580319 -57.400278002818254
-1009.7995316370893 -57.14706459720912
-1008.5867257698942 -57.506480426390794
-1007.5107079132963 -57.4355496623117
-1006.3400636300016 -57.838560626705316
-1005.1253660305906 -57.34734956999603
-1003.6676823481489 -57.10281105418983
-1002.493116913693 -57.52876816769424
-1000.8722181900907 -58.06787948389831
-1000.1199231728483 -58.09257496972862
-998.7974310501982 -58.75844396730247
-997.2779288872648 -58.84883733173194
-995.4860332592893 -59.20685254116836
-993.8039128168989 -58.99788762708488
-992.7416226252485 -58.67287494321647
-990.7879196986128 -58.49268163820091
-988.9855336531568 -58.542424895663885
-988.0746323450971 -58.68332780232015
-986.6793864354063 -59.25662488569799
-984.9422511443067 -59.3744922735292
-983.4368520363737 -59.27014453043523
-981.6877320393492 -59.57145349015775
-980.3449942454267 -59.5675855063397
-978.4812059983183 -59.49397099842611
-976.649835406201 -59.06118769278112
-974.823606310742 -58.695765175719885
-973.4502298220564 -58.52992036273065
-972.5818887337614 -58.62494945605579
-971.3844405993391 -58.86812739153686
-969.885382114308 -58.88173022945705
-968.006456552403 -58.824058943291334
-966.1436495169569 -58.6274221919972
-964.444049178021 -58.28002954353872
-963.5269929751325 -57.88778374423566
-962.4236032351423 -57.81907021333757
-961.4255251273084 -57.24373161127153
-959.545206962483 -57.740903728504804
-957.7762826069761 -57.64561829050365
-956.6204596146513 -58.32356271227184
-954.8708682640959 -58.10464848657432
-952.8918445691038 -58.627795235117105
-951.393079338925 -59.001524225671915
-949.752579508679 -58.761479333837656
-948.0405397995878 -59.05306191821876
-946.9689978941847 -59.35908897300544
-945.2683157309461 -59.639113829334406
-943.5835079535414 -59.68756055911365
-941.8498941048551 -59.22354748924556
-940.4024371489454 -59.243774124284414
-938.5769495352674 -59.20865651299539
-937.5586251601148 -59.55832135011735
-936.5183195456434 -59.48383508702102
-935.7516221388746 -59.81384192486587
-933.9835428580213 -59.18446324845138
-932.8583618983198 -58.677094922264246
-931.363420186894 -58.30743561764541
-930.2558878048826 -58.09454514165702
-928.8532246931959 -58.14047663738313
-927.120104609387 -58.269713812370924
-926.0849608763624 -58.915707164307264
-924.5298193081785 -58.36812966396394
-923.0797111376692 -58.34354877365115
-921.9938595875669 -58.054124354248074
-920.6624670609403 -58.17703546476844
-919.4791758641172 -58.664100094561604
-918.5264767393041 -59.046123905901936
-916.7141567453314 -58.53175918651107
-915.5550072177816 -58.31239433479789
-914.8627100571562 -58.908283307080296
-913.1852219685484 -58.452956153874425
-911.3866770848203 -57.903484358315495
-910.6203535779882 -58.564073457245854
-909.2727669462133 -58.884059085373906
-907.9958231433798 -58.8661882084358
-906.4802433237005 -58.70697132763746
-904.9984104618002 -58.362796614741114
-903.3900667413641 -57.90094266352537
-901.8315294965673 -57.60202390966299
-900.1221195444036 -57.82366404948118
-898.2994326337744 -58.47213182864073
-896.7017260774542 -58.90827123341444
-895.2647639497686 -58.935374053989676
-893.9113777860571 -58.9006850708771
-892.8715618833471 -58.18827122343066
-891.0487056955267 -58.07767873895648
-889.9386739715505 -58.250157414798764
-888.783495424645 -58.070654912714986
-887.4615485652853 -58.46272243452552
-886.3505578025747 -59.08289070320609
-885.223466871636 -59.2001928974438
-883.4668066486288 -59.765230744009045
-882.6350400432516 -60.02152687204364
-880.881475685494 -59.513746677761105
-879.6055517181326 -59.403487852637795
-878.1747083648611 -59.74081819397691
-877.2594890579153 -59.03824692112687
-876.372819183724 -58.92589244884732
-875.1367639287878 -59.12012868267777
-874.371701000588 -59.32383828503373
-872.7103418096472 -59.028695157592324
-871.6000649913717 -58.89209734541657
