-1131.022682695048 11.579655668835017
-1129.6917188450266 11.579328349928232
-1128.0484478756357 11.390213168362948
-1126.606012491839 10.617246783475252
-1125.0640298410822 10.085052228669497
-1123.8286328598429 9.757468796471926
-1122.13290133919 9.822111106614443
-1120.5070500656534 9.755088410477015
-1118.7542813106943 9.95145855019507
-1117.0264284893442 10.013273826937052
-1115.2188061758447 10.505754581789347
-1113.579962758677 10.808064094881388
-1111.6885041281153 9.923370710710856
-1110.0438238665033 9.313929013113352
-1108.7279495283533 8.26262550721583
-1107.475308327334 7.226927212576243
-1106.7195007487703 6.73012559781489
-1105.064494340079 6.181613615850779
-1103.8491797133852 5.850566498140665
-1102.3170894071031 5.001184038023325
-1101.7594934984613 4.00944518218455
-1101.6282904430795 3.442126206259104
-1100.829860417502 2.254602602819773
-1100.2135624572206 1.1696726597350562
-1099.6714258476663 0.42167096505579593
-1099.5781508072782 -1.2552928410965478
-1098.7967230066229 -2.8912856065231836
-1098.8005276605058 -3.782995351453451
-1098.2488619967867 -5.3990479790169275
-1098.2052155047227 -6.371188410421041
-1097.3302853017617 -7.5649192415672815
-1096.8674060910512 -8.630583413739828
-1097.0421322047282 -9.844805129666952
-1096.311095184045 -11.115364917417196
-1095.4918953835536 -12.642451652188925
-1094.7834590136576 -13.886461862226156
-1095.083943641143 -14.973049648900655
-1094.6145595073272 -16.501105316777853
-1094.9686451315451 -17.35721010794225
-1094.4802071213294 -18.297171422143606
-1094.0453032612372 -19.48727364172521
-1093.591111278491 -20.352192290921835
-1093.0167562722731 -21.852123983998922
-1093.4671379088927 -22.531307288308767
-1093.265772020774 -23.959575720925955
-1093.5052403568793 -25.16142029394689
-1093.0816546439696 -26.003592678208975
-1093.0372944607902 -26.882866152425436
-1092.9007683828045 -28.12019658913198
-1093.3369546964336 -29.14307082523885
-1092.9082287683655 -29.89422411551061
-1092.3736871018577 -30.7928596817452
-1092.7933456137348 -32.136491068502096
-1092.5020277633835 -32.954582818647054
-1092.8774379029442 -33.81230110754552
-1092.2655754223038 -35.36455638041082
-1092.838482810514 -36.40444643129888
-1092.9408696725536 -37.70828909506383
-1092.734573273318 -39.14590067495885
-1092.6824641212393 -40.814078637262014
-1092.1303910001684 -42.18715865244451
-1091.778441964047 -43.72659332384649
-1091.4922051712442 -45.511811324258474
-1090.8303021475244 -46.633907982011465
-1090.0653811379839 -47.489717491765646
-1088.7598025485445 -47.88311667074743
-1088.2993616744448 -48.651073106427816
-1086.7667368337084 -49.682376154561666
-1085.7243226453234 -50.155518420835165
-1084.904164402144 -49.93984908690038
-1083.9243032618929 -49.65851316680494
-1082.9432527705599 -50.20725343455854
-1081.4155867978502 -50.255799450774816
-1079.543626277106 -50.58248297204557
-1078.2009938641954 -50.4701944374043
-1076.355866996901 -50.77334357132497
-1075.024939028876 -51.17728496422353
-1073.7206812783647 -51.132608138819364
-1072.114524690764 -51.30996166994157
-1071.365263311522 -51.118849032421736
-1070.0213801547457 -51.85918944408479
-1068.841505853789 -52.30999188949647
-1067.5217543527056 -52.359953009386686
-1065.828993408339 -52.27132006069007
-1064.2668851300646 -52.22919969340148
-1062.7471599265505 -52.071602211197046
-1061.421020834105 -52.77909873505416
-1060.1465830489565 -53.093594835003046
-1058.7425290032793 -52.929280564983515
-1057.3735836430956 -52.92906407346311
-1056.4188109322954 -53.11829339792314
-1055.4087210580278 -53.347272538443235
-1054.1539500638414 -53.028499537010816
-1053.1223156138826 -53.50534855653825
-1051.6577187463213 -53.18544166614595
-1050.8028478309084 -53.145803713102964
-1049.8729426547457 -53.402863466044096
-1048.1347934886385 -53.73055156399789
-1047.1609553381372 -54.260998152990965
-1045.475820092814 -54.54256811072412
-1044.6544670745302 -55.20554026295724
-1043.7680372282434 -55.75625696112695
-1042.0457226320673 -56.506919526358274
-1041.1898356958795 -57.52535393168512
-1040.0873021170069 -58.53450777461114
-1038.5883645101953 -58.97428950001779
-1037.2045743748117 -59.47773083378854
-1036.2349787041117 -60.29962893654886
-1035.5468882008959 -60.53786467840257
-1034.5255046769548 -61.24582546283784
-1032.7478742286135 -61.8372446232039
-1031.4342374488283 -61.557387106915144
-1030.214598862784 -61.82123427917543
-1029.083227364676 -61.324355267782835
-1027.6680887624193 -61.05543240239206
-1025.8616153880525 -60.60772886206689
-1024.9119262978006 -60.380987399120954
-1023.7200396343637 -61.15157853891435
-1022.4727891966272 -61.101114147205976
-1020.7449311300684 -60.9302102856833
-1019.1163888260294 -61.58867626716676
-1018.4263094946314 -61.4300762348372
-1017.3253455444742 -61.37976604034486
-1016.2763139292169 -61.31186335613313
-1014.7948955580164 -61.20798816611352
-1013.8961307093073 -61.5245264404017
-1012.2833527609278 -62.34307964970651
-1011.0484329744745 -62.652550660868314
-1009.588918952601 -63.13402711679521
-1007.650552301066 -62.90730900396886
-1006.4577441498209 -63.39333132733884
-1004.5999423548151 -63.06132502188268
-1003.5824021383692 -63.29827196230474
-1001.8190194651056 -63.19292879929128
-1000.907028822558 -62.892236241002706
-999.637278942721 -63.307187654872564
-998.8788292690683 -63.633528538842825
-997.5029912277628 -64.1347883426148
-995.7125752254892 -63.933957182665495
-994.6996324345041 -63.88483696510377
-993.9976530953813 -63.35856061508241
-992.308220832007 -63.1676247947413
-991.3669501229692 -63.50143339564386
-990.0228066131044 -63.43971593384924
-989.0614537879396 -63.91863126759711
-987.3396609708238 -64.03394314353648
-985.9397538587023 -64.2536186248559
-984.7104729100633 -63.7588146597642
-982.9030524178911 -63.12836017911616
-981.0987876340319 -63.038850051214126
-979.5594068452288 -63.03982641999903
-977.973753540175 -62.765874978949455
-977.2147336884905 -62.89700637464705
-976.1053278132845 -63.64464865331831
-974.4187109157015 -64.4207742035884
-973.1709536000658 -65.37160895471754
-971.3741230651308 -65.82037214641753
-969.4770104571749 -66.43713746671858
-968.6465891286302 -66.69531182651701
-967.2704565211702 -66.9694601715106
-966.0728122874666 -67.52594731455031
-965.2294948979784 -67.67600555424872
-964.1837030335832 -67.99236498480025
-962.9653172179628 -67.92875897591296
-961.6665497704912 -68.07132109706583
-960.2360601111818 -68.33567461078349
-959.350052444594 -68.49720084374133
-957.806529967444 -68.91997718517962
-956.173356382506 -68.19129216377917
-954.8208875342775 -68.36987064485731
-953.1623693391252 -68.52825088505926
-951.5127112552095 -68.47036883686962
-949.6267829820085 -68.79187939022961
-948.5483679458071 -68.18220869158688
-947.2114396974016 -68.61771506523075
-946.4771318718363 -68.4517416254181
-944.6743803306986 -68.51598771368447
-943.0493988081384 -67.90855898415032
-942.3502434178758 -67.25365843330803
-940.4428232594896 -66.87017693077507
-938.7144025250841 -66.55405255114022
-937.5268721267153 -66.71814138149205
-936.3790942117143 -66.34839946483555
-935.0678835793901 -66.18729046439114
-933.5626094027925 -66.17020276640835
-931.8035554572512 -66.01203927849713
-930.2394492312837 -65.67380133723202
-928.4299595042635 -66.03423250173512
-927.1665905400682 -65.60474950527134
-926.0461824819017 -64.74489540313664
-924.4949949666429 -64.66146697555962
-923.1525597258974 -64.08643438373986
-922.4237605019975 -63.60031097089234
-921.2961748525072 -63.7765612796444
-919.535715429442 -63.869425688733486
-918.179981557982 -63.281617794980434
-917.2936588212419 -63.17623209660235
-916.2437506600786 -63.6805074185628
-915.4074068948198 -64.14020999973002
-914.355691997664 -63.46456947629633
-912.9464885875154 -63.31378069226923
-912.0999666139055 -62.705095437218574
-911.3140554710794 -62.13418927495661
-909.6140544697214 -61.646236714770225
-908.6845861956049 -61.40780439679804
-907.0634537025858 -61.00833472316447
-905.6926864668299 -61.66473480766001
-904.9219708725382 -61.65579461385789
-903.8234676405359 -61.76129641463342
-902.2091278120447 -61.67207599510732
-900.4147175833155 -61.29746083249631
-898.9584409281183 -61.045598604579595
-897.5362655207086 -61.431540259023336
-896.4625276609827 -61.76006967653814
-894.9621285482813 -61.33569339742246
-894.0479126259256 -61.0572425507504
-892.2732219978739 -61.158220932682184
-891.0048278852869 -61.17953660604837
-889.2016607805658 -61.10165459928396
-887.3971938177515 -61.18701235470655
-885.63658276047 -60.38041476426008
-884.8142326160837 -59.79581962046507
-883.418651251452 -59.91442916808012
-882.5784337803293 -59.013830284451274
-881.2920577808786 -58.43391315159681
-880.4992862030435 -58.32187805590513
-879.5690402671266 -57.80412064013365
-878.5218766614366 -56.712249855374125
-877.08454891886 -56.39973879871252
-875.8736312076021 -55.43412817535284
-874.9181884213854 -54.183083425139216
