-1131.022682695048 11.579655668835017
-1129.2149828955103 11.89924403200564
-1127.7831583305765 12.604039034942957
-1126.0121717735697 13.006634256939265
-1124.1217196270395 13.404632887939783
-1122.1469205900598 13.6080641515058
-1120.183063773768 13.444687045316073
-1118.2109995171 12.93889204333243
-1116.3196349426676 13.430599457721087
-1114.5029931351114 13.052857584456774
-1112.6490929409433 13.105180821518275
-1110.7298488899637 13.564760408501002
-1108.9078216835428 13.474332696894976
-1107.0491831585337 13.213802701930376
-1105.0868063255716 13.602855391005846
-1103.3918239160944 13.165962076882693
-1101.5088101908136 12.909200227956148
-1099.6260837599207 13.131395644645067
-1097.7882563158441 13.62038812706885
-1096.0297521635462 13.926400757531496
-1094.1489144846369 14.12642536232886
-1092.5260445162226 13.966822273234698
-1090.597618250506 13.824455014566752
-1088.9726180120874 14.166664979557368
-1087.6022748037744 13.886684439281794
-1086.0078693911005 13.454158268074366
-1084.7226262375284 13.954300723175379
-1082.834773091929 14.240570268730494
-1080.9708423897196 13.722407720188471
-1079.010525135653 13.336642227272364
-1077.6622604414392 13.046934834818217
-1075.8092557474542 13.531390837530466
-1073.8875332161356 13.527377135257098
-1072.7755101009775 13.331892273525568
-1072.0009370132852 13.745491585831019
-1070.179032354014 13.61694206963
-1068.3198643013407 13.405811003546091
-1066.56755557503 13.307990617255541
-1064.67440190758 14.010599679450365
-1062.708566336291 14.242657787303301
-1061.9830132409502 14.250867377172085
-1060.049208252089 13.756334195981594
-1058.1177626534868 14.14311642492828
-1056.4453481122423 14.13328014607248
-1054.6565555020738 14.111653058926436
-1052.7102931424547 14.375860422055098
-1051.2578246280123 14.315566926400038
-1049.874247877257 14.316169907475683
-1048.0760634824205 14.48896913709757
-1046.2075317784715 14.27604157211897
-1044.4983309194017 14.868294065023633
-1042.6309662743975 15.092152674819204
-1040.912938205855 14.711336662198278
-1038.945357052939 14.758020085419389
-1037.0313280507494 14.40985385807869
-1035.1417374297548 13.935781371916505
-1033.4743487521578 13.571762216414186
-1031.608175365584 13.858956110800477
-1029.9636376782823 14.029953000272485
-1028.041657535689 13.966809344614717
-1026.1368626042772 13.869896371985647
-1024.4243538066316 13.863950696910592
-1022.4882909938265 13.892012291724654
-1020.6498335286547 14.246816151912185
-1019.292138425963 14.715820931966277
-1017.331699101584 14.552558758432838
-1015.5675177260805 14.471550435895892
-1013.7891488953996 14.258274660582515
-1012.2407831832338 14.184211895937892
-1010.4247939273287 14.799678609843227
-1008.482491104262 14.765590992892953
-1007.4981323167253 14.916339946116182
-1005.6707600041796 14.618156802977296
-1004.0321314021517 14.223917347515794
-1002.804389922278 14.037759003366205
-1000.8740324660707 14.359731194699975
-999.1465973540712 13.934430238927575
-997.7982945128847 14.353145596708032
-995.885874001639 14.451510717297765
-994.0609237834383 14.01936303558466
-992.5575307294298 13.832969834233495
-991.3404414340425 13.484808434869024
-989.4945251628328 13.257404660011503
-987.9258134051729 13.48692277553198
-986.3122863456178 13.315486987258168
-984.5343439265657 14.012305219794484
-982.7310894414354 14.457825769807073
-981.1835751220156 14.880073775674077
-979.3625935002733 15.272711773539754
-977.5920437261034 15.184250627781125
-976.6302494689394 15.536576991106244
-975.151904551642 15.947436993147107
-973.8700947448183 15.73489338638899
-971.9914669677187 15.00322789433119
-970.0835507794786 15.140514393473836
-968.2198358460832 14.64555402579424
-966.3296369000841 14.513890613938543
-964.711158244269 15.122718800927373
-962.8183175012041 14.997873743201467
-960.8793550416399 15.125857819939824
-958.9544943257738 15.633911837960454
-957.0768775626589 15.988624920273992
-955.6423617288042 15.791136165286275
-954.4934888764788 15.666590456987592
-953.3997815534044 15.208729629541608
-951.8572427913118 14.81896937372801
-950.2305382176805 14.914501656914922
-949.228090850966 15.22955985846636
-948.0633381291796 15.505988200331899
-946.1428781434465 14.998789270545217
-944.3160043641496 14.360812147284719
-942.6315576716829 14.479968098129007
-941.6163103267122 14.007987168754312
-940.0666730090547 13.879187253440591
-939.0134915992189 14.242652860606881
-937.3230656072069 13.758428421939584
-935.8999775334764 13.580154460991594
-934.3653646394182 13.995633256758424
-932.7296442672182 13.929194820250245
-931.1775474234987 13.607485097969743
-929.42006525244 14.311423403347703
-927.7377382203508 14.331961841459247
-926.0252931996752 14.214379013652774
-924.1391383096147 14.221665623734566
-922.2956686898638 13.994392144630524
-920.8550073787142 13.963487911174866
-919.3996102496553 14.1339741229516
-917.600919930594 14.532008904169174
-916.2075955554415 13.922346848199936
-914.3258404418398 14.144126522491547
-912.5915145560671 13.93826659316835
-910.7222046538759 14.345651137779328
-908.8537158652712 14.432205694864365
-906.9992670699526 14.226238015244576
-905.1458557530809 14.253286223064038
-903.6673148557115 14.371470752308937
-902.469525305884 14.15881830746946
-900.6459034367967 13.967689308474633
-898.8234758063722 13.667138042996498
-896.9389592095781 13.486368852804276
-895.1816849395204 13.594036656568619
-893.4226189538408 13.804232048938843
-891.5003169461656 14.52164684529123
-889.8183743640352 14.542656379888626
-888.0867740794588 14.947931843946549
-886.2297863646913 14.687962937305542
-884.892168967383 15.063651311348053
-883.3724469825197 15.084734770606133
-881.7711219474245 14.774761471102806
-880.4940762206484 14.7800422526401
-879.1816235467363 15.28003188143191
-877.6982706471849 14.769073090652796
-876.0069681092668 14.34227713118014
-874.5220794364382 14.593894473413798
-873.5565359875131 15.042014918426844
-871.8819372936655 15.242130092481943
-870.1270351692606 14.85624157557902
-868.8207993790079 14.282461277345988
-866.8694587036539 14.11479648123202
-865.6583694502283 14.294317207435938
-864.76688840832 14.8592037178081
-863.8393739148546 14.535999826292368
-862.5998246356417 14.837680122951838
-861.4103554173876 14.608563772539469
-860.4023385926653 14.78171903560576
-859.1411078854967 14.39064968297896
-857.5307597800661 14.029375678996416
-856.4509116097856 13.895862615804049
-855.2179666444231 13.752299166421267
-853.9721036836077 13.61350814173636
-852.0089788123537 13.702211796442839
-851.0368726536203 13.378365694681975
-849.8318761869837 13.079699038664671
-848.3104470058847 13.789208172957274
-846.5132556244303 13.614222615162703
-844.9910478874613 13.15982195655522
-843.2991599127222 12.395225673119398
-842.1611576363016 11.645407228867384
-840.9860085531641 10.684858708779188
-840.4466582819391 9.750436215798231
-840.0828093573023 8.6367651514214
-839.6717774554659 7.517641215721937
-839.7410127281714 6.014076261917921
-839.7758262216616 5.2467942527931655
-839.8002700268794 3.6589311651390517
-839.8729980945159 2.105961590210768
-840.1552771389056 1.0647719196480239
-839.9443639725018 -0.2972519107657945
-840.2600661724377 -1.2215171762305772
-839.639237663107 -2.537724942763475
-839.3026644199658 -3.399487466414598
-839.2138378232289 -5.182918042739061
-838.8795041650105 -6.0178819604713
-839.3589166611005 -7.730580181677965
-838.9914913683701 -9.12657484491649
-838.3433584481049 -10.019790441592363
-838.8810878306199 -11.007552833159593
