-1131.022682695048 11.579655668835017
-1129.253146557467 12.471277139286371
-1127.7641891523767 13.347124717335078
-1125.896706967013 14.295002422432276
-1124.2991987749506 14.760390511850687
-1122.9732265755106 14.955496779779764
-1121.2393554731775 15.405364326338145
-1120.1425019785333 15.652424759368273
-1119.1293809696604 15.79808518956122
-1118.1212460085321 15.658336616257998
-1116.1520737692285 15.989506310920092
-1114.854725865977 15.775726608137461
-1113.9361675068308 15.22960411677775
-1112.0761714264322 15.70074372659144
-1110.8910272404123 16.127236447433802
-1109.778237847941 17.386936984161707
-1108.1373623892237 17.665384969810816
-1106.3277216240335 18.91646953592715
-1104.9569539114405 19.73424114952502
-1103.4456126972605 20.116679064134928
-1101.9275843187738 20.021512515048357
-1100.7479629799295 20.183310157756182
-1099.7900418921877 20.58910665581641
-1098.487127749579 20.8734726972383
-1097.6058318301607 20.826236310551735
-1096.2325304433275 21.415374758790108
-1094.668814866202 21.430239434490773
-1092.785993306296 21.853989805231663
-1091.9032007142473 21.75997530216989
-1090.6020663663317 22.148206132600876
-1089.2451623364855 22.16205704505262
-1087.6392529889513 22.168977576444718
-1085.9446586057115 21.918656873653504
-1084.4064557238985 22.39088259930429
-1082.7539671346117 22.513613703797432
-1080.8687536403108 21.95765018756208
-1079.722764222281 21.951090666602227
-1078.295390455382 21.25751415188131
-1077.2604604646135 21.80037430221853
-1075.5005633517671 22.09395328457174
-1074.3316342517305 22.5422506659728
-1072.573688118117 22.227030309985253
-1071.4235751315523 22.489908876965615
-1069.6220130607057 22.66907307798681
-1068.1989564582277 22.860461088965508
-1066.5676716252733 22.879765662501427
-1064.8237555905748 22.737948405693146
-1062.953020898955 22.834786224315735
-1061.1650380774904 22.498875307987305
-1059.6365937873293 22.588173511574837
-1058.2554270907808 22.195703926632973
-1056.5129174872804 21.89919135267553
-1054.6336700602938 21.508148911545845
-1053.7321142836977 20.89616495663938
-1052.3662460729051 21.13417423064527
-1051.031151263373 20.68552124793348
-1049.1978990718294 20.851050901363465
-1047.5337979480196 21.17955379481134
-1046.6357406660486 21.555774915168854
-1045.5058011099268 22.05127500290689
-1043.966223625796 21.369854617069336
-1042.498558907168 21.18676865393934
-1040.7646054312158 21.188765759716603
-1040.0010067507196 21.690847332726094
-1038.6696566626001 21.052291686783406
-1037.5648372456003 20.74229144598064
-1036.1811147018839 21.16850044871387
-1034.915641216891 20.83842756892261
-1033.662007598536 21.288884635220143
-1032.315067677157 21.301612313042256
-1030.498351840632 21.181468512068363
-1029.4076184317041 20.844503815422627
-1028.6461129471231 20.95958122159061
-1027.3011223360468 20.222344721804234
-1026.1288370176721 19.689740087042424
-1024.4305315300394 19.659737805972668
-1022.71077802624 19.513820554266545
-1021.4211639448572 19.971076334963414
-1019.875003604548 20.31012194896755
-1019.1854313894678 20.238996009479138
-1017.6184133573938 20.643085043082806
-1016.6677834078241 20.825722049127194
-1015.6905532165933 20.426561485181423
-1014.3316872402597 20.468772779355618
-1012.5407471939493 20.483407865415188
-1010.6988650843073 20.55070481742439
-1009.2183941885401 20.704577635179135
-1007.6632560774256 19.921424101243588
-1006.7032450124193 20.014588843236538
-1005.1133494063783 19.571778844247433
-1004.009113995688 19.730802263269993
-1002.6640125199724 19.888597781906697
-1001.0962251111437 19.3067855193716
-999.3110521718431 19.264896194587322
-997.693981973784 19.01461056912956
-996.7190537139345 19.307512263904187
-995.8519069835115 19.47818780983505
-995.0517062827516 19.10104973162231
-993.5540136977602 19.143174762974354
-992.1011852904726 19.549825425396534
-990.4196927234102 19.760959114084812
-988.9029310628343 19.61693945075092
-988.1296756550241 19.2518758430582
-986.3889782711435 18.521414782057377
-984.7614323183466 18.6954820855957
-982.9750027939249 19.069900642285916
-981.3295074984003 18.964639420757862
-980.2602229401041 18.411345417748066
-978.8232912107874 18.322801823864552
-978.0890474602152 18.355590845594975
-976.9554018064905 18.845239366541477
-975.4168626352716 18.55711403037128
-974.340667037623 18.784789214978787
-972.6507672354151 19.06010575140533
-971.5830786510874 18.932507525334927
-970.2863024755884 19.001994813929173
-969.3971869036127 19.42565342331943
-968.1940142198969 19.618671233902546
-966.6737360044885 19.537595222840878
-965.1431725307871 19.615740309606167
-963.5740828796793 19.688965718398663
-961.9091553970743 19.61536477054176
-960.9006614967752 19.530675034175488
-959.1932726189066 19.144338826785656
-957.7589578911234 18.535435955176922
-956.5910961910654 17.65525094712791
-954.7761802956034 17.298801223884197
-953.2348008438516 16.998475383172604
-951.8430654093195 17.254802356610867
-950.4250010534693 17.38983360971031
-949.4177661224771 17.50620995009956
-947.8096231504846 17.73444534386215
-946.6977954193521 17.319757591138455
-945.7941445394922 17.31574905956802
-944.7046712919641 17.15538997496185
-943.2640914007593 16.29881985033569
-942.5383542462755 15.999154429088208
-941.9497239872385 15.554669599185559
-940.2841155811716 15.069040994296643
-938.5315430447031 14.983048628221127
-937.3662078663278 14.19576067770538
-936.1007086321283 14.202152351985546
-934.5633017107416 13.481443624148937
-933.057668118136 13.325647498617741
-931.2413354202677 13.476501147399517
-929.7917647644449 13.078404705176922
-928.7478860899378 13.085160683045956
-927.581243543284 13.04949636305389
-926.5795891567636 12.309197615037533
-924.7698428913523 11.23184318388519
-923.4623185678888 10.964950452695462
-922.5982980414797 10.24813384855804
-920.9208700343538 10.09349934304771
-920.1614793225694 9.711463491569134
-919.2432888432909 8.798608939300152
-918.0888591691423 7.668626348624798
-917.8161838337351 7.332272033343884
-916.6127288624216 6.461318890700909
-916.2871464773584 5.680209259639355
-915.4007866665293 4.032010059009167
-914.7736640259195 3.0115299030643428
-914.5004700704981 1.9633931919437373
-914.182676343577 1.3493995472293818
-914.1466354116369 0.12473342860755565
-913.5226814135481 -0.8870561317104375
-913.4401279970575 -1.5057429865497625
-913.1639542266298 -2.2716832951206243
-912.7416890248228 -2.8982045844692266
-911.8625962122846 -4.295745272983936
-911.0647790416647 -5.179730673183826
-910.435733137982 -6.997631688465503
-910.5058631881643 -7.815595467438129
-910.685248373406 -9.692622025360492
-910.5074870720077 -10.320258636822132
-910.5920834525991 -11.481100459446338
-910.5926971420217 -12.21081771408501
-910.6579484924246 -13.198698122848896
-910.3800460382868 -14.495637734283832
-910.628706379192 -16.25728007112923
-910.2650126650501 -17.200258095611957
-910.4701056018043 -17.930362363209156
-910.0794648065735 -19.63598634754601
-909.7628972068001 -21.215454955448536
-910.0010364040304 -22.72936405693474
-910.0534042402674 -23.631203194012073
-910.338108418839 -25.500714083065418
-910.6822536572386 -26.871609826435474
-910.1299595221449 -28.42376722847405
-910.2044214441944 -29.267662127365497
-909.7909403577019 -30.94583400045815
-910.1104890241791 -32.61861403738442
-909.7431218161751 -34.274127085556415
-909.3920347526241 -35.80227168356362
-909.4970781564284 -37.53625067030373
-909.5623555317093 -39.02231272016945
-909.380338458674 -39.93893321310463
-908.9501959666181 -41.11822171961251
-908.4760893567968 -41.97796960627022
-907.9205058797766 -42.88341315542641
-908.4572807535101 -43.89999421392861
-908.6414515658785 -45.18271299158516
-907.911555914538 -45.898491521229175
-907.3291824146677 -46.68908049618187
-906.7481744572092 -47.72143246685448
-906.2780973895956 -48.65740646873894
-905.8505198046137 -49.68458022629204
-905.3804483100344 -50.50903822933617
-904.0375654384065 -51.27458550487938
-902.2867320462633 -52.06769712721291
-900.6630477591921 -52.46437393580857
-899.1136641189028 -52.23673852240029
-898.0938403293062 -52.44072716390076
-897.213203994887 -52.49239172493401
-895.5925706311632 -53.112205167164234
-894.167386262076 -53.357376773704914
-892.6605281516481 -53.006321807255176
-891.5429781361986 -53.6292234853405
-890.0344804212023 -54.0881186619896
-888.5371775313783 -53.81002380405846
-886.8597470208574 -53.79003760670605
-885.2234996243883 -54.31254992340985
-883.5754911586214 -54.315397941370634
-882.341786234038 -54.74952235152307
-881.470994679587 -54.98976007928434
-879.5922933503557 -54.28224430312696
-878.239558426993 -54.27056902726474
-876.6493620559145 -53.85222780783954
-875.3582015916277 -54.232428581317095
