-1131.022682695048 11.579655668835017
-1129.6856609865595 12.155063948730799
-1128.4048410936762 11.684470377067896
-1126.569873480456 12.10209780106959
-1125.6065640136171 12.306100092033716
-1124.7796866580416 12.44836173127112
-1123.1757255479265 12.099690384368273
-1121.986576048987 12.098020783762308
-1120.2967884227205 11.550098291735026
-1118.4520055934358 12.063281587461802
-1117.1110850259233 12.289946056107851
-1115.4056557103563 12.835552728871676
-1113.8863522693086 13.187987036208483
-1112.9476356789041 12.966480753521296
-1111.201970843928 13.248879156212183
-1109.6982784553934 13.475404433111521
-1108.8833282872606 13.854133269886347
-1107.7635703965593 13.299200198749872
-1106.2845756694246 13.230292401413294
-1105.546080915587 13.291347197393748
-1103.9871529027391 13.534813187221857
-1102.6965444966722 13.687581143478724
-1101.1461382790972 13.376679948667856
-1099.4244385644365 13.519102833370539
-1098.320829240935 13.225028298000666
-1096.93526741709 13.416077352265688
-1095.1496399327684 12.747219777802798
-1094.2396737619806 12.443440175752016
-1092.945185570376 12.846567875842425
-1091.4098108097483 13.007815695504519
-1089.7919407173563 12.533076471785876
-1088.8363309785295 11.836668915252062
-1088.0366118236948 12.24265540311751
-1086.5028975292612 12.58884868691382
-1085.3718177362848 12.626150286893221
-1083.8369549795557 12.333527661065432
-1082.9914050980974 12.510113156537386
-1081.2965553685594 12.661467320422503
-1079.5888650103975 12.696184626917216
-1077.7077898665834 12.475416503052088
-1076.5877751990724 11.856525502304407
-1075.2181245967317 11.974416352013918
-1074.0913635178972 12.386409497956606
-1072.9375990315843 11.82759461472449
-1071.6312981530596 12.037593058447214
-1069.7519031449724 11.375689438680979
-1068.0162763282228 11.513723171452853
-1066.3498904391695 11.948391324977251
-1064.7358920260835 12.041103935937258
-1063.3466977759767 12.519550628165575
-1062.5913770481516 11.89692295263228
-1061.6909812971521 12.162438280085894
-1060.3320715710092 12.36194182107863
-1058.7853288933206 12.173423833350512
-1057.812478451388 12.594563431243273
-1055.8912003323007 12.918867296676012
-1054.1598631426264 12.69257561037955
-1052.6123141333032 11.959444440106722
-1051.1773919149805 11.645398891667696
-1050.1527736469675 11.994858241776797
-1048.3720840498377 11.360226190785738
-1046.4854017778803 11.050786054829928
-1044.7388438269068 10.70477265785155
-1043.2446474119592 10.803719080190035
-1041.8610676809717 10.438765025834414
-1040.2064819618631 10.287000603179308
-1039.0751374050546 10.296214095453593
-1037.4994821831156 10.740943572620722
-1035.671065835612 10.612769953111979
-1034.3903478666712 10.629455394248339
-1033.5882047697473 10.897525078753802
-1032.0192884489466 11.062002039651247
-1030.8377344891 10.763923562268587
-1029.597267059939 10.094910181264254
-1028.075621752398 10.268242514829012
-1026.7728005930353 10.273970513741347
-1025.031856326716 10.455681010286185
-1024.1933274551798 10.768767788211676
-1022.6203520580698 10.56894060889897
-1021.3910181805063 10.05574926654515
-1020.0521852060724 9.087143092552992
-1019.2027701422144 8.218407123486372
-1018.0854516312052 8.159555613200041
-1016.6246159359384 8.244590996901366
-1015.1263376757074 7.766172557274672
-1013.6550722404886 7.442054986159178
-1012.7982398554254 7.488390981356474
-1011.0394205137659 7.598555713097426
-1009.9936211391855 7.616055845419737
-1009.1306101366449 7.651839553515288
-1007.4951695486475 7.350126653115126
-1006.2335950418878 7.583811952869269
-1005.1978158041406 7.628931536475989
-1003.5004190489221 7.908672346870276
-1001.8898719831873 8.031197711030813
-1000.2591299101282 8.018499716321799
-999.0151200577188 7.5451709173124755
-997.1607442184854 7.415901108781668
-996.0772640987802 6.550762876073691
-994.5811107441355 5.651220067540976
-993.131599096911 5.268353386918875
-992.0049387499262 4.3683795175951445
-991.0262623115946 3.9082220039766753
-989.7526089235712 2.651645704309317
-988.7972362920214 1.1935071192186797
-988.0820988103319 -0.5383261003095186
-987.4406314774919 -1.5535922803479707
-987.3722274362613 -2.7112453736859834
-986.8099389731456 -3.385905758340982
-986.7233587041069 -5.095922247369913
-986.1905864014793 -6.269923941095499
-985.668848885553 -7.232743576963571
-985.7394824161697 -8.188455895383981
-985.2521450653244 -8.936152414281992
-985.2418811231423 -9.631857410867838
-985.6022012143899 -10.34479363342109
-985.0025130420495 -11.760099843938974
-985.388017049389 -12.548509673078684
-984.3480120807458 -13.170112267931131
-984.0707558601666 -14.020204082925943
-983.7738918870259 -15.06520392080131
-982.6944133847524 -16.067490712602762
-982.2903375535775 -17.599799410303262
-981.6363868027497 -18.960564986665872
-981.2095132976342 -19.590784625013498
-979.9894740491677 -20.092473761041788
-978.7076235919762 -21.620263592203287
-977.5744144826699 -23.128034607370523
-977.3669668942262 -24.34273089547935
-977.2907977908421 -25.55020512719932
-976.3645131200124 -26.960803643663553
-976.0952874630261 -27.821934596498636
-976.1299193113614 -28.9402405180532
-975.6156245082188 -30.335834399660257
-975.2349681168366 -31.567298547228006
-974.7935739963818 -33.018733636339334
-974.6335590391923 -34.452900663812784
-974.8104665040541 -36.12412680764976
-975.0698725044299 -37.43693508287254
-975.0518936760295 -39.01265956540885
-974.8210447974075 -40.45108462949577
-974.4518253452648 -41.41092355628791
-974.5506783671249 -42.13622351070228
-973.8528052515853 -43.02417965312782
-973.6178594924081 -44.05326803108039
-973.3196101285089 -45.46083171745124
-972.9360241092313 -46.134177819688944
-971.897383490907 -47.40772320409599
-970.4300803340543 -47.930898443658975
-969.5510855115522 -49.195690647562174
-968.7653184927572 -49.71052230974021
-967.1238064564336 -50.81955005307975
-965.5504678286184 -52.02022649427238
-964.9514547980893 -52.77752585788551
-964.072542229997 -53.42386980434242
-962.5013071693052 -53.411128804882196
-961.812083283769 -53.97730128546539
-960.5793635047544 -54.24623142262283
-959.1593395866025 -54.39819000740829
-957.716372767793 -54.14888902087989
-956.0677750505079 -54.3684262343246
-954.5662125743497 -55.05304905851665
-952.8178459800351 -54.98503780444446
-951.3088866866697 -55.00457218368831
-950.3175706065763 -55.47563064177814
-949.479466596948 -55.29746978064361
-948.0919126666654 -55.5954734839994
-946.6183201469053 -55.21601273198905
-945.3393994964231 -55.359078154762415
-943.4936701453794 -55.684825167854456
-942.3373126186002 -56.01156587978187
-940.8965856231321 -55.95852256645742
-939.5086061156858 -56.08826195528093
-938.3741074002851 -56.591850393314985
-936.8751615680326 -56.11427431633058
-935.1653209127057 -55.79436334302011
-933.7354296840299 -55.264174246092466
-932.936081210481 -54.90093901087823
-931.9461433685888 -54.756886714001325
-930.7029390133489 -55.07428180505815
-929.5225089586843 -54.602747850914625
-927.7754797733892 -55.24762826492372
-926.0683468378652 -55.57955800821367
-924.2395714319814 -55.503776036997465
-922.8789831198324 -55.48724414673927
-921.493392685758 -54.966003077899245
-920.4467971123327 -54.46405478087547
-918.6069518126119 -54.788575011168746
-917.8798069156278 -54.75592924175146
-917.0856593645681 -55.464376340483454
-915.8486701048482 -55.3346953344095
-915.1221719778646 -55.6801181089628
-913.4445377386678 -55.44167878744486
-911.7869155205358 -54.97315632817629
-910.3778092659581 -55.46105020758989
-909.2559685505498 -54.90821098801973
-908.4317411578763 -55.187218571876315
-907.6344508923162 -55.321711714242724
-906.4285211361516 -55.068865056012896
-904.829531530248 -55.29387327549341
-903.2832425631154 -55.188599902068404
-902.5087721146215 -54.98694004384163
-900.7365972794164 -54.71673901644829
-899.5017026461232 -55.392707961474684
-898.495134214269 -55.476653906379966
-896.9150699175466 -55.11762744454029
-895.6075515545476 -54.8479138341296
-894.8137460149396 -55.21612200406673
-893.184910336839 -54.777356508051184
-891.4284388221372 -55.0687125351775
-890.1410417951215 -55.664842012201575
-889.2476278341878 -56.0054401781905
-888.3466167248357 -55.670466485296515
-887.5677171147931 -56.163461032186774
-886.3316457666028 -56.2437661242235
-885.3092137969602 -55.98520287392023
-884.3680887020696 -56.20207812902811
-883.1837811268438 -56.23892114577177
-881.4690726793874 -55.86399350581053
-880.8053110636342 -55.55555410203817
-878.9326882160772 -55.16776342210653
-877.934615532266 -55.12908233967903
-876.5424383081067 -54.605813401614455
-875.3043880857099 -54.704500752364424
