-1131.022682695048 11.579655668835017
-1129.2844802423883 11.143524519304606
-1127.5199953600336 11.221374034087034
-1126.213938264506 11.02884000460324
-1124.4134468122888 11.139797239701124
-1123.044921307223 11.048904552261206
-1121.7327722593714 11.007051411221596
-1119.820872692721 11.104800257037255
-1118.3056803032327 11.411746057818505
-1116.3537788673807 11.842316779444786
-1114.6684563442636 12.111457499812218
-1112.7440550609995 12.23450901652393
-1110.9466831966806 12.048164631376835
-1110.183071164744 12.565821494112583
-1108.4377904220987 12.374911825309368
-1106.4840708061624 11.856543044696423
-1105.2440793796945 11.55857897842941
-1104.1298084541727 11.919943372855755
-1102.567625550883 12.162051509271237
-1100.6850579067636 12.363274018416973
-1098.94901397671 11.662773887763592
-1097.1448689981867 11.749483066747757
-1095.5999955221582 11.233220237444016
-1094.2531705185343 11.118524770389172
-1092.541269569056 11.577541510711285
-1091.1726590677667 11.961174051414105
-1089.2537001654077 12.132874916444393
-1087.43372288193 12.353889028678509
-1085.4976246639658 12.485133673201176
-1083.5416381641794 12.530675883541676
-1082.6801812931467 12.307908500681492
-1081.7822267695833 12.282368238220783
-1079.8764540835787 12.020467306624028
-1078.4705297633577 12.290160711060139
-1076.5183413907457 12.624990816364857
-1074.6703055783678 12.75052906120834
-1072.8856515571047 13.134232680450054
-1071.273061720984 12.78684173072395
-1070.210471121924 12.637393931995007
-1068.6301346703935 12.888813833842846
-1067.0090331717897 12.780814255724522
-1065.1386227294374 13.213244791279408
-1064.126440255301 13.649596448193165
-1063.2743547841478 13.32134258295116
-1061.3591358348299 13.475645954857441
-1059.7663622781206 12.594612474690052
-1058.2475415154863 12.425798828850361
-1056.7861207410265 12.803277607212635
-1055.197256652968 12.619076590190502
-1053.42290100302 12.489947403917881
-1051.51141914572 12.074171985636326
-1049.6259462520052 11.644119168768498
-1048.070788471358 11.876956383834454
-1047.147696106093 12.18340773428497
-1045.2075065061022 12.052324007402035
-1043.9515357896257 11.53273577536163
-1042.7466011926103 11.679701055536839
-1040.9328450843263 11.867909084210964
-1039.1151740237642 11.966092015753361
-1037.8373454495836 12.225613708744618
-1036.3520759030748 12.341282430241677
-1034.3950911446977 12.215273293803307
-1032.5472695514131 12.610141786883446
-1031.1417954846788 12.648148539612862
-1029.371402589934 13.019146117518517
-1028.0836178943086 13.484606835196587
-1026.422657339232 12.8665110796195
-1025.0186171218324 13.227792504380318
-1023.9979424163271 13.552809658597084
-1022.05831262316 13.351695838521096
-1020.5090076610018 13.260829928467842
-1018.7249936744142 12.872916760991188
-1017.9337069674898 12.68140705222902
-1016.2707850619722 12.709851029465767
-1014.526566950934 12.836239162037941
-1013.1123336240221 12.554086330483528
-1011.5898307248522 12.800057697246643
-1009.7471567078996 12.530918765018555
-1008.1413768216539 12.660071539829346
-1006.9751035853792 12.333264338920685
-1005.8204494401384 12.54664868409452
-1003.853451459067 12.207393708775612
-1002.0302643462587 12.449660736272904
-1000.5524785205293 12.351627077112767
-998.756654469626 11.87419938589153
-997.607943980353 11.922268617103668
-996.0326490088869 11.511168885181519
-994.6715019627977 10.934160458992096
-993.1679364129473 11.150967436979386
-991.5935387298036 10.882034021566483
-989.8657889052797 10.696716624448868
-988.377965180533 10.380551058004471
-986.6462665482927 10.299647945116135
-984.7620060130525 10.841733771513077
-982.9812401219774 10.982351872275444
-981.8761568948198 10.92994133676109
-979.9148367330004 11.310774783740612
-978.8957796975542 11.707826743970486
-976.9271386548448 11.395404319415661
-975.6417138263155 11.04855523551521
-974.3636755629946 10.63739721025047
-972.852634637015 10.801124270210835
-970.9444660827089 11.105013336191746
-969.2497718020845 11.596625621567341
-967.7643810197283 11.626100923071476
-966.7095255538393 11.731797966311547
-965.3078238650728 12.265058907816979
-963.680930940764 12.433782699654671
-962.3451093121935 12.175969633410546
-960.6663602277208 12.347673538277718
-959.6746035500933 12.389052595148655
-958.1697495862413 12.74139725709972
-956.5820455237795 12.747510413776013
-955.6148184224535 12.40109167541084
-954.2104103251863 11.773970942149731
-952.2502896472383 11.935469548354718
-950.8420970126558 11.944568212280842
-948.8792136594225 12.427659745464894
-947.0764165803362 11.968888486872288
-945.3695124074388 11.669487769852253
-943.5023821278978 11.765071871827217
-941.9246496840883 11.398611548493477
-940.1813621207643 12.014210346291634
-938.3721110507418 11.946690227041813
-937.1794951840807 12.262997741947743
-935.8912490292955 11.928980018148991
-934.6710161849428 12.017008195767971
-933.4820708915163 11.900225396404835
-932.3162223979402 11.327889199505421
-930.670303194182 11.146555538426014
-929.620200841086 10.87017881418285
-928.056486336844 10.592628176460835
-926.1864998027254 10.31905918861446
-924.4935344144274 10.226531039128872
-922.7825082227159 10.053099448929402
-921.0024238511492 10.342526610146138
-919.8048721238542 10.44392737294254
-917.9901505395342 10.530696313033673
-916.9524604960848 10.665735970388027
-915.9253655358721 10.250349800239178
-914.8648422643114 10.023581530104252
-913.551183550017 10.145637120256993
-911.7453292294908 9.781599785338017
-910.317164270537 9.701974797199341
-909.0694571420122 9.483511197517487
-907.3125900908876 9.561581242035004
-905.4417597934175 9.237806129406067
-904.0320353194643 9.686619955251786
-903.269505171435 9.200930285404297
-902.1517663284708 9.274100336382958
-901.2234921738077 9.808148416827294
-899.9201512619425 10.206497642348381
-898.5834245964456 9.476380917380425
-897.4644750639368 9.532017680953118
-896.188599972384 9.31347728068647
-894.3875636145044 9.55576888019857
-892.9971226736475 9.447296443532082
-891.9835461660791 9.405497039805027
-890.9582133575846 9.17601474667606
-889.3602279707361 8.709231759558293
-888.1741718336511 8.831175196121308
-886.7353546902109 8.435754376600357
-884.884324578898 8.155643451164337
-883.1738471075464 7.858518260667893
-881.872213868754 7.899475551347109
-879.9377948328424 8.075379050473543
-878.7284058615137 8.625278986195895
-877.1857183262277 8.543118848602148
-875.6505162998606 8.811280115644308
-874.2893227621485 8.89371591726956
-873.0423696323801 9.111273839275214
-871.7874142214228 8.972661360303732
-870.1843790098596 8.899004965226027
-868.5471854492594 8.619491427342268
-866.6826830192972 8.586844156632992
-865.475801138537 7.966943810830685
-864.1984904095102 8.537802706609341
-862.6444764419962 8.7406361206871
-861.1516653582025 8.792591880212399
-859.498031525271 9.37825579489288
-858.0008597656656 9.815859954009625
-856.8922857328821 9.692512313972088
-855.1570073648859 10.057948629508587
-853.574411301272 9.61359326089439
-852.4325057550836 9.169817547450634
-851.1485002323557 8.899618785033795
-849.606271056788 8.242985229144665
-848.6167797132898 7.67684839213905
-847.1547078176905 7.4077605112892115
-845.7264162584711 6.995045731912228
-844.4655515238214 6.493972907910916
-843.4523812815119 6.191493640790554
-842.050004629748 4.774298082242581
-841.7231354996134 3.386235128293606
-841.0577047749925 2.7413449391227687
-840.9093524649311 1.3525098666053736
-841.0086819961239 -0.25251327907028553
-840.594259722488 -1.8032877341407811
-840.1043766870666 -2.7553390160697973
-840.0328241571356 -3.606578578104404
-840.4313023075033 -4.634550322641758
-840.7306110843588 -6.380527605165867
-840.8124092801977 -7.909957875360874
-840.0427151903082 -9.077108730425266
-840.1066675170828 -10.641291011919407
