-1131.022682695048 11.579655668835017
-1129.1756533667017 11.594471595386835
-1127.4853745981623 10.745949528316828
-1126.2877767368723 10.994052252868983
-1124.4523284717966 9.983975014786097
-1122.5536861702371 9.215515515903803
-1120.7382343098093 9.160855828921171
-1119.0886863752771 9.347177951733443
-1117.6481012388635 9.7481731466454
-1115.8347848936487 9.348135083119246
-1114.2051127239633 9.767873554627272
-1112.8367365881372 9.527208640376898
-1111.0161031767298 9.734788372318121
-1109.4212998434473 9.53996588210282
-1107.9527647777963 9.384500592152449
-1106.087193040507 8.798453538815352
-1104.4442346378733 8.726645856301161
-1102.5945105835367 9.02365827480969
-1100.9467037006784 9.498018204371306
-1099.6209035202432 9.37106114546475
-1097.7996506973673 9.764148592154356
-1096.259691385882 9.08946764389691
-1094.4109818025995 8.524255453745695
-1092.6918343588281 8.228998541037413
-1090.8351544424463 7.8221746675175154
-1089.1126827284265 7.857911682824465
-1087.404173640864 7.7800481162470305
-1085.5720722958017 7.334959789316031
-1083.653321413653 7.191810040871474
-1081.841430334704 6.747228413025709
-1080.3468480392862 7.263443558613631
-1078.69477882828 7.985034673611494
-1076.7682701631952 8.16827650288758
-1074.9095342441965 8.248488842646452
-1073.0851335808206 8.036161272923323
-1071.1249991938043 8.601523547570082
-1069.2161538883615 9.213916807572218
-1067.6300298258234 9.476398735443922
-1065.693093685763 9.131086557309004
-1064.093424229281 9.011335431734892
-1062.152866511004 9.460032760302397
-1060.4569971844126 9.797863721052977
-1058.9029096647669 9.318507551352354
-1057.2068743988443 9.35290960143027
-1055.5526631161142 8.672107077340456
-1053.9313645645548 8.72008162657437
-1052.4085104748178 8.904210879604193
-1051.0397663399149 8.75833769063172
-1049.2233329101969 8.79773806701121
-1047.3766986414362 9.072741679052683
-1045.511928228991 9.318974009851786
-1043.7578012033869 9.156900457243296
-1042.2913031860758 9.28545952508864
-1040.9840270563532 8.647233790854784
-1039.4944992348123 8.06029809186873
-1037.6424905344415 7.701512075166079
-1036.5129581972528 7.86251846621451
-1034.7306120678354 7.626118592123362
-1033.3691764160562 8.027493647436472
-1031.6089630409647 7.895724139313074
-1030.0073869511057 7.565724454025599
-1028.7897343918253 7.295404694179865
-1027.819853691714 7.402062676052424
-1026.2627603098322 7.99528553257403
-1024.5253786131311 8.059397644500109
-1022.7812773271967 8.336919970015856
-1020.8227670475412 7.795581764678332
-1018.9795465752054 8.466929442386004
-1018.0791982098985 8.204300410250994
-1016.2013703271318 7.949838317136141
-1014.9197083398271 8.266336149672838
-1013.0783477708269 8.30667865196881
-1011.5494405909944 8.360322266022536
-1009.9630102797914 8.59262774805245
-1008.4288376256395 8.79254110078034
-1006.6891394540239 8.692531227270933
-1004.9617621585298 8.762620247105929
-1003.1171610042024 8.4709589547914
-1001.8444754764009 7.997694975833269
-1000.6872058793474 8.087913728455874
-998.9491032048631 8.070717564920756
-997.2526219769884 8.342070034841868
-995.3539863511492 7.894541791776987
-993.8130054160524 7.692174694637629
-992.4112114592958 8.014178953270289
-990.590460149901 8.054197414914938
-988.8540283128191 8.462850703994604
-987.381847946303 8.23051239470658
-986.1297776385713 8.5651627920073
-984.4196772262026 8.227493806878897
-982.5637203141619 8.225735242615315
-981.324403254645 7.967657919178578
-979.6260654612947 7.432377572308155
-978.8137914821077 7.2805431290966
-977.4506753369737 7.939488570342633
-975.7762275620867 8.397717724691006
-974.0373929425646 8.74152431930122
-972.102608291762 8.872842471252056
-970.3934861108232 8.942823450217816
-968.7497135087419 8.969789589892002
-967.357278673308 9.52048405552921
-965.9366963788439 9.421889255891415
-964.1615953132082 9.847706447492214
-962.4506963178087 10.524935613523098
-960.775097577231 10.628018471549126
-959.6836958810259 11.018685373614403
-958.3914976998735 11.315027150462242
-956.6391219779421 11.21177273536739
-955.164032547133 11.255246768842312
-953.8025422974993 11.57654054010925
-952.2665786429811 11.075251291642758
-950.9928267880846 11.371752391706082
-949.4464726134706 11.566150392542454
-948.7147883459497 11.15369060183582
-947.2067741438318 10.433349277029606
-946.2855636164118 10.16748317624149
-944.8190461679865 10.138738176922175
-943.0230442568231 9.988862163524004
-941.8534896656442 10.098866998354765
-940.0445056244303 9.622979997794005
-938.2338486000467 9.783381356994482
-937.4452877327371 10.104378356735083
-935.524066476481 10.137290275792452
-934.5158264919687 10.260384283165308
-933.0686747118402 10.147840230862471
-931.2498878523279 10.046964301864477
-930.357181338923 9.885630174676749
-928.7736724897791 9.346290870706412
-927.0360352083612 9.686539187232825
-925.4629608675409 9.35120086292443
-924.6749232694078 9.668493135969015
-923.0957073851991 9.202111288110586
-921.5165087863375 8.893299385110708
-920.2165025159288 9.512481792966696
-918.6063166543413 8.875819428960654
-916.8115992232729 9.349771066705557
-915.117275683539 9.183124258319708
-913.8989908381868 9.469463988344046
-912.2872408315111 8.902286573449942
-910.4420507832933 8.556617572109076
-908.8579278870989 8.471208579043719
-907.0918687268663 8.371912933091494
-906.1844571515489 8.08824980924544
-905.1759934112001 7.8367314405244315
-903.3724749967027 8.074893272618624
-902.0793739243913 8.766223943929049
-900.184539525168 8.988896197776171
-899.115996091025 9.429719305734011
-897.9742164298464 9.466606213847967
-896.9073537274767 9.005647941629263
-895.6010183974672 9.522947593728873
-893.8313811704088 9.105256184141012
-892.6404462739397 8.5190222106379
-891.6897123738695 8.367986991206976
-889.9716368600298 7.9108696720999205
-888.142840473311 7.563901051084372
-886.6258889123369 7.458098336259695
-885.6862818285394 7.951219602624747
-884.5726454540659 7.7978719911974395
-883.5422741457392 7.785983405212733
-881.7438153311182 7.928108549813601
-880.7765783354212 8.26743642161307
-880.0209253117014 8.3337911284965
-878.2954930349756 8.412380247513624
-877.1733130499292 8.674568473498198
-876.183075694697 8.145746826330992
-874.7476485058237 8.59697383562741
-873.3787725254465 8.769901185433241
-871.6053715034891 9.004880010287138
-870.3096307798792 8.368694423834654
-868.9659831806589 7.899155466954085
-867.8161702438761 7.4999739221733535
-865.9423755690027 7.536459698478552
-864.6523928924967 7.590872599880072
-863.5289523884226 7.467889755169722
-861.8458581253458 7.560121736626002
-860.7249239965845 7.209129355053278
-858.8289983555246 7.514042637447687
-857.4557370230127 7.28059417674956
-855.9186162039209 7.971046156386706
-854.3206271215845 8.546885973910662
-853.4920194431711 8.341652027468058
-851.6984386726785 7.819257370333048
-850.7677355095316 7.558433464865061
-848.8327188774515 7.751181385616633
-847.6115925594736 7.121337077717158
-845.8442318722177 7.360972634653422
-845.1582290216852 6.634390703539225
-843.99298277344 6.178921691278788
-843.4926563188005 5.130577794412943
-842.5908606335092 4.036999217371317
-841.6448865219522 2.648886314730021
-840.982645122664 0.9156896985572303
-840.659364102738 -0.6838491045433557
-840.7286750062872 -2.00800300468984
-839.8942920550276 -2.9442052923637902
-839.6739594324995 -4.165192254682211
-839.9011438175608 -5.91157544483724
-839.8754338010717 -7.1410828911263025
-840.3093605622221 -8.539400824208883
-840.4903813287187 -10.13516832222524
