-1131.022682695048 11.579655668835017
-1129.1266570373941 11.704119607011648
-1127.7239206119943 12.047820850412222
-1125.8789211794306 12.068494222263666
-1124.1016351267267 11.914326540331217
-1122.484189180987 11.944440416197153
-1121.5345931335855 12.091372749904963
-1119.8345370575357 12.046571101198765
-1118.9067697807718 11.557803030262562
-1117.064332751887 11.057296450386616
-1115.5692104383875 10.720458741436573
-1114.1785751863886 10.309462870607945
-1112.7233541294504 10.590181763420674
-1110.8659000679422 10.904316510210606
-1108.9870919271875 10.409385289202305
-1107.8007487341333 10.805903132210346
-1105.957039742129 10.260850603828999
-1104.0385986849237 10.053421761046025
-1102.702468661921 10.058069030891033
-1101.3452247663904 10.510063479791256
-1099.5669963642526 10.358820836196514
-1097.655277042048 10.52343746567783
-1096.7094587370325 10.751815821180912
-1095.4934716507364 10.25940662170467
-1094.1883794351984 10.397662158260914
-1093.0318681284357 10.120657201061817
-1091.284031777041 10.47692593480167
-1089.885184197085 10.893685187349888
-1089.1248830839563 11.237387742052647
-1087.1961823984552 10.726910556803318
-1085.7000253483225 11.352851892958256
-1083.9050627037454 11.014038379440876
-1082.5067364260126 11.541262085686299
-1080.9770915790964 12.16256665731487
-1079.8723821922708 11.938560242901417
-1079.049880294459 11.778365160475346
-1077.4214080854822 11.10518475915012
-1075.805956630366 10.933673943529698
-1074.3491940781046 10.85500502879438
-1072.812702803271 11.014995726893517
-1071.1743020101953 10.682006093810173
-1069.3058984562326 10.254127296755883
-1067.532566098826 10.819348248789879
-1066.2205548569132 10.594578775714012
-1064.7547395512033 10.565322916160198
-1062.801438598292 11.097577552447888
-1061.4190666958261 11.219497713397118
-1059.733632592814 10.932927790234658
-1057.9643987699915 10.980920004795166
-1056.3256149574686 10.679654705474945
-1054.4417097851206 11.162559497306916
-1053.322401790278 11.000503781388375
-1052.4511212393213 10.974619793842407
-1051.0276538416315 10.44091193671045
-1049.100529818194 10.196781757424446
-1047.522373108523 10.33378750378904
-1045.9109937235285 11.058560195515724
-1044.6409067198206 11.062057419816824
-1043.1646106525827 11.31071871439633
-1041.584365515368 11.449749737183424
-1040.6144827886988 11.311006887952658
-1038.9651687427927 10.803761049310538
-1037.5282717033792 10.347908183137747
-1035.9048425241876 9.967283352414938
-1033.9782961889673 9.65232174019036
-1032.7378984972406 9.566132574478956
-1031.338468579905 9.857888638178679
-1029.8013017460275 10.223621904055449
-1028.575183658259 10.133262350360724
-1027.0377203508783 9.90374740878758
-1025.946994571345 10.668948738972517
-1024.148810414927 10.20942807118115
-1022.207331685679 10.537512540022703
-1020.7594495102335 11.136069475809904
-1019.3338760420252 11.764444767634245
-1017.7242758556772 12.170691489378783
-1016.084089665072 11.839662253062102
-1014.1467336698938 12.045099376837584
-1012.469222931521 11.494021236101958
-1010.9056794926096 11.889582782189223
-1009.5642051979471 11.414611875216337
-1008.1431820675302 11.83591824690518
-1006.9367798849512 11.850414625505778
-1005.2997240110803 11.54242577324328
-1003.9631394430567 11.581445562790009
-1002.1985067411829 11.125433790634247
-1000.641062526362 10.854729014585587
-999.1652788206507 10.739134068737599
-997.329728035586 11.34793668533382
-995.5447019621301 11.087500895510289
-994.119196920054 10.741726840983006
-992.8110094353128 10.269589091787907
-991.38207915272 9.91210186029491
-989.9660395666529 9.827262143741223
-988.8961528822351 10.441623191485974
-987.5736465736795 10.443472351084324
-985.8847204729486 11.097099269877049
-984.2011719032694 11.525690372238728
-982.9698570057321 11.299784611116024
-981.8956994100977 11.23110140408096
-979.9354690596033 11.662533651242825
-978.2629483028818 11.314117740045162
-977.1898027941156 11.54071990693626
-975.8854142710138 11.853935639510723
-974.210552839892 11.889665804008814
-972.7297274156977 11.713955617646548
-971.4124461695124 11.78011701921639
-969.9957039638925 12.288704439203116
-968.0978064819742 11.693559213678213
-966.1896015688349 11.260979577104422
-964.3845622822214 11.198596528868052
-962.70780470814 10.987970895270678
-961.4227918669153 11.192315078477236
-959.948209552424 11.652087635497423
-959.0427171274591 11.279168821076723
-958.0887587353159 10.93172321389136
-956.961103706019 11.395369268159243
-955.3687508388925 11.767524189452502
-953.8220577522684 11.51702815959868
-952.8358066364694 11.100903249482485
-951.9655149861742 10.722085542182299
-951.0925995990206 10.491275034050318
-949.6161744281221 10.856482944588038
-947.8903271838594 11.416480085949274
-946.7544876023699 11.49763931999621
-946.0338973685671 11.328328601221415
-944.7833027526308 10.903504154781672
-943.42823180403 10.738238564829203
-942.2332365199495 11.116504422525736
-941.3379947825838 11.309743247131678
-939.5836084767748 11.670991680721613
-938.4029794618059 11.442909664611193
-937.6026611014772 11.332492946783873
-935.9942892476488 11.675312846104475
-934.2603952571321 11.547992049853178
-933.3991634532381 11.865616439978453
-931.5735324307848 11.567973195711943
-930.5759759231973 11.135020642678114
-928.9623409792353 10.747448413769575
-928.0609338566233 10.679766236941191
-926.4132180496622 10.977821408907744
-925.0982381388117 10.295158802668425
-923.9094791695047 10.098598181406828
-923.1005037113596 9.352261125246855
-922.0794055744577 7.841418086687895
-921.0375399872232 6.8013059488934005
-920.3928664609361 6.425679206053587
-919.9405988737512 4.914300679365965
-918.5309130236078 3.778679489294859
-918.3400741204191 3.122596739928099
-917.1694273337293 2.06816375176129
-916.2775219067503 0.43346989075359943
-916.1419532432724 -0.9421088703471696
-915.809762312429 -1.7906646736461198
-915.2619599833656 -3.1860773571330583
-915.4431618287731 -5.080938340027956
-915.0000118746925 -5.856071413357881
-915.0978687390257 -7.148932874997286
-915.5752554520536 -8.504609168370393
-915.2594392284323 -9.641430199940828
-914.8929234727789 -10.848680795033601
-914.9635196163822 -12.239918411572603
-914.5569236114193 -13.302893341382173
-914.5631671085525 -14.49021130879703
-914.6247377827335 -15.743590772946504
-914.8542758360077 -16.57918357928577
-914.8051236889828 -18.266302347977785
-914.2753657124508 -18.974632681210664
-913.8680101654995 -20.63123983224216
-913.4911245427597 -21.44376033623996
-913.1805304310788 -22.57789439042392
-912.753069522189 -23.547794283230928
-912.5063636622895 -24.503613651593355
-912.6008284858931 -25.261213124592928
-912.5976448230017 -26.092051208813814
-913.3331407479513 -27.360987366040376
-913.345767991947 -29.06396287759128
-913.1851995013226 -30.662724912961153
-913.6409773252476 -31.912212551434664
-914.2950926444996 -32.8476905234653
-914.6814789495934 -33.86246889909091
-914.6550535395313 -35.283085764248995
-914.6764347854573 -37.12886685212436
-914.1075367632825 -37.884051383336214
-914.1069844815452 -38.97171694119754
-913.5896057340819 -40.298736990292696
-913.6760066601951 -41.69714373429599
-913.4726785126645 -43.071503580411104
-913.3514079007823 -44.18880575974765
-913.4256728667337 -45.946901143391756
-912.7746964472849 -47.03874498685184
-911.566994168194 -47.62486523469272
-910.6404847878534 -48.531456650097994
-909.6809531230051 -49.690088928540376
-907.9610010165293 -49.9952934988338
-906.4809260148127 -51.10035908301654
-904.8829073685724 -51.65457201083484
-903.5396135825235 -52.42615300496402
-902.798394181164 -53.31364238341632
-901.3044863719065 -53.62769922693553
-900.2802803296167 -53.47942423899951
-898.9074536341745 -53.576680720647005
-897.3168548125345 -53.13411533912006
-895.7235151309092 -53.0563633300859
-894.7806159037668 -52.96015602429691
-893.6131291169245 -53.33934548576656
-892.0346822518427 -53.75728067835155
-890.7366428155024 -54.04182630856815
-889.320099212559 -53.79489681204143
-888.1760836619455 -53.34033551891628
-887.17369351569 -53.15497331400695
-885.807034232052 -52.9882690616447
-883.9083481806833 -53.06880609025541
-882.586976625355 -53.317946829696325
-881.724742748173 -53.18590334882322
-880.1868818778116 -53.44769278993192
-878.9426287192423 -53.64178992142263
-878.0755415934641 -54.020821698804525
-876.912660219105 -53.94517162521663
-874.9539146203119 -53.38871434410396
