-1131.022682695048 11.579655668835017
-1129.3791088148523 12.044722370008799
-1128.343852786677 12.154677598873945
-1126.3902981563974 11.984616964260908
-1124.4532237335611 11.73926389137921
-1122.6327021404672 11.376634239355894
-1120.8068193479944 11.966620384852263
-1119.3167780920435 11.34054505745587
-1117.6892195030618 11.162265657584044
-1116.0330159946848 11.264203696648451
-1114.9539884611536 11.421301170389029
-1113.187084464686 11.384593992630812
-1111.4627771660257 11.265357501010271
-1109.7030372902323 11.387782349387976
-1108.0322776123453 11.390640003743442
-1106.9883853479791 11.346418110790523
-1105.2828812881876 11.516936628284725
-1103.3937378212381 11.643235681715282
-1101.4536998554636 11.805318368735584
-1099.6885097309519 12.332142902674946
-1097.8383121773172 12.478589562835964
-1096.2904990002085 12.32294648713139
-1094.7900386139322 12.789873866501125
-1093.0857457205225 12.549062607946667
-1091.442168144839 12.778488127651485
-1090.3476740404535 12.917123763027462
-1088.941606669085 12.552702574196132
-1087.1783017202783 12.08638185090092
-1085.5889491125513 11.675469277563366
-1084.1772260948587 11.58619861132172
-1082.3352649494577 11.983825964989933
-1081.1863336845804 12.140572680297169
-1079.45443370785 12.711482180419239
-1077.8178842350412 12.168132318320545
-1076.0695233627725 11.980997456374439
-1074.395486263888 11.412607802214893
-1072.6124261900354 11.580248309436115
-1070.6972705408502 11.424370659652027
-1068.7831801458765 11.361874112996134
-1066.9158016725946 11.77698863497642
-1066.1009369179178 11.40617598048118
-1064.1951562448908 11.42143699447331
-1062.8769104763437 11.558157219688269
-1061.9276455923487 11.596034693668457
-1060.0535785242487 11.247772443245026
-1058.436976580279 10.789346653173538
-1056.6626489445139 10.751281726310822
-1055.830628065722 10.933228272150131
-1054.0325521513391 10.463007825563523
-1052.7121695562769 10.586679767022702
-1051.3249146028925 11.115767846952053
-1049.4438978716303 10.934937547097775
-1047.6795422121454 10.626506845603558
-1046.2124790235926 10.517097379217716
-1044.932451157229 10.307450230370137
-1044.0407131000925 9.866956378470036
-1042.414128212588 10.17811303878841
-1040.6660754963327 10.419765676508518
-1039.6394105240274 10.530327226172062
-1038.1436655804087 10.544663946281048
-1036.489017634051 10.395564268479916
-1034.7827281042505 10.253318797002407
-1032.8348919435907 10.293949055622193
-1031.2510768457819 10.05794690842447
-1029.3040832563806 10.062837693045708
-1028.194747953074 10.18574130828199
-1026.4733270689417 10.366347762892815
-1024.6824621244837 10.027952375958535
-1023.194751648562 10.326938632081124
-1022.3470713778902 11.042646112988564
-1020.6851534530092 11.065772849271866
-1018.9385059758592 11.062361824462982
-1017.1161584540773 10.938943314502808
-1015.3981052323747 10.618652212570282
-1013.845529882567 10.890421497772309
-1012.1621346160341 11.098793569157692
-1010.4868800326753 10.739044043372246
-1008.5318939372469 10.69446208621082
-1006.651911942618 10.628164905260178
-1005.3203288003374 10.238421338747116
-1004.0068998023439 10.765578108976456
-1002.4932624980379 10.743200036833855
-1001.468594877379 10.413381162236305
-999.5656188413072 10.510832446764084
-997.7198668404985 10.988057482193085
-996.5845492764879 10.752412471125695
-995.3962269708086 11.218912783215615
-994.7094837709833 11.259862381170365
-992.9502663895059 11.417297232101532
-991.2394707485605 11.692435729454132
-989.5811686798502 12.278022396514984
-987.9943931385446 12.334381650338742
-986.4140217586923 12.585534284959408
-984.943193344729 12.19436622704086
-983.011240629809 12.471768210778805
-982.0859407469202 12.314635734210583
-980.7775267645288 12.551860909114453
-979.5452225490976 12.60701955402908
-978.097588209765 13.041225622544857
-976.1776765867639 12.290432284722897
-974.9489311262537 12.818257699857327
-973.6550872608591 12.665822277913662
-972.3090080305506 12.941848050008389
-971.1458570047785 12.849548834512802
-970.1111928507257 12.702142241547676
-968.762685327189 13.030386748860451
-967.8101413532663 12.89440252179918
-966.0762052818704 12.631630021284195
-964.7511806770731 12.850798729012581
-963.3227819487024 12.654532346079918
-961.4703799768854 12.851785156081291
-959.7949358507562 12.469521644661995
-958.1981402918268 12.463026727686497
-956.38906946625 12.123765762100788
-954.9432083650995 12.267559091697308
-953.2927857920099 12.31498893643436
-951.4153555914331 12.39897342319307
-950.206572084086 12.067005801151367
-948.9902960344721 11.843311148832413
-947.2551496311594 11.584029126117798
-945.8500042244364 11.295470106552216
-944.4917968794275 11.279628702576133
-943.2583176180292 11.71946985381362
-941.7017792745996 12.04200369971511
-939.7219341083933 11.900100597317191
-937.8854477688242 12.4576891745877
-936.5381596371103 12.747868009979697
-934.6895253940988 12.84004985647914
-933.2502389236856 12.697430857593986
-931.7429358049799 12.941051610882255
-930.4622016235758 12.462062605793449
-929.3644190117288 11.738435694153281
-927.4436590954233 11.19385654586074
-925.7610035225321 11.051855974967452
-923.9670646473337 10.682248854215118
-922.0304918571878 11.293144964749786
-920.2541451736856 11.451708146507713
-918.750552801745 11.494989627177688
-917.4810309692789 11.196317398126098
-915.8091552540232 10.871233874137374
-914.4707719370294 10.860615917618247
-912.6213971659113 11.185940423185798
-911.1226682945658 10.63733974951026
-910.0573376699854 10.093613186056587
-908.760734228747 9.900887587244483
-907.9252577110697 9.630987295086356
-906.2811409517694 9.434371330912086
-905.1453897043634 9.255202644641372
-903.9479205891062 9.52931713419673
-902.9719769045282 9.651113384540054
-901.0174006506372 9.50577876823661
-899.2991088911463 9.805413731510612
-898.2210001036096 9.746347011203738
-897.333670346396 9.231178046340915
-896.4817806168962 9.383826897616359
-895.5077705069948 9.165315360898944
-894.0178290292192 9.056316950495216
-893.27891757931 8.691359260256263
-891.850093392985 8.759527810986015
-890.1171741768289 8.939000868375274
-888.3275960966516 9.350485586698028
-886.9579785152841 8.992072784478637
-885.1977943464685 8.505125218207809
-884.2337920352388 8.555505619521114
-883.3703465744425 8.4957676242542
-881.6871826931406 8.373029940898391
-879.9041822239328 8.118353777701827
-878.0878274723459 8.744976156527969
-877.1435095354486 8.55963886636016
-875.7333983465601 8.473543943042728
-874.4161523863245 8.24050824450967
-873.1566379352976 7.754509315962764
-871.9879552408624 7.784263604457351
-870.5039794727732 7.64139189677951
-869.2958833261896 8.382925295407745
-867.5173688217569 8.739796334083053
-866.6038433596063 8.127488904769393
-865.339675216334 7.911130570943328
-863.4912685438562 7.864302956635925
-862.2578372045923 7.862667136962386
-860.7814408823419 8.014706962878677
-859.7492901369501 8.162959599072906
-858.2126678511072 8.126775254632207
-856.572969107287 8.237397489274713
-855.7082397624422 8.54659393164036
-854.2656418963838 8.92709672185299
-853.1399131699968 8.491815564359399
-852.3309081479479 7.890811917508813
-850.7054629012514 8.33478909465191
-849.6699525996614 8.557327357257577
-848.216445772307 7.987577167476388
-846.4680999204088 7.882141945089074
-845.9434880300928 7.424793449367257
-845.3607548161913 6.843511727775308
-843.7255935355593 6.340454963172647
-843.0546671434809 5.106960323775979
-841.7725171133447 3.589966920341226
-840.988395778792 2.509055522407266
-840.8122568115164 1.1749279770505154
-840.7002896651197 -0.6219640698778903
-840.1092565640379 -1.5141272869456088
-839.9428765758444 -2.5815990295756137
-839.8623542919327 -3.80028096107128
-839.7640834956933 -5.602327021633414
-839.2236784010697 -6.932204040561942
-839.5227134137917 -8.568683060680655
-838.8776030450631 -9.514633389984397
-838.8807594313789 -11.01612910894039
