-1131.022682695048 11.579655668835017
-1129.1643381401468 11.382634825209948
-1128.0617121740747 11.124462611178728
-1126.3115476652551 11.652876204947802
-1124.533303050654 12.183152145842882
-1122.797078280108 12.28215151945767
-1121.6390098616052 11.937036871115538
-1119.7933694406915 11.495956896941038
-1118.1994172617365 12.026135384241911
-1116.2962410732675 12.276186852852675
-1114.755667357104 12.369502744774195
-1113.4625933453012 11.998384020428034
-1111.841760067599 12.36026801834521
-1110.2725304647852 12.423398158649775
-1108.5498456045557 11.948455027441355
-1107.2111228987146 12.255995414356562
-1105.7576145216394 11.82383366594729
-1103.8717786356378 11.702286533216807
-1102.2762406155039 12.016763500074717
-1100.5184414669443 12.273576698402735
-1099.609929470675 12.578446827034327
-1098.152046827929 12.495801455478045
-1096.3680097147394 12.553990638951632
-1094.4562088533808 12.729847646455141
-1093.1633057876993 12.207318640450808
-1091.7557175442148 11.619943476418825
-1089.8654728218485 11.97394544551787
-1089.0838293715883 11.570232487420412
-1087.4548191710878 12.001653171281191
-1086.5576632901598 11.70371160576758
-1084.8176732942034 11.667081485639187
-1083.4178832456041 11.430062259684178
-1081.474904267447 11.464711017112108
-1079.8735841199327 10.91483557889876
-1078.488891451018 10.93432563463864
-1077.0599991961885 11.635980128447386
-1075.7540152951647 11.77725884238896
-1074.1190083905626 11.52121123592076
-1072.3405594512392 11.096920131842467
-1071.1141597911287 11.634910046259733
-1069.4426866456438 11.493008910815092
-1068.1487959309984 11.471969080294343
-1067.388550309794 11.448711059192988
-1065.6072279497553 11.92107289205012
-1063.9016074224878 11.916018496404263
-1062.537212161677 12.313194166074368
-1061.1267711206842 12.630731175790402
-1059.3148545309473 12.66125373090324
-1057.5710481687952 12.39569873655853
-1056.2069086119104 11.707896898637387
-1054.5155142828394 11.60022593582687
-1053.1673847719599 11.439426939139935
-1051.8814152761865 11.028107742915722
-1051.1162405296732 10.804145421038243
-1049.217894343989 10.37642448688564
-1047.7698171421457 10.702389533768269
-1046.2766975447107 10.518726433764073
-1044.4412890955377 11.151169623385044
-1042.813414721148 10.950602154384228
-1041.1735650583673 10.73048308039722
-1039.4606029077936 10.981214965830418
-1038.0041765257288 11.228399719248387
-1036.8045301720072 11.044871385346028
-1035.7037400289942 11.315270866404148
-1034.5288499876428 10.840971405754658
-1033.2834189220835 11.427216406117054
-1032.1844785496164 11.35590269709644
-1030.3564412876535 10.947440798531147
-1028.5682590290476 10.519941683064076
-1027.2386349722315 10.31488646114883
-1025.5523730799127 10.891673932920071
-1023.6597904249597 10.553813765893551
-1022.2738715692926 11.123636196504208
-1021.4815573975015 11.612675289760205
-1019.5683546348978 12.136969248900982
-1018.3170323654581 12.076002038220736
-1016.4406633659769 12.356644041041704
-1015.4382587953974 12.886033362845751
-1013.8336155697275 13.076221085290285
-1012.0466389938761 12.29526457856116
-1010.1123917385507 12.053053147296282
-1008.3828165813852 12.1199823460978
-1007.3352208420206 12.290387704173895
-1005.4458182140756 12.204100563327643
-1004.6902978106905 12.446180000106665
-1002.9119920417238 12.620101704398962
-1001.5716992303301 12.324788405696722
-999.9332267924715 12.564098267952772
-998.2985254212786 11.856499641339155
-996.5949879571367 11.332102148930403
-995.7138323470522 11.052487759987685
-994.9139911815096 11.129427596132132
-993.3400537654329 11.756473763982626
-992.0869460984636 11.403629793922278
-990.1632879659105 11.290755069951388
-988.3830481454302 11.511268354157778
-987.4225842639376 11.402507833341929
-985.7175924464632 11.848852924208018
-984.6861220284868 11.351591996054026
-983.0234206601549 10.930324814419123
-981.2217996999193 11.219253382782313
-979.827926246779 11.836534223656031
-978.5779179021288 12.02710307310042
-977.7254857107569 11.596068776349398
-975.9970960899759 11.61590947876391
-974.4110827728678 11.83226599464831
-972.6425261780191 11.444497726063105
-971.4630011602808 11.512706807951304
-970.073620824473 11.373840383390757
-968.4374497219492 11.481275490621897
-966.6167965217996 11.009100458721491
-965.4200915380884 11.107590637306544
-964.3946328445841 11.448583088020655
-962.9539811893869 12.062339804272028
-961.237297563212 11.528834364513727
-959.6202087685037 11.630592002670141
-958.3843741699625 11.59486295575914
-956.8945216223169 12.08555002803621
-955.9213295265604 11.974197092602822
-953.9972105308939 12.33589715058622
-952.4964093252588 12.76740259225187
-950.8861733957697 12.791978764484497
-948.9951204344202 12.409804749439331
-948.1431546493936 12.146217185209366
-946.5479315802027 11.947570028851601
-944.8117263599802 11.66316154892263
-942.8762936874796 12.197541150401207
-941.8286400124002 12.452473941395851
-940.6212259813715 12.734457257340523
-939.405524878161 12.66920700962362
-937.8839482351709 12.325594100306603
-936.0411020800043 12.768648090909096
-934.7905422731806 12.623996677945229
-933.6892301126886 11.925659480641457
-932.4102102800775 11.574962797711464
-930.7538355871607 11.811106550644013
-928.8937288805414 11.712516817401024
-927.2224334761072 11.439972314189049
-925.9345528170038 10.861192497561547
-924.2652100607324 11.029916974852654
-923.5630739017893 11.327858182738396
-921.8683593555857 11.592984768698784
-920.6587543770243 11.958466324160668
-919.1273695513178 12.417233350823494
-917.2971326395441 12.842848870108696
-916.0011885448862 12.82367076272783
-914.5742512031961 12.339137035558792
-912.8138882204462 11.885425108621689
-911.3121080681253 12.024856778929802
-909.972925810473 11.415621730635735
-909.0785064979959 11.27086936230478
-907.3253418489862 11.77078824038324
-905.6641103311945 12.076163071344467
-904.2227340027262 12.539170193622681
-903.4838452621866 12.601839694331261
-902.2069083734918 12.62806195313749
-900.9486700579096 12.21075374181089
-899.7632412001062 12.597450169871422
-897.9740493580271 12.370268839548203
-896.9813188597132 12.19706152672586
-895.880260615008 12.101237679968449
-894.304960755961 12.024920257876488
-892.9065501972605 11.953259567866894
-891.3479630037714 12.27995313252029
-889.6439578815866 12.675299267421337
-888.0675728603769 12.72206832016525
-886.389050511973 12.040019224534603
-884.9730948492456 12.300228874335858
-883.0903199001718 12.57492117131767
-881.997348098414 12.927955667625042
-880.2183631941248 12.45029489244041
-879.2609393879343 12.511892440865608
-877.6158736034799 12.70099273617086
-875.9818373009134 12.913287761757942
-874.9674654289652 12.582692179034325
-873.1535619779993 12.602902907083603
-871.3300692125727 12.097931641290756
-870.4200120850969 12.30072255725679
-869.1938615724016 11.744450408170792
-868.2477848216463 11.204300957868668
-866.7046725436617 11.559125500867935
-865.5569613858629 11.746446642230126
-864.6211846753527 12.081240031073662
-863.7592422648836 12.462655964444252
-862.6513908788133 12.498260553131672
-861.6875364467073 12.32295169974384
-859.839943854468 11.640190388212773
-858.1061105414797 11.606341782162758
-856.6095754786897 11.435194256852242
-855.444451300757 11.347752924213978
-853.7825592442919 11.190242598901364
-852.6356243773866 11.117966036449047
-851.4631312772203 11.578109125743481
-849.7634268685747 11.290230463395687
-848.4111146613527 11.185405987451645
-847.0164841100145 11.261545646141144
-845.6350159331728 11.115859526346298
-844.0950112029482 10.246457594583603
-842.8643471881319 9.00821961755571
-842.606554476874 8.275643128107163
-841.206289021628 7.116946595857712
-841.35951670851 6.338866251657578
-841.4237354680467 4.7353313147526706
-840.848432211535 2.982190269182297
-840.346534638064 1.9142939030629122
-840.1997120663095 0.3673633515339816
-840.2887934281994 -1.3577403843897855
-839.6084669664074 -2.852832776357559
-839.6076329856683 -4.782109481145767
-839.9842930942345 -6.509726029683975
-840.1354056506921 -7.241583508302597
-839.8427218704987 -8.211176794816879
-839.5906086772252 -9.823569816400436
-839.3810013591815 -11.162137907792953
