-1131.022682695048 11.579655668835017
-1129.9249493166376 11.695094979504916
-1128.1581621452738 11.37191349933562
-1126.2564695164133 11.14303291509566
-1124.9120068832804 10.76933688590941
-1122.9435657545496 11.062542981604906
-1121.4984177633692 10.964710838298174
-1119.9011967464853 10.637534177998873
-1118.7925764604975 10.744516275028559
-1117.4753070160318 10.420190385679575
-1115.7628836914469 10.830730042557093
-1114.2269367262293 10.561421594719263
-1112.5775190874506 10.275702736477228
-1110.8213709875513 10.03239441583571
-1109.6448606535364 10.511713869075152
-1107.8564012333322 10.64756349394736
-1106.5714061542917 10.554764940540167
-1105.2482874676157 10.709624006549689
-1103.559720067637 10.307546719114157
-1101.6945436283518 10.105240001479956
-1099.8646571918894 10.128200560013624
-1098.3926730438639 10.459308951298567
-1096.5884303137232 11.03916206876454
-1094.86159482445 11.535869388977858
-1093.7094189211298 11.779724612037512
-1091.8442404552866 12.108176543514105
-1090.2724881454874 12.43447066764054
-1088.5532213732172 12.23884774665055
-1086.6668921991754 12.358959435622069
-1084.8598188444544 12.495025306145521
-1083.2718330904413 12.829074888626906
-1081.5097697063852 12.635334684650275
-1079.5774396940637 12.134368016521307
-1078.4595539852548 12.454942091504904
-1076.8105709835459 12.60815563718495
-1075.3873619123865 12.532435304622027
-1074.2950346752573 12.522500268320414
-1072.7398965641428 11.81149881253657
-1070.8815338894296 11.716530791620585
-1069.3286809011865 11.504592633942934
-1068.0985073133875 11.229945874909731
-1066.2639437004495 11.005577034453722
-1064.9617053553034 11.646106368998858
-1063.9004562183786 11.852596349219652
-1062.7723888441492 12.068728185395571
-1061.2335968300272 12.527962840298983
-1059.3922164722849 12.957975871066424
-1057.8691317125727 12.285326010684344
-1056.3751459404398 12.39335668752608
-1054.5489442631174 12.374336338738772
-1053.011112599032 11.837331629494997
-1051.355499891894 11.853670559028956
-1049.5347429796625 12.143871597151133
-1047.9818089291025 12.525550297598215
-1046.5316019340921 13.001360944609019
-1044.7095186993051 12.977955884436938
-1043.0728965088297 12.991740650634142
-1041.633063940661 12.411348766784045
-1040.3456119581629 11.793933577041003
-1038.5145134016443 12.112559831837984
-1037.0747893139292 11.549143589238497
-1035.618443874972 12.119202590684267
-1033.8165995165277 12.17201564381537
-1032.370080856936 11.987480170230242
-1030.9297468944956 12.549588746528002
-1029.3759717031885 12.500722102026316
-1027.5940480514932 12.32176982531962
-1025.8411013170648 12.479528776506754
-1024.932154683726 11.916638246874186
-1023.7127514168192 11.188768199781748
-1021.891596107142 10.908895424703928
-1020.7060131117273 11.485184005598398
-1019.6454333349634 11.519463396767947
-1018.6521197840143 11.639581038753363
-1017.0537795111109 11.763398311237665
-1015.517405895846 11.62672217855868
-1013.9604853674341 11.688825926880213
-1012.0830740019251 11.506440214018198
-1010.6591972395349 10.917224279741617
-1008.8087877317835 11.324249378542277
-1006.9138015791345 11.663395873407694
-1005.5455520435739 11.940001598696085
-1003.8542142197061 11.411231569151255
-1002.3181852384973 11.429273926789733
-1001.1575931593347 11.259564601953002
-999.5671762510706 10.969207638080093
-998.5542208239008 11.087979116613838
-997.5719121381212 10.72882444518325
-996.2487382575441 10.504829951698753
-995.2462783738542 10.067830869133445
-993.7348495408464 10.377811529810401
-992.3372001334596 10.472884119625064
-990.3773880883623 10.409158171291324
-989.0914172812868 10.112139404888126
-987.7822768374849 9.752330363864871
-986.5056841060091 9.859431007082435
-985.3098013087679 9.874866121585342
-983.6472122355867 10.442036324317428
-981.8440525218416 10.351363250191184
-980.6230747386385 10.07628709929702
-979.5605944081713 10.573961236650916
-978.157031504767 10.603595973129245
-976.4433120175768 10.613962688620063
-974.7002309247423 11.102346935446235
-973.1113280936647 10.50010488289115
-971.6685807391573 10.688100078279945
-970.1437644645143 10.500076511080238
-969.4129821344782 11.159962275202247
-968.345046310084 10.87397802727935
-967.2293156668115 10.952078373308154
-965.5142120405603 10.87178113418338
-964.4015550896097 11.495442890698882
-962.6058186575342 11.451324098880264
-960.8581399008203 11.38275111573455
-959.4316357656885 11.858700581963035
-957.7892645880152 11.577332117731544
-956.096677093165 11.734365218455764
-954.6521684214044 11.72123985844371
-953.0579692408014 12.146172517116042
-951.0945917650629 12.25930133568761
-950.0359971805979 11.744821936960193
-948.3825897261072 11.67966244476554
-946.901032356875 11.253364213879081
-945.1565377994943 11.59860874074218
-943.385991959231 11.499442049438926
-942.1936867519785 12.060749300892326
-940.7384853645731 11.985649318571063
-939.3905113026071 11.513474733705493
-937.8316176220346 11.719160885686847
-936.4362818285394 12.05383989321706
-935.3760968729425 11.706772954339954
-933.6240754410196 11.270160765523883
-931.7536852642465 11.962520391817066
-930.3985693737436 12.064321280593845
-928.8573471590448 12.271727145786258
-928.0194936081339 11.719408453578922
-926.1563039108682 12.270830751533481
-925.041732697146 12.544670076246234
-923.2644037290979 12.790067345972034
-921.8509298845697 12.735377759809467
-920.4856514021326 12.085465700502368
-919.192199496882 11.827431888456317
-917.3255813404489 11.233412058229419
-915.4810498043466 11.722181649084064
-914.1862920805384 11.308259190196964
-912.3504506632257 11.03704050290105
-910.614871530192 11.016756513292762
-909.3115951105524 11.117672675425979
-907.8374097629953 11.602946215445968
-906.8892525717188 11.055007391746017
-904.973034052508 11.106126518125507
-903.5086593910623 10.933130488867732
-901.7398546024729 11.276305870289775
-900.7466805263925 11.101579309577915
-899.5910978599954 11.225055151755782
-898.0219936653543 11.907961719806167
-896.5138221069742 11.854524088228914
-894.7835833116937 12.255294216002198
-892.9706794306207 12.074693096007081
-891.5483527466226 12.41610164674637
-890.0880271479059 12.468106185222837
-888.5766451641489 12.81777462842581
-887.1074195190836 12.61788824679968
-886.0315745159555 12.756040920640203
-885.095439104693 13.03106792750475
-883.2830502077509 12.482580383444997
-881.6279442593027 11.808482607032033
-880.0894694611002 11.962453310514661
-878.9879015966821 11.879478206063482
-877.6766274258066 12.208507408524724
-875.9541002794672 11.883042295600148
-874.777967362063 11.547032644177648
-873.4590027615 11.280960102702352
-872.1446378513742 11.762746085549566
-870.3112342640329 11.471106221104833
-868.6340370460916 11.554019791210862
-867.5958686157633 12.23368130358574
-866.0662378355432 11.91361619266388
-865.0250585361887 12.154119250501367
-863.2771337315012 11.629707274163934
-861.5280305429865 12.2735338780534
-860.1225661322046 12.07170822950718
-858.6131109281946 11.721826640094491
-857.333665995257 11.960142609800073
-855.4326581045557 11.873612162793847
-853.5860761686731 11.633414116824838
-852.1195854231287 11.715020191992494
-850.2484085842539 11.902473983491632
-848.6598271414209 11.563884821857187
-847.3478240057398 11.939367798293802
-845.57037618603 11.703830820645067
-844.6589606686998 10.658721906269761
-843.578897444861 10.27004925640938
-842.2269344016481 9.412675243939134
-841.3482501193453 8.824712616528245
-841.2961597427297 7.47630665930626
-840.4267691358496 6.601935905541154
-839.7240964754988 4.807178777779313
-839.075204370873 4.052272361839982
-839.2436559631992 2.2582030716788495
-839.3871470078398 0.7589649382483685
-838.9262010439802 -0.9481541689980304
-838.5333537742067 -2.5700829800713336
-838.5668074138034 -3.391982274924544
-838.5054749048818 -5.007945376311568
-838.7838367916215 -6.171821075354842
-838.3932875789274 -7.151088434134749
-838.0035740233529 -8.723264175330428
-838.4237415886987 -10.37765057650688
-838.7718730367292 -11.869180518065718
