-1131.022682695048 11.579655668835017
-1129.1264150425363 11.453912160496088
-1127.3649490162302 11.26172681818423
-1125.37872496094 11.019773147205683
-1123.5929220005441 10.608726463417383
-1121.637917546885 10.419696948627802
-1119.824469356196 10.548798835973116
-1117.9659289404321 10.488466515342566
-1116.0237084909845 10.791397734681937
-1114.345392970698 11.464575453798147
-1113.0774779602457 11.297767012516829
-1111.233792333262 10.962129383484694
-1109.3316946312357 10.845127104918333
-1107.4406752869058 11.033249824444624
-1105.5467130228449 11.01418383340058
-1103.5927058741022 11.246792494456145
-1101.6375526472498 11.16160172144589
-1099.7644094511438 11.54616200844464
-1097.8543461843897 11.522230289081904
-1095.9096867128778 11.882278225521418
-1093.9749414011408 11.779119811157557
-1092.0427161737848 12.09497653613505
-1090.048606066363 11.658049962620112
-1088.1300999208856 11.612162321011397
-1086.1417480989862 11.922690450350615
-1084.230508594172 12.370653002659651
-1082.4641707226206 12.590764402548643
-1080.642817644732 12.486024930278631
-1079.4329146429468 12.603481783668371
-1078.4986143394876 12.475576817194792
-1076.5812716766764 12.88414800087628
-1074.9031083866525 12.534257768790098
-1073.0924856945444 12.975705145994993
-1071.661536125796 12.986640437642905
-1069.8583969160486 12.569001718561026
-1067.8883409782816 12.790883391301008
-1066.0778563305307 12.753613173167082
-1064.3487561031748 12.946260123650404
-1062.3933093830515 12.639068990151259
-1060.4415834232736 12.330806194941374
-1058.7170970722605 12.023388384978148
-1056.8827162071634 11.943976721863123
-1055.435127644198 11.739425218800875
-1053.5983954950739 11.58015360603747
-1051.6133677050043 11.376297853092524
-1049.7971699520517 11.80639021764216
-1048.0982624575067 11.477273187736841
-1046.1484724565912 11.637774354914995
-1044.4223183676172 11.272114134530398
-1042.9090673014093 10.709325290421816
-1040.951296119349 10.578538081745478
-1039.0545167013574 11.155819795231196
-1037.170248655932 11.05336092333016
-1035.3213950678278 10.741864039699408
-1033.7957192942072 11.462430729667517
-1031.9852829262186 11.222194939057204
-1030.3141901775766 11.327530770699354
-1028.4678294941355 10.843969582716795
-1026.6387625023294 11.479613422552916
-1024.652054576533 11.216449587742659
-1022.7195698305536 10.919986157814833
-1021.0008510633875 11.061120881835791
-1019.0959955736566 11.253536685506674
-1017.6792476459909 11.659107222358557
-1015.8021761461664 11.562737441758486
-1014.0335724636484 12.018710083464953
-1012.5195629879404 12.169594741563174
-1010.6800563618112 11.711401439408633
-1009.0896729513574 11.32728881309447
-1007.4067708536554 11.127982414464327
-1005.5516487642694 11.679585195283266
-1004.195009379046 11.986736542682024
-1002.4483422323633 11.79595894287047
-1000.6617433115412 11.839772607336613
-998.7367803141046 12.205806191216084
-997.3658877893854 12.292719568262669
-995.4809097334314 12.229986469398114
-993.6491771027017 12.183647091637226
-992.0489713236261 12.473016883383366
-990.5904629513193 12.816924090633961
-989.3688046022821 12.256152267704579
-987.4409411236215 11.793003733406636
-986.4875864073206 11.68791161025581
-984.6466299578119 11.837285290608975
-982.9900782391001 12.34592814291534
-981.8002565189768 11.705690394292446
-980.039522676127 12.1976354225975
-978.3933112904001 12.357752154718014
-976.5198648258615 12.544051478753659
-974.6863972231317 12.04907248462257
-972.9952444120813 11.789695601115795
-971.1661156698633 12.135716091046902
-969.3020353599954 12.593699853072735
-967.9822832628656 12.511056351612183
-966.40522804703 11.782487559269043
-964.7732696815897 11.362018662641617
-963.2738609596659 11.21691790516195
-961.4272573276926 11.31006205375013
-959.5550079628397 11.176743689129921
-958.0674565121103 11.41507797236261
-956.1301217361856 11.060583698700043
-954.371813683169 11.659981238792511
-952.8704417034555 11.117302226970764
-950.9826401754785 10.971802192876908
-949.2633182093073 11.584328192422959
-947.4079629465509 11.425325873444649
-945.6884321257044 11.671146321247193
-944.0884789511133 12.092582333038422
-942.7035703941751 12.593349444816681
-940.829394964831 12.118894565055939
-938.8898548170496 12.15402323300657
-937.0909341856409 12.001754540155503
-935.7905568167139 11.879417690585228
-933.8143241688181 12.202210518668267
-932.7342459246088 12.274519714663597
-931.4370085283686 12.218752059290978
-930.7104115172792 11.622752043555352
-929.2097149774004 10.71931264097509
-927.8434930726457 10.623413714717003
-926.3144122048784 10.115301045725914
-924.387912361281 9.974217566798302
-923.4174028321672 9.826698782990547
-921.7546734496523 10.054381507585617
-920.0206238910127 10.217586207340332
-918.0817812367845 9.700614857624146
-917.1671653672624 9.305222439716431
-915.7752611323763 9.160601723144623
-914.2565327569414 9.66916869873819
-913.0741506501604 9.599211762796017
-911.2577231809069 9.195772837052914
-910.3974551841188 9.07422270173845
-909.5401020332743 9.182214099119278
-907.9338600918222 9.691667097757431
-906.2773990913797 9.315512078950974
-904.3798930927683 8.562909382532212
-902.7697762533594 7.967476326177689
-901.134002594607 8.322213995407196
-899.4073107525278 8.107654082725617
-897.9771614357401 8.059942814658257
-896.7909089609552 7.761503192732903
-895.1695601030756 7.900982695768448
-893.4305976911951 8.504558938692185
-892.0437234922815 8.935006219099137
-890.2242214962412 8.400923329542252
-888.7469562574793 8.682394134948822
-886.9288178965021 8.39205824131784
-885.1298613830972 8.441391836057278
-883.8262156530786 8.133328269372555
-882.0849647804666 7.82690064157066
-880.7537737175394 7.677382241139981
-879.043596057551 8.233471701989743
-877.7985474153925 8.712386350284191
-875.9467188402582 8.092734198222729
-874.4151010795999 8.565989385495755
-873.1473206564356 8.878995071302029
-871.4043273016382 8.351490388761135
-869.5511822983194 8.865108679185482
-868.5308113380838 9.397980998406979
-867.2230036541391 9.446264471064183
-865.717225341456 8.826057042131993
-864.1745103880335 8.62195407892284
-863.0333898350168 9.173144276390644
-861.2215798183847 9.215731050024601
-859.8420855089594 8.930027808199497
-858.2585221811701 8.960610724191042
-856.6629085823465 9.127985409597727
-855.395519642489 9.575927964548441
-853.9299761339594 9.482129938105913
-852.1567040964533 9.432998552123877
-850.33697941746 9.474162309567305
-848.9691465183664 8.950184970299574
-847.241664914744 8.439900784890028
-846.3051585241724 8.298070161740156
-845.2016814037729 8.521976708571287
-843.4988798185755 7.913121520678374
-842.1032138153482 7.908790080944868
-840.8279433533121 6.746243446270796
-839.1872222706247 6.304007201592299
-838.1797626301218 5.055554895798537
-838.1572690888811 3.5635916284721816
-838.349530427115 1.9259892992180312
-837.5392979070116 0.5384202293556655
-837.2435874625612 -0.9474284358817613
-836.9272907957006 -2.265186042388109
-836.2313270553518 -3.486825913985399
-835.6428055747915 -5.1614744373160875
-835.8752292081285 -6.082892031272081
-835.299110619681 -6.76563015659633
-835.193340881126 -8.131708056529192
-835.7207984759975 -9.263962299426225
-835.7573119833637 -10.245956689913896
-835.4451159670521 -11.268089801867632
-834.922029001968 -12.681590945323137
