-1131.022682695048 11.579655668835017
-1129.1865728184152 11.065886638264033
-1127.481442718165 10.07919313679156
-1126.0087681099344 10.176627746919962
-1124.6129339023996 9.723456195692393
-1122.735143093722 9.19632034669337
-1121.033176688807 8.777495256761881
-1119.0665297790933 9.095037899116846
-1117.232145933764 9.291484571198794
-1115.9279320522714 8.965666270951601
-1114.4782550617624 9.444175041417452
-1112.6660931393076 9.316192380289408
-1111.5925144239832 8.760057858328196
-1109.801724342959 8.578898436526629
-1108.0815141483713 8.84780899355826
-1106.5666623398233 9.434815085629793
-1104.6956900640894 9.87869838545737
-1103.1143876596857 10.33392093251166
-1101.3197220846582 9.857532895306917
-1099.6807794853617 9.594482249717089
-1097.8478811069895 9.649722508291575
-1096.2164572760034 9.131441763738962
-1094.5490573927332 9.276416889528605
-1092.64113333668 9.645236573318812
-1091.3604729458261 9.433411530355784
-1089.5358709379602 9.587586722473475
-1088.0921006485391 9.690974644522043
-1086.4388916775156 9.756205625037524
-1085.377575902598 9.309497452477785
-1083.7262819096018 9.048599875668856
-1081.9074061199594 9.005778066019388
-1079.9171656652857 8.47370504508433
-1078.4458869978357 8.999811462263438
-1076.5890437647272 9.016905761460634
-1075.3690216823984 9.459359503487917
-1073.4178765102793 9.284260816077563
-1071.719876317637 9.403918913702341
-1069.8267123981882 9.830739728311869
-1068.1467162653375 9.60260019371924
-1066.5710490032602 9.104446209172579
-1064.8536500021387 9.304638571242663
-1063.0009877964426 9.411783426205488
-1061.4208619877268 8.961203782955977
-1059.6158545299936 8.691073267857405
-1057.6939819141794 8.995277731816145
-1055.9937172218729 9.376922725836607
-1054.0764752909113 9.7356181434792
-1052.209969906466 9.904310717384192
-1050.823990969317 9.98269569794354
-1048.8869605347086 10.003070219556662
-1047.1104963108469 10.01625765780625
-1045.391553668635 9.695769830743643
-1043.9804518505503 9.060060008565756
-1042.221180586474 8.42573128561196
-1040.7562498136926 8.949043675462576
-1038.816617755549 8.852556093732687
-1037.3777518555094 9.104042335550162
-1036.006929306643 9.61795745710549
-1034.1578227564264 9.779048367540213
-1032.3239425703455 10.05272273639855
-1031.1109247490335 9.858090191284987
-1030.3238426729608 9.86992567698178
-1028.5226775690485 9.87432819525418
-1026.9090521618295 10.14348387638745
-1025.2776463314462 10.119009374777647
-1023.5943774267603 10.164644568363997
-1021.9531072660852 10.431590824524733
-1020.0445159956384 10.235507740775915
-1018.297726301806 9.862423076431128
-1016.6542200132776 9.269984497825476
-1015.0597902819086 8.97815050105271
-1013.4205354734827 8.336203231613013
-1011.5099574610163 8.605470671455237
-1009.7920397802759 8.246793969671103
-1008.066430835383 7.876287802259299
-1006.9159666582514 7.425781115094992
-1005.9402414843012 7.3447047166031325
-1004.3645865007807 8.013088255326124
-1003.1166149660517 7.83688568989453
-1001.3785370870996 7.643486916224333
-999.6234318300653 8.006923138300749
-998.2842536255289 7.470754741827818
-997.0977822824884 7.620184107820364
-995.8250139042307 8.007263108293387
-993.9506635948587 7.676870211164328
-992.1247899815012 8.197898491422507
-990.9342557474542 7.657038911382529
-989.8666389271189 7.437582834760519
-987.9332757278848 8.039073928396078
-985.9895584865976 8.440306618015143
-984.2159798427988 8.793684854308935
-982.4400499149729 8.19707037429032
-980.9883423134256 8.02483627120671
-979.1430354401041 7.7254908374947036
-978.0442694708277 7.683634623090597
-976.7511754318643 8.196919127504202
-975.5195844456125 7.960109784404608
-973.620231537478 7.88261713008103
-972.1371375605036 8.878571762840124
-971.2613033934999 9.148141547242972
-969.4167431279589 9.758703931371542
-967.578465549605 9.945115282337042
-965.787094204085 9.680010928909155
-963.9972792550493 9.95598687152085
-962.0917902871538 10.183783217470022
-960.6875384732652 10.736843391458365
-959.5628609343935 11.046480878393027
-958.0484540149141 10.8535610280436
-956.558327881949 10.74596291701016
-955.2607564612795 11.168491601149412
-953.4189728185106 10.793515115181776
-951.7596326753069 10.48992678443608
-950.7915384456087 10.057793676058623
-949.4455247804094 9.70170593182263
-947.8411338015962 10.268856763045164
-946.0674433394838 10.378775461713644
-945.0928713962007 10.758103116552206
-943.8179523631502 10.563857077757689
-942.0487218781877 10.948661833206984
-940.2415157243181 10.649425326983305
-938.7661604567934 10.253203272024962
-936.8665623351503 10.303339257041785
-935.1056351348329 10.753470792571875
-933.3002144977022 10.901432260076376
-931.447399942534 10.431925012866827
-930.3599188014437 10.102639599840018
-928.5351683780123 10.139830022255751
-927.018092004912 10.524322836796614
-925.0973590299059 10.121807276408049
-923.3416971846987 10.544140844742628
-922.0061359092165 10.565297250772687
-920.4731530829836 11.039876346613141
-918.8120810672212 11.131241400862905
-917.8035635634828 11.440347989226552
-916.834178595202 11.016662945176336
-915.3598839327265 10.822443430448743
-913.4998644873071 11.101181869531842
-912.0751385971475 11.643825714613172
-910.3310892864633 11.533737321521016
-908.901586084025 11.829149802352163
-908.1108339115549 11.93469453337309
-906.9656840845514 11.306875352884504
-905.1435352846552 10.566071813131543
-903.9100292011667 10.711443458820554
-902.132095603602 10.438847367788526
-900.5057575985361 10.100799207712384
-898.7997701450754 9.481921081567975
-897.4794297501016 9.616840099121305
-895.9667587562967 9.272395466591092
-894.7852204128671 9.270681356216642
-893.3970924898554 9.026876543785306
-892.0467058702875 9.387094889904233
-890.8975577637125 9.480137472177717
-889.4531361147333 9.81624651434538
-887.7316707655359 9.484489445711347
-886.2511513515879 9.732476865078183
-885.0384455009867 9.142180000568601
-883.4341217562128 8.684558157945844
-882.1031883045603 8.301126753116819
-880.2419936939646 8.340578363413783
-878.2699272915293 8.487838775987598
-876.9730329796243 8.471806590582105
-875.0049025103021 8.258709912325116
-873.4756239935327 8.724847232128354
-871.5476768299509 9.311483119751188
-869.7427017971445 9.718811755205365
-868.5728586002756 9.408187215353223
-866.9398746773172 9.246204068089696
-865.3294029518534 9.676704605246755
-864.4125030323435 9.953734715605947
-862.4918718620706 9.958290700937482
-860.7134495064188 9.71919487896082
-859.2664996668268 9.519678388859006
-858.446532456534 9.687704120899411
-857.5179828092027 8.951741849209043
-855.6768273993898 8.89300127434251
-854.298395483153 8.307005421395274
-852.8662153169084 8.657480136628124
-851.0954901858736 8.092988209004375
-849.9178573771883 7.384207205052348
-848.2863931342531 6.894514219040843
-846.9647960349489 7.477652208085033
-845.6939127131868 7.144205228562328
-844.3346388026644 7.122123853440257
-844.0989534541536 6.628100768799754
-843.1399666949678 5.350678340668651
-842.7957807167936 4.2246774594735825
-842.4703636154104 3.448487178559276
-842.1116781517435 2.680329219574901
-841.7286507471968 1.6870168607186997
-841.2359058245588 0.9124335210275376
-841.3288940473963 -0.33020113301756737
-840.5671682640482 -0.8893871743727004
-839.9346050306726 -2.2140297133970535
-839.8153634205032 -2.989824100260762
-839.5329265132118 -4.848217292552022
-839.4793049789537 -6.3281959731626785
-839.5786125830878 -7.659388585810689
-838.982396977352 -9.26657132697585
-838.8995064593423 -10.860051198725728
