-1131.022682695048 11.579655668835017
-1129.0425689503122 11.663597344557616
-1127.066111354487 12.127593993346068
-1125.270632056849 11.737245558897826
-1123.3804161831308 11.913346230189177
-1121.4225626274515 11.965725197593542
-1120.2322781368662 12.51488281706986
-1118.7834687515665 11.948587848941656
-1117.0245952888895 11.956452532808157
-1115.949789671557 11.413200183908316
-1113.9982399031092 11.250877960721823
-1112.1773191973139 11.199892445604178
-1110.4055480047632 10.809933318893286
-1108.5250069185663 10.845723572323891
-1107.1757467075754 11.06264025265989
-1105.5081920906473 11.011764361659857
-1104.1135999247003 11.545773520271155
-1102.5487124010492 11.849828913013312
-1100.674019007342 11.295948102275702
-1098.8487226053644 11.291503484497639
-1097.0224951788355 11.558086182127568
-1095.8236747070719 11.78710621143398
-1094.467432407992 11.899223129401776
-1092.626983074801 11.9739409416419
-1091.3193782850672 12.400749149869057
-1089.5044859930445 12.191584396312805
-1087.894864229815 12.271633523653122
-1086.0482332989145 12.372621047447296
-1085.2623311563898 12.737785208175751
-1083.3173305078913 12.939172613571259
-1081.7282070204187 12.98972882623491
-1080.088411717074 13.094160813043686
-1078.3373375221659 13.087143602917763
-1076.7812249943186 12.296600583146187
-1075.023196963923 11.963429126093956
-1073.0913906380106 11.753794017384621
-1071.352060584681 12.128692123244377
-1070.1674068256784 11.91372184748468
-1068.260465411799 12.356294292162033
-1066.4847877308298 12.041523653219315
-1064.6022936388422 11.788354176233383
-1063.5041756912638 11.593858572791191
-1061.922652153628 11.880834731410118
-1060.4822794481684 11.876369557480189
-1059.2103561445642 12.343668780426356
-1057.268923430102 12.606224200825068
-1055.4284717127252 12.057002983192774
-1053.7903092190195 11.710894248585078
-1052.441306500094 11.82780407289681
-1050.5738138243128 11.694615005652281
-1048.6854613109995 11.949440061251494
-1046.7398095413614 12.00579106355724
-1044.9487115427423 11.609786267529103
-1042.9974292799402 12.170441861401173
-1041.5562660976816 11.742752428303334
-1040.0013344570566 12.05429428363857
-1038.0404787346292 12.490076149950596
-1036.1744771286417 12.02235257173595
-1034.2753516718317 12.237779508481594
-1032.4742101713587 12.519415776382061
-1031.1161743685175 12.447333338807198
-1029.3113526388574 12.126991870949837
-1027.8438929602075 12.453980031560036
-1026.4748194500376 12.616083371589752
-1024.6019121691156 12.564250434885594
-1022.8264830395151 12.632763634572598
-1020.8832824512888 13.096543620477291
-1019.0122736975122 12.96261062766132
-1017.0608390852381 12.538348878870579
-1015.5679871126581 12.805734093437763
-1014.0538230225015 12.635290454278561
-1012.3464017197061 11.954304407487484
-1010.4016926571298 12.15872407997665
-1009.2502235456873 12.149804744074913
-1007.3065464779306 12.155929635415646
-1005.4206416889597 12.435085008988949
-1003.8328297420908 12.212108905563923
-1002.6043854042459 12.3933430864912
-1001.1676225944925 12.13767879749355
-999.6953952595163 12.451960946570011
-998.1733945890833 12.688148210893246
-996.2529422327448 12.109424661050411
-994.4474474474359 11.473057936082455
-993.0235750957895 11.688266123781773
-991.9932654186655 11.854058261166188
-990.8783127352167 11.33868193174419
-988.9214426561762 11.046375270138356
-987.7383514925409 10.669846500406834
-986.3727476879526 10.901037360678288
-984.7197398230005 10.503109450588795
-982.8127059027124 10.711130882750126
-981.3732089086939 10.1803563490015
-979.488029150622 10.745577301035496
-977.7062229200769 10.539781923542591
-976.1250577255655 10.811422164688679
-974.5400557800699 10.957836325417134
-972.6567609592844 11.360777790794941
-971.6338602587152 11.648168082485768
-969.7023076101709 11.533631551216217
-968.4888364359308 11.468038606594178
-967.2622611805368 11.033251690815064
-965.6471387430597 10.424211311290833
-963.8524605318476 9.976045000503632
-962.0980909153391 10.365587043712708
-960.2950562521387 10.747745770166489
-959.0524481817652 10.68390788430986
-958.2167921348978 11.33322407598314
-956.7514653488565 11.042121756027313
-955.6596672817636 11.258781152914139
-953.8917208000589 10.909439551780792
-952.9128969594408 11.073265972683998
-951.1141131802965 10.998697924564453
-949.1657303258348 11.622845339725586
-947.4096487447191 11.985281187246414
-945.8606112882067 12.179666149566742
-944.0376680776048 12.06906092459974
-942.3660007401872 11.927686575005623
-940.8652401849199 11.61333689386663
-939.1004720612932 11.21158650810537
-938.2614260598589 11.487248274634453
-937.3354060336519 11.629110607455345
-935.445462433951 11.81009887451944
-933.7322492286135 11.320675599525543
-932.3571540996004 10.675239312599274
-931.401899187224 9.669892537544342
-929.7230410262514 9.254732537220093
-927.9476760312486 8.513209688613983
-926.980219332831 8.881393033216568
-925.2034539863039 9.17156280870256
-923.4123406096865 8.724789279649826
-922.2311031505037 8.23504759664354
-920.315783826964 8.224712840418192
-918.4141717835832 8.110530710915896
-916.6228948518205 8.333437732557627
-914.7921672746111 7.9188726163905585
-913.4954644128252 8.155111155609461
-912.290967552321 8.138440518776747
-910.4487465306688 7.8858733169239486
-909.38896962847 8.325741022030684
-907.757548658507 8.932929544846388
-906.9370141312052 9.003437115947577
-906.0725373908449 8.592029764453741
-904.3833534404207 8.698207414845797
-903.4457949682642 9.196519202689501
-902.1893692299295 9.46834830115256
-901.0745795055795 8.881805635194155
-899.6416039749552 8.791706598500582
-897.9690352960993 8.158291376332613
-896.2128101869989 8.591441399554583
-894.9965805097986 8.301535464028689
-893.5199120327402 8.625628448228213
-892.4750259205271 8.227668977479311
-891.2534028574396 8.693271941642138
-889.987551598208 8.752622834543558
-888.3628419920374 9.381084076265665
-886.9376189991403 9.452766879598471
-885.319609193461 9.680024697582098
-883.8905991598535 10.020305290023657
-882.3389449402262 10.06207995037255
-880.8462474628855 10.17856722990689
-879.5085671230722 10.421971290509077
-877.8666265293527 9.858362226883742
-876.4146130367685 9.218052416245314
-875.2247253939081 9.519807606140944
-873.9161268755365 9.31720179239926
-872.9423222824503 9.72980320374188
-871.5914305731226 8.988776563803526
-870.4050336166788 9.354852109352919
-869.4444072529245 9.215864448944899
-867.7429143473078 8.695245354573103
-866.2190811916757 8.252544819514128
-864.8057084366251 7.980342864195677
-863.3892746254373 8.486650168101164
-862.2731991096903 8.506074055234762
-860.7896830126215 9.052284403840872
-859.0585010334421 8.84157654563603
-857.6643548294473 8.725027828614088
-856.326534895556 8.466072141329619
-855.0980557485987 8.52983829299626
-853.7795090958048 8.335919811527106
-852.2301165148187 8.359823524157378
-851.1983142181803 8.366036802667054
-849.7432871147562 8.789126545327576
-848.3371665760446 8.968661382931145
-847.1961939617563 8.778492629664811
-845.2545090004373 8.84689791514245
-844.2887135430742 8.307877794044884
-842.774304239409 7.693086758392724
-841.5558898135591 7.236355498569878
-839.956094710486 7.173423603313836
-838.9261210843492 6.231312409180077
-838.1103233977724 5.528861537712487
-837.2337545439173 4.275439754265221
-837.4333412780929 2.554338708656701
-837.5375057741571 0.6593690068897331
-836.8890128418375 -0.3807928411785042
-836.9325221761633 -1.5876537411037361
-836.4737577423025 -2.4210001079860604
-836.9750859722067 -3.220134064418403
-836.6131256207395 -5.075530335170356
-836.0889989718366 -6.0987811534229195
-835.732844798224 -7.510753437739936
-836.2054359301496 -9.211086317760078
-835.6996414050031 -10.224179670077888
-835.9535657152105 -11.80877904580268
