-1131.022682695048 11.579655668835017
-1129.205929784434 11.983048699001642
-1127.3678787037302 11.895745105246874
-1125.5184717461038 12.109285659293505
-1123.71888080086 12.376715905169817
-1122.1241971537042 11.887016630868288
-1120.2817162558008 11.221946097115847
-1118.8491140886713 11.443156427840563
-1117.2278034969736 11.472794971565577
-1115.3327715679575 11.685935995678278
-1113.8766423746515 11.237574777702662
-1112.159648923533 11.321759804288718
-1110.8449622675348 11.145501001874777
-1109.178855328219 11.425421937505575
-1107.472659020083 11.192485942642065
-1105.5170933290888 11.162927801857563
-1103.71472957577 11.69917428041515
-1101.8690974995066 11.477444003472897
-1100.0135619923044 11.906897167811962
-1098.226199655192 11.678283761392208
-1096.310687570231 11.705666930551502
-1095.1190082117487 11.465793312664005
-1093.28928056206 11.503361747736903
-1091.741663245814 11.597588041002723
-1090.2068233772684 11.81516973036048
-1089.3212464138437 11.140766718561622
-1087.3810813709665 11.519071349079582
-1085.3897657677103 11.144420453484031
-1084.4711424395014 10.808290370876762
-1082.518442539828 10.415811666424247
-1080.6437782331873 10.777354189331504
-1078.9385391756464 11.280426331932517
-1077.4564940020014 11.094524555976363
-1075.5372975155283 11.369290464694473
-1074.2403588577677 11.258696937139007
-1072.9078406378198 10.858316057498428
-1071.043127565043 10.399452560718032
-1069.8332733198572 10.990824096972915
-1068.3080532833505 10.834549644167396
-1067.5465859457422 10.421683498795005
-1066.4319436832834 10.307127037222358
-1064.8927029653955 10.904778101618263
-1063.3486618086267 11.127765067989799
-1061.9390623852182 11.452633150989982
-1060.0310402199198 11.967383691246482
-1058.3919780537058 12.200748198802444
-1056.8918280884195 11.857252263600799
-1055.014154700892 12.192422473008605
-1053.0759554191995 11.934851789052459
-1051.7764644905496 11.772684776360961
-1049.9329240604807 12.113340490634414
-1048.503134636538 11.676957004840347
-1047.1131091400553 11.579816558535072
-1045.1851446911264 11.927084722692939
-1043.3934072538782 12.136660271460983
-1041.4950975462366 11.785171830232116
-1039.5249432608057 12.220623337800475
-1037.7870128437448 12.183081251705858
-1035.8743348404337 12.237651911700937
-1034.2230664774347 11.720624295200082
-1032.6100915953089 11.200215545619699
-1031.118659643786 11.225753967787
-1029.7586837097574 10.9007406282675
-1027.9205539509226 11.13943914058325
-1026.1979437157083 10.896461834336492
-1024.3037498279978 11.496222187901708
-1022.5484338089395 11.467524689758989
-1020.9845618292261 11.381144409204694
-1019.2761668249536 11.90835780384657
-1017.5920834824014 11.593209539676877
-1015.7650137230326 11.604771213742765
-1013.9927937075067 12.203345196458372
-1012.5759183451105 12.732066350194486
-1010.9501067682672 12.610674815389189
-1009.8571085020471 12.708788635345968
-1008.0122527166773 13.008316071840795
-1006.5088538214136 13.231031017514738
-1004.7135449930597 13.060048269244703
-1003.1196351334024 13.22268857261804
-1001.3342745586801 13.428988190504583
-999.6022173448969 12.91912254891065
-997.9901886269022 13.369233401629003
-996.2365958973337 13.377601640435728
-994.3793018146921 12.972077565404447
-992.4447069450785 13.106523351880583
-990.4978163525034 13.06261334023145
-988.8105910107065 13.02865857085851
-986.9576971813608 12.870475294205221
-985.2739831491876 12.17880642614034
-983.4953652903009 12.69013786515859
-981.5685909077097 12.91084997555879
-980.6711737200189 12.820752488585981
-978.8091672941614 12.689638571950468
-976.9420224710871 12.903108345481428
-975.0176574274469 12.525688635322126
-973.5557185694147 12.40525195947555
-972.6318412109781 12.297525124761137
-970.8302966638971 12.279918613049063
-969.383107571261 11.733402134987386
-967.4506389185358 11.826710404964956
-965.4709618374277 11.651252778383764
-963.768677262919 11.097188504549536
-962.4037076517511 11.443939538809332
-961.1769905373026 11.930311264606985
-959.2273354813028 11.844395840677294
-957.5945524259973 11.830743355813297
-956.1840235277582 11.177645189824375
-954.3965448423792 11.511548353495868
-952.6582981630731 11.137576384606632
-950.7534158512522 11.12947515970734
-948.9904890343118 10.949995501103672
-947.2231123730112 10.445003373685154
-945.2780598684717 10.435784129562649
-943.3850333973337 10.74108612364796
-942.5222220107485 11.205462781849178
-941.7711928769518 10.695134489002498
-940.2808894797731 11.161052731933864
-938.7530212088991 10.662842808428081
-937.6590823813845 10.68186978078154
-936.0274922534395 10.753883956136974
-934.0608163758684 10.737315012278827
-932.3822959348131 10.2502333951619
-930.793338148253 10.484994037213596
-929.4490480109621 9.865473253789219
-927.584476439612 9.988210423054966
-925.9462160750795 9.18251596218613
-924.4205780908037 8.694470448556217
-922.9897105380464 9.030832333627018
-921.6857332869936 9.457464201512607
-920.1869733020235 9.68196888095406
-918.3144364043642 9.843635020914348
-916.704075305121 9.162972031297954
-914.889399020331 9.702977536382946
-913.9686140700746 9.294884828987392
-912.1908652469087 8.551241902771267
-910.3369016333986 8.496802365544113
-908.5499584361482 8.679517781498703
-907.5070504828859 9.105597591164383
-906.2173505708147 9.302737211945328
-904.8706646844316 9.042966460945877
-904.0299575015474 8.355102514984878
-902.1991409942079 8.516254251959595
-900.5077395125795 8.340332320096763
-899.2571075841356 7.810064366224083
-897.8726210280824 7.674813529613289
-896.5877310916353 8.183978816631111
-894.8107160016466 8.178215714308294
-893.1415483638216 8.137228777768883
-891.643721906798 8.159067440914782
-890.0235776587892 8.361703310298594
-888.9557783290315 8.00898582129446
-887.1821565314699 8.036733646082553
-885.565694062369 8.392695326494845
-884.0260665103365 8.12466366975275
-882.9315162583757 8.08608185141054
-881.4283671065737 8.445438314366015
-880.0692940637041 8.847551692413958
-878.1433925315309 8.198805201935443
-876.6940842553545 8.528522599625262
-875.1913239642549 8.405393850195082
-873.3838486358095 8.904659103738936
-872.4540116473604 9.297891508924636
-871.0852198287416 9.71694372235504
-869.8931467219759 9.720269393312606
-868.0862266704012 9.042050074922713
-866.8631148024965 9.233196061241301
-865.4000010177065 8.932575952398452
-863.914568988936 9.420340847360762
-863.077820031302 9.188456546651992
-861.4176615163256 9.39227687953678
-860.6020428821016 9.00451939939228
-858.9605977221895 9.150064703213843
-858.1983264371324 9.24559879689184
-857.3791770621706 8.59791368632284
-856.5510433598924 9.024133298682841
-855.4730307742525 9.392543826388987
-853.7597877665926 9.114438746261271
-852.0255515262056 8.458043549346598
-850.4154312297273 8.881523523616465
-849.237215010779 9.070056293296489
-848.1194563790727 8.269750330733928
-846.2906242295671 7.835623566198024
-845.222259847777 7.454349193858775
-844.4667480274607 6.769293043899211
-843.2408354565073 5.809944782542857
-842.4178791328836 5.144374344634684
-841.5494320675302 3.613401744651469
-841.0068006798197 2.3597382047649944
-840.1641141458917 0.6500175931927288
-839.9449089452196 -0.5309525987628376
-840.278198747294 -2.124864127350179
-840.2023322641421 -3.05052569122347
-839.9912328928281 -3.9403308889392292
-839.9707320242692 -5.316488530350057
-840.3193461209107 -7.204957511139241
-839.8127700000573 -8.521363522720662
-839.598075053053 -9.383471455288259
-839.4214334845115 -10.371026959133474
