-1131.022682695048 11.579655668835017
-1130.2700166388918 12.902729413608881
-1129.3553096338678 13.747655115227076
-1128.0152968450952 15.023520550827357
-1126.6458463951517 15.611055097679468
-1125.269384531634 16.108104608158442
-1123.3860749288965 16.694508693317744
-1121.5388845488 16.68632839726922
-1120.0426410719324 16.76799565660474
-1118.5118402525354 16.884871334905597
-1117.1142819210459 16.483353586072894
-1115.474093823092 17.052579970235797
-1114.1570989176203 16.96685268836734
-1112.3835994287897 16.76927714901683
-1110.628335504191 17.35419290619609
-1108.7514542623926 17.18078627544162
-1107.3656758352686 17.894725405747863
-1106.161168484347 18.53747060256717
-1105.0365594908167 18.853169226224395
-1103.481858520167 18.607444160754653
-1101.706816582339 19.20982044296977
-1099.957258371966 20.005420857245895
-1098.0518534466196 20.344150983865234
-1096.1948995872904 20.88334723668811
-1094.5612831398416 20.6823115284991
-1092.6300145670343 21.233310156638595
-1090.9792322203089 21.509155743892165
-1089.2621449514795 21.210234874064895
-1087.9633937164713 21.642348521525832
-1086.7425964161325 22.071167045409652
-1084.8601811214853 21.95644714790103
-1082.9532568737436 22.275020652587386
-1081.1385977550913 22.164071292753192
-1079.7034746691156 21.832531721467944
-1077.8702481075693 22.03209376441953
-1076.378312854426 21.995351896758052
-1075.0464484974314 22.386431024546596
-1073.3949283644129 22.01440958785531
-1071.8373197599817 21.72032995628831
-1070.8786448522974 22.022099272484752
-1069.1461599155832 21.929841221446964
-1067.4318237587381 21.461164147729846
-1065.8800685688425 20.854638845796558
-1064.167190460818 21.215010584468814
-1062.416882543223 21.290011675233814
-1061.1791789814401 21.14054763423917
-1059.5140140339304 20.83757662879941
-1057.5853368326593 21.071257458205196
-1056.0968981071878 21.58833997058389
-1054.3813263460565 21.127771661753627
-1052.6889670177866 21.562358931775066
-1050.7871165558267 21.119952277417156
-1050.0186165853906 20.879122004981014
-1048.3257186695505 21.92472933339593
-1046.9979321047235 23.092839465613338
-1046.1061327740122 23.482423112864467
-1044.7434618755747 24.313369915957423
-1043.1765867754389 24.69044692921159
-1041.2732013746668 25.124209777588817
-1039.9582224174906 26.455546514267894
-1038.7332073732782 28.048680202240917
-1037.8591887637544 29.73119868444917
-1037.0655954166818 30.70435460018632
-1036.2238086744715 32.53950901436326
-1035.5495668932367 33.59618897842881
-1035.2754328533579 34.99401648449418
-1034.471984653132 36.36946077751634
-1033.4873659893442 37.47942431377885
-1032.5291908666063 38.4377235929918
-1031.5852476641107 39.61015685009477
-1030.1901320501734 40.26163406776902
-1028.754754213946 41.5216555159044
-1027.3848765179087 42.61471720146653
-1026.4440509959627 43.16958488630769
-1025.4050488158632 43.02659885692117
-1024.3321869059969 43.41069032358644
-1022.4267892524172 44.14302148031709
-1021.2564246341158 44.784760431523296
-1019.9839495107103 45.379933313603374
-1019.1292818471361 45.59350323783872
-1017.7741869374681 45.103422106380435
-1016.0005098267961 45.78639948474881
-1014.0374782964159 45.28804564582822
-1012.1229587479997 45.48769871997354
-1010.8396899386812 45.49589622686324
-1009.124990193503 45.77048141429839
-1007.4201377316881 45.62759054372725
-1005.8714624329973 45.9046673245233
-1003.9671407624651 46.283051765660616
-1002.9360551520754 46.40239018122372
-1000.9882427140642 46.58318447987256
-999.311172334807 46.234388618866774
-998.0137581511904 46.09152409354863
-996.5546403809954 45.67436817208943
-994.6708386823107 46.090301989714476
-992.7321804448534 46.51405936400113
-991.1065505429674 46.410988568465086
-989.6891355201174 46.08356136004147
-987.9321592732836 45.98730049947915
-986.549316494124 45.39141164640603
-985.5624729677606 45.489022544721934
-984.1792825743128 45.852604738573405
-982.783144144671 45.87922151679811
-980.9902726694513 46.025813269565674
-979.2126616522241 45.561105716178986
-977.3684608026911 45.549615870366665
-975.796800760882 45.25221059764442
-974.0362507387567 45.00243871952114
-972.658542661326 45.080635587821575
-970.8163037582804 44.74368811691818
-969.2336356922556 44.30367822493133
-967.6980628057886 44.318765665541264
-966.4446281477381 44.748209680567356
-965.0941579624582 44.684123735080334
-963.4260124250818 44.62160983974752
-961.8961984201837 45.15626105959234
-960.352335123675 45.24366256887731
-958.4403323217798 45.39552338714418
-956.8631464525629 45.590068700860115
-955.046401409762 45.79037876720247
-953.454577355044 45.80995907182512
-951.8267748638559 46.23537801499185
-950.826546816485 45.67650692457971
-949.6505940243173 46.20676999087152
-948.0452077671457 46.41591503019151
-946.6386944338251 45.76432939166841
-944.7686212345529 45.62693246002016
-943.1122941061426 45.715313079903694
-941.488203315394 46.17358935172376
-939.6324670597483 45.994331616113755
-937.756452111857 46.44506596321878
-936.1691358372141 46.92044310564813
-934.2162184997965 46.417308139751526
-932.5892281814981 46.45299139911947
-931.0476918503214 46.66576966936407
-929.3389092966486 46.62856670017061
-927.5932380243707 46.26115466947374
-926.7709187551905 46.470475855420204
-925.15553846802 46.51258733416614
-924.0028351828028 46.607780876706215
-922.4136830851007 47.06102288062391
-920.6545819326807 46.99522090251264
-919.8696899696756 46.79835474784193
-918.6565915628839 47.146620574544045
-916.9539110943247 47.611399802516075
-915.3930608316828 47.64656275803861
-914.039136914866 46.919320407460305
-912.72924378361 46.46623379285154
-910.9778900429178 46.58978253150997
-909.5667523428369 45.946848030338856
-908.1738281532694 45.32166593814907
-907.2807290240694 45.766512955675694
-905.5454663916994 46.17601447845516
-904.2706283017565 46.5922723069292
-902.7079360171724 46.73745819474277
-900.7442049666811 46.84459238792476
-898.9769835158754 46.29664659048137
-897.7905959769655 46.66391655350742
-895.9534620925356 46.752470533500286
-894.5747568293978 46.78511079693851
-892.972230641501 46.579552809844586
-891.0768942519594 46.539771604488465
-889.6903723164965 46.73604053551969
-888.5695109054018 46.58045240039644
-887.2206965371538 46.38852656180677
-885.8104223891664 46.25707833761987
-884.2333151980806 46.24207160914955
-882.6437146350313 46.67722586835441
-881.9083587809969 45.89883313621101
-880.3162836715151 46.303356002221676
-878.3607666179109 46.319429467568966
-876.4298324271608 46.45642564738807
-875.0826646968294 46.931048910270306
-873.2415990516115 47.037643100271794
-871.5955353661943 47.12158049191055
-869.7326491757799 46.66260508740959
-868.8038983031679 46.80388026977596
-867.0657515212465 46.93245991612491
-865.4658486529756 46.56807550335941
-864.1520491525102 46.389538015375706
-862.7296238824297 46.588457311640354
-861.0905998631883 46.63490962530193
-859.5896680041719 46.83616178775844
-858.5195121451784 47.12820541406688
-857.4849227353502 46.49948823000011
-856.4960244580675 46.312623988042446
-855.2121746226717 46.75481260860977
-853.2959189101625 46.421672205577465
-851.934096543448 46.70928905452308
-850.3886158152986 46.393862317453
-848.9147339745928 46.74067957247314
-847.8293057366777 46.55765857840595
-846.8050499841142 46.17323648477611
-845.385436384337 45.60071342731533
-843.5529948159624 45.83575327242431
-842.2544415875841 45.48176268781242
-840.6162632390428 45.33109499062118
-839.26536735739 44.66815997208175
-838.3174491211344 44.189641247640225
-837.5327057525087 43.26494468296585
-836.9630178495813 41.96916140163955
-836.6256689413954 40.528572212110134
-835.9567830547262 38.87915981854019
-835.4167228325773 38.253668497453305
-835.2400926932264 36.50195331419525
-834.5383847340513 34.84705955828247
-834.4690614029337 33.04199917162475
-834.3808819934297 31.86023421133575
-834.6092535540033 30.327274273286434
-835.0096800013948 28.453758309732052
-834.7605612411667 26.992199848542782
-834.3104968204666 26.0890869602066
-834.2390387638975 25.274550269494625
-834.5277012869287 24.334695468793484
-834.1513335987497 23.13567675198135
-833.6103091522623 21.283733974347683
-833.3801214381624 20.05015815342483
-833.1614516064096 19.15859986389694
-832.6902244969774 18.327588687787625
-832.9835669681001 17.00569547260818
-832.5116582199503 16.127844463239285
-833.0905350729395 14.306113849530789
-833.2975001170803 12.65684021557388
-833.6761828496624 11.248105774770352
-833.8712841853071 9.75942672337112
-833.2825775727201 8.498572240720364
-833.5527029916216 6.842604409108731
-834.1063685103823 5.4853631361824
-834.4119818791319 3.6048759325843776
-834.7733958348203 2.6149882181983912
-834.7568805127908 1.7008996113639796
-834.3560864239503 0.5103215082984889
-834.6957705825139 -1.0072415963310277
-834.2208957880307 -2.867259253610996
-833.7084236949254 -4.434079517473606
-833.8535042762328 -5.866449703325657
-833.8355073019434 -7.432706822504429
-834.3390467449594 -8.890737046350864
-833.8292149588037 -9.673377801527408
-833.615362031715 -11.357515861143497
-833.7305668130089 -12.223607470144657
-833.8371459826399 -13.297888208975223
