-1131.022682695048 11.579655668835017
-1129.1446445270944 11.253211519817683
-1127.3432482763696 11.316581166486117
-1125.41041961159 11.708161688546511
-1123.5820354505945 11.793367921511503
-1121.63635960068 11.306222676436278
-1119.9187016769815 10.876039742628905
-1118.0805471226145 10.878417394260737
-1116.1575720592905 10.537183187107416
-1114.1770692154337 10.901839903692576
-1112.3128238006998 10.659050739507052
-1110.50779059376 10.326891250113817
-1108.7978408619333 10.443232826094004
-1106.8529717012811 10.92549302349505
-1105.108782438891 11.005578360657069
-1103.2753436848093 11.286298713783594
-1101.8557038589884 11.45933905909476
-1100.4286563679148 11.470161816242012
-1098.613887576716 11.079659721019539
-1097.5103161617685 11.037398120525154
-1095.7908513828684 11.4339447227743
-1094.5874160810877 11.288558041813644
-1092.8264020964075 10.935904299977096
-1091.285004644053 10.461209809544357
-1089.721882967608 10.040617531302246
-1088.0960761591364 9.650165682795318
-1086.835323123591 9.603688379886421
-1085.038457183497 10.007439812782081
-1083.3183427139688 10.186273938181671
-1081.6090590044428 10.18629889762667
-1080.315355448382 10.739230325582298
-1078.6213232561518 10.228098264100822
-1076.7360154673029 10.232009565594467
-1075.0013400598932 10.371863773229393
-1073.8878573461939 10.391829742255482
-1072.0480913206507 10.163568643989834
-1070.2301119848657 10.039841113748821
-1068.4736150785852 9.857437519493374
-1067.0486123844553 10.542107371750149
-1065.8556309029032 10.435184931519302
-1064.31061222996 10.743211006882461
-1062.4702865168024 11.015589034321579
-1060.775294570582 11.283618068459305
-1059.209604649203 11.042398041250976
-1057.271402744906 10.850796705248626
-1055.5888904615808 10.839719323578151
-1053.6741389318872 11.085744468632015
-1052.0377487226892 11.616117088260921
-1050.584728626864 10.989712087574276
-1048.9364494368006 11.1031326783326
-1047.5685487076212 11.272142542662891
-1046.4805121704508 11.042086137595447
-1044.680892018931 11.025384491446289
-1043.4861939236093 11.147876268389496
-1041.6501349493433 11.045372313025268
-1040.0169797226358 11.215337684514793
-1038.9411301895548 11.16846389150885
-1037.5064251705576 10.780442839625152
-1036.6852602645326 10.43991444087294
-1034.901338426726 11.082432603600296
-1033.1505078956056 11.773591851952347
-1031.8429820224214 11.646769469740661
-1029.958329407828 11.319513714077743
-1028.0405080005098 11.615420287611755
-1026.4894936963487 11.932018136742386
-1024.720678536551 11.657444035771164
-1022.833766667502 11.463954320314201
-1020.9372673913408 11.36299928850201
-1019.6735993310381 11.19515149122742
-1018.0472279473711 11.548413558068546
-1016.2679423972536 11.80503798848656
-1014.4968573733736 11.639832688632282
-1012.6859330817629 11.274283422293934
-1011.3205083295275 11.765630824628147
-1009.3713447734285 11.93568953699139
-1007.4193423673082 11.63986599272755
-1005.4904261514116 10.984582899275097
-1003.7041486188341 10.807274280252727
-1002.0902230426241 11.28483897274998
-1000.6762352868486 10.914796350660595
-999.1318220778871 10.547088531914028
-997.9846759721208 11.117402104797634
-996.3024774476457 10.533736018600734
-994.6826768800188 10.457323609056743
-992.8073876782823 10.571543885531696
-990.9084671422411 10.961114687981876
-988.9315329476763 11.287575764718326
-986.9826546594072 11.024704111876758
-985.5127424880434 10.884967876735004
-984.0704250022341 10.560576362672123
-982.5485022946764 10.892861468854221
-980.8251570149828 11.46676067835358
-978.8886571809221 11.108615530791553
-977.0950693770815 11.441643430056843
-975.9589767142702 11.415988119455847
-974.4571764155794 11.281056868049177
-973.2555020734239 11.249151447924646
-971.5501082822252 11.835251907023462
-969.6628689452577 11.877037888529571
-968.4159310742784 11.515665864708694
-966.9234307691027 11.644190272453102
-965.7946313306261 11.536392262342247
-963.8774658128191 11.73000979995993
-962.3054712697435 11.390996104243072
-960.3137520238329 11.136637604000839
-958.8723570987154 11.573457038166794
-957.0002755805422 12.09840939021376
-955.2728976890016 11.830073570969375
-954.0349199458528 11.895725941422256
-952.7851973458696 12.110126277568611
-951.0775630160738 12.193174688282284
-949.8041543647219 12.099625757100853
-948.0541037007738 12.12442222810057
-946.5012360497881 11.753475284340652
-944.6298813506532 12.234557962181839
-942.708401052611 12.80004719472197
-940.8353655024935 12.294805085423263
-939.1654526873995 12.664526140454086
-937.6028763934542 12.421252524616989
-935.9117304965425 12.24407460367945
-934.079277841704 11.690944751861366
-932.2313514634538 12.105560084941658
-930.8282998486925 12.373469552161964
-929.5828687831331 11.876279553535255
-928.1736949368883 11.73972736871508
-926.4067483827043 11.49049385464457
-924.4618135377336 11.53667801073459
-922.9025829717089 10.978612655910524
-922.1018842145372 10.941626267644438
-921.3338170930315 10.817276748034033
-920.1399954244066 10.418736966463598
-918.2486027165819 10.539162958177599
-916.8655653878618 9.91492023518947
-915.7083297654558 9.955779517206224
-914.0219938441683 9.825553739580187
-912.1926467105318 9.780557463082346
-910.4464878722597 9.061442623051676
-908.6197774096895 9.175756076487573
-907.7692048236299 9.455182114752802
-905.9034449740816 8.757069686564478
-904.0512060805727 8.502359042080911
-903.1552790090013 8.414781483027014
-902.1222254916597 7.953325541826757
-900.1891219302584 7.550445230814489
-898.6122470780779 7.71744591197637
-897.891078977244 7.81335137239364
-896.4595891519953 7.350717911633524
-894.8418439909387 7.437753433498415
-893.152096180575 7.490021148833307
-891.5687619730402 7.246009463581117
-889.6589149519373 7.464048767599138
-887.7301010176111 8.07631292394069
-886.5777187630106 8.353138441356691
-884.6539008900095 7.896693581851991
-883.029111055987 8.266985559972795
-881.5309540316034 8.064481997999223
-880.5047967716623 7.806776488336595
-878.6708410068918 7.6098082905140245
-876.9291250988413 7.629339309546026
-875.2378562971521 7.9267804940667475
-873.3277024313379 8.637141140314611
-871.4657985254694 8.908671321484121
-869.7852839514185 8.77138427099851
-868.4764201923776 8.416393967482122
-867.0309932514597 8.642370211097273
-865.1604820772577 8.479610474916967
-863.5943728968073 8.806622686001333
-862.3378823086191 8.63444109460977
-860.9513166233469 8.470354529234442
-859.9337120338846 7.818621846052679
-858.0139857813288 8.24891022047666
-856.6445583387781 7.834843041512045
-854.7510913893152 7.283430280300649
-852.9538311048914 6.829147221657308
-851.9431704565454 7.025513412567648
-850.7348752304483 6.7311385293927515
-848.9711363598276 6.59622198543218
-847.5954852386881 6.781908692928823
-846.3807187363077 6.8384982963528955
-845.2006970926691 5.948945583912405
-843.8578850313593 5.610038342091116
-843.2877558752466 4.553976001354727
-842.381746081965 3.6556109806027735
-841.8886331602503 2.006956519695791
-841.3473621293474 1.3539961000409448
-840.4445736094881 0.1276163478818262
-839.8470900937486 -1.098595796016184
-840.3238636835981 -2.3025507310900366
-839.7207742318083 -3.6910786012682593
-839.741187252434 -4.707133469966379
-839.4530446309168 -6.162373719600168
-838.8669752258379 -7.17993277111384
-839.298870720299 -8.01343697109553
-839.776643850239 -9.25270789661738
-840.1230368692 -10.714816151050059
