-1131.022682695048 11.579655668835017
-1129.6543768927027 12.197761020759913
-1127.9838739916254 12.686294100384089
-1127.2262378617693 12.863140887717577
-1125.7200529261995 13.245491213301989
-1124.6049066468645 13.286188415388438
-1122.989557592528 13.156825340489718
-1121.1639614983965 12.82923258016524
-1119.6642727538515 13.050968221525522
-1118.5035805388857 13.081578157047602
-1117.3354849502016 13.41804548273501
-1115.9759809657503 12.932394943336817
-1114.6936176701952 12.35244627962527
-1113.1620862170626 12.548572889665934
-1112.245595483439 12.434382639030787
-1110.7419512554575 12.838263235191675
-1109.0822160526682 13.021454191903445
-1108.2560866161753 13.51448801825461
-1106.8707890793253 13.209597504834505
-1105.5780444427896 13.187438196639391
-1103.712365178721 13.08757243971047
-1102.5052080437113 13.261658652822348
-1101.5394727274347 13.552026494542929
-1099.9899288698603 13.154876097242209
-1098.4132330700327 13.573970898191305
-1096.8572116180826 13.93090517739472
-1095.2387798115183 14.206991865436407
-1093.5686583801676 14.516574367086264
-1092.2262702270914 14.49242325047669
-1090.4701535984445 13.80437655667481
-1088.9570491596628 13.889578028718802
-1087.4181177898813 13.452743097345206
-1085.593799738543 12.941556139985892
-1084.015357641833 13.260537668268057
-1082.6591553970743 13.515538676778647
-1081.0274875446726 13.791219278375479
-1079.3439407631327 13.908606453935477
-1077.6972298904825 13.877129151622626
-1076.1624318643976 14.196304454604956
-1074.6760772749353 13.699846520225378
-1072.8541249319483 13.746736451188895
-1071.1630513950754 13.923138394157263
-1069.6356759354044 13.91473646382508
-1068.7451517864633 14.161038472453924
-1067.4656795545984 13.96224303464112
-1066.7763222738672 14.044317587415549
-1065.1453680082727 13.919560357133719
-1064.020157365458 13.983577980796667
-1062.5999164863993 14.100280507604452
-1060.8559637352396 13.989326774279448
-1059.469574122088 13.939959495465132
-1057.8850812002588 13.118678002755018
-1056.1313143059183 12.895240902106138
-1054.5055911823679 12.705222322742316
-1053.30923464741 12.197461321155401
-1051.6452381893564 12.76089329938111
-1050.8893614098001 12.474143549005362
-1049.3293824478556 12.64334808210549
-1048.0874239489008 12.279448791543814
-1046.5784247204233 12.726005985538336
-1044.7657436415125 12.779728054205748
-1042.9729696794916 12.147617100874754
-1041.2194412037302 12.647058188120695
-1039.5901158138681 13.051651775042387
-1038.801235227244 13.196156202952238
-1037.0873053356577 13.085168301264616
-1035.8168604656626 12.862213238279196
-1034.4473034426142 13.056903346578451
-1032.7506785675455 12.966522156397673
-1031.1254064127374 13.259589581887099
-1029.315181760447 13.603361039559218
-1027.7338272615839 13.209625064532133
-1026.802745370524 13.626512765089842
-1025.2800504251886 13.89755862871823
-1023.9151560350824 14.003706990877959
-1022.4802226110864 14.075125425259444
-1020.6620018764902 13.749330728451582
-1019.8920072599817 13.612306176821562
-1018.3938943430353 13.703976660172316
-1017.421023039477 14.004947840372893
-1016.372326283114 14.153808741967055
-1015.1112500711847 13.735227226416441
-1013.5840181394983 13.672988190452429
-1011.9025888725687 13.691389574806067
-1010.5877503439356 13.701768352786871
-1009.3167144342829 12.947667195598456
-1007.9878740593363 12.968250512282225
-1006.1559651180673 12.812241017023894
-1004.349504260676 13.253261326948973
-1003.0566001221109 13.506591915289732
-1002.2782246753145 13.74356667617974
-1000.5007340594698 13.30962382177529
-998.7902065202165 13.73990194420037
-996.9551912232805 13.959196551839682
-995.9530247136522 13.864172010819289
-994.9306577130724 13.300914912621352
-993.7209709569383 13.370712830821844
-992.6197999402452 13.517701878349158
-991.4362495824266 13.473861216704222
-990.4603998347689 13.392423509756895
-989.2446157618929 13.331728964249464
-987.6145114585329 13.307162403265806
-985.7994751616884 13.176724433104368
-984.5588428660799 12.883418618838164
-982.8746399566103 13.143134324948164
-981.0308029338289 13.532739191452833
-979.67328020777 13.650973766247603
-978.3485859319139 13.766172765890929
-976.9112084790636 13.807846843401762
-975.9276185318399 14.041992127100798
-974.2195476576258 14.097873597542616
-972.6476191564966 14.063188283840987
-970.8867007776666 14.211864023606154
-969.4681321665216 13.9765227727097
-967.8068104072977 13.900816126863333
-966.6762304588724 14.215329065124365
-965.0147408529688 14.487071051399084
-963.4878670259882 14.35607594172177
-962.3138593717981 14.136256857911917
-960.7518053337503 13.846632941762778
-960.1173090621401 13.907594098846289
-958.5436128064562 13.973873450557562
-957.6182717963625 14.006768836776587
-956.2807978078295 14.027069314519736
-955.1457726642061 13.753851070205542
-953.5380148574282 13.88035957435784
-952.6177572890688 13.467210515539023
-951.7602219864298 13.275520562331053
-950.0818020388056 12.615023135344359
-948.4287880941797 12.460585921208235
-947.2534493490625 11.882708101670119
-945.6846329256464 12.089779793421599
-944.2962565704752 12.075013979474875
-942.5567310139108 12.381801410714957
-940.838775663035 12.701095624963614
-939.291362552302 12.602968349258276
-937.6376108213831 12.655448242227408
-936.4536038919855 12.545427738825651
-935.4752652927805 12.635888978044363
-934.4899833485056 12.975000037948462
-932.8740604206491 12.312476112644049
-931.5659795090128 12.381408057312342
-930.5954278990198 12.45919291595635
-928.7666430756021 12.042156978647085
-927.7056588217188 12.099718644420477
-926.3086570784021 11.659144981901022
-925.3782518192697 12.104663505355688
-923.6449628158975 12.236205755869719
-921.928502468722 11.797570466200682
-920.3454941793848 12.400759696165892
-918.8878361269403 12.314903571407172
-917.9205954357553 12.502258240382048
-916.7219959780145 12.426327555577132
-915.4835452124048 12.830485432545515
-914.0132810160089 12.272016196648451
-913.0102606102396 12.467551707426878
-912.1659279152323 12.308211966554495
-910.2807576939035 12.094362451831671
-908.3762928530145 12.465741350452276
-907.3205502315927 12.47766470829663
-905.4469358011652 12.857655703226897
-903.5501140638758 12.12155878464398
-902.6819839760233 12.380186914603087
-900.7608881279398 12.635887264410826
-899.6521616264749 12.854910194079253
-898.1999624058176 12.305809377829405
-896.3364006563593 12.105874314109656
-894.7471517607141 11.737849130431982
-892.8395831867624 12.131480201284262
-891.2910144611765 11.52300386051354
-890.1526603981424 11.856872691909643
-888.7912453695703 11.902972023139569
-887.606070546763 12.098088781486126
-886.0009804054666 12.455180148730847
-884.6921625420023 12.639571930418583
-883.0485178514887 12.449847246656986
-881.2578228994776 12.26853429819164
-879.3945743128229 12.058194126139256
-878.3213565632273 12.064977119813534
-877.1224073454309 12.126239481518837
-875.8797147556711 12.685255053589913
-874.8535983845163 12.844811680863472
-873.2193573995996 12.444160762379738
-871.8416910454202 12.280325981925102
-870.50494649853 11.67618212396917
-869.0852712675501 11.9061509847146
-867.7268574520517 11.789824935744377
-865.9902246281076 11.281031879733177
-864.6074024721552 10.883823874543282
-863.1070577188898 10.544600370476815
-861.2551921888758 10.385409179280373
-860.5709962531496 10.981510582516762
-859.5339452907015 11.553814712117287
-858.2078913136888 11.11518466765699
-856.8518091126848 11.628409925053688
-855.2317992135454 11.955404910395714
-853.471278755324 12.461001309702965
-852.3380559369493 12.872064623187157
-851.1858876630235 12.542374882052513
-849.4540174886156 12.478884483824345
-848.6908155962396 12.214791502009007
-847.3370206638742 12.375024194965931
-845.9073428198267 12.560782547245594
-845.0747627898622 11.858438546906086
-844.1805460735727 11.6363029434782
-843.6410818978716 10.519637222538563
-842.0303127452303 10.350520665894123
-841.4772516175676 9.490046675453755
-840.2069194003511 7.955360586891743
-840.1601550563742 6.976533706436726
-840.1495924129654 6.2879155233007396
-839.7081901862789 4.953260000000569
-839.0800067618061 3.8502833201986277
-838.6644480064083 2.3521690919500315
-838.7849724649955 1.081647093544575
-839.0483107924033 0.11406641746577861
-838.8579158842135 -0.8987655088800466
-839.0968429952432 -2.048055474509624
-838.7500064581204 -3.916476790656475
-838.5733874052335 -4.729348485221294
-838.0749966710378 -5.459461753119854
-838.1794278308321 -6.393413727034954
-837.9251854106355 -7.611727301825908
-838.2000361963678 -9.35014874195042
-838.31915862705 -10.659340922583965
