-1131.022682695048 11.579655668835017
-1129.2464194580484 10.86012985477862
-1127.6862762257028 10.874828002552363
-1126.6050784870554 10.228472731212946
-1124.7854345127512 10.47369655142245
-1123.0896201416422 10.18774386415896
-1121.20221212353 9.66709276209292
-1120.3097946926523 9.663043446044298
-1118.9211381956507 9.563139676253172
-1117.4626614138056 9.645592748324248
-1115.6552126690317 10.153779863516661
-1113.7484987064768 9.575628339449736
-1112.520578889506 9.68958340505776
-1110.6384363457132 9.367082460920187
-1108.8276030107904 8.588453694383475
-1107.0190075918604 9.108953102628561
-1105.052001862185 9.332704200546118
-1103.9751081749368 9.544288679162833
-1102.5477305933405 9.348099797169539
-1100.8732440754343 9.491707681815
-1099.1668480917383 9.491530730525824
-1098.0952053352762 9.935152067939612
-1096.4696649595667 10.045227586428496
-1094.741371421473 9.604506432215544
-1093.1162995382715 9.57398793766913
-1091.1880730673242 9.061376131276461
-1089.4495585247446 9.590428210000368
-1087.6214343592096 9.410736329058977
-1086.3406938597132 9.435815616647574
-1084.670944003718 9.69737230161843
-1083.2661557480264 8.978003366987082
-1081.8546601816583 9.122923596898886
-1080.4686489387918 9.461821063558432
-1078.6585254951883 9.869636579553458
-1077.2866783424784 9.14817373375115
-1076.1288948341776 9.706370099584433
-1074.2754941269327 9.601820542613837
-1072.4805456682611 9.632707043687674
-1071.5197155162264 9.79568907539067
-1069.597726313727 10.1347800783318
-1068.3461728974748 10.146447166005942
-1067.034779994147 9.534336610833975
-1065.5648574515749 9.693840487996908
-1063.625038354056 9.714318676988455
-1062.00187501158 9.099424763719412
-1060.0469387456346 9.234874501029822
-1058.89214429106 9.33033508727965
-1057.096043316977 9.765791333417269
-1055.1536273642946 9.447001672486635
-1053.5104959889818 9.31621561119971
-1051.6909778996874 9.382143176297518
-1050.2243204995561 8.493198431233736
-1048.4242390080858 7.607582069138857
-1047.2226967498232 6.696418441037508
-1045.2992653533388 6.287412054042193
-1043.5088603183199 5.4242264098924124
-1042.0021714850832 4.995835549334856
-1041.1530407353807 3.9988817043107474
-1040.0880013390947 3.0450271434586966
-1039.5881471618582 1.669164306620928
-1039.157297371285 -0.17097007562699673
-1038.8424036487509 -1.6780818634230172
-1038.7587454005647 -2.5909132890898263
-1039.2928086801935 -4.163802378674177
-1039.2530080362726 -5.619606249828962
-1039.1144539996553 -6.949022286434797
-1038.8096721455026 -8.168362849255232
-1039.3850605770517 -9.177308552761701
-1040.0964318796564 -10.409507029553083
-1039.7242091282774 -12.208236330052046
-1039.8865877076555 -13.785008066197065
-1040.2919340714384 -14.586449378033308
-1039.923048375504 -15.343196802635816
-1039.37704825248 -16.94274192382875
-1039.2852129622866 -17.854508512516645
-1039.3285724356342 -18.95048391153398
-1039.9891499712635 -20.04050516416612
-1039.762377126472 -21.55459927846971
-1040.1773648097683 -22.949038975735334
-1040.2216574795116 -24.5488883190352
-1040.4780308849681 -26.383023255367902
-1040.1268076844085 -27.14815842439714
-1040.17289747517 -28.045527689953474
-1039.6705123357046 -28.917847865124372
-1039.4023956529368 -29.857584946652082
-1038.9256876878012 -31.334154003163007
-1039.3747331074942 -32.39404761125627
-1039.0490985087622 -33.8858081035811
-1039.6151833705176 -35.1060126953322
-1039.3260331324805 -36.19186257650438
-1039.1511665157545 -37.07176660825792
-1039.1429263077248 -38.404891484280256
-1038.5927335343827 -39.37692081262651
-1037.9705148063172 -41.04590546419206
-1037.2244768462647 -41.81519829561296
-1036.4582709990013 -42.63736724187913
-1035.7818176470269 -44.07061743070665
-1035.273728760289 -44.78782182266298
-1035.75490793805 -45.450715892811445
-1036.1557483396996 -47.160350435276655
-1035.7756697259415 -47.90343254139009
-1035.3880041859616 -48.63804119159761
-1034.8582620046604 -49.73182993461671
-1035.1889825485218 -50.89919620086732
-1035.7754276416767 -52.13882940342012
-1035.24164003353 -53.35022478630128
-1034.8292323074807 -54.26276516248765
-1034.321267398404 -55.027381413479475
-1033.1896590314377 -55.8013673954207
-1032.8923530302513 -57.10886668493333
-1031.265163870858 -58.303594344158796
-1029.4940869532097 -59.115769200821546
-1027.8526351175774 -59.5452401869494
-1026.1305923185814 -59.011205338736204
-1024.768657179879 -59.21426750053945
-1023.511656137513 -59.637975104947714
-1021.8816177568901 -59.932250805993704
-1020.4088917694557 -60.27842790712896
-1018.9088037930001 -59.88836226691785
-1017.347805234002 -59.743279703756
-1015.700602026986 -60.374878533979086
-1014.6751928053368 -60.51561432411256
-1013.2482089720238 -60.717859514852194
-1011.5910089931954 -60.41830868353429
-1010.5652996025551 -60.44731394280973
-1008.7830706558693 -60.318786227007536
-1007.2215302906502 -59.92003472973886
-1005.443411203431 -59.802854434450296
-1004.3232392988671 -59.988719091613916
-1002.9331559858788 -59.99923387994352
-1002.0020353517998 -60.105479710598615
-1000.55706176381 -59.74600594570222
-998.7195788345803 -59.645946004291204
-997.3157379351128 -59.533719085951475
-995.7444362364281 -59.24549987246576
-994.9057386837471 -59.54933830430093
-993.7702696047295 -60.115816735525755
-992.1415151081551 -60.22116088946643
-991.1777741632927 -59.94550860007587
-989.8421512566078 -59.518423111041216
-988.7215534172524 -59.65500348885837
-987.1023610554207 -59.51072612484279
-985.4116962872017 -59.70673033674541
-984.1745462141503 -59.89822746892753
-982.599102946328 -60.10029004593673
-980.9149329386223 -59.574713633258966
-979.0004155359734 -59.848283425768045
-977.2873466930855 -59.79102660795036
-975.9746347389687 -60.30997736831489
-974.8810200415123 -60.09615485449615
-973.8851061783303 -59.54909692784133
-971.9290460072029 -59.670839362641004
-970.2765037737358 -59.16529982616487
-969.0185866079796 -59.05766616096082
-967.4212048969734 -59.38290677299085
-965.7720612011422 -59.6470144175488
-964.7596436462868 -59.55782289137426
-963.5902815781105 -59.62274198313537
-961.8735748253334 -59.53057962735477
-960.6205950699318 -59.18632689197841
-959.318541737603 -59.0003088273603
-957.6066282711495 -59.61837203880134
-956.4801009617318 -60.035621301134256
-955.245126219796 -60.160151869853166
-953.414333792733 -60.70114520271602
-952.4524412475098 -60.56384933074298
-950.7259052119721 -60.372423023780016
-949.0104885421265 -60.4429153509933
-947.6413768849839 -60.26824078043285
-945.6885661206711 -59.86311805327716
-943.9098906836975 -60.31967699607196
-942.83015611987 -60.03762489636722
-941.3167944274414 -60.56707978328052
-939.5909934363831 -60.19579365928951
-938.0557416997422 -60.23156220545354
-936.9929319940079 -60.23720125933471
-935.2843399367798 -60.66185180922332
-933.873345526265 -61.22156249066177
-932.3799512706269 -61.3255103610951
-930.4428382239807 -60.90257827272001
-928.745522054242 -61.33590418924871
-927.2749176345337 -60.999350436826376
-925.9445480428208 -60.60056722988668
-925.0807195029724 -59.976544865270284
-923.8138418517578 -59.762744196553854
-922.7083223186005 -59.71838333537164
-921.030918749379 -59.95488720466676
-919.4061633668412 -60.51848583747926
-918.0782808385361 -60.44642718215766
-917.0432364068497 -60.48094493975225
-915.6461271367539 -60.136299976010946
-914.0487724862564 -59.97115100254598
-913.3080000005234 -59.75811893572393
-911.7537584624756 -60.027814038892416
-910.3917343936432 -60.050595619578985
-909.2445013843048 -60.44019243945661
-907.9575947843064 -60.617278077502874
-906.48966804366 -60.729084388216165
-904.6845909677018 -61.11510156174484
-903.1520226321686 -60.65107368012252
-902.4097210488785 -60.67016332303467
-901.6185740552414 -61.048150081982044
-900.2374023519028 -60.48532779966774
-899.2611039004792 -60.26523237382355
-898.4084259591568 -59.975841273416904
-896.6541014037598 -59.78404464279595
-895.8079808078278 -59.78359117810908
-894.8311671338547 -60.20834484403315
-893.491549523877 -60.75587060754481
-891.8164995036591 -60.577032205511955
-890.2210556588639 -60.525158201207546
-888.4179414830674 -59.98241433953228
-886.6231808982361 -60.536208783139614
-885.7190662942398 -60.508692975019244
-884.3349839768875 -59.96294825789812
-883.0070343337525 -60.538131411050585
-881.6176065526474 -60.07296922323587
-880.0193603358734 -60.04014684898141
-878.6371674857605 -60.435804149930505
-877.8324420772065 -60.005603394334344
-876.3200134358872 -59.96528869015458
-874.945581944989 -60.3522835586715
-873.539420040654 -59.885951927726296
-872.4865339122284 -60.09446870428803
-871.5828142486084 -60.551584980313805
-869.9517815433014 -60.621667048757104
