-1131.022682695048 11.579655668835017
-1129.662377266543 11.442704520325037
-1128.1471528097559 11.03039785395083
-1126.6852022692133 10.10907389889178
-1124.9161124512125 9.361857912639948
-1123.038112549441 9.621585927109095
-1121.2773249432016 9.672627753714892
-1120.3511109634806 9.831827826003405
-1118.4545321747232 9.453234858016344
-1116.814163951533 9.000704235534045
-1115.3795106693674 9.229504025678011
-1113.6666230245996 9.648916817406985
-1111.965863375323 9.156062341431948
-1110.7048423572946 9.143561228315207
-1108.9121208473612 9.179620525936457
-1107.2456553265024 9.475763819317194
-1105.4438236042429 8.891992769340845
-1104.0740652367044 9.361742369036051
-1102.8004899307657 9.086680344442698
-1101.7526060625482 9.086669101516577
-1100.0825366064478 8.816821589271399
-1098.5224806353021 8.32688216785607
-1096.7456282659937 8.428824319640967
-1095.3650574966837 8.324607051114413
-1093.7541656776834 8.280582106808993
-1092.791500119822 7.9539054102700675
-1091.1243623777796 7.61440867851195
-1089.3776864096094 7.542095049421164
-1087.8951541468073 7.942727132837149
-1085.9937674089838 7.4164932809275115
-1084.0930966421533 8.029317482511374
-1082.5855663105417 8.368413253824087
-1081.3972050234247 8.305169045130583
-1080.6156980081964 7.89565506498036
-1078.6664759203363 7.978027037481638
-1076.733063606875 8.66925357947764
-1074.852468161242 8.917189753751131
-1073.5014806076456 8.635118431548449
-1071.6244781299997 8.568925819496485
-1070.047108678477 8.15951590905604
-1068.587864546435 7.950600496630045
-1066.9233836218286 7.89103124211249
-1065.4652675672937 8.085349149207445
-1063.6081120058466 8.02518615047154
-1061.9620660826135 8.677227645317885
-1060.0166900440622 9.291867523590895
-1058.3702631279398 9.362337320248457
-1056.4422676845957 9.58791156033692
-1054.6802180096079 9.80376481930432
-1052.9049046322275 9.731723508934351
-1051.785671143191 9.90780030856547
-1049.9731675669123 9.408611319164606
-1048.9449401184488 9.315404608051153
-1047.534896759646 9.480894236962172
-1045.6831101461817 9.320962443153235
-1044.1467216297556 9.54551596860108
-1042.4675494715143 9.58254495183644
-1040.8265643402506 9.535527206162783
-1038.9454613014627 9.562693334321352
-1037.0408284946848 9.42573115895209
-1035.7379615589548 9.049456930856081
-1034.51093676533 9.05326143572745
-1033.2481152101923 9.473112768630358
-1031.7013107820917 8.809215194682452
-1030.4800319954325 8.563114947776171
-1028.705034761088 9.077214664916369
-1026.9174446150232 8.433785147170397
-1025.5991503282953 8.25328712830958
-1023.9480223938394 8.180482379297587
-1022.5603041931558 8.336497745613428
-1020.7084431930948 8.073460153440806
-1019.2162893101145 7.179997733930918
-1018.0601450487543 7.430364362100931
-1016.1970317646433 7.435172937015864
-1014.8013341709543 7.618182084659907
-1012.9459345623422 7.110869548420283
-1011.8472831531931 6.40675809154925
-1010.0241951033045 6.658850423197123
-1008.4323717638422 6.611458121935698
-1006.5574199243952 6.735911651651236
-1005.6589787289072 6.500216036240431
-1003.8101469561029 6.690315871636244
-1002.5702165647913 6.141435056130263
-1001.1324823185373 6.315585970084044
-999.2988063379694 5.83725702683148
-997.4403704687525 5.537058322827193
-996.3556033655573 5.742508216897818
-994.7175754591394 5.7595055542391265
-993.5339545294214 5.334747000734183
-992.4167093321253 5.232192351619574
-990.9177114054132 5.555359079639288
-989.6129495188165 5.09226627568421
-988.5728347584177 4.118894293109747
-987.5244894310404 3.8494093559187377
-986.5679954573084 3.5306708357733214
-985.6006095692087 2.601911976138922
-984.4737097307611 1.04933471898255
-983.9403681441713 0.5007352373999083
-983.0221724792887 -1.0334134556848085
-982.565996257918 -2.030247733791498
-982.3453317120243 -3.2795823075372255
-981.7456188037563 -4.278021798332361
-981.7909446492363 -5.470603690345911
-981.2198525800873 -6.878010616501001
-980.4156348838974 -8.564548120697168
-979.8601216211487 -9.52007685681167
-979.0605613722969 -10.751844868858484
-978.0944400563408 -12.029620871742395
-977.6694414749313 -12.979025349815515
-976.8419855966736 -14.187089667518762
-976.3985412850548 -15.152319417198328
-976.2640977039505 -16.119767174919275
-975.4421859517265 -16.69931064625564
-974.7062851920296 -18.261973247726587
-973.8058301940132 -19.17586205979171
-972.5142884984184 -20.21395073910537
-971.8600449695755 -21.72890423317733
-971.17370702173 -23.434816584785608
-970.5986846223045 -24.714704022606043
-970.1383399501015 -25.728029952247766
-969.4659084215332 -27.436107859810022
-969.6456108673979 -28.52538465042892
-969.3039466723371 -29.681141958435205
-969.4431850000788 -30.40760503788772
-968.9252571150232 -32.06827591439071
-968.6160568877626 -32.853542313774255
-968.2970028206278 -33.9112160064775
-968.622942595141 -34.52075986643615
-968.3290130480696 -36.01794545431915
-968.1993266179729 -37.343963668544916
-968.4492471798826 -38.229024098117975
-968.0161993190218 -39.434261725147394
-967.657897321837 -41.00367872496429
-967.33641311373 -42.23738806029144
-967.6745733603407 -43.661710546215204
-967.1519386753012 -44.70138923903289
-967.3416744157244 -45.6542460181314
-967.7948408111502 -47.28683655043426
-967.2584692224432 -48.12799815913024
-966.8352066263128 -48.80397693892303
-966.3671774252821 -49.53562711258712
-966.3371561303306 -51.038075790603784
-965.5655686392952 -52.914365396698145
-964.7110214963127 -54.55920527954879
-963.930525852697 -55.511956379612116
-962.0706182255913 -55.341782496174005
-960.8221125140358 -55.95549844284835
-959.9716420307327 -56.20057241698089
-958.6663645639587 -56.67014522929969
-957.5108411445785 -56.72293315907302
-956.4205260410477 -56.543615163167146
-955.6803621187378 -56.40249222596469
-954.218174351709 -57.187518835862306
-952.7445461883713 -57.54971170504871
-950.9704108371902 -57.806709856589464
-950.2637133135963 -57.31756845196071
-948.7055601611305 -57.160926819642214
-946.8205569520164 -57.03412504573646
-945.1761540904213 -56.93940244694534
-944.0491861834694 -57.35819314499679
-942.4921133055855 -57.475605145891336
-940.7212647929359 -57.3828619428474
-939.0013529792 -58.16028949697795
-937.4518783822227 -58.40797622581306
-935.7017249598671 -58.22557158847633
-934.2710415854622 -58.08400416453662
-933.2236721053291 -58.23626916189971
-931.6695100798775 -58.27194583495441
-929.9804970755745 -57.721067667802004
-928.4845349326301 -57.53177775522056
-927.1828823819328 -57.39972491641822
-925.3333732619453 -57.70997805972877
-923.8717815413643 -57.87439003666225
-922.3140292897392 -57.852278412182955
-920.566929651754 -58.197812528212694
-918.8024366631676 -57.96636776705566
-918.0550142064262 -57.87854170878711
-916.384913994329 -58.23386612613979
-914.6163327231575 -58.85637459238353
-912.8427006735969 -58.88270964925471
-911.6866539254356 -58.36382636134806
-910.4909808173347 -58.40872348551932
-908.9825608267952 -58.68371589188757
-908.2878502144981 -58.92651545708361
-907.0683449044395 -58.52523341481867
-905.4687689080406 -58.70114361946764
-904.5449620022941 -58.2308807939786
-903.2120151057411 -58.43377804463091
-901.9394065871406 -58.05245980327311
-900.2534443869758 -58.37520014946642
-898.4637786879707 -58.04256552164736
-897.6395061149765 -57.67047944371882
-896.0618324413467 -57.14329382484141
-894.2803888454605 -57.34369410281363
-892.8014714851547 -57.55120324795428
-891.0794078245331 -57.25041928594294
-889.6574375763107 -57.200651732136635
-887.9785297050644 -57.674190816332725
-887.1359131469894 -57.280634757925895
-886.0693259372879 -57.4822315544385
-884.5231206550766 -58.10567497914019
-882.8071127071548 -57.59958511297884
-881.9227815404106 -58.040496853043464
-880.5947721734215 -58.238723811556724
-879.8723665013481 -58.12338880901518
-879.0174413457084 -58.31471691732588
-877.6732630267311 -57.99170224075499
-876.8169067635704 -57.76686061625662
-875.324113084333 -58.030022156288055
-874.166313840406 -57.47728486066046
-873.402812613504 -57.05023307805243
