-1163.98 -308.54
-1165.8485824871063 -309.6627240562439
-1167.7383395242691 -311.04124990940096
-1169.6238930034638 -311.71684090137484
-1171.5118701267243 -311.5269771450758
-1173.0651557254791 -312.855395757556
-1174.8508798885346 -313.9588654869795
-1176.4552113819122 -315.1089573734999
-1178.2829997348786 -315.7554779881239
-1180.1196490335465 -315.33210041463377
-1181.8911261367798 -316.3865945571661
-1183.0119638252258 -315.9779177838564
-1184.4144816207886 -316.9339865976572
-1186.2373637962341 -317.57787304461004
-1187.8476080703736 -316.9492995077372
-1189.643666009903 -317.5959842735529
-1190.985268573761 -318.04191234052183
-1192.7161662387848 -318.9755810135603
-1194.4540843772888 -318.280123257041
-1196.0846477556229 -318.2588622802496
-1197.2974325227738 -316.80289485394957
-1197.5742798554897 -315.0623848670721
-1198.5686806547642 -314.1083574527502
-1197.8456763732434 -312.65878250539305
-1199.3239811170101 -312.04626508891585
-1200.194055866003 -312.06926410734656
-1201.6923983800411 -310.34474485456946
-1201.6717590238154 -308.56623988687994
-1202.868750705868 -306.7440944248438
-1203.9959671641886 -304.8553140693903
-1203.8954693372548 -302.9818406635523
-1205.036617308408 -301.5094433361292
-1204.8538973326981 -299.654825502038
-1205.1324635739625 -298.9547653728724
-1205.9802887435258 -297.0680956178904
-1206.3988035614789 -295.2024437719584
-1207.5723132784665 -293.350128107667
-1206.3147910530865 -292.30680268347265
-1207.511399000436 -290.5693375402689
-1208.4589101965726 -291.20557337343695
-1207.4250482018292 -291.1762677961588
-1206.385830014497 -289.68164628088476
-1206.1761028017104 -288.4235324198008
-1206.4888512934745 -286.5555298858881
-1206.2399682845175 -284.74271565020086
-1206.8070764388144 -282.89190536081793
-1206.071706994921 -281.670564942956
-1205.5957003082335 -279.8237937027216
-1206.8124120678008 -278.08533280432226
-1207.9608167852462 -277.83679492115976
-1208.7418778981269 -277.0653578722477
-1207.7130783642829 -275.2584700071812
-1208.5754928435385 -273.4673126423359
-1208.1405026759207 -271.7048934185505
-1208.0205055172742 -269.86454839348795
-1207.6312347348035 -268.0430702650547
-1208.6717652972043 -266.31187445759775
-1207.598862617761 -264.69208914875986
-1208.7596074040234 -262.9302205526829
-1208.7462152387202 -261.1119845592976
-1208.9393575038016 -259.9130007708073
-1209.9320294703543 -258.08505780339243
-1210.5936723794043 -256.76733917832377
-1210.7509557153285 -255.2831222498417
-1211.067924066931 -254.07543797135355
-1212.0581312026084 -252.35332388520243
-1210.7916016425193 -250.59495229363444
-1211.8645626153052 -249.39681048035624
-1212.2652258123458 -248.27103371262552
-1213.1910181488097 -248.90014422774317
-1213.922765776068 -247.33640647768976
-1214.4670654977858 -245.6156402909756
-1214.909672960192 -244.70141864657404
-1215.3924722220004 -243.97016001582148
-1216.3472543503344 -242.29672826170923
-1215.377634420544 -240.7767169559002
-1215.936672463566 -239.15634501814844
-1215.2438435699046 -237.9117633187771
-1215.8213982726634 -236.27225161433222
-1216.3917259718478 -234.8439265573025
-1217.1352265621722 -233.23717285037043
-1217.655340268761 -232.47919613957407
-1218.4043829585612 -231.11265105843546
-1219.052092089802 -229.9561919653416
-1219.5839809323847 -228.5724166119099
-1218.8299709703028 -227.33780963063242
-1219.4216636563838 -226.4367191874981
-1220.3304791595042 -225.63627184271814
-1220.71352349177 -224.99456835627558
-1220.3653077925742 -223.5539443576336
-1218.8022032822669 -221.9788291537762
-1219.435422166735 -220.88602984786036
-1218.533644541651 -219.36614180445673
-1219.1592732514441 -218.01973880171778
-1219.9796649064124 -218.62170393109324
-1219.5590563263 -218.14792693495752
-1220.3991021360457 -218.52774033784868
-1220.9989612545073 -216.89536748170855
-1221.779712125212 -215.40210829019549
-1220.080291196257 -214.15698907613756
-1220.6529635037482 -214.57965637087824
-1221.2021648134291 -212.9301995122433
-1220.7808711375296 -211.30865825057032
-1221.5959912385047 -210.02762652277949
-1221.1329282070697 -208.72700751662256
-1219.3382520224154 -207.30867577433588
-1220.0532733942568 -206.57340581059458
-1219.667214974314 -205.36034674286844
-1218.4364966000617 -204.75142426133158
-1219.1547630871833 -203.85293204426767
-1219.6607227768004 -202.73692125916483
-1220.3086422528327 -201.10487098336222
-1221.1009147013724 -199.4210652792454
-1221.238522424847 -198.03093952775004
-1222.0319892312586 -198.86236173748972
-1221.4159287954867 -197.88864786267283
-1220.9595601405204 -196.3295741760731
-1221.8807382430136 -194.77997667431833
-1221.665800973326 -193.98529440999033
-1220.1430825437606 -192.55372626423838
-1219.1359199728072 -191.23386497139933
-1219.9355863179267 -189.68448109269144
-1219.618768080622 -188.42840916752817
-1219.698156401068 -186.7793873035908
-1219.3120595659316 -185.13075382351877
-1220.24769227162 -183.70881719231608
-1220.99117933169 -183.27017168045046
-1221.3674523080886 -181.66513053417208
-1219.8293383564055 -180.447012462616
-1220.2548932279647 -179.4935621404648
-1221.1964030708373 -177.86692790031435
-1222.0239447797835 -177.6406723791361
-1221.1539208735526 -176.67402761518957
-1219.5865157689154 -175.05161183416845
-1220.192480071932 -173.50926118433478
-1218.5807071770728 -172.19350808203222
-1219.3730630721152 -172.5149095886946
-1220.29184816733 -171.93828042685988
-1221.0786131466925 -170.55104263961317
-1221.355552032143 -168.9277763003111
-1220.339885904938 -167.2877344721556
-1221.0021372582019 -165.9590880507231
-1221.6242484594882 -164.39745100677015
-1221.8420204664767 -165.39686717927458
-1220.6106997276843 -163.8032138580084
-1221.341403439194 -162.92590566813948
-1221.2748291637004 -161.31599696815016
-1221.53341777578 -160.2990206116438
-1222.4560846830905 -160.17744739443066
-1221.5048781181872 -158.57884545713665
-1220.6856951858103 -157.05739112287762
-1220.7061821366847 -156.17206128031017
-1221.4795785094798 -155.3889627018571
-1222.0494614388049 -154.39638997703793
-1222.63024093166 -152.88790382534268
-1222.7929923082888 -151.32094313293697
-1222.8985691513121 -150.50871743351223
-1223.7950084652007 -149.0419914880395
-1224.0287675704062 -147.65479780822994
-1224.9434445346892 -146.1928008952737
-1224.493951960951 -145.36309041172268
-1225.2641177619994 -144.0202517667413
-1225.4752763058245 -143.07570101410153
-1224.756081893593 -142.81564749866726
-1225.3659567381442 -141.31256963402035
-1223.8383188988269 -140.0692247310281
-1223.1444710041583 -138.60247840076687
-1221.947949245125 -137.6244975486398
-1222.524165942818 -136.91980727106335
-1223.2118062521517 -137.4756287494302
-1223.738406613022 -135.8694321075082
-1223.5539243365824 -135.83628437012436
-1222.511955394894 -135.92056910783054
-1221.9993890072406 -134.59163622647526
-1222.5429193522036 -134.4922766545415
-1222.5504195536673 -133.1046682456136
-1221.4228033865988 -133.42966725021603
-1219.6968006934226 -132.0905882278085
-1218.2685599173606 -130.49569083839657
-1216.549497589022 -130.37767626434567
-1216.0543652023375 -130.98371209293606
-1215.0816532815993 -129.60581089645626
-1213.8180638994277 -127.93729592949154
-1212.0613309587538 -126.2218001046777
-1210.5525980438292 -126.68548561722042
-1208.8623428787291 -127.15293680220844
-1207.4843396390975 -125.34274457484486
-1206.4296457017958 -124.2186065772176
-1206.2520601148904 -124.35723321229221
-1206.0199320609868 -123.82608459979298
-1206.3523329789937 -122.20352982074024
-1205.186374336034 -122.7228265860677
-1203.8150029475987 -121.07353304415943
-1204.4576039607823 -121.2617915132642
-1203.029327660352 -119.5627963998914
-1201.6677866275609 -120.16655413895847
-1203.0490527446568 -118.71744947224857
-1202.6210752125085 -116.85558883935215
-1201.3115535373986 -115.55522994786503
-1200.1997081632912 -115.88573472291233
-1199.2009073491395 -115.9256307640672
-1198.115039228946 -114.56707842737438
-1197.7460781629384 -113.31605060487988
-1199.1343288715184 -112.74268026739361
-1198.4326203162968 -113.58967454820873
-1198.2263074214757 -112.15185745149853
-1197.481816201955 -110.81447739988567
-1196.5761480624974 -110.33830101877453
-1196.3782652314007 -111.0816946783662
-1195.5299983914197 -109.97574718385937
-1194.6710098083317 -108.69831712633373
-1193.7873211200535 -107.43568392187359
-1192.9273820813 -107.00822980791332
-1193.192858427316 -106.11045815140011
-1192.4347229893506 -107.1192268291116
-1191.919613867551 -105.89833845287563
