-1163.98 -308.54
-1164.899991850853 -307.7292837882042
-1166.6773824501038 -307.9969473266602
-1168.4511142778397 -309.10374454498293
-1170.2478047418595 -310.72490636348726
-1172.1241284418106 -309.72101871013643
-1173.9058995056153 -309.29365203619005
-1175.7052827882767 -310.10815004348757
-1177.5441856193543 -311.49671474933626
-1178.2762619066239 -312.53402403831484
-1179.646858792305 -313.75919810771944
-1181.1354769277573 -313.4010533177853
-1182.9940199661255 -312.2598975980282
-1184.8638602304459 -311.21528757452967
-1186.1731084394455 -310.2074380004406
-1188.0578968334198 -310.85412687897684
-1189.781418542862 -309.57274562954905
-1191.6550271320343 -308.4518635952473
-1193.5363784837723 -307.45915115714075
-1195.3219930934906 -307.34715385079386
-1196.600373249054 -306.5200663292408
-1198.1498644161225 -305.09542913079264
-1199.7685764837265 -303.27521366715433
-1198.9848471093178 -301.5545954191685
-1199.7863589334488 -301.88847605228426
-1201.0239001321793 -300.0039075994492
-1202.0352973747254 -298.3316078567505
-1203.2232997226715 -296.44929555892946
-1201.8167646932602 -294.8128469371796
-1203.1372251319885 -293.45197776794436
-1204.3443887043 -291.71089354991915
-1205.6013283538819 -289.945973315239
-1206.8217246341706 -288.39793244838717
-1207.3706441926956 -286.8111583375931
-1207.530926104188 -285.2637868309021
-1206.8272969084978 -283.6219724798203
-1207.8427355843783 -282.32404939174654
-1207.4508646684885 -280.6210557603836
-1206.8416925626993 -278.8834664011002
-1207.4117057281733 -277.0303818368912
-1208.4966535526514 -276.09476981401446
-1208.9392777639628 -274.3081747078896
-1209.8147528725863 -272.47124502897265
-1209.5496107000113 -270.759453394413
-1210.0678236144781 -268.9682713532448
-1211.0257727760077 -267.3175114178658
-1211.4570427197218 -267.702927120924
-1211.0819089370966 -265.9504747474194
-1210.9063797402382 -266.4038344407082
-1211.9072158741951 -266.09357038974764
-1212.4141701865196 -264.6203176164627
-1212.8282460677624 -262.9115136051178
-1213.1525832223892 -261.1911437892914
-1213.5422912943363 -259.6261819982529
-1213.558343898058 -258.442108669281
-1214.2058304655552 -258.6795516395569
-1213.9294918882847 -256.9573092842102
-1214.7254096376896 -255.4879447603226
-1213.253522645235 -253.82502714633944
-1213.5385325956345 -253.132455804348
-1214.49584815979 -251.48058161973955
-1215.376840453148 -250.74113867521288
-1215.437181841135 -250.97596407771113
-1216.1771115767956 -251.60513687968256
-1217.047399829626 -249.91203118205073
-1217.9221367943287 -248.2839752519131
-1216.8489837753773 -246.81031287550928
-1216.1356332409382 -245.22718120455744
-1216.8516343343258 -243.70080817580225
-1215.4565140712261 -242.34898556113245
-1215.349342416525 -240.6589602315426
-1216.1781925666332 -238.96499586939814
-1216.5941494810581 -238.2016849601269
-1216.1754457759857 -236.54976392626764
-1216.9012005138397 -234.88177371859553
-1217.2846465814114 -234.5581142985821
-1216.5692063081265 -232.91776467204096
-1217.3369137752056 -231.24355579257013
-1218.1745947110653 -229.99104667544367
-1219.0316402423382 -228.62684977889063
-1219.9052069294453 -227.23777283072474
-1219.0804120409489 -225.7421529376507
-1219.6337075936794 -224.14218259692194
-1219.3070612061024 -222.50829518675806
-1220.0846854555607 -220.8598810517788
-1219.8295056033135 -219.23998452067377
-1219.9516288149357 -217.77890492320063
-1220.8812389481068 -216.32430780768397
-1221.2999556469917 -215.1197687470913
-1221.341887216568 -213.55181015372278
-1221.7647855985165 -212.67234290480616
-1222.3321853983402 -211.09991610884668
-1222.1155033367872 -210.30779648661616
-1222.000167067647 -208.89284289717676
-1221.039746697545 -207.2611799323559
-1220.7907272982598 -205.735464104414
-1221.0317119467259 -204.10981357932093
-1221.243514071703 -202.58510852694513
-1221.9840228664875 -200.99144197344782
-1222.4939790475369 -200.16912806868555
-1223.2151220548153 -198.89666450858118
-1223.6254342603684 -197.6297661149502
-1223.1319613862038 -196.01359260916712
-1223.8670161175728 -194.44772303938868
-1224.2946197199822 -194.43451700448992
-1224.8506353902817 -192.85440871953966
-1225.5528687047959 -191.32864830732348
-1226.402428071499 -191.92176423311236
-1225.4181699562073 -190.33883998632433
-1225.4593601334095 -188.75000105142595
-1223.9243418085575 -187.30320403814318
-1223.6056383955479 -185.77499125242235
-1224.3797429907322 -184.1952969813347
-1225.1731997835636 -182.60657379865648
-1226.0712481844425 -181.0448334002495
-1226.013688813448 -179.8825278067589
-1225.3165863859654 -178.74185583829882
-1225.3715921449661 -177.22967229127886
-1225.2621592390537 -175.73216841459276
-1226.1607411015034 -174.30309233903887
-1224.91798032403 -172.7405464434624
-1225.5754146683216 -173.06478855848314
-1223.8198944437504 -171.5411519789696
-1224.467491518259 -171.47902143836023
-1224.7194886910916 -170.08959639906885
-1225.446991096735 -168.88750244021418
-1226.0641623842716 -167.48725009799006
-1226.6418281900883 -167.23777356088164
-1227.4570157039166 -167.17444589078428
-1227.533310930729 -165.61309196889403
-1226.886875550747 -165.92016690313818
-1225.7829863238335 -164.3368690544367
-1226.697482328415 -162.98860889017584
-1227.5593195962906 -161.86623006403448
-1226.4664774942398 -162.83462112486365
-1225.7153398799896 -161.6065475279093
-1225.7031416106224 -160.03295116961004
-1226.511629383564 -158.51575999796393
-1225.5565666365624 -156.93888192713263
-1224.0385014224053 -156.4576497012377
-1224.5107718515396 -154.85689698994162
-1223.7031056690216 -154.13458877146246
-1223.3559974837303 -152.53202491343023
-1223.1445271480084 -151.1318204933405
-1223.5366419064999 -150.17306440413
-1223.5283382046223 -150.01114689648153
-1224.316469143629 -149.10234063208105
-1224.530369143486 -147.71180837690832
-1223.133436779976 -148.139499180913
-1223.3596290755272 -146.97839617073538
-1223.514258723259 -145.79147242844107
-1223.428841303587 -144.31705962955954
-1224.1040321099758 -143.27780842125418
-1223.8741001594067 -143.6588060194254
-1223.850972186327 -144.45924650967123
-1222.6706228363514 -142.87851237595083
-1221.4973645317555 -142.1978002125025
-1222.2941668736935 -140.8176572853327
-1221.6118077147007 -140.27134280741217
-1221.0398731935024 -140.30289905607702
-1221.42326877594 -139.29009585916998
-1221.6593915629387 -137.88960319101813
-1219.9604856181145 -136.5346252256632
-1220.3307583141327 -135.8762453132868
-1221.1165354061127 -135.36115288078787
-1220.410380642414 -133.81901704609396
-1220.5936609911919 -132.41890835106375
-1218.746666352749 -131.9769712918997
-1218.026332538128 -132.1849175477028
-1218.2243417012692 -131.00531885862353
-1216.9379492509365 -129.51661834955218
-1216.4502780842781 -129.47907133862378
-1215.248970310688 -128.46029349133374
-1213.6422784733772 -128.02517424985768
-1211.920092265606 -127.22965692445638
-1210.5116961407662 -127.46774210497739
-1208.819526116848 -126.44730879828336
-1207.3617663788796 -125.1947300629318
-1206.5500703263283 -123.38663770720365
-1206.1246861028671 -121.65723874136808
-1206.8592605400086 -120.14764024779203
-1205.1560423183441 -118.41617407366635
-1203.5436171102524 -117.01318659350278
-1204.5186573672295 -115.3646347717941
-1204.7147657978535 -113.7167961792648
-1203.1269472944737 -112.48540606066587
-1201.9710017549992 -111.16593589350583
-1200.5000665295124 -112.48613478705289
-1198.725098978281 -113.53408577010038
-1197.8318823087216 -113.23377828761937
-1196.9290657746792 -112.70378713771703
-1196.3428335893154 -113.16381945177915
-1195.437310885191 -112.45629235073926
-1195.2945708441734 -113.1129486756027
-1194.4226735639572 -111.84683277174832
-1193.5769414710999 -111.13889213368299
-1193.209311555624 -110.13731153771283
-1192.484954725504 -108.935372312516
-1193.0727686989308 -109.23310743734243
-1192.1932258713246 -110.00671707555654
-1191.5229271757603 -109.1386059419811
-1190.6606482970715 -108.82031785413625
-1190.9842772591114 -108.42272989913823
-1190.137134860754 -107.78521870538594
-1190.6717788088322 -106.99344693586232
