-1163.98 -308.54
-1165.7312340545654 -307.76762030363085
-1167.2913788366318 -308.20224598884585
-1168.7851496744156 -307.43691013097765
-1169.90300593853 -308.5665827775002
-1171.40456138134 -307.66081426382067
-1172.87027261734 -307.94576803684237
-1174.6693973350525 -307.53525234103205
-1176.4882799196243 -306.9190858089924
-1178.022354106903 -307.01373348474505
-1179.1366622257233 -308.4033252978325
-1180.5020966339112 -307.9003852391243
-1182.2717548418045 -308.48781768321993
-1184.1225055265427 -310.0377586269379
-1185.8338764715195 -311.3175661945343
-1186.0277183759213 -311.5618361616135
-1187.7824949729443 -311.3564228498936
-1188.2838533627987 -311.0861484193802
-1189.420769046545 -312.1899193906784
-1190.9240308511257 -310.8511301660538
-1192.7399399983883 -309.4887396478653
-1194.5253924834728 -308.85428599357607
-1195.7612330424786 -307.3635719203949
-1197.2896480071545 -305.61046496868136
-1198.7437463510037 -303.805433549881
-1200.1153162229061 -301.9860347890854
-1198.9093119609356 -300.09667340755465
-1200.2861535060406 -298.2257217550278
-1201.680920790434 -296.33183459281923
-1201.6339947092533 -294.4444079780579
-1202.9650069582462 -292.56290761470797
-1204.30130792737 -290.66732946872713
-1204.198203023076 -288.7995100402832
-1203.8022925812006 -286.9245036029816
-1205.003894801736 -285.0376832866669
-1205.7496130424738 -283.273796954155
-1206.7556674438715 -281.4151727342606
-1207.7711027818918 -279.5809692525864
-1207.346813376546 -277.7449323320389
-1208.1936064320803 -275.89780239105227
-1207.9296765881777 -274.0709056043625
-1209.0587474662066 -272.2090380573273
-1208.9983471739292 -270.3864589118958
-1207.9918688642979 -269.220214881897
-1209.0992926466465 -267.3918660068512
-1207.4808468925953 -265.7973018074036
-1208.2078751432896 -263.9438178920746
-1207.940341155529 -262.10171345710756
-1207.9682368445397 -260.6677828216553
-1207.906951482892 -258.8671758556366
-1208.55962782681 -257.0266868257523
-1208.5932018119097 -255.32583014011385
-1207.5147532778979 -253.5033723497391
-1206.7813803511858 -251.6532472753525
-1207.7661350923777 -250.82160893917086
-1208.0639049369097 -248.97906724452974
-1209.181456144452 -248.07259092569353
-1209.1536912280321 -247.06169686555864
-1208.3682188349962 -245.35318122148516
-1208.7958223181963 -243.52339980840685
-1208.3592096227408 -241.712302544117
-1209.482305969596 -239.93292758703234
-1209.6475792485476 -238.1136913084984
-1208.1153791505099 -236.37012872934343
-1209.2091146069765 -234.53538546800615
-1209.7920873123408 -232.71643100023272
-1210.5971221882105 -230.9066680455208
-1209.4707339960337 -229.1110889697075
-1209.3532426911593 -227.30283448934557
-1210.3857845622301 -225.51191637754442
-1211.2086029607058 -223.72031185865404
-1212.2336793500185 -221.93978367090227
-1211.7937758225203 -220.18441174268725
-1211.6111044245959 -218.4283611559868
-1210.2118203002215 -216.70895502805712
-1210.8593664127588 -214.92267010450365
-1211.814025040269 -213.36200449705126
-1212.6051435428858 -211.66096089124682
-1211.8054876285792 -209.96257457971575
-1212.1161211687327 -209.05306718587877
-1211.660871501565 -207.33019445180895
-1212.25573902905 -205.56024120092394
-1213.1375727015734 -203.9101078295708
-1213.4881029981375 -202.16884730100634
-1213.809957947135 -200.43501947164538
-1214.620305802226 -198.86192844152453
-1214.9904226320982 -197.1571597838402
-1213.787137414813 -195.48015020132067
-1214.5416099089384 -193.8371132397652
-1215.3651368278265 -192.15233788728716
-1214.5521531361342 -190.4579831147194
-1215.3083447474241 -188.8986605191231
-1216.098315026164 -187.23158536195757
-1215.6357003110647 -185.5374454045296
-1215.3197813290358 -183.83079431295397
-1215.683605785966 -182.1550731444359
-1216.5440294700861 -180.49678061246874
-1215.974135633111 -178.93940744638445
-1216.538960929513 -177.24617491006853
-1214.8820005613566 -175.60226748228075
-1215.2874548691511 -173.8933454537392
-1214.6060240525007 -172.26999662160875
-1215.3461518543959 -170.86844012975695
-1214.6058786171675 -169.29093477964403
-1215.027441765666 -167.59802017450335
-1213.983396436572 -165.96165023088457
-1214.7895193356276 -164.34028945207598
-1215.6914505022764 -162.64575193166735
-1216.6189155834913 -160.98292074441912
-1217.489834215045 -159.3070425772667
-1218.3222275036574 -157.67328522443773
-1217.5113326567412 -156.04999659299853
-1217.4263440328837 -154.45200357675554
-1217.242919664383 -152.9064810061455
-1218.228062133789 -151.3466312670708
-1218.6495695519448 -149.73629698991778
-1217.3961877036095 -148.1402296805382
-1216.2829703497887 -146.46684572935106
-1214.8306755232811 -145.20783338785174
-1215.7186605739594 -144.73133758544924
-1216.05094591856 -143.1792903327942
-1216.2381228017807 -141.56179634571077
-1216.4491766798496 -139.9333166265488
-1216.9020674335957 -140.30560413837435
-1215.9147074329853 -138.8145398283005
-1216.3417223799229 -137.20680490970614
-1216.2802303540707 -137.8036151313782
-1217.0101814377308 -136.2958916807175
-1217.0250613498688 -134.74377159118654
-1217.519568245411 -133.22351268768313
-1216.7582804369927 -131.85916677951815
-1215.2472697901726 -130.34041623115542
-1213.8998715090752 -128.94248703956606
-1212.2036666083336 -128.4481812798977
-1212.7471928405762 -126.77756214976313
-1211.6705274391174 -125.69048953890803
-1210.357167224884 -124.17562712073328
-1210.332200359106 -123.37877333998682
-1208.9509293544293 -121.75318802237513
-1209.439614366293 -120.95847440600397
-1207.9511023271084 -119.51017678618433
-1206.183119724989 -118.24784637331965
-1204.4619882810116 -116.55911923289301
-1203.8436750280857 -115.74116540789606
-1202.0701687443257 -114.82649482131006
-1200.5533527243138 -113.3954675281048
-1198.9882495510578 -111.93432856440546
-1199.4016913580895 -111.17453564047815
-1199.3301317873597 -112.36085844874384
-1198.5668358388543 -111.61214263081553
-1198.6159449401498 -112.18589706063273
-1199.5659552398324 -111.941962608099
-1199.161360758841 -112.82207150101664
-1199.3196300449968 -111.20589918732645
-1198.3098861160875 -111.82377142548563
-1198.4828436854482 -110.72710520863535
-1198.0737440171838 -110.43377850294115
-1198.5309325936437 -110.87278006315233
-1197.687322306931 -110.05013642549517
-1197.0643266919255 -109.43126342535021
-1197.3065697136522 -110.52222690820696
-1196.7289613071084 -111.36279330492022
-1196.723796773255 -110.85816041469576
-1196.6480539026857 -110.52001533746721
-1196.4872065666318 -109.60860595941546
-1195.5862660291791 -110.40048752069475
-1194.6798782232404 -111.30559644937517
-1194.4575869622827 -111.85904190778734
-1195.7064406457544 -110.95576582193377
-1195.0332712116838 -111.80481086015703
-1194.167268473208 -110.73578045606615
-1195.7525862041116 -111.59939298868181
-1195.8685901346803 -111.39683655738833
-1195.0673879566789 -110.46817974090578
-1194.2676423969865 -110.4373952829838
-1193.9065993013978 -111.9515087091923
-1194.873034376204 -110.8392917597294
-1194.0275456491113 -110.22833681941034
-1194.7765346351266 -109.23109740853312
-1194.028024572432 -110.3140791141987
-1193.1637491169572 -111.6442931377888
-1192.5248434725404 -110.56364864945414
-1191.698683756888 -110.77499003052714
-1191.2904272857309 -110.6952149653435
-1190.3946775975824 -109.74803570747378
-1191.048741299212 -109.09705654621126
-1190.157984394133 -108.80770204305651
-1189.7320499899984 -109.14149288177492
-1188.9631360056997 -109.09773057043554
-1190.3475136044622 -108.26617925703528
-1190.9068496707082 -107.10437148153784
-1190.2688915017247 -106.70557721793654
