-1163.98 -308.54
-1165.4537884998322 -308.5316167855263
-1166.7274609613419 -310.1064721131325
-1168.1841577100754 -309.7406902396679
-1169.3468596744538 -308.95815969347956
-1170.5195013093949 -310.2011900031567
-1172.3414498376846 -311.1145317041874
-1174.1716571855545 -311.88209480881693
-1175.893703918457 -313.2919320547581
-1177.536621670723 -314.49093241333964
-1179.1949826288223 -315.4311904394627
-1181.0354414987564 -316.8495387518406
-1182.9230223703385 -316.7864926838875
-1184.5403133440018 -316.3824725532532
-1186.4383357572556 -315.0192507886887
-1188.1551724481583 -315.95224730014803
-1190.013219575882 -316.739528336525
-1191.479152302742 -315.39356426239016
-1193.250398259163 -314.0525606060028
-1195.1344266939163 -312.75309232711794
-1196.7175390529633 -312.0089354300499
-1198.4769470500946 -312.57228288888933
-1200.2127599525452 -311.0418213391304
-1199.8973272252083 -310.2144148731232
-1201.2872291016579 -308.358251490593
-1202.5842965054512 -306.52700988292696
-1203.6852481770516 -304.7221705102921
-1204.5663835215569 -302.9418034934998
-1203.8312185811997 -302.3821347141266
-1203.9245342123509 -301.24668280124666
-1204.7498612511158 -299.74818889141085
-1205.420416365862 -297.9600088977814
-1205.0009253132343 -296.093962469101
-1206.2756778109074 -294.2120952987671
-1204.8893082249165 -293.62192068338396
-1206.040756713152 -292.41393575906756
-1207.1854832279682 -290.55129442453386
-1208.3178961384297 -288.73977551698687
-1209.359782229662 -286.90661058664324
-1208.2984702694416 -285.16594252824785
-1209.431890975237 -283.3334715151787
-1210.5428079473973 -281.5213525080681
-1209.8149269926548 -279.8117329859734
-1208.3312471020222 -278.0285670542717
-1207.113903771639 -276.20314452886583
-1207.875995527506 -274.354414203167
-1206.40060354352 -272.51575145959856
-1207.544434915781 -270.94019804239275
-1207.7872526603937 -269.1282406830788
-1208.7377867656946 -267.2908257031441
-1208.702032532096 -265.4905713582039
-1209.3275492447615 -263.68472776651384
-1210.2279603141546 -263.93295607805254
-1210.7323588985205 -262.75292644739153
-1211.1213374692202 -261.0579532170296
-1211.6661331015825 -259.2862838292122
-1212.35925465405 -257.55216274499895
-1212.557802374959 -256.0942126297951
-1212.874243106246 -254.43245325326922
-1213.8856314080954 -252.69875464677813
-1214.73625012815 -250.97270891904833
-1215.5424330490828 -249.5876172566414
-1214.070276286006 -247.88211188554766
-1215.080403353572 -246.15180418729784
-1215.184996302724 -244.46502611875536
-1215.1678797858954 -242.75501094102862
-1216.1592964786291 -242.01539317607882
-1217.068010236621 -240.47889462947848
-1217.8115138667822 -238.9386760377884
-1218.7737980741263 -237.9589808368683
-1219.5299766916037 -236.30230442523958
-1218.3963461774588 -234.65378979682924
-1216.8346267598868 -233.01267162799837
-1217.7271351474524 -231.45128182411196
-1218.5248397248984 -230.66036180496218
-1217.669591512084 -229.05929795742037
-1218.6015587109327 -227.9215088272095
-1217.4252381581068 -226.47359029293062
-1217.140269126296 -224.90150443553927
-1216.3397326129675 -223.2170695447922
-1217.1216301578283 -221.52814165592196
-1215.7255324977637 -220.05060819625857
-1216.31939050138 -218.374871172905
-1216.6862526792288 -217.8419052743912
-1217.5671525853872 -216.20610395908358
-1216.8133521932364 -214.73072020053866
-1217.0807893830538 -213.0549511098862
-1217.8012212473154 -211.63172713756563
-1217.5245353537798 -210.36043957710268
-1218.2458856660128 -209.00362459659578
-1217.6918064910174 -207.34326306819918
-1218.43445664227 -205.7355808401108
-1219.2580825644732 -204.24283520221712
-1219.6787262815237 -202.9201054954529
-1219.2613129276037 -201.26926056385042
-1219.8800384658575 -201.4638664507866
-1220.0690432447195 -201.74261240005495
-1221.0280580180884 -200.0960178756714
-1221.6289239782095 -198.49215511322024
-1221.4627674478293 -196.9790927553177
-1222.2907605427504 -197.35179636716845
-1223.0782121676207 -195.74106118917467
-1223.2603922742605 -194.18547401666643
-1223.9780879873038 -192.68725250005724
-1224.8846153873205 -191.27248738050463
-1225.6997294086218 -189.72819361925127
-1225.9915666240454 -188.3187397503853
-1225.5242004054785 -187.51278583049776
-1226.435191835761 -185.9427924537659
-1227.1255483287573 -184.89324251651766
-1227.754076089263 -183.31907550334932
-1226.6831212896109 -183.07398951888086
-1226.0107949632406 -181.74709368586542
-1226.5979885715246 -182.46029008269312
-1227.0713022607565 -181.7298528635502
-1227.1881708461046 -181.20027566790583
-1228.0747627574206 -179.63220370650293
-1228.7689007478953 -178.31758261561396
-1227.013326163888 -176.75599408984186
-1225.6496586757899 -177.71437967658045
-1224.6606696802378 -176.52721262812616
-1224.0821497398615 -175.36380554080012
-1224.1925240713358 -173.8580319964886
-1224.371486093402 -172.34396613478663
-1223.8950989800692 -170.75994945406916
-1224.6260811644793 -169.18962109923365
-1225.1093051987887 -169.54570309162142
-1225.948178704381 -167.9793597841263
-1226.0272988039255 -166.56346825599672
-1225.6957411128283 -165.82850907087328
-1226.32372754395 -164.59709284543993
-1227.1034858185053 -163.0216115498543
-1227.858641024232 -161.47230825662615
-1227.6233091014624 -160.1283955359459
-1226.235674108863 -158.56359086275103
-1224.7838481324911 -157.0590790295601
-1224.9551750975847 -156.6591031932831
-1225.5268757897616 -156.30069340109827
-1226.1706700879336 -154.73507607817652
-1225.772801335454 -153.3119075381756
-1226.4316490846873 -153.13906299412253
-1226.1226962167025 -151.69521188080313
-1225.857597346902 -151.0353062683344
-1226.6900280672312 -149.48998122751715
-1225.6344876247645 -147.9762905174494
-1225.7334555643797 -146.81015186846258
-1226.6173219937086 -145.5499501758814
-1226.3159504789114 -144.00684910357
-1226.931859280467 -142.61599093019964
-1226.7938751238585 -142.61303419709208
-1225.2035414236784 -141.08478302598002
-1226.097667004466 -140.42391640782358
-1226.4095360594988 -138.8627132856846
-1227.1479163724184 -137.2786205494404
-1225.5104648429156 -135.70423836350443
-1225.0226435023546 -134.18330342411997
-1224.9622787195444 -134.51714376449587
-1225.069400395751 -135.3524684095383
-1225.5983982342482 -133.76364985942843
-1223.8419778603316 -134.4811827325821
-1222.6328500765562 -135.35789457798006
-1221.3759771841765 -133.94035939216616
-1221.707017685771 -132.32929066658022
-1220.707112814784 -130.71426788806917
-1218.9842964667082 -129.3113375091553
-1218.6910651284456 -127.82542816638949
-1217.2415741044283 -126.19116393566134
-1215.9063222962618 -124.5396008872986
-1214.1169457989931 -122.94522289276125
-1212.825135524869 -121.30784837245943
-1211.0784570533037 -119.7809088611603
-1211.1109710592032 -118.35944406032564
-1210.3338951724768 -117.42726508617403
-1208.8201387780905 -115.72980634212496
-1208.2530083912611 -114.20146981716158
-1206.5458717602492 -112.62617138862612
-1205.0632736939192 -111.34640041828158
-1204.363466169238 -112.323411026001
-1203.6999568003416 -112.95700536012652
-1202.402419115901 -112.93700552821161
-1201.3932774323225 -112.45995915770533
-1200.215384747386 -111.33203066229822
-1200.689326311946 -110.93503806829455
-1199.7504536169768 -109.82968006372454
-1198.9066268461943 -111.12166617155077
-1198.0206398624182 -110.25410387754442
-1199.3263010638952 -109.07880685567858
-1200.4446758884192 -108.59998063087465
-1200.7388690966368 -109.0917989099026
-1199.8995180386305 -110.34159756541254
-1201.3900010842085 -111.501572855711
-1200.4739171522856 -111.97375834822657
-1200.7704417961836 -112.36608136534693
-1200.099722172618 -111.5056296670437
-1199.5980946081877 -110.94435943007471
-1198.8587116259337 -110.64805925726893
-1199.021948929429 -109.43535412192347
-1198.304897363782 -108.09459520220759
-1199.8315804558993 -108.17852722197773
-1199.0726457196474 -108.96244011908772
-1198.4641727167368 -107.99181769877674
-1198.7020732867718 -109.43187736064198
-1197.8790334570408 -110.67698918372395
-1197.3223738181591 -110.78242000281813
-1196.470023225546 -109.92216082751753
-1195.5773379909992 -110.19796838700773
-1194.8359222519398 -109.7273446851969
-1194.413890759945 -108.74120061933996
-1194.6482446599007 -107.58172672331335
-1193.8954978394509 -106.75691133081915
-1193.3134203362465 -105.56448035776617
-1192.645778517723 -104.42649572432043
