-1163.98 -308.54
-1165.4641612577439 -309.482959189415
-1166.8801849889755 -311.232843914032
-1168.3821302461624 -310.5412276172638
-1169.5338249015808 -312.3845851802826
-1171.3955116081238 -313.81761173248293
-1173.2279543685913 -312.9185766363144
-1174.8187668132782 -313.5310923242569
-1176.565247039795 -313.3030098164082
-1178.4416323709488 -313.4425662094355
-1180.1542997169495 -313.77681838810446
-1181.9817940998078 -312.86627274096014
-1183.5924744415283 -311.76782827913763
-1185.3065649080277 -310.90676521599295
-1187.0280595827103 -312.49873184502127
-1188.8467954206467 -311.37581633865835
-1190.4035254526138 -310.9224130743742
-1192.2147410917282 -309.9256306523085
-1194.0083588171005 -308.9605892533064
-1195.2658219146729 -308.6359425121546
-1195.5190833616257 -306.8664784961939
-1197.0161067056656 -307.8276915484667
-1198.578198890686 -306.15306758224966
-1199.848906736374 -304.3042211467028
-1198.9225386190415 -302.4929693871737
-1200.1895832824707 -301.79971288979056
-1201.621774058342 -299.94500302612784
-1202.6433422374726 -298.34823667347433
-1203.8394572544098 -296.65835916340353
-1203.3326564240456 -294.8420318299532
-1204.3382172989845 -292.9576350384951
-1205.4454696583748 -291.07106291592123
-1204.3575808215141 -289.7759494715929
-1205.53447858572 -287.89687394440176
-1206.705709617138 -286.01522731125357
-1205.9635708141327 -284.15461026966574
-1204.9017773675919 -282.28756629765036
-1205.8183435606957 -280.4430125886202
-1206.9234733986855 -278.6371135646105
-1206.3835573601723 -276.78363406002524
-1207.527230899334 -274.91684364616873
-1206.51629642725 -273.1282837325335
-1207.4550155210495 -271.2835488253832
-1206.9889573562145 -269.54814087688925
-1208.1134746778012 -267.71537696659567
-1209.1311318385601 -265.92387401402
-1210.2262900578976 -264.6270499163866
-1210.8239060151577 -262.99416064560415
-1210.8410355854035 -261.6715135508776
-1211.6369319963455 -259.96738611996176
-1212.0728843915463 -258.23192726910116
-1213.1039748895168 -256.6084849768877
-1212.9469742435217 -254.9043630295992
-1213.8845775979757 -253.5437411004305
-1214.521386589408 -252.0870305234194
-1214.0723962444067 -251.47097050487997
-1214.0928689199686 -249.80977331936361
-1214.675992127061 -248.12019800484182
-1215.4755290704966 -246.41122817337515
-1216.1524469810724 -244.70864199936392
-1214.5565085369349 -243.32470630943777
-1214.4411937850714 -241.65013944447043
-1215.448363031745 -240.07550501167776
-1215.9384804922342 -238.5989090138674
-1216.07485386312 -237.219968431592
-1216.2139609712362 -235.6633690530062
-1217.0563733237982 -235.44087519586088
-1217.5682519930601 -233.98445215165617
-1215.8518731850386 -232.3171069854498
-1214.8410105961561 -230.7621858352423
-1214.1709487098456 -229.29294159352781
-1212.9404499191046 -227.59435071885588
-1213.734002198577 -226.11394252717497
-1213.3699752944708 -224.4583800071478
-1212.8504526275397 -222.74685456693175
-1211.5088383811712 -221.6105023854971
-1212.4068189519644 -220.04490890443327
-1211.1069043534994 -218.81626763284208
-1212.0009379047156 -217.04060091912748
-1210.7555557149649 -216.14825966298582
-1210.61174366951 -214.7433891528845
-1210.4395738053322 -213.57044842183592
-1210.1307558226586 -211.77382972180845
-1211.1306455540657 -209.97051336705687
-1210.245033185482 -208.65016903817656
-1210.2234899508953 -207.03124787747862
-1211.0343700158596 -206.0752095216513
-1211.0114863622189 -204.32839181363585
-1211.335952322483 -202.72412230908873
-1211.9699930357933 -201.19820311009886
-1211.2200450706482 -200.18715324342253
-1210.6086662817002 -198.49920930802824
-1210.7649884331227 -196.77059211671354
-1211.2387261795998 -195.00346674859526
-1210.9601979959011 -193.834193610549
-1210.8517527836561 -192.09535517632963
-1210.745604749322 -190.80924727857115
-1209.8354343730211 -189.69783344209196
-1210.2624538201094 -189.31481968700888
-1208.6191551941633 -187.53197478592398
-1209.6682641762495 -187.42953153789045
-1210.2961085695028 -185.67318614661696
-1209.2931922334433 -184.05343207061293
-1210.0549280303717 -182.409924351573
-1211.080109681487 -180.93416544139387
-1211.8416174310446 -179.9489323729277
-1212.8656795877218 -178.42275282084944
-1212.4048282164335 -176.75752385795118
-1211.5864579933882 -176.46125837504866
-1212.470707859397 -174.68809112250807
-1212.0473971623182 -173.11332758605482
-1212.5888617295027 -171.3645931118727
-1213.0141018885374 -171.0091174477339
-1213.7278954046965 -169.31063159644606
-1214.3066928642988 -168.5096394056082
-1215.069394852519 -167.45497527062895
-1215.6318792957068 -166.39264097154143
-1214.5815632003546 -164.69477834641935
-1214.2070212620497 -163.97321947753431
-1214.0563410180807 -162.42289670646193
-1215.0144645828009 -161.21587094008925
-1214.5100041884184 -159.51569124400618
-1214.8102444070578 -157.96508475482466
-1214.1650007623434 -156.41395898997786
-1215.1512664216757 -155.4663197630644
-1214.3949671047926 -154.30872150599959
-1214.9261030215025 -152.9494831198454
-1215.6566577214003 -152.0268597239256
-1216.4969598311186 -151.41350241839888
-1217.1496085184813 -151.73152192771437
-1218.1265454548598 -150.646149956584
-1217.0594022530317 -149.80251326501372
-1217.768237735629 -148.4294744962454
-1218.18213522017 -148.86988746464255
-1217.7619897085428 -147.2769172126055
-1218.3899758416414 -145.7428368264437
-1218.8805442112684 -144.2359220916033
-1218.0475334185362 -142.93855976402762
-1218.8200429934263 -141.79603146851065
-1218.3474016743899 -142.2988418275118
-1218.0184505540133 -140.85523413956167
-1218.9892789679766 -140.49946459472181
-1217.4594748574495 -139.39705666244032
-1215.8789347964525 -138.84096577107908
-1215.6128124552965 -137.13937022626402
-1214.1360811549425 -136.2267467015982
-1212.4502803641558 -135.592197560668
-1212.5190952974558 -134.44693460404875
-1211.7358285146952 -132.91481354177
-1210.300011034608 -133.14908485949042
-1210.9574514585734 -131.4018582636118
-1210.5881914454699 -130.0414645010233
-1209.547562058568 -128.41494672834875
-1208.8218448716402 -126.83320396482947
-1208.599399085641 -126.80971356570723
-1208.8322619605065 -125.50024720370772
-1207.2622243571282 -124.60624273955824
-1206.06872538805 -123.89231672227385
-1204.5247621941567 -123.6297374302149
-1205.1753414678574 -123.60487651169302
-1204.9273546892405 -123.55087675988676
-1205.0850284653902 -124.10622706353666
-1205.0275094467402 -122.55922653615477
-1204.2882224279642 -121.30292704045775
-1203.8708523470164 -119.60111310422423
-1203.9813309270144 -117.88600065648558
-1204.747629697919 -116.15792384088041
-1204.4813838857413 -116.42307790458204
-1203.9611333864927 -116.52262016475203
-1203.8045365172625 -115.14028128325941
-1202.8788985568285 -115.72138639628889
-1201.4932696181536 -115.37394832909109
-1201.3688038173318 -114.17857944309714
-1202.3934692922235 -115.03626757204535
-1201.661739665568 -115.42444174826147
-1202.8494469705224 -115.21652426660063
-1202.1182221356034 -114.6794208520651
-1201.1477579060197 -113.12232365548613
-1201.1963088396192 -113.97858234584334
-1200.970784727037 -112.58393665492537
-1200.069002393186 -111.48924299418928
-1199.2863854798675 -111.35934899091723
-1199.503450292647 -109.81297669649126
-1198.9996965709329 -109.33199180006983
-1199.177190977633 -107.9886255347729
-1198.860311794579 -106.89183045268061
-1198.6703525069356 -108.33821249842646
-1199.2280562999845 -109.27523446917536
-1198.5772930267453 -110.56110907435419
-1198.6918310704827 -111.67257488608362
-1197.8957006517053 -111.30406869292261
-1199.0638190093637 -112.2109268987179
-1198.1687875571847 -111.19528294444086
-1197.9488542857766 -110.638602026701
-1197.454574662745 -111.21719635367396
-1198.4491877737642 -111.82123888373377
-1197.8409166517854 -111.24753964781763
-1197.9331065896154 -111.16890750169756
-1197.3639944675565 -110.97543033301832
-1196.72871981889 -110.06636687457564
-1196.0424191835523 -108.87922402560713
-1195.3664328935743 -109.65551026999952
-1194.816936481297 -110.2944671148062
-1194.0673178318143 -110.07387457132342
-1193.7686096909642 -110.25043789386751
-1193.5309673431516 -110.34571481585505
-1193.500491309464 -109.14609719157221
-1194.053793657124 -108.50611014008524
-1194.266542661488 -109.10805601716044
-1193.514565396607 -110.07941074013712
-1192.9401443484426 -109.83662953317167
-1192.2849349859357 -108.46155300080778
-1193.880601990521 -109.24505009591581
-1194.9326933506131 -108.71897896468641
-1194.7859048727155 -108.47240039050581
-1194.3621336701513 -109.8607712620497
-1193.5953708174825 -109.10359152495863
-1192.945289182961 -109.0962389791012
-1194.5799971106649 -108.5536461555958
-1195.5907940152288 -108.5140116670728
-1195.7960380795598 -107.93154053479435
-1195.6512329164148 -108.11025707513096
-1195.1503821793199 -108.4447637358308
-1194.3170496407151 -107.31037290483715
-1195.0282050552964 -106.5201010861993
-1194.3521031919122 -105.43592633396389
-1195.2595362845063 -104.28938092380764
-1194.3495588484407 -104.19536145120861
