-1163.98 -308.54
-1165.4775187778473 -309.56186965942385
-1166.9512986946106 -308.8048223638535
-1168.2698778915405 -310.6441818857193
-1169.474444489479 -312.52962259292605
-1171.3180800485611 -312.89099014639856
-1173.1953992652893 -313.59941489338877
-1174.9579143333435 -313.6656804466248
-1176.847106795311 -314.239286043644
-1178.3907879400253 -314.3839275622368
-1180.2689024019242 -313.9244951987267
-1182.1170609998703 -314.914926507473
-1183.9758530664444 -313.89093885660174
-1185.7928329515457 -313.5983162903786
-1187.283328037262 -312.96001986503603
-1189.1237602043152 -313.33878649115564
-1190.5684960889816 -312.56221867442133
-1191.1604468631745 -311.9777699196339
-1192.9230793523789 -310.80189985871317
-1194.5336905527115 -310.5185796105862
-1195.8295641946793 -309.98609317183497
-1196.737169365883 -309.56480345964434
-1198.0125556993485 -309.712163695097
-1199.3953045415878 -307.86527920603754
-1200.9471506881714 -305.99145174860956
-1202.011668305397 -304.1342780673504
-1202.8456163811684 -302.2955179297924
-1204.1831418681145 -303.0040280902386
-1205.061467807293 -301.2356264674664
-1205.4936375129223 -299.38239885210993
-1205.8243105518818 -297.5155856692791
-1206.0523077952862 -297.1797844851017
-1205.8879150855541 -295.7254003965855
-1205.1315404284 -293.9262527906895
-1204.5867462265492 -292.1014131987095
-1204.357353593707 -290.39104563832285
-1205.5612817066908 -288.999310323
-1206.6976663130522 -287.1413784706593
-1207.323828305602 -285.3341327393055
-1208.4926514285803 -283.7880871975422
-1209.4725024360419 -281.96232683300974
-1208.8179332870245 -280.2082157814503
-1209.8512847083807 -278.39072043538096
-1209.168697323203 -276.9668153011799
-1209.5418869513273 -275.15202147603037
-1210.222379590869 -273.3734315121174
-1211.1630677837134 -271.7243264400959
-1212.178287114501 -270.0046137058735
-1213.0304199117422 -268.3753174030781
-1214.055385197997 -269.35250604987147
-1213.0093552726507 -268.0692554795742
-1213.9275302547217 -266.88204372763636
-1214.2042954224348 -265.352558978796
-1213.2264642375708 -263.63582790732386
-1214.0742722409964 -261.91504491209986
-1213.3687148946524 -262.9102253997326
-1213.1740619796515 -261.17893601298334
-1213.3663379508257 -259.50044752001764
-1213.2322223293781 -258.01137567400934
-1213.9382113921642 -257.1237274491787
-1214.7625801670551 -255.4874252164364
-1213.389603625536 -253.99078667998316
-1212.5104600298405 -252.49887801051142
-1213.443543444872 -250.85728741526606
-1213.9002450215817 -249.12490177989008
-1214.9072175729275 -247.50176549792292
-1215.7044618833065 -245.82033861517908
-1215.8961613285542 -244.1133104646206
-1216.879101883173 -242.46230424284937
-1215.447747837305 -241.36699939608576
-1216.31433547616 -239.69024361014368
-1216.9214842426777 -237.99411440730097
-1217.8493449795246 -236.32720304369928
-1218.7027034270764 -234.9255368793011
-1219.4034500825405 -233.44476259589197
-1219.3134852159023 -231.82181836009028
-1218.778959106207 -230.19847954154017
-1219.544843505621 -228.70128763556482
-1218.3276439416409 -227.21257902026178
-1218.9969025361538 -225.5513627612591
-1217.467283796072 -226.3098700129986
-1218.3781764018536 -225.70154673695566
-1218.9035000312329 -224.58674842953684
-1218.4956511366368 -223.34533316731455
-1218.0858328151703 -221.83171827435496
-1218.8650409984589 -220.48193747639658
-1219.2239196407795 -218.8520236694813
-1219.0422646808624 -217.19297654271128
-1219.132235865593 -216.21513605952265
-1218.453635673523 -215.51261312603953
-1218.7878365027905 -214.1163036310673
-1218.4702209341526 -212.56090254426005
-1219.4226890909672 -211.32727343678476
-1218.134828697443 -209.7180795156956
-1218.9834452974796 -208.0451777660847
-1219.5804051864147 -206.413391777277
-1220.4605788695812 -205.24037212967875
-1221.0692354547978 -203.60562438607218
-1220.7215755689144 -202.22814530968668
-1220.827767919302 -200.8412780249119
-1221.5820996272564 -201.33611790180208
-1221.8518110919 -199.93580273628237
-1221.8143806564808 -198.76476387023928
-1222.7697446453572 -197.1811967277527
-1221.7571328985691 -195.73416356086733
-1221.9487583744526 -194.15268985271456
-1222.482417832613 -192.53690330028536
-1223.4164676773548 -191.0800278568268
-1222.7063977825642 -189.51541117668154
-1223.5014120447636 -187.9104550266266
-1224.4326362717152 -186.31672255039217
-1223.9875189173222 -186.1986850434542
-1222.2212712872029 -184.60743498146536
-1221.0782743799687 -183.06701027691366
-1221.1454978692532 -182.36086981832983
-1220.968081008196 -180.85316687166693
-1221.7362349140644 -179.54010682642462
-1220.6661715614796 -179.03573840200903
-1221.5323964464665 -177.8324311310053
-1221.9197999048233 -176.40847783625128
-1222.8536078739166 -174.7904813820124
-1223.4049431490898 -174.2476043635607
-1222.5727327275276 -172.82423614799978
-1223.4454259085655 -171.19443034470083
-1223.3527045357228 -170.0947289401293
-1223.605858783722 -168.61706518471243
-1224.4725863742829 -167.10792099773886
-1224.575363676548 -165.55921470463278
-1225.3560148882866 -164.50048302948477
-1226.1102829384804 -162.9210067921877
-1226.2053468930721 -161.47320341408255
-1227.1163502442837 -160.4212840729952
-1227.922016452551 -159.0457264119387
-1228.7775175082684 -158.8351675206423
-1228.2040563333035 -157.3086519175768
-1226.4215223300457 -155.73601984322073
-1225.4092077720165 -154.2410627537966
-1224.1808275687695 -152.81289564907553
-1224.749692569971 -151.41568850815298
-1223.7503876793385 -150.95382928192618
-1222.960746716261 -150.1921546393633
-1223.8446281063557 -148.60969423592093
-1224.0458078491688 -147.92023193180563
-1223.3006554949284 -146.70087467968466
-1222.2455265629292 -145.27402352631094
-1222.2048034775257 -144.97599067628386
-1223.0911336052418 -143.5256568425894
-1223.7808913099766 -142.3406222099066
-1224.4877066719532 -141.527799808383
-1225.422946523428 -139.95387180984022
-1224.074191402197 -138.60353621184828
-1222.5186415421963 -139.57692977130415
-1223.1776888477802 -137.9861863487959
-1222.80903444767 -136.3643726938963
-1223.5090558338165 -136.25726440638306
-1221.7599003124237 -134.9476398536563
-1222.4004643964768 -133.3619077512622
-1222.2822645115853 -131.81416085451843
-1221.2392197060585 -130.52258363455536
-1220.4419471430779 -129.5250760623813
-1219.9400110054016 -129.695383117497
-1220.108334581852 -128.31997637540104
-1218.8645048546791 -127.83000038653614
-1217.5838469672203 -127.37134553581478
-1215.8899141955376 -126.24089111477139
-1214.097338836193 -124.69034685283901
-1212.6091067004204 -124.40446777731182
-1210.860361020565 -122.71632678896191
-1209.5397921013832 -122.34943221598866
-1208.4967499184609 -121.80361513882877
-1206.9237320828438 -119.97384409695866
-1205.5074310708046 -119.45450364142658
-1204.0741773056984 -119.17720465451481
-1203.282829682827 -117.85121588498356
-1203.9783052611351 -117.8344346740842
-1205.043708126545 -116.34719745904209
-1203.529851834774 -114.60793261319401
-1204.6832082676888 -114.66006691843273
-1204.5768216508627 -114.21225454002621
-1203.0387099641562 -112.56244327217343
-1201.8533332008124 -113.27989436775448
-1200.9186446326971 -113.75591544896366
-1199.7980385679007 -111.92228500634434
-1198.8282893556357 -112.38765283018353
-1199.1795835453272 -112.47413231521847
-1199.44384434402 -112.88813819080593
-1199.0150445061922 -111.168116466105
-1198.1955640870333 -110.12994219452145
-1197.3045358020067 -109.9372280547023
-1196.5455316859484 -110.80457255333664
-1198.0723002511263 -110.48608934968712
-1198.1935518044234 -109.27603614419701
-1197.4103231686354 -109.57318314999344
-1197.310906495452 -109.10248604506256
-1197.4025838333368 -107.85616412848236
-1198.1685619908571 -109.0507711479068
-1197.3187984782458 -107.75612035483124
-1197.596384997964 -107.39235791653397
-1196.672806020379 -108.71290239781143
-1195.9576232391596 -107.68122646301987
-1196.0084322947264 -107.50153900772335
-1195.2656358736754 -106.93979646354916
-1194.3697101134062 -106.08018197208645
-1193.5386355775595 -106.9368286290765
-1193.235633816123 -105.70756150871517
-1192.4014730113745 -105.35415913254025
