-1163.98 -308.54
-1165.8768040943146 -309.98676089286806
-1167.664889793396 -311.0210439348221
-1169.558799366951 -311.6967812561989
-1171.4466140079498 -312.88809464216234
-1173.3208191204071 -312.39760253667833
-1175.201405506134 -313.55067835092547
-1177.0050613689423 -312.44543323755266
-1178.890385966301 -311.65731892824175
-1180.7820285367966 -312.520494260788
-1182.6708313035965 -313.4420126461983
-1184.548063378334 -312.18716690778734
-1186.4345086622238 -312.98590985774996
-1188.2948468732834 -313.41681633234026
-1190.0630425024033 -314.5398934864998
-1191.5140901613236 -314.8529270076752
-1193.2256744909287 -313.7707840585709
-1194.955702881813 -313.05339036226275
-1196.6954340744019 -312.0831746244431
-1197.3820838737488 -312.4289346122742
-1197.0781658101082 -311.9457121872902
-1196.7435013461113 -312.1253370726109
-1196.2106225299835 -312.0712390625477
-1197.5671806144715 -311.46702141404154
-1198.951480846405 -311.1846092426777
-1199.2782123792172 -309.558565684557
-1199.3245089161396 -307.9941143476963
-1200.7833082783222 -306.1821586573124
-1201.994028698206 -304.36095029950144
-1202.4848281252384 -302.47577817082407
-1201.6237188088894 -301.4199095451832
-1202.401132951975 -299.5413332664967
-1201.070485483408 -297.7093015396595
-1202.2620544540882 -295.96324259877207
-1202.454369198084 -294.0670750820637
-1202.8539363849163 -293.8141634845734
-1203.522992323637 -292.36683539390566
-1204.818347285986 -290.5520086669922
-1204.5040131914616 -289.8889906191826
-1204.6485350239277 -288.017892100811
-1204.9262682902813 -286.2071894192696
-1205.929521034956 -284.4778166794777
-1205.8556455928087 -282.61630997896197
-1206.114375229478 -280.76127383947374
-1205.5264638620615 -279.16768560647967
-1206.0962635236979 -277.4486212515831
-1206.744547303319 -275.9602273488045
-1206.8770206081867 -274.184821703434
-1206.9312538164854 -272.38838074445727
-1208.1285319584608 -270.64685175657274
-1209.261848475337 -268.81769893407824
-1208.7006582278013 -266.9999024653435
-1208.502523805499 -265.78694150686266
-1209.423899139762 -264.04883716344835
-1209.978677894473 -262.54255578756334
-1209.2884097355604 -260.91451189756395
-1209.9347987431288 -259.2474038386345
-1209.8151724892855 -257.450685479641
-1210.6404805737734 -255.6537419342995
-1211.431455667615 -253.92464933633806
-1210.5434504705668 -252.2003201031685
-1210.821403618455 -251.6224289917946
-1209.8500037747622 -249.9955912613869
-1210.1761558014155 -248.2642017388344
-1211.0330534535647 -247.64856515169146
-1211.4912133175135 -246.6625935816765
-1212.5569343525171 -245.42893908262255
-1211.47463583529 -243.9563574576378
-1210.7136090952158 -242.2855355525017
-1209.1931755501032 -243.11533437013628
-1210.2294286447764 -241.72899041414263
-1208.5930186468363 -240.0023072743416
-1209.550156827569 -238.26874253988268
-1210.1190191465616 -236.5396609091759
-1209.7984780329466 -234.8686494612694
-1210.688461984992 -233.16283259630205
-1209.503579582572 -232.84987906455996
-1208.2181245940924 -231.1901913070679
-1208.8894679802656 -229.85895112991335
-1209.9633252876997 -228.0726932668686
-1210.8431061166525 -226.32871905803682
-1211.3821985381842 -224.60004905700686
-1212.142550970912 -223.0994106912613
-1213.1336016911268 -221.45505229473116
-1214.048608686328 -219.7999745988846
-1214.6374123948813 -218.12579194545748
-1214.9381058770418 -216.7541115665436
-1215.7254647570849 -217.41322330474856
-1216.727581794858 -215.6500541353226
-1216.0499566155672 -214.89067677497866
-1216.707424994111 -213.17212049007418
-1216.6872132974863 -212.9509592139721
-1216.939132179618 -211.28822089076044
-1217.4624446290732 -211.6359236621857
-1218.325167502761 -209.97487584590914
-1218.9131533759833 -208.77786008358004
-1219.6288360613585 -207.13259378910067
-1219.0792299169302 -205.50031785011294
-1219.6064196485281 -203.86086420059206
-1220.3982556122542 -202.7842299127579
-1220.669876869321 -201.15243522167208
-1221.6046633082628 -199.43779007434847
-1222.348783786893 -197.75999680995943
-1222.1438739854098 -196.11228612899782
-1222.357256706357 -194.4986788415909
-1223.0390742379427 -192.87778965473177
-1223.292614634633 -191.6925231599808
-1222.8219873267412 -190.07090369701388
-1221.8698775726557 -188.47076276779177
-1222.7286064583063 -186.85479871273043
-1221.7934963661432 -185.26416961193087
-1221.1055329996348 -183.76170889377596
-1219.9129303652048 -182.46080354690554
-1219.3636999684572 -181.15920535564425
-1219.6932541388273 -179.65528432369234
-1219.0673946994543 -178.19694987773897
-1218.6387232798338 -176.87756172657015
-1219.4330917853117 -175.43918315410616
-1220.0613891142607 -174.5102790975571
-1219.1298284190893 -172.88824907779696
-1219.8313279408217 -171.37767712116244
-1218.2409417885542 -171.25662922203543
-1217.0137648838759 -169.67089711964132
-1217.73965385139 -168.2628940278292
-1218.0612683850527 -166.75915514767172
-1218.9588572341204 -165.0853830510378
-1219.5501064616442 -163.64725291073324
-1219.9504304784537 -161.98952566921713
-1218.4201799291372 -160.34388911068442
-1219.342850472331 -158.89663242638113
-1220.2861511963606 -158.31813775837423
-1220.9614852327109 -156.92634081184866
-1221.8501300472021 -156.3649914199114
-1221.7016641157866 -154.74732231438162
-1222.3714835900068 -153.52030908405783
-1223.205986763835 -153.76994904220106
-1223.6729883807898 -152.21336563766005
-1223.8587014633417 -150.74860652625563
-1222.1080026584864 -149.23921581447127
-1222.610207553506 -147.6776624554396
-1220.968827958703 -146.07939084708693
-1219.6768330293894 -144.65925654113295
-1220.1081586140394 -143.03918191134932
-1220.0448240298033 -142.3607632750273
-1219.0088447588682 -140.7663904064894
-1218.148604835868 -139.2342482441664
-1218.3600781220198 -137.77466281592848
-1217.7373806494475 -136.7015846604109
-1217.6146922665835 -136.04287441909315
-1218.0006695050001 -134.54718311965468
-1216.957298900485 -133.1634850138426
-1215.8039251822233 -131.65814324557783
-1214.3639515894652 -129.97904154002669
-1212.742714073062 -129.46967186868193
-1211.064021255374 -127.73256316125395
-1210.8077325481177 -126.39581003129484
-1209.4600988286734 -124.63199105203154
-1208.190280045867 -122.82347800672056
-1207.6756348270178 -121.04756619870665
-1206.8851841944456 -119.50067522466185
-1205.5458003538847 -117.72362687528135
-1204.3668012875319 -115.86308636605742
-1202.8671490210295 -114.2997354501486
-1201.9306366103888 -113.83669646918776
-1201.0981265562773 -114.10012205779555
-1200.1587689775229 -112.47586377799513
-1199.1805107849837 -112.68985807240011
-1198.1938564437628 -111.80621158421042
-1197.7395321387053 -110.3773000174761
-1199.3528309124708 -109.77079629242422
-1198.6208724039793 -108.73252844154837
-1197.8355467575789 -107.51499366104605
-1197.1284429091215 -107.10582553684714
-1196.2826237934828 -106.55858563721182
-1196.2394465762377 -105.74539493858816
-1195.2728936630488 -105.6248677903414
-1194.3816013294459 -104.6140252286196
-1193.8805270153284 -104.9844597810507
-1193.5384707707167 -104.05869462430479
