-1163.98 -308.54
-1165.8798782634735 -308.76790844738485
-1167.7746265935898 -308.67583313673737
-1169.669444899559 -310.0172405549884
-1171.5033174562454 -310.72826382607224
-1173.3905625152588 -311.6253985473514
-1175.1767780590058 -311.56697845548393
-1177.0374810504914 -310.9688363084197
-1178.892919998169 -310.78938219040634
-1180.764283041954 -311.9647749373317
-1182.6167839574814 -312.6841572830081
-1184.4761379766464 -312.3735906490684
-1186.3131648111344 -310.8651425251365
-1188.1066152858734 -309.3618204006553
-1189.9831728744507 -310.3862572321296
-1191.7319121170044 -309.6127662071586
-1192.654508213997 -308.55385583728554
-1194.5159724760056 -308.0879456111789
-1195.8277569818497 -308.96227303236725
-1197.6574890422821 -308.5760121354461
-1199.3512531328201 -309.53608590453865
-1200.8119640159607 -308.3883777269721
-1201.317791442871 -306.50987070888283
-1200.5985121536255 -304.6229665884376
-1201.781346063614 -303.3002579817176
-1203.2215968179703 -301.76704877704384
-1203.7496565389633 -299.9080987581611
-1203.5749316620827 -298.01440173476936
-1204.9086852478981 -297.1315543064475
-1204.8068990963698 -295.5394151815772
-1205.8367141741514 -293.65274089664223
-1207.0620268839598 -291.9809578070045
-1208.2297691363096 -290.1529342541099
-1209.3784872549772 -288.3216121801734
-1208.0522727030516 -286.50824934333565
-1209.2129867333174 -285.4948186287284
-1209.6707250732184 -283.9463579067588
-1210.1235487419367 -282.1782696852088
-1211.0994700151682 -280.3877287515998
-1211.8647571760416 -278.6451087602973
-1212.400880869031 -276.89951914638283
-1211.3800939875841 -275.1510438331962
-1211.6709298747778 -273.38173085540535
-1212.6249510902167 -271.6663468489051
-1213.4616537946463 -270.151299417913
-1212.2779299873114 -268.46515852302315
-1212.5255436855555 -266.751299918592
-1213.5773723083735 -265.02016538470986
-1214.100138540864 -263.290718139112
-1214.9728504377604 -261.576291860044
-1215.9826347786188 -260.2676125177741
-1216.6826413828135 -258.57407969325783
-1217.0163734811545 -256.92580527156593
-1217.8387347716093 -255.2497209915519
-1218.688463832736 -253.58441108554604
-1218.368191625476 -251.9723840364814
-1218.3900195914507 -250.3879421362281
-1218.8918772298098 -248.76752251476051
-1219.8506560879946 -247.13748163074257
-1219.610232617259 -245.53109210819008
-1220.5469465512037 -243.98619645923378
-1220.495586718917 -242.81499296516182
-1221.402419294715 -241.22246545642616
-1219.877813424468 -239.95624715179207
-1219.0525828260184 -239.50073129028084
-1218.035883988738 -237.95283252090218
-1218.5400000470877 -236.5473306784034
-1219.5071937698126 -237.5069720157981
-1220.1591380494833 -237.0096688577533
-1220.2845397549868 -236.02714428395035
-1220.244829352498 -235.0608681151271
-1221.177695210576 -233.73099026173355
-1221.581863667369 -233.54334639102223
-1222.3896718281508 -232.19577168017628
-1221.357747580409 -230.70349405795338
-1222.1869349735975 -229.07377241641285
-1223.09874191463 -227.45541237384083
-1223.6192293423414 -225.91379664927723
-1224.0860966700316 -224.29222391635182
-1223.7042884486914 -223.1119489529729
-1224.1432886976004 -221.51951156646015
-1223.8360268729925 -219.91026221305134
-1224.757914389968 -218.31590746432545
-1225.326806511283 -216.7822257140279
-1224.5525284069777 -215.25311957389118
-1225.2348846453428 -213.74386762171986
-1224.381930257678 -212.1603128769994
-1225.1045097368956 -210.5780281880498
-1225.9213484185934 -208.97329829722645
-1225.044836487174 -207.4352711299062
-1225.503432597518 -206.10788558512928
-1226.421151842475 -205.10106907874348
-1227.2410540241003 -203.51343737632038
-1226.3523413795233 -202.037053809464
-1227.0343073862791 -200.4557527163625
-1227.4204280930758 -198.8831606963277
-1225.7159147816897 -198.19794856101277
-1224.770161922574 -196.85034237891438
-1224.4103293973208 -197.37118165284397
-1223.5834924536944 -195.79329447537663
-1223.4496107059717 -194.33470325261356
-1223.055436487794 -192.78018216878178
-1223.961681600213 -191.19696013718846
-1224.7826349693537 -189.70264153271916
-1225.6105881887675 -188.73179738312962
-1226.3991163927317 -187.18458239823582
-1227.305350061059 -185.63851039201023
-1226.6119512277842 -184.1829807022214
-1227.4520790535212 -182.60881392747166
-1228.1032049614191 -181.04885809212925
-1228.8873186069727 -179.87541477471592
-1228.6457633334398 -178.29387931615116
-1228.9487222391367 -176.7846973398328
-1229.0463096159697 -175.2359080770612
-1229.795926834941 -173.72137753754856
-1229.4346128958464 -172.2611172655225
-1230.2819103258848 -170.6896298387647
-1230.7744148629904 -169.42145018368961
-1230.6480981963873 -167.96984450608494
-1229.8653881806135 -166.49938325673344
-1228.7043888825178 -167.57476441651585
-1227.9532661694288 -166.00436823159458
-1228.3725426751375 -164.4291532495618
-1227.7994683343172 -163.1828462341428
-1227.8831686931849 -161.682567999661
-1227.7600954729319 -160.26472155839207
-1228.5737091261149 -159.6799455741048
-1228.8713512080908 -159.52049727827313
-1227.812794174552 -158.68482227712872
-1227.5825887727738 -157.25885279566052
-1227.9959988105297 -156.96687822133305
-1228.7883885610104 -155.53424935132267
-1228.912182431221 -153.96323649674656
-1228.0088512706757 -154.06110486477615
-1227.6797947394848 -153.33078417271378
-1226.0942939031124 -151.75044164150955
-1226.6523870933056 -150.15042242497208
-1227.155942748785 -149.53119430035355
-1226.069428037405 -147.9458027788997
-1224.5414912211895 -146.38860830754044
-1225.4650051105023 -144.81815955132248
-1226.3404893386364 -143.23417362660172
-1226.6800112235546 -141.6515356013179
-1227.543943773508 -140.08952865093949
-1228.3538386929035 -138.51563701123
-1228.2032397198677 -138.23419562071564
-1227.6188515233994 -136.8353444644809
-1228.341859202385 -135.29017594546082
-1226.637704114914 -134.65011146754028
-1225.0698745059967 -134.0317967244983
-1225.997194867134 -134.43176540821793
-1226.67040453434 -132.86714217156174
-1227.2112588691712 -132.74564475655558
-1227.7430073428154 -133.35382885575297
-1226.1460955548287 -131.81513125538828
-1225.2928935694695 -131.2202682578564
-1223.676577847004 -130.43647808671
-1222.5045531201363 -128.9304794752598
-1220.8638970065117 -127.4922584974766
-1219.2880769181252 -125.92552835583689
-1218.6652063536644 -124.34870631337168
-1217.8799153375626 -122.71714217305185
-1218.3316647815705 -121.82055879473688
-1216.5903130578995 -121.45101729869845
-1215.0288616228104 -119.86744133472445
-1213.536410908699 -119.3592734718323
-1212.6322665023804 -118.06733409404757
-1212.5065181064606 -116.52100149631502
-1213.1697585391998 -115.40858308315279
-1211.844863395691 -113.88890270233156
-1211.5092546749115 -112.44883040428164
-1209.6405180501938 -112.15878710985186
-1207.7682483005524 -112.07004357218744
-1208.5009045410156 -111.15753228306772
-1206.6653709220886 -110.85989216804506
-1206.6023131418228 -110.01543883323671
-1204.7582700061798 -108.84776429176333
-1202.9843185949326 -107.81428102493288
-1201.6362016010285 -108.01647325694563
-1202.5869849729538 -107.56422617375853
-1201.200779299736 -106.8873591655493
-1200.5960988807678 -106.22277959525587
-1199.311397175789 -106.89689894855024
-1198.763108651638 -106.94262688696386
-1197.5639737057686 -106.98062285125258
-1197.0103589701653 -106.11011882960798
-1195.9572717356682 -106.87383230865004
-1196.0902874577046 -108.5222279661894
-1195.1310020792484 -107.46907004058363
-1194.2309156763554 -106.45235558688643
-1193.2483798968792 -106.4324245387316
-1192.2998431432247 -106.21550100386145
-1191.8494680035114 -105.37018817007544
