-1163.98 -308.54
-1165.546940188408 -308.3473992133141
-1167.1106939125061 -310.0112802767754
-1168.7181138801575 -310.318406560421
-1170.5521353292465 -311.31507156133654
-1172.3997696447373 -312.8476614737511
-1174.2886324930191 -312.3123442912102
-1176.175047736168 -311.67419216871264
-1178.0410628128052 -312.14167342424395
-1179.8215989875794 -313.3923188233376
-1180.7642345237732 -313.5197963202
-1182.3083542394638 -314.7900891983509
-1184.1705382871628 -314.2488371217251
-1184.8092281627655 -313.8126488411427
-1184.6821841406822 -315.09937078595163
-1186.556797068119 -314.0563604319096
-1188.4424714255333 -312.718602129221
-1189.807009022236 -311.7999268257618
-1191.063988726139 -310.5797831499577
-1192.9112497973442 -309.62120766282084
-1194.7532357382775 -308.6078086578846
-1195.455255548954 -309.1108058178425
-1197.2545670676232 -308.15369940638544
-1198.7283107447624 -306.329036244154
-1199.5098755168915 -304.5397191131115
-1198.9579046177864 -303.2184817874432
-1200.4603749918938 -301.46816016078
-1200.7334413933754 -299.65997529864313
-1200.0107505726814 -297.7790262782574
-1201.0081635522843 -296.1411438071728
-1201.6604661154747 -294.5257859313488
-1200.4934100317955 -292.76936174273493
-1199.3123130011559 -291.4094683015347
-1199.9135705637932 -289.58697355628016
-1201.1864952254296 -288.00456584334376
-1201.1393325063586 -287.63333965182306
-1202.0947690936923 -285.98835349917414
-1203.1987157794833 -285.5609466516972
-1203.7325516077876 -286.1245803320408
-1202.738781902492 -285.36454559206965
-1203.9390659067035 -285.8323877835274
-1204.433758649528 -284.5535402083397
-1203.0081245037914 -282.9745768094063
-1204.1058512064815 -281.08418617486956
-1204.734128806293 -279.2835172200203
-1204.037675294578 -277.4224755549431
-1205.3384080263972 -275.9250435614586
-1206.1527397963405 -274.10407207250597
-1204.6791880461574 -272.24874637365343
-1205.957386765182 -272.7805155301094
-1207.1179836127162 -270.91537771463396
-1206.989412907064 -269.43330643415453
-1207.4640328916907 -267.6792113566399
-1206.471520009935 -267.3377055311203
-1206.594587791264 -267.90336636543276
-1206.702258232534 -266.05346397399904
-1205.3137873443961 -264.4834566497803
-1204.8688322934509 -262.6149499797821
-1203.914043072164 -261.7217857027054
-1203.5779808196426 -259.96031967639925
-1204.8795225057006 -258.2394653940201
-1205.8727849754691 -258.5439284527302
-1204.8605793747306 -257.63757933020594
-1205.8943235906959 -256.039214977026
-1206.9968814882636 -255.06222272753718
-1206.72758323282 -253.29020334124567
-1205.357653799951 -251.69924188494684
-1206.4025577935577 -252.294914611578
-1206.4594018492103 -251.40726036667826
-1205.6277345451713 -250.0119059765339
-1205.4326219442487 -248.1868122303486
-1206.4348225477338 -246.35997612118723
-1207.5487792375684 -244.61559719681742
-1208.5155591848493 -243.26039929032328
-1209.6250096443296 -241.456351467371
-1210.1406979444623 -239.65490789055826
-1211.0581722143293 -238.15241891980173
-1211.5888095381856 -236.63420636296274
-1212.3729414227605 -236.29796815752985
-1211.5984045746923 -234.6662205541134
-1212.3878555181623 -232.9340018117428
-1212.6149363997579 -231.2194467866421
-1212.5181029322744 -229.48067439436915
-1213.5255084517598 -227.823971875906
-1214.5248771193624 -226.13783729910853
-1214.959663528502 -224.5527159059048
-1215.9415433588624 -222.85446751952173
-1214.3889115038514 -221.1655850493908
-1215.3267816486955 -219.69145751833918
-1216.1003149333596 -218.1633741939068
-1216.022935617268 -216.55119193434717
-1214.8344873073697 -215.01193488478663
-1214.6244057896733 -213.3319156253338
-1214.8212731960416 -211.67174387812616
-1213.484192121327 -210.30675936579706
-1213.7294581714273 -208.90023244261744
-1214.7387562575936 -207.22797835707667
-1214.7706629815698 -205.51406312823298
-1213.3468973222375 -204.76815713286402
-1211.9845797601342 -203.04454339385035
-1212.927610296309 -202.27972162604334
-1213.8560895505548 -200.53922367930414
-1213.8827752056718 -198.8108021104336
-1213.8980582538247 -197.45319057345392
-1214.7482710662484 -195.75368286013605
-1215.5974546852708 -194.19619942545893
-1215.599055427611 -194.82985217213633
-1214.971085447371 -193.26334721684458
-1214.726559806168 -191.6670346939564
-1214.1952230218053 -190.0444770538807
-1215.1386280539632 -188.36966199517252
-1215.3108763876558 -186.68614966511728
-1214.0102930250764 -185.07906491398813
-1214.989622849524 -183.3614595615864
-1214.1878908458352 -182.44633496642115
-1214.0165858450532 -180.72589732050898
-1214.2149152937532 -179.10125697493555
-1215.1606536093354 -177.39637196898462
-1214.7917842450738 -175.75647486090662
-1215.4961751285196 -174.70258904337885
-1216.416915613711 -173.39086223483088
-1217.0929829660058 -172.0651098573208
-1215.4192518773675 -170.43369890093805
-1213.753471929133 -169.28858340620997
-1213.0151208224893 -167.9091655099392
-1211.8175420346856 -166.30999410986902
-1212.5985263171792 -165.02598834872248
-1213.5659119668603 -163.31457222342493
-1212.1819985690713 -161.97328508734705
-1213.242888289988 -160.24100089907648
-1213.8823329988122 -158.53119469523432
-1214.6147766891122 -156.9873852813244
-1215.3928228202462 -155.65017486453058
-1214.4650218072534 -154.08126808047297
-1214.7945132437349 -152.4202843987942
-1213.98454942137 -152.50552762389185
-1214.5018590274453 -151.9142035329342
-1213.8327009263635 -150.65339148879053
-1214.4824366155267 -149.5094003760815
-1215.3833474698663 -148.17056072592737
-1216.1258725705743 -146.53926933646204
-1215.1715960088372 -144.85427916884424
-1213.9813456121087 -145.15748930811884
-1213.381328958571 -145.51786992788317
-1214.285776156485 -144.20648703813555
-1215.1719730082154 -142.60319147348406
-1214.6738183382154 -142.14561573505404
-1215.0692194882035 -140.9916319036484
-1215.6152625265718 -139.56710044384005
-1215.8076576176286 -138.24982146263125
-1215.6699330988527 -136.5702292108536
-1216.3718817415834 -135.54509393215181
-1216.64878978163 -133.89648608207705
-1216.5529158595205 -132.19866136550905
-1214.8413440468908 -130.54080370903017
-1214.3634339156747 -130.99506322383883
-1213.2574247899652 -129.36654809951784
-1211.8933586660028 -127.71371356487276
-1210.1629020753503 -128.24540499687197
-1210.8434963408113 -126.6512416982651
-1209.1629806938768 -125.03979364871981
-1207.9535165014863 -124.24152401924135
-1207.5851099970937 -123.29708103179934
-1206.0895821335912 -121.49359611511233
-1204.9204652789235 -120.12982598781588
-1203.6665565255284 -119.26173953056337
-1202.2322369101644 -118.908669629097
-1202.370877224505 -119.774920501709
-1201.594591754973 -118.31175474166872
-1200.8386307540536 -118.12662173151972
-1200.8295216220617 -118.7723249280453
-1201.6243835943937 -118.10417450308802
-1200.8030109065771 -116.48742807745936
-1201.5453067678213 -115.54399884581568
-1202.2765357154608 -114.37565041422846
-1200.998451437354 -113.38082970023157
-1199.8414542335272 -111.599597581625
-1198.881717171073 -112.11240274548533
-1198.1150581496954 -110.7823090040684
-1197.9083179193735 -110.46122474312784
-1197.7230540770292 -109.03554362893107
-1197.6713575083018 -107.84570307374003
-1196.7507355171442 -106.76252228856089
-1195.8159828144312 -106.01190949320795
-1195.0302697974444 -107.31492305636408
-1196.8527879077196 -106.507651873827
-1195.9232898312807 -106.28310268461706
-1195.0349141913653 -105.32896041214468
-1194.0822198945284 -104.26446043789389
