-1163.98 -308.54
-1165.7709770011902 -309.09809247493746
-1167.6308345603943 -310.60736314296724
-1169.515034418106 -310.8392483377457
-1171.4091079044342 -311.4035760545731
-1173.26245139122 -310.9889079117775
-1175.1617016601563 -312.14199278593065
-1177.0523481178284 -312.43754003286364
-1178.8150540399552 -310.9936436200142
-1180.4374636220932 -311.01751554846766
-1182.3205512571335 -310.8721870863438
-1184.1750470209122 -311.64400715470316
-1186.0535515356064 -312.778323122263
-1187.1097482252121 -312.76570791468026
-1188.2897537755966 -312.4470513211191
-1189.4698616075516 -311.16248515710237
-1189.7196347373724 -311.0296987937391
-1191.605893816352 -309.6912950919569
-1192.4437215584517 -309.31481129392984
-1192.0975598055124 -307.9312827037275
-1193.5877666431666 -307.90255184933545
-1195.352692361474 -306.70487447544934
-1196.2644765335322 -307.63782580658795
-1197.334906335473 -306.32503374382856
-1199.1678724247217 -304.97989865109327
-1200.200211520791 -303.3353519038856
-1201.4079252439738 -301.57621129319074
-1202.4140157657862 -299.7385972337425
-1203.4068348962069 -298.1010491447151
-1204.664227541089 -296.2045073108375
-1205.1299162465334 -295.36075856253507
-1206.0721480804682 -293.58602191969754
-1207.1665053325892 -292.9470313982666
-1208.1535255271197 -291.65069284006955
-1207.4691644269228 -289.8927015261352
-1208.452982481122 -288.0830983118713
-1209.1003987151385 -286.6132520632446
-1210.2017661887407 -284.82708468005063
-1211.1160827237368 -285.455220361203
-1211.5881323474646 -285.39734141990544
-1211.3963177013397 -283.9459909693897
-1211.7333105611801 -284.54182379409673
-1212.6672259378433 -284.80127092167737
-1213.44431016922 -283.4865462379158
-1214.4390013027191 -282.77362390324475
-1213.3425749349594 -281.07884307667615
-1213.9416017341614 -279.73654981419446
-1214.9033533740044 -278.0392674998939
-1215.2700160849095 -276.3533728913963
-1213.8509692060948 -275.49995156094434
-1212.8909943211079 -273.9776612119377
-1213.508753131628 -272.58739503189923
-1213.0929790842533 -271.02709348961713
-1211.5893010008335 -269.4329727487266
-1212.5590537893772 -267.7638016538322
-1213.5019350755215 -266.0070296125114
-1214.4105232465267 -264.4622826175392
-1213.9985716152191 -262.85408182904126
-1214.9637408065796 -261.12122221753003
-1213.7208561706543 -259.55114908978345
-1214.4842281150818 -257.92336900994184
-1212.961975197792 -258.01544489428403
-1213.9188128519058 -257.14690144822004
-1214.094506483078 -255.52497800156476
-1213.768163125515 -253.8027729587257
-1214.090839754343 -252.06964751049878
-1214.5282362508774 -250.48285492226483
-1214.5784646081925 -248.99737842842939
-1213.612858991623 -249.84122093483808
-1213.1393461036682 -248.14623864457013
-1213.8994293022156 -246.6425722436607
-1212.1508414554596 -245.10433300301435
-1212.7322464990616 -243.52265640065076
-1213.2064564931393 -241.886983473748
-1212.0472076642513 -240.33021541401746
-1212.4862158107758 -239.15135701462629
-1212.8380718040466 -237.65593691632154
-1212.4328942406178 -236.2412645415962
-1213.2090232479572 -234.67347641751172
-1213.3279406535626 -234.82990460559728
-1212.613389800787 -233.83002941772344
-1212.1086369264126 -232.56078558132054
-1210.5197692620754 -231.50864665672185
-1208.8876105058193 -229.7846824423969
-1209.327639232874 -228.12674706146123
-1208.476121019125 -227.6221305625141
-1209.5272439229489 -225.8714275853336
-1210.5722420918942 -225.49862508937719
-1211.4638561713696 -224.74371330901982
-1212.2809700477123 -223.04430608913304
-1210.919005702734 -221.4205570714176
-1211.8578406083584 -219.73649184867742
-1212.762030314207 -219.19237415954473
-1211.649906705618 -217.53854732677343
-1211.6868842947483 -216.56575267478826
-1211.845260452032 -214.95155852004888
-1212.7072634208203 -213.3699960009754
-1213.0930946874619 -211.75392453834417
-1214.1631413507462 -210.09566145107152
-1213.9426727849245 -208.44549851581456
-1214.4733964759112 -206.71546106502416
-1215.3653849321604 -205.77276479169728
-1215.880597408414 -204.63446401521566
-1216.8660209733248 -202.95743047162892
-1216.084955866933 -201.4594386713207
-1215.3930914956331 -199.793210734576
-1213.9370526629687 -198.17454790040853
-1212.6844513970614 -196.46508668825032
-1211.5887939292193 -196.0638464586437
-1211.8317801612616 -194.4504579202831
-1210.6331973928213 -193.72686057254674
-1210.9841476637125 -192.0546162621677
-1211.4735364574194 -190.62439232036473
-1210.624664272666 -189.77962075635793
-1211.4751301068068 -189.51880284115674
-1211.2018365818262 -190.2132018403709
-1212.0700316387415 -189.35922928616407
-1212.9849133449793 -187.92199452683332
-1213.8325631576777 -187.54647805258634
-1214.4292706805468 -186.12506165072324
-1214.525380488038 -184.50026227995755
-1214.2411607462168 -183.48088624045255
-1214.7636970835924 -182.32236744925382
-1214.223136420846 -180.80127026602628
-1214.5431398409605 -181.45138361021878
-1213.9872367042303 -180.81181903645398
-1213.7639978635311 -179.79544969365003
-1214.2651144969464 -178.20501573845746
-1213.9281410384178 -176.51495679184796
-1214.629920284748 -175.6013650493324
-1215.4344404149056 -173.9552262620628
-1216.001510541439 -172.3060439424217
-1216.690602402687 -170.65742429062726
-1216.7639658260346 -168.9937868909538
-1216.5413867640495 -167.7453761892021
-1217.4001689362526 -166.12216969296338
-1217.636290113926 -164.48386355206372
-1218.2915760684014 -162.92673905655744
-1219.2268155622482 -162.55075468584897
-1219.8084969329834 -160.96902813479306
-1218.7149638938904 -160.291511733979
-1218.6892773020268 -158.65906866356733
-1218.4533691811562 -157.28056677147748
-1219.2779684472084 -155.71394964024427
-1219.0757923829556 -155.12811489865186
-1219.817311476469 -153.64451690480115
-1219.9714798736572 -152.3938716249168
-1220.8607822465897 -151.25439735218885
-1220.251703004837 -149.73010750576856
-1221.0360747385025 -148.1107005672157
-1221.6956645655632 -146.5680639342964
-1222.2199097085 -145.0517394141853
-1222.9633027124405 -145.687001426667
-1223.7180945682526 -144.17495890423658
-1223.7166728782654 -142.60180826947095
-1224.598447482586 -141.18210454747083
-1225.3025073218346 -139.85529442593457
-1225.1650608885288 -138.48196395203473
-1225.84587998271 -136.988914449662
-1224.277838062048 -137.3785503999889
-1224.5474810409546 -136.44148909017446
-1223.5940694618225 -136.6768106864393
-1223.5245189476013 -135.08117086157205
-1223.0626283097267 -133.54744595751168
-1223.022239099741 -132.81327933534982
-1222.7083100187779 -131.35491949781778
-1221.456081520319 -129.9046370433271
-1219.7563797342777 -128.42242914900186
-1217.959359894991 -126.81420892938974
-1216.1727275955677 -125.24570101961496
-1216.6150601911545 -123.64261693224313
-1215.2628869819641 -122.5262363599241
-1213.8660535621643 -121.09749597772958
-1212.0792209911347 -120.0407479451597
-1210.7671630191803 -118.74698156580331
-1211.2330442774296 -117.62009531721475
-1211.042407553196 -116.221683447212
-1210.6460508811474 -114.97443908914926
-1210.078549991846 -113.89406055673959
-1208.9633889305592 -113.23477560743692
-1208.49007309556 -112.86904022559526
-1209.0397334206104 -111.77805600032212
-1207.3053834545613 -111.80166712120177
-1205.9404516327381 -110.55429795101287
-1204.0692725288868 -110.23684668257835
-1202.354618202448 -109.10086452677848
-1201.94103900671 -108.11104958966376
-1200.555988471508 -107.81297200635078
-1199.6917077112198 -109.47847002461555
-1198.5103593873978 -111.0974789233506
-1199.7824533987045 -111.57354736045005
-1200.306446890831 -113.05701744273307
-1199.8610630440712 -111.36514126971366
-1198.9523101258278 -110.61283135131004
-1198.9908228772879 -110.72610714748504
-1197.856614317298 -109.85882684305312
-1198.4286147612333 -109.535315451175
-1197.2670854586363 -109.17881861045959
-1197.4782208013535 -108.2625941307843
-1197.8249260294438 -107.89598333552482
-1196.7067096340656 -108.35545301154258
-1195.6270945179463 -109.14052992776038
-1194.6282166349888 -109.48395037367942
-1193.6745414841175 -110.58514475539329
-1192.8967123734951 -109.43547308161857
-1193.9698086488247 -110.7972663612664
-1193.0517798173428 -110.24128550007941
-1192.1615005242825 -109.06314676716926
-1191.63386018157 -108.4276744695008
-1191.0916146743298 -107.39636069253089
-1190.2864227998257 -106.29695945695045
