-1163.98 -308.54
-1165.2304765987396 -309.8118516588211
-1167.0845470237732 -311.1886684083939
-1168.9124669837952 -311.88160029888155
-1170.755279045105 -311.80184540987017
-1172.3282617139816 -312.61860291004183
-1174.0284657287598 -313.81818191051485
-1175.8667564201355 -312.63264850616457
-1177.543571214676 -313.8171489620209
-1177.8632144141197 -315.08753541946413
-1179.0520487236977 -314.90573179066183
-1180.884439151287 -315.711990826726
-1182.4967879462242 -314.20422314941885
-1184.3686585831642 -315.21668791115286
-1186.159299890995 -313.7307312422991
-1188.023653190136 -314.88130521118643
-1189.3655050206185 -315.9033887320757
-1189.681756119728 -316.02425795137884
-1191.4526060628891 -315.82458669781687
-1192.9606661605835 -314.7555958712101
-1193.9240643191338 -314.3371847653389
-1194.4343443322182 -312.88778660535814
-1196.1635215687752 -311.80471477746966
-1196.6780541348458 -310.58087096452715
-1197.6397962975502 -308.97041425943377
-1198.8983703064919 -307.6890587592125
-1199.9366507935524 -305.99231288671496
-1200.8903663563729 -304.3719190144539
-1201.4370212364197 -302.4805356049538
-1202.7827824163437 -300.76319132089617
-1203.460219066143 -298.8861738228798
-1204.534722249508 -297.05104933023455
-1204.7321173357964 -295.6166955018044
-1205.9489381718636 -293.8665253901482
-1207.1706655430794 -292.0202427887917
-1207.746518354416 -290.22553787469866
-1208.2170705604553 -288.6399066233635
-1207.8709263014794 -288.7478433930874
-1207.278452615738 -287.2467850530148
-1208.2775556254387 -285.73820174574854
-1207.8070601332188 -284.0932327592373
-1207.2376816380024 -282.2723804795742
-1207.8082811939717 -282.30812475919726
-1207.8621538239718 -281.6307248258591
-1208.6881778794527 -281.5244420850277
-1208.0448670941591 -279.73973060488703
-1208.2747119772434 -279.18391681551935
-1207.041447173357 -279.3189878547192
-1207.6389619219303 -277.48848355650904
-1208.3712661373615 -275.7874213540554
-1208.5016295272112 -275.8503120028973
-1207.9818027573824 -274.03117955565455
-1208.3071628171206 -272.2688556993008
-1208.6484815138579 -270.4565780246258
-1209.5844571250677 -269.04631043314936
-1208.0131522077322 -267.24363673567774
-1209.1718942779303 -265.5980757558346
-1209.518288101554 -264.85379011273386
-1210.4554471629858 -263.4827436888218
-1211.5178333181143 -262.77596075177195
-1211.6537529486418 -261.0297544682026
-1212.0576135474444 -259.96471662163736
-1213.0517834979296 -258.64130324959757
-1212.9123568493128 -258.3340916121006
-1212.358866031766 -257.1332482779026
-1212.870464797616 -256.82831586241724
-1211.8790497738123 -255.0874087893963
-1211.344463582635 -253.4472277247906
-1212.1162000852823 -251.90972674727442
-1213.06703173697 -250.76180566191675
-1211.4924875456095 -249.1501598441601
-1211.4933355408907 -248.01074100375178
-1212.0721672731638 -248.1679292702675
-1212.804379220605 -246.71757946252825
-1213.1747707682848 -245.60586080789568
-1213.1055106776953 -244.6618390464783
-1213.9244995969534 -243.10111264228823
-1214.148760433793 -242.00259784698488
-1213.1252044397593 -240.43491462707522
-1213.890642400384 -239.08007434844973
-1214.7588684517145 -237.66483453750612
-1215.4971284228563 -236.13859442710879
-1214.8407154637575 -234.9015667819977
-1215.1776359337568 -233.5544822597504
-1215.565801228881 -232.2601421260834
-1216.0403303164244 -230.86098317146303
-1216.8352937954664 -229.5952570819855
-1217.3553545731306 -229.670749642849
-1216.5597942727804 -228.11417887449267
-1216.978373374343 -227.2040028357506
-1217.6950860279799 -225.7235215687752
-1218.6025504130125 -224.3277512574196
-1219.2571016210318 -222.7165303015709
-1219.5610283273459 -221.15896413564684
-1218.952719296813 -220.62634340763094
-1218.1330756801367 -221.3337813997269
-1218.1416030484438 -219.95859555244448
-1217.3429099279642 -218.31554106712343
-1217.7574090319872 -216.68981293678286
-1218.208893443942 -215.46266631126406
-1216.933917786479 -213.90252474784853
-1217.4813405531645 -212.24137131214144
-1218.1208953517676 -211.34894511938097
-1218.6455886620283 -210.26925251722338
-1218.5219945567846 -210.84762851238253
-1218.7653290885687 -209.20645443439486
-1218.4292995589972 -207.97426311016085
-1219.2717033284903 -206.92986957073214
-1219.4505042690039 -205.39211849212649
-1220.1655830997229 -204.24613789558413
-1220.504031355977 -202.65806213855745
-1221.3393416959047 -201.370414891243
-1219.670172150731 -199.8730204486847
-1219.8657396692038 -198.5075614833832
-1219.3192977565527 -196.98482314586641
-1219.3913810807467 -195.4583466434479
-1219.9098624545336 -193.83567456245424
-1220.334844674468 -194.88727466106417
-1221.1158256191015 -193.43358210563662
-1221.951542879939 -192.36725107669832
-1221.6487016040087 -190.84812597274782
-1221.9919139999151 -189.81365839481356
-1222.277664180398 -188.7318456554413
-1221.590173895955 -187.81477884292605
-1220.9835607367754 -187.073506333828
-1219.715273078084 -185.73959849119188
-1219.8133423286677 -185.67051135838034
-1218.5198295074701 -184.28911911785605
-1218.8303672629595 -183.40694546043875
-1219.5865153628588 -182.41305618822577
-1218.7947738724947 -181.85879992783072
-1218.9974174457789 -180.64130818188193
-1219.785893495679 -179.5549648934603
-1219.7068922775984 -180.55275129616263
-1220.397189642787 -179.58586024582388
-1220.6388545292616 -178.26013218700888
-1220.5139695066214 -176.9894337588549
-1220.5528503614664 -175.69181191265585
-1221.1391922789812 -175.43856754243376
-1221.663646813035 -175.61895855605604
-1221.917042221427 -174.38679560363295
-1222.5837813276053 -172.83749600589277
-1222.5754548567534 -173.57861813247206
-1222.7933385330439 -172.42373748958113
-1223.501499529481 -170.98313554465773
-1224.1879099565745 -169.90655263602736
-1222.7303098398447 -169.70520820558073
-1223.1822435814142 -169.96995147407057
-1223.2538281935454 -168.4157782429457
-1223.9791710036993 -167.4394597643614
-1222.1436679023504 -165.92609914481642
-1223.0097045558691 -165.08497878253462
-1223.8656770247221 -163.50802835166456
-1223.8232262688875 -163.2472167247534
-1224.0064397412539 -162.48663499295714
-1224.3633091706038 -160.97271659314634
-1224.7416249471903 -159.40448465287687
-1223.0961542087794 -157.9160241121054
-1223.2834641891718 -156.3592623704672
-1223.771363850236 -157.14042594373228
-1223.2275848346949 -155.6039483779669
-1223.7042706269026 -154.75061961352827
-1222.5841274517775 -153.19241973102095
-1222.1628623861075 -153.17606245815756
-1220.5541555541754 -151.58375894367697
-1221.499804880023 -150.13056814014914
-1220.8538292902708 -148.6773477727175
-1220.4883320885897 -147.2451890641451
-1221.275234516263 -145.8339661294222
-1222.030758138299 -146.84362732708456
-1221.6027727085352 -145.52450525105002
-1222.471653457284 -146.4988695317507
-1222.4624504703283 -145.19978284180166
-1223.3313339608908 -143.6607301169634
-1223.778446699977 -142.4316018754244
-1223.6190478163958 -142.10746305525305
-1224.481276448369 -140.66984658777716
-1225.1835694867373 -139.47345607817175
-1225.8612871724367 -138.06379275858404
-1224.3476044493914 -138.64337765514853
-1223.6727937418223 -137.3564522200823
-1224.0617136317492 -136.921605938077
-1224.700807388425 -135.7500219279528
-1223.0479428130388 -134.2655953103304
-1223.641078169942 -133.2528762751818
-1223.5619532722235 -131.66726803123953
-1224.2221042770148 -130.08551406204703
-1223.7965377527476 -130.6022515231371
-1224.0671285647154 -130.12808363974096
-1224.928692843318 -129.36456286251547
-1225.3591420012713 -128.0776687794924
-1223.660599167943 -126.82389878571036
-1222.8372154194117 -126.98221574068072
-1222.1623379546404 -127.37983677625658
-1221.0919640618563 -126.07237718343737
-1220.192022855878 -125.17162535429003
-1219.5496931034327 -123.6325244688988
-1219.919761325717 -122.07102535009386
-1218.3458965080977 -121.27565781116488
-1216.6341982144118 -119.74312356948855
-1216.9984979885817 -118.68920282363894
-1216.1967636603117 -117.52534321784975
-1214.924318458438 -118.26606921195986
-1214.8989644008875 -117.56455294132235
-1213.6766662555933 -117.28289917945864
-1213.028851981759 -115.7797874593735
-1213.4695152300596 -115.67691619038584
-1213.716766770482 -116.75352151036265
-1211.927229936719 -115.92264563679697
-1211.5408047693968 -116.82081199526789
-1212.3267629402876 -117.37018168807032
-1210.776807691455 -116.67730201125147
-1209.471344615817 -115.28738070368769
-1207.754497434497 -116.35355437636377
-1205.9827869194746 -115.0344702088833
-1204.228610779643 -113.79228652358057
-1204.578628655076 -113.40400666832926
-1203.607274170518 -112.21659381031992
-1204.2762514311075 -112.38286323189737
-1202.6296257930994 -112.32805960714819
-1200.9795682388544 -112.9152223402262
-1199.59406339705 -112.8240575873852
-1198.4791121441126 -112.7204244220257
-1197.5916857677698 -111.3320628488064
-1196.7081718403101 -110.68668449759485
-1195.9709384399653 -109.78854156374933
-1195.1838449198008 -110.36556119561197
-1194.663520808816 -111.16850323319437
-1194.1050925213099 -110.70246345639231
-1193.447221453786 -110.35910625100138
-1192.7237676340342 -109.26226849198343
-1192.734929497838 -110.02586675524714
-1191.8639259296656 -109.15582013964655
-1191.0367963272333 -108.03740883708002
-1190.4481393057108 -108.04899554789068
-1190.1394141572714 -108.1908185118437
-1189.5807985919714 -109.58068247973921
-1189.5576883512736 -109.87691553771498
-1188.750131483674 -108.63191362559797
-1188.4038732606173 -107.60491331756117
