-1163.98 -308.54
-1165.7744930791855 -310.2195108318329
-1167.6302335071564 -310.78142998456957
-1169.508960943222 -312.1442695641518
-1171.404047112465 -311.4419341468811
-1173.3002763795853 -312.4528136634827
-1174.3873647260666 -312.00498039364817
-1176.268330435753 -312.27278573155405
-1178.1497924137116 -313.27857191205027
-1179.9241155195236 -312.6843903744221
-1181.4498349237442 -311.4798629963398
-1183.3345404672623 -310.45049256920817
-1185.2207968044281 -310.1066863024235
-1186.950908164978 -310.78176302552225
-1188.7622828292847 -311.31032336592676
-1190.6435966300965 -311.16190222740175
-1192.5011448669434 -310.00521747112276
-1194.113777141571 -308.5949652576447
-1194.4985782909393 -307.7278667473793
-1196.3504071044922 -307.0414496445656
-1198.0369977760315 -306.86961851358416
-1199.58198700428 -305.23925206899645
-1200.4550294685364 -303.35702381372454
-1201.8331165122986 -301.629175760746
-1203.0383375692368 -299.73864648580553
-1203.6240660357475 -298.26802978754046
-1204.9030561852455 -297.92447865843775
-1205.13861107409 -296.1609520995617
-1206.1369471508265 -294.42089534640314
-1207.1704653459788 -292.75755489706995
-1208.1907449918986 -292.8843242609501
-1209.1103749233484 -292.7329546892643
-1210.2121511656046 -291.62720698952677
-1209.5517934519053 -289.9682709658146
-1209.6688350993395 -288.5456513845921
-1210.1613847571612 -287.2425645077229
-1210.202300723195 -285.74327213406565
-1210.1939122635126 -284.7953212940693
-1211.1829253393412 -283.0371497356892
-1211.2967774826288 -281.3147201025486
-1212.2264229017496 -280.07675904870035
-1212.5729233580828 -279.0568949663639
-1212.8134798961878 -277.44092208981516
-1213.7880895096064 -275.7228124821186
-1214.641304846406 -273.95130855679514
-1214.3263358432055 -272.22213012814524
-1214.3714579600096 -270.60916227936747
-1213.2601778763533 -268.8919155085087
-1213.82490840137 -267.92677844405176
-1214.8286670702696 -266.4754501664639
-1215.43343773067 -264.80448819041254
-1216.420690919757 -263.2715898835659
-1216.9200395601988 -261.6163899981976
-1217.6162811774016 -260.0784204089642
-1218.3433408993483 -260.0164783084393
-1218.2567647653818 -258.3799073779583
-1218.764906283021 -258.24967501401903
-1218.106469746232 -256.626343228817
-1218.2069723564387 -256.11787865400316
-1218.8144551473856 -254.55373690366747
-1219.6693046051264 -254.31501519024374
-1219.6502041476965 -253.3470550709963
-1217.8549763816595 -251.7401853734255
-1218.4721387284994 -250.3560689622164
-1216.9103763955832 -248.7067838841677
-1217.8124974626303 -247.02467250168326
-1216.543674673438 -245.65928541958334
-1217.364555324912 -245.4432768160105
-1218.0519860047102 -243.88545804560187
-1218.3490356761217 -242.56350868284704
-1217.123602207303 -243.2224372559786
-1217.9926484185457 -241.66082214653494
-1217.3911995249987 -240.1343880826235
-1218.0612687426806 -238.6619703704119
-1218.7604550677538 -237.04143690407278
-1219.6085076886416 -235.582858555913
-1218.2562531787157 -233.95199131309988
-1218.4422466415167 -232.82178234398367
-1219.35803016603 -231.20169424355032
-1220.1806921619177 -229.84200071632864
-1221.1288215774298 -229.4490065509081
-1221.9932566541434 -227.83352171719076
-1221.8455608147383 -226.46820627987387
-1220.041479613185 -225.3110831910372
-1220.911666597724 -223.8250175648928
-1221.6840005773306 -222.19058811008932
-1220.7935163635016 -220.60175835430624
-1221.539100612998 -219.08440732300284
-1222.1014389055968 -217.6968035632372
-1223.0286846417189 -216.892904394269
-1222.0031516808272 -216.03786491692068
-1221.2142198342085 -214.75595735847952
-1219.9818070191145 -213.36158417999746
-1218.9249577778578 -212.7031988435984
-1219.5418277043104 -211.0390745931864
-1220.459766175151 -210.88631589055063
-1219.4141294020415 -209.483992048502
-1220.3530375021696 -207.92670745491984
-1218.9807304400206 -206.37373478055002
-1218.7705535399914 -204.75943786740305
-1219.6515776622296 -203.18934447407725
-1219.9212098526955 -201.69853884816172
-1219.6451436388493 -200.38273841977121
-1220.1147152590752 -199.1751301968098
-1220.7599072861672 -197.5552422487736
-1220.400371055603 -196.12160331845286
-1221.2853016662598 -194.61639411091807
-1221.114593307972 -192.97935289978983
-1221.255106549263 -191.93846840500834
-1221.8880621004105 -192.5268231713772
-1221.7184078800678 -190.96126080393793
-1222.1453547286987 -190.58657754302027
-1222.2040244150162 -189.88464696049692
-1223.0978712844849 -188.30962843537333
-1222.0799176502228 -187.74040872693064
-1220.9438313055039 -186.12431747555735
-1221.8690265226364 -185.04144210457804
-1222.7084727096558 -184.6010026419163
-1223.6432735133171 -183.1382808172703
-1222.9568181443215 -181.53693909287455
-1223.665515344143 -180.04649729371073
-1222.3376455712319 -180.03995236098768
-1222.9954517292977 -178.63993724524977
-1221.592593472004 -177.52572854697706
-1219.8491557049751 -175.8963952893019
-1220.7818620610237 -174.39420040786268
-1220.007139544487 -173.02906318843367
-1220.7471914100647 -171.54355653464796
-1221.1975184190273 -170.22416111171248
-1221.9876994597912 -168.6768658989668
-1222.4288352239132 -168.94517066419127
-1221.6042340505123 -169.56862362563612
-1221.9362338888645 -169.1463380688429
-1222.1531649041176 -167.84992357432844
-1220.6583019900322 -166.38285621345045
-1221.4806564855576 -166.87971761167051
-1222.4387543010712 -165.2581403487921
-1223.0998245882988 -163.644279384017
-1223.901112716198 -162.03105320870878
-1224.7254795241356 -160.61636629045012
-1224.4344561505318 -159.20188035905363
-1223.3354185032845 -158.05298032701018
-1221.578694384098 -156.4443569415808
-1222.2229740428925 -156.80659964025023
-1223.037046532631 -155.2988012069464
-1221.8766137170792 -153.89947452485563
-1222.0891596484184 -152.26818575799467
-1222.0344912815094 -150.696205162406
-1222.949082891941 -149.54439928472044
-1223.479168097973 -147.94853296220305
-1224.0202420163155 -146.32843270242216
-1224.899794201851 -144.81615354955198
-1223.2557230997086 -143.28654124677183
-1223.192671250105 -142.03436579644682
-1222.2270482289791 -140.91644563615324
-1222.8196608531475 -139.78828694760801
-1223.2012263345719 -138.31374528348448
-1222.2101455140114 -138.03329234659674
-1222.2513824808598 -136.6045270496607
-1222.2281133043766 -135.4836558634043
-1222.7642537462712 -134.04004912912848
-1221.0826470959187 -133.3831171923876
-1220.7956026899815 -133.9909887248278
-1219.9614223349095 -132.92272018730642
-1219.1253838646412 -132.63170050919058
-1218.986778985262 -131.13923250973227
-1217.7220554459095 -130.06241523563864
-1215.9568500626087 -128.6946190530062
-1214.1160153257847 -127.3931943112612
-1214.5775236594677 -126.23862492382528
-1212.8770014750958 -124.62102853596213
-1211.2328648078442 -122.94184910595419
-1211.1326811420918 -121.31240212261679
-1209.6957587110996 -119.62934254944327
-1208.5100182402134 -118.50111984550955
-1206.9176150667668 -117.72943269550802
-1205.5692279446125 -116.81177758514883
-1205.0520874369145 -117.05955731213095
-1204.0061086523533 -116.1629120641947
-1202.5983251440525 -114.52678483068945
-1203.0834452915192 -115.40459155380728
-1201.9287030506134 -115.13575389325621
-1200.83961663723 -113.49671342313292
-1200.0137947010994 -113.80248274743559
-1199.1593630123139 -112.05716063916685
-1199.3470341521502 -111.61373376190664
-1200.6734232264757 -112.84466647446158
-1198.8686748105288 -113.48142539799215
-1199.7664678055048 -114.40554785072806
-1199.3119620341063 -112.60502003967764
-1200.3692882317305 -112.65823797225954
-1198.7926827925444 -113.39710066556933
-1197.7843417185545 -111.88850054979326
-1197.030119921565 -111.37500558137896
-1196.2773459810019 -111.43233134686949
-1195.3816355723143 -110.26804783284666
-1194.5196042317152 -109.18761136472227
-1193.5599504965544 -108.11503269612791
-1192.5690607088804 -108.48101975858214
-1191.7807767647505 -107.59774299800398
-1191.086531187892 -106.82809301555159
