-1163.98 -308.54
-1165.6037235069275 -308.4420266532898
-1166.7054415750504 -310.1224593305588
-1168.38795981884 -311.72705570697786
-1170.1631963062287 -311.07438580036165
-1171.9939136314392 -312.0369573020935
-1173.8752490091324 -311.3346010231972
-1175.4451695489884 -311.9302494311333
-1177.2689248132706 -312.43678502082827
-1179.158236603737 -313.0040866518021
-1180.8732849168778 -312.76729870676996
-1182.6859012651444 -313.5656963670254
-1184.4717370080948 -314.4686443293095
-1185.866459350586 -313.3373214685917
-1187.3651420879364 -312.0077087366581
-1189.2324344921112 -310.8714239084721
-1189.438348363638 -309.6471440279484
-1191.2382536637783 -308.7000421369076
-1192.8297833907604 -307.91722608447077
-1194.1696011531353 -307.64492631793024
-1195.6481592166424 -306.6873558843136
-1195.2759125638008 -307.01082334756853
-1196.6939043211937 -306.5204635047913
-1197.771420519352 -305.75466767787935
-1199.3412625002861 -306.43151704311373
-1200.6046079802513 -304.56146327495577
-1201.0443028616905 -302.69842545032503
-1202.5170841622353 -300.8200662517548
-1203.8758722949028 -299.46436969280245
-1204.3552698898316 -297.5822226190567
-1205.5818986701966 -297.3664773488045
-1206.222723941803 -297.3649674141407
-1206.992997329235 -295.53137392640116
-1208.0734275984764 -295.60272658705713
-1208.914751212597 -295.0237256371975
-1209.7376988339424 -293.2515933597088
-1210.8150828289986 -291.53553856253626
-1211.3758629369736 -290.4651112639904
-1212.444357972145 -289.1958873355389
-1213.4716144609451 -287.448265799284
-1214.4646731424332 -285.79209173560145
-1214.9189453530312 -284.7763362014294
-1214.5480410265923 -284.2156486594677
-1215.1144801783562 -283.3816830003262
-1213.687048714161 -282.0648657166958
-1214.6915541100502 -280.36702597975733
-1214.2423678445816 -279.3252455079556
-1212.6545637655258 -277.61203432917597
-1212.7798016476631 -275.9727926337719
-1213.4067547130585 -274.4236272656918
-1213.9647432374954 -272.74952007174494
-1213.4201323199272 -271.11273396849634
-1212.865438144207 -269.4241801583767
-1213.6219186592102 -267.8858881080151
-1213.3968442487717 -267.15666879057886
-1214.2982493448258 -265.79934609770777
-1214.9880318450928 -264.24867857337
-1215.668754439354 -262.5759217822552
-1216.2649712967873 -261.01567674517634
-1217.109787504673 -259.34413016676905
-1217.5977431344986 -257.7082334840298
-1218.174576382637 -256.17775393366816
-1219.0854733395577 -255.04340792536738
-1219.9546020436287 -253.72868610262873
-1220.6263986039162 -252.90378970742228
-1221.474277894497 -251.432425686121
-1222.1932089138031 -250.40065116524698
-1221.258566300869 -248.90908665299418
-1220.1821993994713 -247.68205124974253
-1221.0206565070152 -246.17912585377695
-1221.899093310833 -244.7560263359547
-1222.747923295498 -244.0847061955929
-1223.598841946125 -243.0208919131756
-1224.0657754647732 -241.50718856692316
-1224.9184547770024 -241.67773444294932
-1225.7429552185536 -240.07622248768809
-1224.2410206902027 -238.64939469933512
-1223.9318263041973 -237.06863195538523
-1224.0702510881424 -235.79114205479624
-1224.585084180832 -234.18303591847422
-1225.236361246109 -232.7833870136738
-1225.947875957489 -231.19114024281504
-1226.6244169282913 -229.749076076746
-1225.4016369390488 -228.2412785971165
-1226.3300373363495 -227.1782777988911
-1227.1240363526344 -225.91996008992197
-1227.8196385908127 -226.44793630480768
-1227.4166630017758 -224.9161557042599
-1228.1412995564938 -223.36879552245142
-1228.5124978530407 -221.92525316119196
-1228.5586403119564 -220.5373165690899
-1227.6300228345394 -219.91065675854685
-1228.0425574290753 -218.42011112809183
-1227.882610898018 -217.28173668026926
-1228.4628820228577 -215.72148580193522
-1229.1407148647309 -214.46906370759012
-1229.8776415395737 -214.34813053250315
-1230.3338290560246 -214.66310788035395
-1228.712714921236 -213.1384103381634
-1229.1237425017357 -211.68127823710444
-1227.6314584422112 -210.1265751206875
-1228.3586525726319 -208.78744388461115
-1229.0809483337403 -209.3511103475094
-1227.4044005680084 -207.80649793982508
-1227.9049482154846 -206.42881716132166
-1226.6838246393204 -205.03488720297815
-1227.5173030900955 -203.63548565745356
-1228.142702023983 -202.26501692175867
-1227.5961201000214 -203.2201334321499
-1227.2716182875633 -202.09137309432032
-1227.561403285265 -202.810031362772
-1228.3120478498936 -201.74784583687784
-1228.3367734658718 -201.1784601891041
-1228.1856431472302 -199.7195089542866
-1227.427032302618 -198.21266014218332
-1227.2479935097695 -198.2459899121523
-1228.1582172322273 -197.06762229740622
-1228.5478330361843 -195.69875525772574
-1229.372412751913 -194.6198570662737
-1229.0539359259606 -193.37626790344717
-1229.8187451767922 -193.21162771523
-1230.2533240425587 -191.6840400630236
-1231.049003134966 -190.38237654507162
-1231.9170687305927 -189.39456992685797
-1232.4117326843739 -190.24767308771612
-1233.3246992337704 -188.82120698034765
-1233.2917091655731 -187.85041176617148
-1234.0433853673935 -187.35537242233755
-1234.3660291838646 -188.4493466550112
-1235.0799020934105 -187.32705544769766
-1234.0457309889794 -186.4908769065142
-1233.5980357336998 -187.58611511528494
-1234.4774596500397 -186.45394956409933
-1234.665062021017 -186.41104439735415
-1234.7261291849613 -185.07809607028963
-1234.6763318884373 -184.46350947856905
-1235.072985779047 -184.2268913024664
-1235.5707734632492 -183.7129302853346
-1234.84747443676 -182.25357207000258
-1235.5799718904495 -180.74948784053328
-1236.3248380231857 -179.83269294440748
-1237.137339334488 -178.5710253351927
-1236.4917928385735 -178.36557363808157
-1236.8377722012997 -176.98080407917502
-1236.7094906377793 -177.53599547684195
-1237.475477437973 -176.747757845521
-1238.2306445646286 -175.33957677423956
-1238.6932000625134 -174.37586694300177
-1239.4676767098904 -173.08248990118506
-1240.1042818534374 -172.49433874428274
-1238.3704137313366 -173.44896172821524
-1238.4667195189 -174.3387071424723
-1237.8394711124897 -172.91847115099432
-1237.3174042212963 -171.5063881212473
-1237.2992037940026 -170.9968461328745
-1236.3941461849213 -170.76266151010992
-1236.9423651504517 -170.90503461003306
-1237.8360750484467 -169.7016056263447
-1236.5380778121948 -169.16007471919062
-1237.3435072112084 -168.05023766398432
-1235.4939428973198 -169.03922093749048
-1235.6259357440472 -167.67687333464625
-1236.2253460395336 -166.82005859255793
-1236.5381532716751 -167.25925893425944
-1235.7304694461823 -166.64022166371348
-1236.6227733898163 -165.256471105814
-1237.1885946202278 -164.10952443718912
-1237.5121159362793 -163.3232640707493
-1236.1932288217545 -161.8614311897755
-1236.9124978590012 -161.06347919344904
-1237.102044712305 -160.50374997496607
-1237.9339772570133 -159.6581173026562
-1236.4130542385578 -158.15760422587397
-1235.4197851526737 -156.91330767512324
-1235.9166369843483 -155.6566329085827
-1236.2291015195847 -155.0661903703213
-1236.6296596336365 -155.56620545029642
-1235.1360742855072 -154.95911688447
-1235.452750633955 -153.43530256390574
-1234.3268504846096 -152.4396842801571
-1233.4683396327496 -151.3282340848446
-1233.562252085209 -150.39905012488367
-1232.4085050034523 -150.4412935459614
-1233.1370937037468 -149.38856894612314
-1231.5605837512016 -147.85916788220408
-1231.417301903963 -146.4608668768406
-1232.0507344710827 -146.92616153597834
-1232.0886027622223 -145.6884136283398
-1232.904208521843 -144.13200808405878
-1233.7415044116974 -142.73133159518244
-1234.3734744596482 -142.8409275943041
-1234.2582485485077 -141.50499843895437
-1235.1690302300453 -140.4875293904543
-1235.8544035959244 -139.0403687888384
-1234.5997171211243 -137.7208845549822
-1233.0578201818466 -136.39719223320486
-1233.287064384222 -136.47840789794924
-1234.108909021616 -136.3733697319031
-1233.887064318657 -135.02212623596193
-1233.7930965530873 -134.7601160490513
-1233.5406230795384 -133.35337252259257
-1233.3611923861504 -133.29812812149527
-1233.8428334701061 -132.37841331303122
-1234.2909557330609 -133.42679178059103
-1233.1639021146298 -132.07059370815756
-1232.9129317510128 -130.5881575280428
-1232.0193722951412 -131.1251787477732
-1230.3956385362148 -129.8250475460291
-1228.699733685255 -128.9611514145136
-1228.6225525844097 -129.05049126684668
-1226.8810201394558 -128.0554880434275
-1226.8343921411038 -128.15691381037237
-1227.313778142929 -126.62435966074469
-1227.4710551309586 -125.25657587587835
-1226.0593410539627 -124.09509783327582
-1224.7809930849075 -123.25482314169409
-1225.1314313519001 -123.25610340476038
-1223.7535358774662 -121.80686462759974
-1221.9280943977833 -120.9697274053097
-1220.8164881575108 -119.92682898879053
-1220.8225474464894 -118.45435238718989
-1219.8314443933964 -116.86290181517603
-1219.0872745621205 -116.88334622323515
-1218.047116290331 -115.81664028108122
-1218.687055002451 -114.3728521102667
-1217.343573819399 -114.04134022533896
-1216.6910894024372 -112.72368871510031
-1216.3342603552342 -113.06946095168593
-1214.5953179705143 -112.55425676047804
-1214.5074631381035 -111.46787294089796
-1212.971813838482 -110.04343100726607
-1212.6525832521916 -108.82743486106398
-1211.0703491079807 -107.8564844363928
-1209.2614593613148 -107.48747827947142
-1209.497813295126 -107.70332039237024
-1208.7460273611546 -106.56295431494715
-1207.266633759737 -107.32378298878672
-1206.6405336368084 -106.35961420178415
-1205.1231612670422 -107.40199811100962
-1203.732561300993 -107.53553672969343
-1202.1799498307705 -106.65600665748121
-1202.5496235597134 -105.89312013328077
-1201.6835782039166 -106.60633131206038
-1200.8813318121433 -107.52378770053389
-1200.607363651991 -106.97357054889204
-1199.7020730483532 -107.57722791373732
-1200.2820507991314 -106.77167566955092
-1199.5711492407322 -107.37850507438185
-1198.62678683877 -108.08138611257078
-1198.5511252093315 -108.69576063096525
-1197.8726720619202 -107.57326974809172
-1198.7679728078842 -108.8082609409094
-1199.8170164632797 -109.86786844670775
-1199.007358531952 -108.59568550527098
-1198.8094370472431 -109.89828255116942
-1197.9794880259037 -108.64882984101774
-1198.9146350729466 -109.37316271007063
-1199.6605866062641 -110.36977430522444
-1199.4517194139958 -111.16063561379912
-1199.641396741867 -111.86963572442534
-1199.171956192255 -112.59504332482817
-1198.3679281580448 -112.30181434094908
-1197.67317355752 -110.71225430905821
-1197.0561292278767 -109.21801235616209
-1196.3074662792683 -110.43372907578947
-1195.9792231726647 -109.28285756051542
-1195.225700955391 -109.2664373674989
-1195.818568687439 -109.60486759334805
-1195.8574827420712 -108.79109521299603
-1196.6668074834347 -107.8520222464204
-1195.7967926967144 -106.86273135334255
-1197.1020659911633 -106.63933636337521
-1196.3967163074017 -107.7371821561456
-1195.5355759370327 -106.7499778428674
-1195.555757443905 -107.39724005848171
-1194.686971168518 -108.34566362291577
-1193.9014619398117 -108.05414800435307
-1193.0039540338516 -108.05749784499409
-1193.783340792656 -109.01528392821552
-1192.9636473464966 -107.75806187182667
-1192.748129736185 -107.00446651965382
-1192.1973449099064 -105.79376946479084
