-1163.98 -308.54
-1165.481827120781 -309.5868559265137
-1166.9697689819336 -310.46261731624605
-1168.4306845474243 -311.73819724559786
-1169.8536428022385 -313.5183333539963
-1171.7294562864304 -313.23025826454165
-1173.6108059692383 -314.57725612163546
-1175.5031105089188 -313.60166231632235
-1177.3857077169419 -314.47553876876833
-1179.136324505806 -315.9113828325272
-1180.8295656251908 -316.70001111269
-1182.7025379943848 -316.068863132
-1184.4304115581513 -315.1940001034737
-1186.059865694046 -316.2598027968407
-1187.2490261602402 -315.30577943563463
-1189.0547700929642 -316.39358196496966
-1190.9536942052841 -315.91336015701296
-1191.6528085279465 -315.4469477617741
-1193.1790669965744 -314.20946902871134
-1195.0259443330765 -314.14219326615336
-1196.7795487451554 -312.7975766146183
-1197.4439797210694 -311.7178514683247
-1199.328959326744 -311.7448801407218
-1200.7371405172348 -310.686619938314
-1201.7456464576721 -309.1832870849967
-1202.2860450553894 -307.3417310127616
-1203.613170247078 -305.63392466396095
-1202.8962616729737 -305.8219693312049
-1203.0872747707367 -304.0275086769462
-1203.1327731977403 -304.4444307395816
-1204.3963500629366 -303.86559453696015
-1205.391450918764 -302.7389544555545
-1206.4988969932497 -301.12861278742554
-1207.693480528444 -300.65779322475197
-1208.4706477294862 -299.5715165743232
-1207.3178557525575 -298.0152146229148
-1205.9374071727693 -296.2060325750709
-1206.8521892796457 -296.3949310490489
-1206.8352399538458 -295.01659008949997
-1208.008295006603 -293.71066591233017
-1207.2379447887838 -292.1528510758281
-1208.213919646591 -290.40160033196213
-1208.3920582602918 -289.8000023671985
-1209.4315301249922 -288.03789952486756
-1209.9348733495176 -286.460511238277
-1210.0409953962267 -284.80459705084564
-1210.3127100537718 -283.1489361831546
-1211.3003419707716 -282.8968253442645
-1209.8758218358457 -281.8116705724597
-1210.7212957809866 -280.0185991832614
-1210.0649653147161 -278.2534500667453
-1210.0655811797083 -276.5439023086429
-1211.1628707419336 -274.7950907060504
-1212.1705832253397 -273.1433300086856
-1210.60227582559 -271.4673196384311
-1210.4403773020208 -269.805717022121
-1210.4810264478624 -269.67209592550995
-1210.7993529509008 -269.1473605939746
-1211.562700457424 -267.90625766009094
-1211.2126039038599 -266.6147904703021
-1210.6368495593965 -264.9216015645862
-1211.3836152921617 -263.24107471197846
-1212.2820346723497 -261.4940949985385
-1213.201882160753 -261.38267758578064
-1211.7309294115007 -259.78141835421326
-1212.7561256061495 -259.09781316012146
-1213.510000206083 -257.3868227311969
-1213.5575169692934 -255.81449249476196
-1214.2950436244905 -255.22890862911942
-1214.7399163614214 -254.22167560547592
-1215.5080631743372 -252.5365180680156
-1214.0321608553827 -250.95828172653916
-1214.9081749092043 -249.2941709467769
-1215.2694546352327 -247.7033652970195
-1215.876885868162 -246.00372287720444
-1215.3810377191007 -244.42134270161392
-1213.727858311981 -242.93233093708756
-1213.4013017486036 -241.39724585503342
-1212.546990878433 -240.0011186310649
-1212.6254979144037 -238.27035948723557
-1213.1739454637468 -237.58661434143784
-1214.029608822912 -235.8559553334117
-1214.3128021727503 -234.24717792958023
-1214.2918827305734 -232.53913137406113
-1215.3093341360986 -231.08262679070236
-1214.4948256383836 -229.38712999314072
-1215.1635482083261 -227.75520381420853
-1215.9061925183237 -226.1056736418605
-1216.490742302984 -224.58486053436997
-1216.910332299322 -225.0137103506923
-1216.4722532103956 -223.35953185051682
-1216.7006934653223 -221.75502571552994
-1217.6500239740312 -220.06165513485672
-1216.7655420671404 -218.73529657810928
-1216.0252710948885 -217.69577774494888
-1216.7938349615038 -216.08800157994034
-1217.6960203419626 -214.78429159611466
-1218.6673948536813 -213.11296400517227
-1219.5726595889032 -211.81456193417313
-1220.473560668081 -210.1567332455516
-1221.2892521987856 -208.52674159497025
-1222.1918622623384 -207.8240699478984
-1222.9746345053613 -206.3580010840297
-1222.4390031467378 -204.73975047558548
-1222.7000812660158 -203.90051254719498
-1222.3960802327097 -202.27445063084366
-1221.6970348130167 -200.7267137476802
-1221.1486727367342 -199.1983935543895
-1220.4300512443483 -197.84686800926926
-1220.851415939182 -196.5098176905513
-1221.6754103372991 -195.1542384335399
-1222.4872104595602 -193.5453755566478
-1223.041228003353 -192.1442490527034
-1222.7541928957403 -190.57872209042313
-1223.5050794552267 -189.34526500195267
-1224.3920309017599 -187.75828942745926
-1224.1606667260826 -186.16578516453507
-1224.983965061158 -184.65122255772354
-1225.8776611308754 -183.10447654217484
-1226.651456258744 -183.6374131152034
-1225.962754867524 -183.85835942715408
-1224.4510244350136 -182.39981684178116
-1224.5168862561882 -183.2672832915187
-1224.6027537803352 -181.66526195496323
-1223.4759365539253 -180.48304531067612
-1224.3948906879127 -178.87592765778305
-1223.8584602694214 -179.61049416750672
-1222.7177331070602 -178.24465718954804
-1220.9350158791244 -176.98580959528687
-1221.7452698569 -176.60031175702812
-1222.6066093067825 -175.21090829461815
-1222.9661623458564 -173.62707257360222
-1223.821632526368 -172.11440670579674
-1223.2738548736274 -170.74570262521507
-1224.1578182201088 -169.19160747617485
-1224.7784074763954 -167.80786538213493
-1223.9513666848839 -166.21202993482353
-1224.7437803964317 -164.66164803594353
-1224.9845323185623 -163.29652774423363
-1225.3625546316803 -161.80809080690148
-1226.1773627619446 -162.77281510919335
-1225.3150716643036 -161.17615711778404
-1225.9527331213653 -161.14440792888405
-1226.680867395848 -159.60527128070595
-1227.2142093400657 -158.28628176540138
-1226.9234030465782 -156.78146559089424
-1227.4834943036735 -155.33621651023628
-1228.282196841687 -153.89203864425423
-1227.5658130268753 -153.09599828809502
-1227.7504802565277 -152.3642051228881
-1227.6215114216507 -151.71328902333977
-1226.9318269114196 -151.22022610992195
-1226.4934469680488 -149.71174627631905
-1227.080641887635 -150.1772913643718
-1227.543232075423 -148.78753599613907
-1225.6950509469211 -147.2259504505992
-1224.2270554225147 -145.73604497402908
-1222.938063017577 -144.13484487026932
-1221.107663742751 -142.62087032288315
-1221.839714757651 -141.58977744072678
-1222.7646617214382 -140.2555533358455
-1222.4861897747219 -139.16310438603165
-1222.3247983376682 -138.5118695804477
-1223.2566851894558 -136.9808361837268
-1221.864830903262 -135.36615493983032
-1222.2830496053398 -134.05754593104126
-1223.2005278091133 -132.93031647890808
-1221.5739609222114 -133.3967884489894
-1220.1354238013923 -132.99144399255516
-1218.3450806359947 -131.33792162030937
-1218.4683275441826 -130.57227826207878
-1217.1240712623298 -129.3553009042144
-1215.639587662667 -129.20094272583725
-1214.4981526355446 -127.51180133312943
-1212.9837767104805 -126.11049088925125
-1211.644533060044 -124.59946689099075
-1211.1901700417698 -123.29443594902756
-1209.866950146407 -121.79240414589646
-1210.0349606196582 -120.05679234951737
-1209.0631417553127 -119.19860896557572
-1207.503006271571 -117.43511435478928
-1206.7425413052738 -116.30155000180008
-1205.2075515906513 -115.48412087649109
-1205.9263528506458 -114.05740752905609
-1204.6731628100574 -113.41574481219055
-1203.2037770669162 -112.09098425596954
-1203.8017307440937 -110.38154807776215
-1202.551425806731 -109.68832513779404
-1202.4201722066105 -108.7227112361789
-1201.4767045895755 -108.04873660296204
-1200.673478833884 -107.75772354096176
-1199.8581702034176 -107.68291163533928
-1199.148932389468 -106.65027844995262
-1198.4335516612232 -107.09857913941147
-1199.622966400832 -107.14730106383564
-1198.6408129255474 -107.17972268253567
-1197.8845575372875 -108.0116303125024
-1196.9979675333202 -108.85606117635967
-1196.1341046015918 -107.94671292692425
-1196.963998309821 -106.7469561854005
-1196.3306758324802 -107.57508452326061
-1195.4304371397197 -106.38781888872387
-1194.5408890764415 -105.46920044809582
-1193.720628194064 -105.36462937384846
-1193.0443606893718 -106.54580222159626
-1192.2748114387691 -106.9655593493581
-1191.4209267418087 -105.71575079947712
