-1163.98 -308.54
-1165.8275296497345 -309.136144258976
-1167.7090600538254 -308.0911754155159
-1169.5662953662872 -309.378180243969
-1171.1539795207977 -309.15183947324755
-1173.0323287057877 -309.4483442389965
-1174.8496080446243 -310.3315489971638
-1176.6524272966385 -311.5149201834202
-1178.5052891778946 -310.0872916662693
-1179.8592202472687 -309.2588782989979
-1181.7291960525513 -310.43822176098826
-1183.5460918951035 -311.2616929495335
-1185.3926526117325 -311.88295383095743
-1187.2307078647614 -312.72099012970926
-1189.0415072250366 -313.49648148655893
-1190.355162601471 -312.87107671141626
-1191.5521726417542 -312.12702167868616
-1191.8210239815712 -311.8608476006985
-1192.8130127596855 -310.3803596580029
-1193.6819371390343 -308.9012541854382
-1195.4780645775795 -308.41385648489
-1196.4505089330673 -307.9106271648407
-1197.8679462480545 -306.2480560922623
-1198.336766819954 -306.2089603328705
-1199.9666174459458 -304.46856907844546
-1200.9210259723664 -302.68345979690554
-1201.867151837349 -301.11885837554934
-1202.728531460762 -299.32583586215975
-1201.6406065034867 -298.38457695484163
-1201.5884456406534 -296.5108242416382
-1202.89890751943 -294.76119903564455
-1204.1184209357202 -294.1281681442261
-1204.9154720674455 -292.30866841316225
-1206.1564798723161 -290.45537845134737
-1207.1380849848688 -288.91210524082186
-1208.1140872608125 -287.2322155618668
-1208.7317666183412 -285.42719618320467
-1209.5537484656275 -283.94441286563875
-1207.8933039675653 -284.1388673269749
-1208.7830763827264 -282.6235010111332
-1208.0434844265878 -282.2961165094376
-1208.625926233381 -280.6305182361603
-1208.739512361139 -278.92639235496523
-1209.2161883185804 -277.36700800895693
-1208.9615946482122 -275.63167468547823
-1209.3127310942114 -274.0702667617798
-1209.558190561384 -274.8324320101738
-1210.6635482083261 -273.0553532624245
-1211.4225640068948 -272.3698075795174
-1210.0527261267603 -270.7907432103157
-1211.0812779437006 -269.21466002702715
-1210.4011785756052 -267.6479280972481
-1210.3089362303913 -265.86365065813067
-1211.2440022151172 -264.18697188138964
-1211.8350916425884 -262.7336101317406
-1211.875437013358 -261.40600905656817
-1212.7004751484096 -261.0261365556717
-1212.8225576798618 -259.2891880655289
-1213.6126974742115 -257.57660476207735
-1213.1703493516147 -256.2849163198471
-1214.1388807217777 -256.83220455884936
-1214.9084917227924 -255.13955924749376
-1215.8322265069187 -253.47191319704058
-1214.9018101613224 -252.1779836201668
-1215.3673815946281 -250.62849924802782
-1215.658133200854 -249.02124665021898
-1216.064442269057 -248.81140027284624
-1214.8236391465366 -247.14577040910723
-1213.2616610448063 -245.51214156389238
-1212.531288139075 -243.8134439969063
-1213.384763352126 -242.11119017839434
-1214.1083981911838 -241.06914971113207
-1214.8874478261173 -239.3592042708397
-1215.70532267496 -238.683347799778
-1216.0768038253486 -237.25501868963244
-1216.5692639867962 -237.39393482446673
-1216.5476814429462 -237.58911100864412
-1216.1402964513004 -236.01310578823092
-1216.8981844107807 -235.25766495704653
-1217.727865151614 -234.0759972715378
-1216.1812279741466 -233.20789066791536
-1216.6680351118744 -231.5169028425217
-1215.0423874478042 -229.873109498024
-1213.662181339711 -228.2851959848404
-1214.2326094727218 -226.74621550083162
-1213.4960893015564 -225.661017575264
-1214.2633347134292 -223.9653832101822
-1215.1767491917312 -222.43366853237154
-1216.1613003830612 -220.72773138523104
-1217.067826114148 -219.11046198844912
-1218.0375074963272 -218.04305271148684
-1218.8753725509346 -216.57294837474825
-1219.5331927756965 -215.08494082927706
-1220.2592663984 -214.38615707397463
-1221.152579806298 -212.83427587985994
-1222.0598210911453 -211.20932952404024
-1222.5090663056076 -210.52080193996431
-1223.0558005194366 -208.91745237350466
-1223.9028840880096 -207.94784382820131
-1223.5321644167602 -206.35936502456667
-1224.3859613756836 -204.76295033931734
-1225.1248327116668 -203.23513905048372
-1225.8687240700424 -201.9118867301941
-1226.152347318381 -200.3900578403473
-1225.3163580219448 -198.82917133808138
-1226.1585205714405 -198.20937476396563
-1225.9712958852947 -198.41570396065714
-1224.9851859132946 -196.82497937321665
-1225.2369058649242 -195.29805404782297
-1225.2470552544296 -193.83678931832316
-1225.5722400467098 -193.8249733233452
-1224.3877696315944 -192.68660650491717
-1224.676458619088 -191.89790622234347
-1225.1839101533592 -190.62772957324984
-1225.750227830857 -189.5781057262421
-1225.3068245868385 -187.99590507984163
-1226.124461195916 -186.53270939826967
-1226.7949128369987 -186.25018394827845
-1226.2407137970627 -184.6997319543362
-1226.6313161771 -183.42411328196528
-1226.9773149709404 -183.5639102393389
-1227.397588274926 -184.31334375679495
-1227.7420864622295 -182.7620030575991
-1226.2503525535762 -181.27139567673208
-1226.7935184161365 -179.72952508270743
-1227.4607101003826 -178.81171213924887
-1228.345500997752 -177.29661189854147
-1229.2131322543323 -175.87644278347494
-1229.786869160384 -176.36816757261755
-1230.6339871804416 -176.03166901409628
-1231.0484948079288 -174.5493383342028
-1231.547545156926 -173.12959610760214
-1232.2118194918335 -172.06757079899313
-1232.1696610669792 -171.19865333378317
-1232.884229503125 -169.6654990845919
-1231.436748586148 -170.4670552545786
-1232.3513552765548 -169.09525018274786
-1232.996306322068 -167.7228520447016
-1232.7660134355724 -166.32021372854712
-1232.9185177604854 -165.2400057846308
-1233.3540823976696 -163.74303870737555
-1234.0115922610462 -162.27301352560522
-1232.9503587405384 -161.29990881025793
-1231.8560825507343 -161.2108269417286
-1230.8205727259815 -159.73600704312327
-1231.5730801145733 -158.84722931027414
-1230.3627368728817 -158.83124918580057
-1231.186830214709 -157.42595893979075
-1231.5090106646717 -155.9542239391804
-1230.1443381230533 -155.8223343575001
-1230.3131679217518 -154.30161280274393
-1229.1429475466907 -153.73124284386637
-1229.2996731321514 -154.54468876957895
-1229.9874895732105 -153.1921445810795
-1230.0480551044643 -153.08171936213972
-1230.5031304578483 -152.95024774312975
-1228.692428253144 -153.16566898763182
-1228.786920748204 -151.82587315976622
-1228.731846831292 -151.4600642257929
-1229.182145408839 -151.5845702672005
-1229.960766903609 -150.5678558135033
-1229.7814195375145 -149.59458992719652
-1230.5975243668258 -148.26862166166308
-1231.3971135239303 -147.20460889577868
-1230.8894462804496 -145.9070720458031
-1229.496330998391 -145.52686853051188
-1228.6372866253555 -144.3958286726475
-1229.3483061413467 -142.86506623864176
-1228.6575924377144 -144.03775329232218
-1228.966231546849 -142.66207177281382
-1229.521180472821 -141.1434831106663
-1230.361615381688 -141.36547254860403
-1229.0584228853882 -140.33125244915487
-1227.9720930676162 -138.7620793515444
-1228.5059550623596 -137.30871557533743
-1227.3374472479522 -135.86106323540213
-1228.2407687525451 -135.73802580028774
-1228.0985527257621 -134.80467607170345
-1228.380619339198 -135.41304792553188
-1228.3639615993202 -133.88409461170437
-1228.7655620495975 -133.17813690096142
-1227.5174879948795 -131.63897164255383
-1228.32577209875 -132.22365935236218
-1229.2300459067524 -131.11958511263134
-1227.4975153128803 -131.22963343650105
-1228.3767782370746 -129.9002324202657
-1228.4004358272255 -130.19845222026112
-1227.561610839814 -128.62498723059895
-1227.4096977035701 -127.04622243434193
-1227.4846744458378 -125.50494109183552
-1227.6925173918903 -125.38241018444302
-1227.1929814438522 -124.69605220943691
-1227.7061459641159 -123.58979036003353
-1228.5350411753357 -122.51446248680355
-1228.2905206005275 -121.07933296352627
-1226.695147804469 -122.13773764759304
-1224.9060402433574 -120.94374753624203
-1223.2352732937038 -121.11448185235264
-1222.4052923242748 -120.93784321933987
-1222.667419038266 -119.48385240226986
-1220.8900938849151 -118.42932178169491
-1219.0960648874939 -116.91753770500424
-1218.9592152754963 -118.00713516861202
-1218.8949458222091 -117.01036383301022
-1217.2783019165695 -115.92654635101559
-1215.515606842488 -116.49354280620815
-1216.1813047151268 -116.18213246852162
-1214.504777095765 -115.28713743478062
-1212.7434963206947 -114.13520924836399
-1211.6451305370033 -112.98550693780186
-1210.022526166886 -111.79298155099156
-1209.3991246442497 -111.41824774533512
-1207.9474005918205 -111.68423281699421
-1206.063841841668 -111.25889666467907
-1204.619580052346 -110.52444066196682
-1202.804026864022 -109.4184633651376
-1202.7595480303467 -109.44551722794773
-1201.0675154547394 -109.88853584319355
-1199.5859154085815 -109.1517639616132
-1200.3671761374176 -110.51910381108524
-1200.9021275858581 -110.36673401385548
-1199.2822287897766 -109.85982297450306
-1198.843662134856 -110.94576369315388
-1198.3906516353786 -110.27967290669682
-1198.9819043199718 -109.79492600351574
-1198.065413645953 -109.53604300409557
-1197.4946398060024 -110.9897380629182
-1197.7734081070125 -111.28144691973927
-1198.059850267619 -110.86338590174915
-1197.0459789554775 -110.08588378220799
-1196.2590969125927 -111.02969496041538
-1196.2741191606224 -110.50423066407444
-1195.3348610024154 -109.43144516736271
-1195.152207634896 -108.83000628739597
-1195.0152150015533 -109.90721885949375
-1194.2986712674797 -110.95422010213139
-1193.4520260314644 -111.0347067126632
-1192.9109858493507 -111.82663422912361
-1192.4891787688434 -110.57104283660652
-1192.7797788898647 -109.42618721812966
-1192.054221920222 -108.79740542262795
-1193.484428576678 -109.6795852789283
-1195.2654750864208 -108.55684226840737
-1194.323306016177 -109.4735500225425
-1194.0974271218479 -108.3675301679969
-1194.2904486577213 -108.27146932572128
-1193.8196280519664 -108.08368232935669
-1193.7739334325493 -108.2424303302169
-1193.0973326186836 -107.25694495528938
-1193.0631322781742 -106.3989644059539
-1192.492350331992 -105.67480504602196
