-1163.98 -308.54
-1165.8689118432999 -309.57191912174227
-1167.6419124412537 -310.8967649126053
-1169.5200848388672 -312.09927121639254
-1171.3869652557373 -311.9246855014563
-1173.2533113765717 -311.18894400537016
-1175.1247999477387 -312.44966354310515
-1176.3182110595703 -313.5713062518835
-1178.1579433488846 -314.7426464790106
-1179.95223675251 -315.16713880836966
-1181.7468225765228 -313.7048637801409
-1183.5810088920593 -314.82455348312857
-1185.3539333152771 -314.6323733562231
-1187.1261709737778 -315.65299048364164
-1188.7829857873917 -314.94926806628706
-1189.2598987030983 -313.44725223720076
-1190.9207231211662 -313.65993773281576
-1191.775054256916 -312.0203643971682
-1193.146567504406 -311.10847544014456
-1193.936066429615 -310.0841896468401
-1194.6806111741066 -310.5071811014414
-1194.2023485410214 -310.7344063603878
-1196.0372180449963 -311.2226483011246
-1196.4394732820988 -310.57606522083285
-1198.1828577625752 -310.6294777774811
-1197.8789613354206 -310.84109640955927
-1197.5489048171044 -311.1544248843193
-1198.7260605502129 -309.5875229620934
-1200.3628093409538 -308.0644932770729
-1201.5236475872994 -306.5819237017632
-1202.947945754528 -304.81101463079455
-1204.3149580168724 -303.89871022939684
-1204.0245548295975 -302.0061119580269
-1204.205870758295 -300.3039418244362
-1202.8693784582615 -298.44966111421587
-1204.206029187441 -296.6210406804085
-1204.9072157847881 -294.7334273838997
-1203.972011755705 -292.84772823095324
-1205.2114283549786 -291.82349655866625
-1206.0406114566326 -289.96086333036425
-1206.2349200356007 -288.0945911192894
-1207.4528336632252 -288.21195266485216
-1208.5912153828144 -286.42565319776537
-1208.0313608157635 -286.7688183271885
-1207.140284370184 -285.1022412264347
-1208.1857317197323 -283.26100201249125
-1208.4632952320576 -281.42813558220865
-1209.5058587896824 -279.61178965210917
-1209.1261319029331 -278.08739060997965
-1209.4831574368477 -276.5547472918034
-1210.2346238899231 -275.8136858427525
-1211.111011724472 -274.0797817194462
-1211.4191430318356 -272.9070467436314
-1211.7645433950424 -271.74230928063395
-1212.7993029165268 -271.6749708735943
-1213.788382153511 -270.7256312453747
-1214.7131738471985 -269.93738640189173
-1215.7110054302216 -268.5331010901928
-1215.6510620224476 -266.8328794324398
-1214.801174055338 -265.2274372661114
-1215.1978716659546 -263.5312839829922
-1215.2952482509613 -262.0045915925503
-1215.930674533844 -261.55554945111277
-1216.0735752689839 -260.1890825712681
-1215.4678981411457 -258.564359613657
-1216.44077349782 -256.90586382985117
-1215.9580998826027 -255.34729630589487
-1216.2643820750714 -254.0283694946766
-1217.211003075838 -252.7214929544926
-1217.6533566820622 -251.52240342736246
-1218.512294780016 -250.3277954542637
-1218.6252151536942 -248.7210046732426
-1219.3428593683243 -248.31527725696566
-1218.5046205925942 -247.23283187389376
-1218.3968147444725 -246.10902945041659
-1217.0048590111733 -246.70028279066088
-1215.6927576470375 -245.10191009283068
-1216.4923991370201 -243.61796353101732
-1215.8351434874535 -242.08921430349352
-1214.791680495739 -240.46948812246325
-1213.243118326664 -239.18820641279223
-1213.7958340454102 -238.5244499230385
-1214.1168363499642 -236.9335886025429
-1213.9508692133427 -235.34997473001482
-1214.222894858122 -233.71383557558062
-1213.874585609436 -232.16366467714312
-1214.7710445332527 -231.13612983465197
-1215.3736826586724 -229.47672937154772
-1215.9959544348717 -227.783076980114
-1214.8981522727013 -226.0802281880379
-1214.5972659099102 -224.42044100999834
-1215.5363338696957 -222.7337254071236
-1216.523966382742 -221.17304227590563
-1216.3808351266384 -220.43676904678347
-1216.650511007309 -218.8231875085831
-1215.1750268745423 -218.36481598854067
-1215.9853175091744 -216.72327593803408
-1215.0147787737847 -215.35311571598055
-1215.994257967472 -213.73722092151644
-1215.9013998913765 -212.46535853385927
-1216.1106419074536 -210.81146720886233
-1216.674042235613 -209.206241645813
-1217.458503137827 -207.52230981826784
-1216.6804087865353 -205.9512391471863
-1217.592186998129 -204.26075271606447
-1218.4032465922833 -202.58694080352785
-1218.5738015580177 -201.1686180019379
-1217.2535090851784 -200.5385626935959
-1218.0471299099922 -199.08686558246615
-1218.2392977285385 -199.55408565044405
-1218.3638712871075 -197.94740883350374
-1217.6721392381191 -196.95673266887667
-1218.6305708396435 -195.33081785678866
-1219.1960441577435 -193.75795821189882
-1219.6420429754257 -192.1300046825409
-1220.258131365776 -190.64529923439028
-1220.2920335936547 -188.99744466781618
-1220.9858992505074 -187.63866988658907
-1220.7036060798168 -186.70747385263445
-1221.4550106036663 -186.90323504149916
-1220.458768080473 -185.31704767882826
-1221.3270687568188 -184.01277085483076
-1221.8521688687802 -182.5298773878813
-1222.340243856907 -180.90276428401472
-1222.934748094082 -179.2932068938017
-1223.7262679743767 -178.0175926321745
-1221.9375055241585 -176.71942826449873
-1222.6649855780602 -175.46893998324873
-1221.9355324912071 -173.9462329977751
-1222.8607079195976 -172.3755304449797
-1223.3343188869953 -171.2368366354704
-1222.2505940306187 -170.45783504188063
-1222.5007794606686 -169.9263963931799
-1222.2226986396313 -168.45204427182676
-1221.4980929601193 -168.96323331534865
-1222.393692265749 -168.24308785140516
-1222.7947636055947 -166.8148740166426
-1223.0562216746807 -165.48421939551832
-1223.9431622731686 -165.46858448624613
-1223.4455519127846 -164.32011921048166
-1221.8461455512047 -164.5131311351061
-1220.272484343052 -163.00215887367727
-1220.561073075533 -163.48940494000914
-1219.4788922178745 -162.3682477706671
-1220.3357036817074 -162.41688051164152
-1220.2484676349163 -160.8825229638815
-1220.2083926010132 -159.27874138295653
-1218.4649743843079 -157.9755544894934
-1217.5247183847428 -156.49939265191557
-1217.8678287672997 -155.0501414769888
-1218.4879955458641 -153.46170320451262
-1217.8989851880074 -152.04252746045591
-1218.8406423139572 -150.94411208570006
-1218.8494609105587 -149.2737276786566
-1218.3029309022427 -147.66548981606962
-1216.7093553054333 -146.06192328870299
-1217.5504210698605 -144.55437734067442
-1216.9447807776928 -143.0183279746771
-1217.8483575093746 -141.40016033589842
-1218.299572776556 -139.97806360661986
-1216.8072747695446 -138.38023831784727
-1217.6879055011273 -136.8180937999487
-1217.8019618797302 -137.11289631664755
-1217.6982252407074 -135.53108870327475
-1216.1438598442078 -133.86633288204672
-1214.9491199064255 -132.32641326725485
-1213.195964436531 -132.67123367726805
-1212.7182995188236 -131.0130801433325
-1212.5785990464688 -129.5986194843054
-1210.919202874899 -129.64802777111532
-1211.158869187832 -128.0787490540743
-1209.6857358622551 -126.39179717838766
-1208.2266701865196 -124.74720060169699
-1209.0313404011727 -122.93669139683249
-1207.3894026684761 -121.21675621807577
-1205.8701510834694 -120.02318751156332
-1206.2048824238777 -120.80824112236502
-1204.6332625555992 -119.08922230541708
-1203.0077155041695 -117.27779805004599
-1201.6435184884072 -117.38808395802977
-1202.6084438967705 -116.03284206330778
-1201.3187028574944 -114.56538381516935
-1201.7440692591667 -115.38930263459685
-1200.3738094973564 -113.95693793237211
-1200.1647314536572 -112.81376113831999
-1201.0418838965893 -112.02652271926405
-1199.5609302031994 -110.46948608100416
-1198.6194107043743 -111.3913852208853
-1198.2426369595528 -110.08335914552214
-1197.6439838814736 -110.34653740465643
-1196.7406008052826 -109.58537774622442
-1196.7340946602822 -108.81151365578177
-1195.7534068632126 -110.05953466236593
-1196.6009946870804 -109.00511919796469
-1196.37581027627 -109.07567095100882
-1195.533147226572 -107.94910990536215
-1195.8976325798035 -106.86563634216787
-1195.2723189401627 -107.7657596999407
-1194.322269062996 -107.26482450306418
-1193.4922871994972 -106.2023197346926
-1194.1009744215012 -107.80267869770529
-1193.3629219937325 -106.92235123455526
-1192.5049361395836 -107.18607511460783
-1191.6460093665123 -108.03234806001188
-1190.715815346241 -108.65340956389906
-1192.173881213665 -110.08975371062758
-1193.897751967907 -111.20711311042311
-1194.5668861079216 -111.64903124511244
-1193.6961151766777 -112.68031796157362
-1194.3357999134064 -112.85581409275534
-1195.8171675014496 -111.48225509464743
-1195.2144790697098 -112.43618654549124
-1194.4656206178665 -112.18182259142401
-1193.5967777180672 -112.81970977127554
-1194.6497168946266 -111.64637445747854
-1193.8651428031922 -110.73344015419485
-1193.7659753072262 -111.01260423004629
-1193.0366236674786 -110.84406375229361
-1192.1704840171337 -110.70105477511885
-1193.3113859403134 -110.0593710178137
-1192.4300612318516 -110.31278490364554
-1193.6236997950077 -110.35265477836134
-1193.476782898903 -109.0589609974623
-1192.761441807747 -109.52313687741758
-1191.942924540043 -108.47791972100737
-1193.0122449803353 -107.48549654424193
-1192.0661192941666 -106.5773969525099
-1191.2111148643494 -106.91015180289747
-1190.2625424671173 -106.38440754354002
