-1163.98 -308.54
-1165.6834426927567 -309.39025024414065
-1167.3852877426148 -308.45455733776095
-1169.2812733459473 -309.57152704238894
-1171.1234372663498 -310.8266431474686
-1172.8561510849 -312.0714934253693
-1174.7327059316635 -312.97754851818087
-1176.4754793453217 -312.10936621665957
-1177.8586354064942 -312.7932760500908
-1179.7314562606812 -311.9805627846718
-1180.702001671791 -311.7008768999577
-1182.5068318653107 -310.8056651437283
-1182.3797670412064 -309.4792041862011
-1184.273017745018 -308.8561163032055
-1186.113361339569 -309.20766154766085
-1187.9875252056122 -310.58993915557863
-1189.832695941925 -311.44869700908663
-1191.576299290657 -311.74835420489313
-1192.5819510030747 -311.7897526854277
-1193.3704410600662 -310.9623653525114
-1193.8043108093739 -310.93356182515623
-1195.033953319788 -311.53551306664946
-1196.7631731140614 -310.1944380038977
-1198.5434984076023 -308.5878952974081
-1199.9625266897679 -309.25064887940886
-1199.2711478579045 -307.38100614488127
-1200.7576983082295 -306.1541761392355
-1201.5354320514202 -304.27967324197294
-1202.7083914983273 -302.58184757173063
-1201.4625945794583 -301.49292209088804
-1202.8588159787655 -300.4186605447531
-1202.798920236081 -298.87558033406737
-1203.5021923999489 -296.97623159825804
-1204.7523720483482 -297.16598730623724
-1206.0129105071724 -295.2809697920084
-1205.0976076941192 -293.7508358293772
-1203.883974276036 -292.293180757165
-1205.1021158318222 -290.4149256283045
-1204.8678550492227 -288.54622011721136
-1204.9116958375275 -287.71797650396826
-1204.318942307979 -285.8629063898325
-1203.8198460634053 -285.80632423698904
-1204.4603326018155 -285.8989720577002
-1204.8446625764668 -284.52878572881224
-1203.4443834121525 -284.9723583394289
-1204.5362900789082 -283.44174575150015
-1203.5467313225568 -281.5596899920702
-1202.826765447408 -279.9471504622698
-1204.209805994779 -278.1153807574511
-1204.9627875979245 -276.30799090206625
-1204.0424921806157 -274.44261371433737
-1202.833603411466 -272.609758489728
-1203.7745355065167 -270.9944291049242
-1204.8876590426266 -270.2079278165102
-1206.159147709161 -269.5571941071749
-1206.167818069011 -267.74223505795004
-1206.2688746149838 -265.96590983211996
-1205.1550841028989 -264.1332007580996
-1206.151614278108 -262.271153562665
-1207.3381658490002 -260.41582691013815
-1208.125925629884 -259.0716140204668
-1209.0763104255498 -257.37067233860495
-1208.096283107549 -255.62346255123617
-1209.0330762560666 -254.42186068832876
-1209.0331702525914 -252.76875185310843
-1209.9907710249722 -253.28104042351248
-1208.847181647569 -251.59501277744772
-1208.5963361258805 -249.8955844575167
-1208.7145288135112 -248.97956835567953
-1209.2155506159365 -249.380459600091
-1209.5221884693206 -248.53332858622076
-1208.1203383649886 -246.99508982241156
-1208.529023810774 -247.14445038974287
-1209.3843082632125 -246.14429660975935
-1210.4553511585295 -245.00982340514662
-1209.5619221176207 -243.28307446181776
-1208.2346590007842 -241.57225664794447
-1208.0112264598906 -239.81769772708418
-1209.0241998876631 -238.4279691809416
-1209.8700494016707 -237.24360247790815
-1210.8020627941191 -235.57086642920973
-1210.539871289879 -234.11962946593763
-1210.963298484236 -232.7670464152098
-1211.8570321644843 -231.54744108855726
-1210.601066454798 -230.26449378669264
-1211.2798172082007 -228.97966524302961
-1212.1225646580756 -227.28818675220015
-1212.3931960012019 -225.73843642413618
-1213.3153128768504 -225.52527774214747
-1214.3108845497668 -223.87496472239496
-1214.3728868211806 -222.58905435442927
-1213.5180365289748 -221.0889411056042
-1214.1418682779372 -219.4787331902981
-1215.0606829370558 -218.18760538935663
-1214.746546342522 -217.0614397609234
-1214.0773816253245 -215.31622887492182
-1214.8050524140895 -214.33853209853174
-1215.2635684753955 -213.40473616957667
-1215.968292966038 -211.7393978917599
-1216.3274577702582 -210.40729606986048
-1216.6379175330699 -208.8494219863415
-1216.0569948102534 -207.30383683085444
-1215.990850790888 -205.62870348334314
-1214.979837640673 -203.9554760539532
-1215.869203671366 -202.40023017764094
-1216.814123019129 -201.12293220400812
-1217.7812652434409 -199.7174148643017
-1218.7260173405707 -198.15501154303553
-1219.1261008526385 -196.47867000937464
-1220.0505946423114 -195.0095280492306
-1220.781561806351 -193.40543807387354
-1220.443581416756 -192.9592607700825
-1220.4121920610964 -191.7630570614338
-1219.9020683313906 -190.27988857865336
-1220.764803364426 -190.04162519514563
-1221.5920624281466 -188.5446305805445
-1220.0699995304644 -186.9336526924372
-1220.0300060357154 -185.32974820673468
-1220.1080963756144 -183.68335192739966
-1219.6658449317515 -182.42721956312658
-1220.61392040506 -181.23143201410772
-1221.2684601093829 -179.61501114904883
-1221.8905336405337 -178.03815072119238
-1222.6441900278628 -177.01608043253424
-1221.524419977814 -175.57292943537237
-1220.2153358007968 -175.25118183434012
-1220.5515891756118 -173.74243306457998
-1221.500850006491 -172.21561097443106
-1221.9840917433798 -171.11317681610586
-1222.2337385560572 -169.52289652168753
-1221.5440788413584 -169.19008758008482
-1222.4585772897303 -167.69935347974302
-1222.178818359524 -166.21274187505247
-1222.936060681492 -164.61432232797148
-1221.7229164983332 -164.3228686386347
-1222.6195911313594 -164.2089513474703
-1222.4009241457284 -162.87693476021292
-1223.3020732994378 -161.31013464272024
-1223.553118377477 -159.70653318703177
-1224.1784727866948 -158.09541999638083
-1225.1045446689427 -156.93058108627798
-1224.933326124698 -156.3695205384493
-1225.1538019175828 -154.76776253521444
-1225.9279894824326 -153.7483197385073
-1225.5635896618664 -152.2671823436022
-1225.7024722392857 -150.70496391594412
-1226.4200622732938 -149.1317745381594
-1226.5493623907864 -147.5472081834078
-1225.7982396776974 -145.96637224495413
-1226.625007122308 -144.38366793930533
-1226.5494748647511 -142.93806182682516
-1225.8360349233449 -141.6111763650179
-1224.9638467128575 -140.76164829075339
-1225.9026068146527 -139.73647450745108
-1225.2722133095563 -138.31112574875357
-1225.9519062931836 -136.75731229126455
-1226.8053655321896 -136.40862649023535
-1224.9888665373624 -135.15903227865698
-1225.8887335951626 -133.78279011785986
-1224.278842061311 -132.2937179142237
-1224.1370351012051 -130.89062171518805
-1223.3609355981648 -129.33668392241003
-1222.062167673856 -130.26343839704992
-1221.215295701772 -128.64210122168066
-1219.579695134908 -128.43576812088492
-1218.4842850263417 -126.81321751415732
-1218.957890420705 -127.07334261476996
-1217.1501971776784 -126.87304098248484
-1215.5346974427998 -126.03350592494013
-1214.9573419387639 -124.74442363619806
-1213.6571991737187 -124.95425001621248
-1211.9197925622761 -123.54091958045962
-1210.3065619762242 -121.84638349056246
-1209.7681349809468 -120.08797363281252
-1208.537290006429 -118.84530643463137
-1207.155502229482 -117.26870397567751
-1206.0348739917576 -115.51720813751223
-1204.9473010595143 -113.90622381210329
-1203.337868719846 -114.71576181888582
-1202.4089467819035 -113.33940032958986
-1201.367865114957 -112.58909431934359
-1202.1876629884541 -110.91993752956392
-1201.0357544715703 -109.44419971942904
-1202.0205214317143 -108.99421391725542
-1202.2245967532695 -109.28278017878534
-1201.3408575202525 -109.31775138616564
-1200.776115014702 -108.25614474058153
-1199.8158379341662 -107.32018027544024
-1199.373506769091 -106.72241053819658
-1200.2498025740683 -106.28186208844187
-1201.0148317064345 -106.1520601296425
-1199.865648790747 -105.55805377006533
-1198.908940359503 -105.07059664368632
-1198.5966938878596 -106.32161111474039
-1197.9061304475367 -106.23140237569811
-1199.6934335376322 -106.8247024202347
-1199.3957421328128 -108.25161437034609
-1198.833885743767 -108.6277076983452
-1198.0966881658137 -108.72584071844818
-1197.3568543936312 -107.77309039324524
-1196.7700557853282 -106.94319489687683
-1196.03642715469 -107.81731471508743
-1195.2328460361064 -106.6109205195308
-1196.2403102065623 -106.57027584403755
-1195.7048191572726 -105.77148085922005
-1195.1621440793574 -105.05219543069603
-1194.4645829345286 -104.53852880090477
-1193.9246876384318 -103.67442053645851
