-1163.98 -308.54
-1165.8703489112854 -307.98509714841845
-1167.7435924816132 -308.615553894043
-1169.6424327898026 -309.74185697078707
-1171.4564720201492 -311.0372562789917
-1173.3174906778336 -312.25731662750246
-1175.1772690820694 -310.99165538787844
-1177.0479142475128 -312.09805242061617
-1177.677431921959 -311.35502902507784
-1177.8851929414272 -312.19488958358767
-1179.5304262149334 -311.62607745170595
-1181.363269995451 -312.74015168190004
-1183.1703714835644 -313.0350061440468
-1184.0888753640652 -311.5844813370705
-1185.9577494370938 -311.8944574081898
-1187.8236320722103 -310.99638260245325
-1189.6889336812496 -312.1540429675579
-1191.5284406650067 -311.7464990103245
-1193.2436470496655 -310.36590392231943
-1194.3323815572262 -308.71458453774454
-1195.6834622132778 -307.0914967739582
-1197.522648524046 -306.21624798417093
-1199.1584307658673 -306.03859197437765
-1200.5120239961147 -304.373110883832
-1200.9283950436115 -302.4784004622698
-1201.900933574438 -300.6334173613787
-1203.2256561028958 -298.7822484904528
-1203.9000314581394 -297.79378639996054
-1204.4190125572682 -295.92433869183066
-1204.0445383298397 -294.611144297719
-1203.4375071632862 -292.9091067248583
-1204.5869510281086 -291.0406655007601
-1205.5499099004269 -289.6553215914965
-1206.074374269247 -287.95475839912893
-1206.7759643900395 -286.12477957546713
-1207.8943820106983 -285.2740069562197
-1208.82465315938 -283.87614607155325
-1209.0729381251335 -282.30389665901663
-1208.9015056151152 -280.51321970760824
-1209.5070032137633 -280.3141757184267
-1209.109345998168 -278.7039399081469
-1209.529312993884 -277.28534197151663
-1209.276418234706 -276.2413035565615
-1209.1404847162962 -274.93331169426443
-1209.476285095811 -273.1161231929064
-1208.0213468033076 -271.40480183899405
-1206.7299441057444 -269.5803340607882
-1206.423128183484 -267.7653659516573
-1206.5617799270153 -265.99381410419943
-1207.4040238368511 -266.10176526844504
-1206.6073731291294 -264.7589178019762
-1207.5253720390797 -263.0096116000414
-1207.223023186922 -261.1704901391268
-1207.9034799444676 -259.3321431809664
-1207.8240085947514 -258.105501049161
-1207.5902201640606 -256.32377635777
-1207.5792885679007 -255.40743231117727
-1208.382084812522 -253.62721144497397
-1207.674998368621 -252.28474962055685
-1206.2478735107184 -252.31483119070532
-1207.449329342246 -250.44810729563238
-1208.2718924540281 -248.7344338232279
-1207.9309460180998 -246.9614618355036
-1208.5802586334944 -245.2054542833567
-1207.2651381748915 -243.58555059969427
-1206.3520940202475 -241.8236216837168
-1207.2654138463736 -239.99092906057837
-1208.4322116035223 -240.5534103447199
-1207.0346541064978 -238.85239427626135
-1208.2328006881476 -237.00365429461004
-1207.4782884973288 -235.25134425699713
-1208.5458670514822 -233.4035924011469
-1209.4195032972098 -231.7598097854853
-1208.9064402240515 -230.5803766781092
-1209.889067735076 -228.75523310244085
-1208.92450519979 -227.6444006496668
-1209.8194237011671 -226.21916919291021
-1210.5405778545141 -224.57032375872137
-1211.5444565671683 -222.80223708689215
-1212.3421208518744 -221.0919594103098
-1213.3725335258246 -219.35586815416815
-1214.323751296401 -217.69554286539557
-1215.1974419611693 -216.38291054308417
-1215.6224645334482 -214.85555022299292
-1216.2654778915644 -213.51289384901526
-1217.2279932457209 -211.84155386030676
-1218.017136927247 -210.31668942511084
-1217.088640268445 -208.89004426538946
-1218.019331868291 -207.76920884191992
-1216.4327956992388 -206.2300962740183
-1215.194853361249 -204.71283250391485
-1216.1548963147402 -204.38278218448164
-1216.6751688081026 -202.75455995738508
-1216.296240862012 -201.1522203320265
-1216.4398725289107 -200.3275697463751
-1216.5123651880026 -200.1463716709614
-1217.3311028140783 -199.5734192812443
-1216.808009173274 -198.81405485510828
-1217.2245376068354 -197.1439913594723
-1215.5741622406244 -195.58519268870356
-1214.6335962969065 -193.8827473008633
-1215.630150552392 -193.63143438935282
-1216.5773137766123 -192.71560079693796
-1215.099505301118 -191.42564625382425
-1215.8941286760569 -189.81004829049112
-1216.8839222151041 -190.65096218228342
-1217.7102553802729 -189.29442770123484
-1218.5458633857966 -187.85669571995737
-1217.8996384102106 -187.44846392512324
-1218.2680273908377 -186.64380801558497
-1218.7255316632986 -185.01559079527857
-1218.9186698156595 -183.75731397509577
-1217.2358794170618 -183.13210672974589
-1216.7001095968485 -182.5061020934582
-1216.5788687127829 -181.1783239924908
-1217.2351581710577 -179.51870680689814
-1217.610706563592 -177.93077827334406
-1218.0453824955225 -176.86187864184382
-1217.5559969204664 -175.23108578562739
-1218.2484138268233 -173.7471522176266
-1219.0061615365744 -172.08008516669275
-1218.9532895940542 -170.4862684094906
-1219.0677227932215 -169.12876261115076
-1217.9521443802118 -167.65762914061548
-1216.9862089115381 -166.09317983031275
-1216.8254350084067 -166.4549085879326
-1217.7822664636374 -166.2648435765505
-1217.9230012255907 -164.65048586666586
-1218.4627831536532 -163.21880864441397
-1217.2113938885927 -161.59933256447317
-1217.5151947396994 -160.39451467335226
-1218.0468138712645 -158.72449504673483
-1218.8038602131605 -157.4594339066744
-1219.3200807827711 -155.8206937247515
-1220.0140450257063 -154.31435667812826
-1220.8947475212813 -152.82537495434286
-1219.7624374884367 -151.9188529187441
-1218.0253380793333 -150.3622444802523
-1218.9639554280043 -149.86062919437887
-1219.3779925364256 -148.23792850315573
-1219.7971668201685 -146.58765601456167
-1219.6485740500689 -145.17098950684073
-1220.4717310625315 -144.11577665150168
-1219.5927793341875 -142.92942618668081
-1219.071886177659 -141.48602508842947
-1219.364284183383 -139.91581749260428
-1217.6159103173018 -139.70075181961062
-1217.3943543243408 -138.60836736202242
-1217.1806298303604 -138.31495467662813
-1217.1914044725895 -136.88703087806704
-1216.6331751453877 -135.9468559408188
-1216.8592086839676 -134.34939543247225
-1215.4091898012161 -132.85711518764498
-1214.3279229211807 -131.17305580616
-1212.5719893980026 -131.89229778289797
-1212.516880105734 -130.1381630086899
-1210.8101376998425 -128.86343924045565
-1209.5999599206448 -127.14768365859987
-1209.2564946222305 -125.67344991207125
-1209.2202250021696 -123.92794445991518
-1208.8937203246355 -122.62602976799013
-1207.3310915786028 -121.52355877399447
-1206.4525104123354 -120.30688301563265
-1204.8473753291369 -118.56846801280977
-1203.5288569289446 -117.8087158584595
-1202.9921321827173 -118.57053569793703
-1201.6562006431818 -116.96834365367891
-1200.6715472894907 -117.0487302029133
-1200.3490418750048 -115.46162194848063
-1199.8805027860403 -114.74296725630762
-1199.820079560876 -114.74349594950678
-1199.956060539484 -113.57849288821222
-1198.456084023714 -111.98774457812311
-1197.7177616465092 -111.5369122707844
-1197.0100681889057 -110.62129605650904
-1196.0553274261952 -109.53501249194147
-1196.3235485363007 -108.48149944186213
-1196.139393876791 -107.54683447718622
-1195.3316044914723 -108.64436031222345
-1194.3191790688038 -108.145188369751
-1194.6922985720635 -109.47921244144442
-1193.7285939264298 -108.5642111682892
-1193.3049420523644 -109.3253909134865
-1192.3990605282784 -109.26669741511347
-1191.831093351841 -109.37322360366585
-1191.122178118229 -108.26722329944374
-1190.1729402947426 -108.46515080422165
-1190.072393308878 -107.39068362206223
