-1163.98 -308.54
-1165.5296538877487 -307.64677707195284
-1164.9090947914124 -306.3650758647919
-1166.0514453458786 -305.1155195617676
-1167.8468234348297 -305.02955400288107
-1169.628045182228 -306.37330972492697
-1171.091191868782 -307.49242436230185
-1172.9316316652298 -307.36369989156725
-1173.422892998457 -307.36781637832524
-1175.1190809714794 -307.2561348797381
-1176.5539583671093 -306.35394306197765
-1178.2172340857983 -305.51947743907573
-1179.461857508421 -306.68058617129924
-1181.1176573741436 -306.7089546220005
-1182.6076025474072 -306.5576975540817
-1184.4192414987087 -307.93289103075864
-1185.486154626608 -308.9287606672943
-1187.3435595738888 -309.75532229706647
-1188.421737383604 -310.8733080224693
-1189.9475881564617 -310.04548980757596
-1191.357480596304 -310.19734389051797
-1193.1898827064038 -310.5383425997198
-1194.7681436049938 -309.11776507362725
-1196.5958818900585 -307.7775397346914
-1196.6444467115402 -307.4681822703779
-1198.3090286064148 -307.71465215548875
-1197.9207539963722 -307.2532051549852
-1198.417737107277 -306.4149833069742
-1199.7323099184036 -305.42107585534455
-1200.8091510343552 -304.1935475216806
-1200.5643414217234 -302.39399806126954
-1201.2974048811197 -302.56556928619744
-1200.7379420357943 -301.20788586601617
-1202.227502759099 -299.3781372354925
-1202.580468441844 -297.7528892801702
-1203.9759265440703 -295.9110273168981
-1203.0047565954924 -294.016199593395
-1202.2572371023894 -293.52699453100564
-1201.7305324929953 -292.66916054949166
-1202.9913378614187 -291.09906381830575
-1202.2274656552077 -289.33943289980294
-1203.2116802591086 -287.561212246269
-1203.2441247212887 -285.79565638765695
-1204.5535245645046 -283.966449444145
-1205.1000676858425 -282.0837109731138
-1205.0577366608381 -280.46158415541055
-1205.8234619754553 -278.8120440886915
-1206.8365485328436 -278.57146107122304
-1208.0352568286658 -277.81906359359624
-1207.3971739667654 -277.415132214278
-1208.1754545229674 -276.69567113086583
-1209.2176703470946 -275.8363095419109
-1209.3089370387793 -274.99121509954335
-1210.4233703273535 -273.25970684453847
-1210.5247692722082 -271.68062364026906
-1210.1555400151015 -271.17041217252614
-1211.1501890081167 -269.87677346631887
-1209.6668446916342 -269.9325141207874
-1208.9139651316405 -268.33807807132604
-1209.6342718857527 -266.6058666007221
-1208.1699109333754 -264.9837492005527
-1207.8289097505808 -263.1565953986347
-1207.0050677615404 -261.41511922046544
-1208.137535508275 -259.72869031593206
-1207.1132079917193 -257.90119974777105
-1207.2683888036013 -256.2182772652805
-1206.2241504746676 -254.9336948888004
-1205.973263795972 -253.2258867518604
-1206.9204548555613 -251.431871701926
-1206.3374290424586 -249.68295757934453
-1206.942391987443 -248.5907789961994
-1207.6775000053644 -246.89435153171422
-1206.2314946609736 -245.41382448837163
-1206.6371926027537 -243.7544888751209
-1206.4286606568098 -241.94376712009313
-1207.1831214684248 -240.47435288593175
-1206.431282903552 -238.69351594612004
-1205.4317689198256 -236.86679988071324
-1206.6909368294478 -235.0197397963703
-1207.76518371284 -233.60248344108464
-1206.5879709976912 -231.790784765929
-1206.4459052789211 -230.12250273391606
-1206.0141009795666 -228.3158227698505
-1206.2781196045876 -229.00269727870824
-1207.436986963749 -227.27987127467992
-1207.4526662486792 -225.44237749740483
-1208.5045700925589 -225.5056013660133
-1209.6038828748465 -223.68571480080487
-1210.5789142507315 -221.96915658280255
-1211.4081021803618 -221.64822386667134
-1210.6151482123137 -222.00214894577863
-1211.5700501459837 -220.29434021279218
-1212.444221522212 -219.4473396138847
-1212.4444994288683 -218.1269268588722
-1212.9781600791216 -216.7171939210594
-1213.4018233972788 -214.98290046021344
-1212.9495697277785 -214.94687308833005
-1213.0701209264994 -213.41553725764157
-1212.744044776559 -211.740568061322
-1213.6270399051905 -210.02367665335538
-1212.76114952147 -210.89099099203946
-1213.7926195818186 -209.82573368117215
-1213.7725331741572 -209.59962605401876
-1213.5420887726546 -207.91962849065663
-1214.162564303279 -207.04815005227925
-1213.412964667678 -205.33208321496846
-1212.9084990876913 -205.73494188949468
-1212.5935398894549 -204.69941370651128
-1213.5451536732912 -203.28095953628423
-1211.916534717679 -202.31694232389333
-1211.0629219967127 -201.8919218079746
-1212.0057227569819 -200.47707371875646
-1212.8920242744684 -199.5560659067333
-1212.919672484994 -197.9014918701351
-1212.4771321374178 -196.32892297670247
-1211.5901728230715 -194.58045541211965
-1211.8166085141897 -192.84242164060475
-1211.862479056716 -192.66925885245206
-1210.4593987125158 -191.16614987418058
-1210.7780669885874 -189.3814988331497
-1210.4990502554178 -187.93375422522428
-1211.4782837587595 -187.96647744342687
-1212.2552926498652 -186.22853748962285
-1212.52954020679 -185.20810752078893
-1213.4665028709173 -185.1358266966045
-1214.405773307681 -183.42993258401754
-1215.383667613864 -181.84603845044973
-1215.2653422611952 -180.86319165393712
-1216.2080456274748 -181.11994497939946
-1215.1285276669264 -179.54677860900762
-1215.603940423131 -178.17747872039678
-1215.742973740697 -176.5028062359989
-1216.7038517552614 -175.52007292672994
-1216.9474124270678 -173.8331367866695
-1215.4422165709734 -172.83181642457845
-1216.161273534894 -171.4166272775829
-1217.0461509782076 -171.03755932018163
-1217.1117412406206 -170.15118401214482
-1216.4503594595194 -168.74939530059697
-1216.8709937888384 -168.12171082660558
-1217.490449424386 -166.46226947471501
-1218.3715486484766 -166.86033191248777
-1218.1385708856583 -165.25672854945066
-1217.772100906372 -164.5475404457748
-1218.6619482445717 -164.2706359522045
-1219.422909538746 -162.62172447606923
-1219.5203033196926 -162.0594713585079
-1220.0316712367535 -162.91682862207296
-1220.8501344430447 -161.30179153844716
-1219.3046979415417 -159.81420253679158
-1220.1328153121472 -158.35988031789663
-1220.9540531742573 -156.74059425756337
-1220.0737439501286 -157.70066939756276
-1220.0397405731678 -156.4740210668743
-1220.3752405750752 -155.93485759660604
-1220.0245512235165 -155.79889452919366
-1220.6243026959896 -154.19376206859948
-1219.6190267312527 -153.20147139295938
-1220.5711723673344 -152.7036473797262
-1221.4640671122074 -151.349517826885
-1221.8405961203575 -149.97101569637658
-1222.075393061638 -150.27048743233087
-1222.8087822008133 -149.1437850044668
-1222.8655689764023 -147.8360432432592
-1223.352775644064 -147.64506571456792
-1222.6627643811703 -147.01978742048146
-1223.020561258793 -145.68398391172292
-1223.7563493657112 -145.5870761023462
-1224.6203490900994 -145.2122801886499
-1223.1465021777153 -143.61986688241365
-1222.5281253266335 -142.600945507139
-1221.3311548638344 -141.24110416039827
-1219.9959410834313 -140.05038384065034
-1218.903626601696 -140.29066697224977
-1219.5099250483513 -138.6741271363199
-1220.245960752964 -137.16156545743348
-1218.7899266886711 -137.42415598496797
-1219.173144083023 -135.77474645242097
-1218.5268301773071 -134.17001393899324
-1218.2593541550636 -133.21605924233796
-1216.824441473484 -131.83014515504243
-1215.748062055111 -130.18462113007905
-1215.5081986892224 -130.21611527070405
-1214.1748359906674 -128.61294153794648
-1214.25015504241 -129.24493292436006
-1214.291468243599 -127.85378054246308
-1213.5802142429352 -128.0569026516378
-1213.1881648409367 -127.98685393199327
-1212.6716817724705 -126.7550750719011
-1212.551026712656 -125.10262617930772
-1213.2180433380604 -124.63620689973237
-1213.3042350518704 -123.88655612334611
-1211.600444625616 -122.74060640200975
-1212.5135858762264 -121.24004647597673
-1211.72889549613 -119.71479437217118
-1212.0686403620243 -119.0999060021341
-1212.6889249193669 -117.62644926175477
-1211.1626391518116 -116.95886841878297
-1209.5391690838337 -116.97143346533181
-1210.2178592789173 -115.37093908056619
-1208.6262085545063 -114.03093916639688
-1207.306752692461 -113.1152369426191
-1205.5058379280567 -114.28649241194131
-1205.7773393797875 -114.71180963978173
-1204.5310645508766 -114.36227134332063
-1203.6054789233208 -112.72195545300843
-1203.8383173751831 -113.42209914788606
-1202.6580027151108 -113.44542545542123
-1201.926567773819 -113.72868517503144
-1200.3333769845963 -113.33425814375283
-1199.6602573800087 -113.75181904897096
-1200.1253701257706 -112.25604382619264
-1199.8527208077908 -113.14050367936494
-1201.0770079600811 -113.84338096246125
-1200.9013039577007 -112.68538621529939
-1200.0355424392224 -112.27257329687478
-1200.9689352619648 -110.54746491178872
-1199.9253450739384 -111.91135436758401
-1199.914356480837 -110.75487930044534
-1200.7715234863758 -111.98839205965402
-1199.6345975506306 -110.13475925192239
-1199.1528631854057 -110.70552087292077
-1199.7721488881111 -110.44360289439561
-1199.293796043396 -110.09295613035562
-1198.8127504694462 -109.27966022953393
-1199.6719982135296 -109.23457831606271
-1199.8331608879566 -108.66787761911752
-1199.8669781121612 -109.83791536554696
-1200.367050949037 -108.98811537489297
-1200.8202487263084 -108.27889234289529
-1201.3305130633712 -108.7920575784147
-1201.0463789436221 -110.08238703474404
-1201.1868444415927 -110.69487220510842
-1200.879764381349 -110.51623863443734
-1200.5705724093318 -111.73065239652993
-1201.11773547858 -110.00658542379739
-1199.8347745868564 -111.87418562635781
-1201.1684854957462 -111.42065012916925
-1200.4903171393275 -112.50163758262994
-1199.3824617001414 -112.77862287029626
-1198.9794642063976 -111.68234038814904
-1198.5344989928603 -110.43939984306695
-1197.8592488202453 -111.37517798408868
-1197.8246124717593 -111.6365485237539
-1196.9666312667728 -112.83203256592157
-1197.0561145278812 -113.03004447087648
-1197.6537934276462 -113.92586157187822
-1196.97746786803 -112.39951989516618
-1197.2076071831584 -110.949625466913
-1196.4845931860805 -110.26134029492738
-1196.0365136000514 -110.3063125433028
-1195.6466793748737 -110.27985929414632
-1194.9737261268497 -109.35203491613271
-1194.300596806705 -108.13642369672658
-1194.2470960351825 -109.56476985380056
-1193.33216896981 -109.34115630850198
-1193.3971652123332 -108.69180453285577
-1192.8308674427867 -108.37626252040269
-1193.792097541988 -109.00233516559007
-1193.5114086601138 -109.11629941031339
-1192.8493900033832 -108.12017454668882
-1192.9949129852653 -108.58070238396527
-1192.0940380129218 -107.67387129828336
-1191.2373831304908 -107.19670351311566
-1190.9744842383266 -106.71407403513791
