-1113.13 -155.07
-1111.804195766449 -154.08794093847274
-1110.8174756217004 -153.63712174415588
-1109.473296468258 -153.66088125824928
-1108.4566962170602 -153.48639909148216
-1107.2243831801416 -153.0623461973667
-1105.838083689213 -153.62360415577888
-1104.9457535195352 -154.0268331837654
-1103.3527225899697 -153.6954158616066
-1101.9677987742425 -153.23117507219314
-1101.1651216197015 -153.22408207476138
-1099.2635081458093 -152.54502662241458
-1098.4585133838655 -152.31581006169318
-1096.944061999321 -152.7480010163784
-1095.970430557728 -152.74208009585737
-1094.3776800084115 -153.0381972824037
-1092.6130381274224 -153.1677197550237
-1090.708060567379 -152.6887118552625
-1089.1662772345544 -152.7251658026874
-1087.7802496600152 -152.2294318859279
-1087.053555314541 -151.73019700095057
-1085.4899583506585 -152.29466025874018
-1084.129090731144 -151.6985250596702
-1083.380333428383 -151.69484217062592
-1082.49216545105 -152.41477508440613
-1080.8019392538072 -152.69477010861038
-1079.2309892225267 -152.99034647241234
-1077.4810880470277 -152.9986652766168
-1076.3690851974488 -152.93405289545655
-1074.957601313591 -152.94177138403057
-1073.332033162117 -153.13183407083153
-1072.3404797363282 -153.14566255703568
-1071.3807559061052 -153.0493355204165
-1070.3141830015184 -153.25098479881882
-1068.9190650033952 -152.64887387648224
-1067.2376503992082 -152.38703839078545
-1066.0339458036424 -152.54034164145588
-1064.1556325006486 -152.96710815623402
-1062.808098678589 -153.45843419030308
-1061.881141190529 -153.00304996564984
-1060.3956130790712 -152.97000484511256
-1058.917093639374 -153.18019779369234
-1057.0009933757783 -153.3554976169765
-1056.193198208809 -153.0231531445682
-1055.2296995568277 -153.08695466414093
-1054.0460568118096 -153.22821302309632
-1052.8990836787225 -152.82284147635102
-1051.730774228573 -153.25854466453194
-1050.0508876490594 -153.05508364334702
-1049.201544468403 -152.54229522839188
-1047.3644319224359 -152.91577775374054
-1045.5795983719827 -152.74568523064255
-1043.8555966067315 -152.31849519506096
-1042.7705293345452 -152.1751014252007
-1041.9160290408136 -151.84915554121136
-1040.5105969357492 -151.817520532459
-1039.0117935585977 -151.80793352767824
-1037.204682056904 -151.4336362068355
-1036.300432984829 -150.9604175274074
-1035.608104531765 -151.13782373413443
-1034.2181251692773 -151.6839204762876
-1032.9317688393594 -152.22340658649802
-1031.890158956051 -152.1808408011496
-1030.3667483973504 -152.1472792585194
-1029.0724914717675 -152.29464375570416
-1027.4883521246911 -152.5393764038384
-1025.8711454319955 -151.9821850915253
-1024.5137738633157 -152.05799097165465
-1023.5269392180444 -152.07176604837179
-1022.0211791443826 -152.43460768431424
-1020.755929772854 -152.62481215566396
-1019.0970588374139 -152.2635789808631
-1018.0741532492639 -152.35596096485853
-1016.7059301781655 -152.64949616760015
-1015.5951235938073 -153.29240891307592
-1014.3531873869897 -154.94183739989995
-1013.0814910578729 -155.7908348736167
-1013.276928831935 -156.93050846427678
-1013.1514349925519 -157.7610711750388
-1012.4793655622007 -158.81984433501958
-1012.0543849813939 -159.94613584846257
-1011.6786551225186 -161.51394829124212
-1011.6926810286195 -163.0705159601569
-1011.2949466250093 -164.32751914829015
-1011.1940751365573 -165.2351170477271
-1011.2723801425846 -166.98321112960576
-1011.5251413873584 -167.95151421397924
-1011.3220348647983 -169.29957994788884
-1011.0246085516364 -170.61852773994207
-1011.711519002095 -171.75706264346837
-1011.2653083793075 -173.5777685341239
-1011.8309730879218 -174.98404499858617
-1011.676234721318 -176.6589588817954
-1011.7082979968936 -177.9094334539771
-1011.3256201437862 -179.81101831763982
-1011.4701422891767 -181.0179539617896
-1011.7486382565648 -181.90563961833715
-1011.9127323321254 -183.27233061164617
-1012.0522397301347 -184.39199611514806
-1011.4283701918275 -185.39738187164068
-1011.2359659216554 -186.88827714294194
-1011.4354540250451 -188.1595211920142
-1011.1945645651967 -189.10862633556127
-1011.3552779994161 -190.96739706367254
-1011.3544973275812 -191.9388160404563
-1011.5197055182607 -193.01651033729314
-1011.0323923669011 -194.17901310294866
-1010.641573413387 -195.05299183696508
-1010.160230710283 -196.9236873087287
-1010.0109989187868 -198.12157031863927
-1009.975270285383 -199.15606185764074
-1009.3301028750093 -200.52105268806218
-1008.5738796732576 -202.03271815150975
-1007.8051756165178 -202.8411004242301
-1008.1368019721658 -204.58787235587835
-1007.0748161218316 -205.89140853255986
-1005.8120279452951 -206.79692634910344
-1004.4568789146097 -207.37382230132818
-1002.7471561572702 -207.63791468709707
-1001.4923656127603 -208.42628231614827
-999.975879206434 -209.1516900357604
-999.1363423011453 -209.86337330907583
-997.2956863782556 -209.6922221031785
-995.9472825668008 -209.99991713434457
-994.2319216869028 -210.2234109339118
-992.745669021383 -210.19106835097074
-992.0398328445108 -209.8613348302245
-990.9035325191171 -209.64220833748578
-989.5417530677469 -209.40827748149633
-988.6931567332895 -209.61174112528562
-987.2156765601785 -209.58820050179958
-986.0971324584634 -209.98815100610256
-985.0592085263879 -210.31870224297046
-984.0316957376153 -209.5521491986513
-982.9830089948327 -209.41727849066257
-981.576248183027 -208.59985717356204
-979.7620778224618 -208.86206927120685
-978.6500616214425 -208.3805653375387
-977.6559422156961 -207.27758639276027
-976.3687492749841 -206.3096147698164
-974.8358136556299 -206.41210829436778
-973.6561164996774 -206.1279165071249
-972.8128646752984 -205.68718003451824
-971.0366338632257 -205.7006971758604
-969.1035815618188 -205.39086645066737
-967.2639924428613 -205.73709925234317
-965.3702083966882 -205.5361149084568
-964.2138749501855 -204.92383734107017
-962.5226365468652 -204.91070586785673
-960.7178690574319 -204.4054884944856
-959.7890093467386 -204.89583596929907
-958.8809112451227 -205.18920764669775
-957.7149216077478 -205.65063265308737
-956.1666995427759 -204.98984787210821
-954.9624701879175 -205.21800642058253
-953.494442119375 -204.9316046719253
-952.4195231340082 -205.13701741740107
-950.6514712712915 -204.45933775946497
-949.2437453410776 -203.81904749915003
-948.2113325736673 -203.20764284178614
-946.8994913242013 -203.32868884846567
