-1113.13 -155.07
-1112.2419205951692 -155.05698871210217
-1110.9422612237931 -155.23926303878426
-1109.7696143436433 -155.16738258644938
-1108.3815761852265 -154.73509191319346
-1106.8206774044038 -155.24299656197428
-1105.5498483228685 -155.05546976968645
-1103.6421041536332 -155.377818274945
-1102.0951793241502 -155.7242446129024
-1100.2471196699144 -156.19096811458468
-1098.5426574993135 -156.42732020065188
-1096.821613674164 -156.40634020015597
-1094.8642088222505 -156.11219795390963
-1093.906924610138 -156.39187692448496
-1092.7700398015977 -156.5260380242765
-1091.693902616501 -156.48206664964556
-1090.1576720523835 -156.76972215220331
-1088.452854280472 -156.94843711301684
-1086.651309375763 -157.21534516260027
-1084.9302067804338 -156.73599942371249
-1083.1983745145799 -156.42368094965815
-1081.7998074340821 -156.17770685598254
-1080.5198551464082 -156.21011726900934
-1079.5704239654542 -156.5114666108787
-1077.6911820220948 -156.895552534312
-1076.866049771309 -156.49062951251864
-1075.4687960195542 -156.46903134480118
-1073.7471514987947 -156.20988203182816
-1072.188814764023 -155.7231699039042
-1070.5031815814973 -155.88338853016495
-1069.3393689441682 -155.8252785910666
-1067.906587367058 -156.21730996266007
-1066.4312887239457 -156.50885606899857
-1065.68754506588 -156.6772921939194
-1064.5865920829774 -156.63959341838955
-1063.7670074748994 -157.05798139765858
-1062.269329314232 -157.35000931814312
-1061.4209172773362 -157.1357480098307
-1059.5571210432054 -156.88347704306244
-1057.7378766584397 -156.61981410875916
-1055.8901006031037 -156.7133875747025
-1054.1336039352418 -157.61652704671025
-1052.6326727914811 -158.22019698813557
-1051.2668765830995 -158.83942088082432
-1049.3876493024827 -159.22345575287937
-1047.61974609375 -159.3685680885613
-1045.677541499138 -158.70467581942677
-1044.242817645073 -159.1705824394524
-1042.8779006052018 -159.61223557189106
-1041.8449516344072 -160.08623578742146
-1040.187730793953 -160.33558272913098
-1038.7438676404954 -160.1585978974402
-1037.0010466623307 -160.22766413882374
-1035.6463145065309 -160.26129756465554
-1034.948228840828 -159.56185488000511
-1033.8082959699632 -159.45035282865166
-1032.1048548269273 -159.30373398557305
-1030.1958259391786 -159.28077442541718
-1029.240865712166 -158.72446281805634
-1027.9536709833146 -158.4388114322722
-1026.1547000455857 -158.66935231879353
-1025.1622713255883 -159.43277421191334
-1024.025762860775 -159.86090531542897
-1022.5137056756021 -160.65456536009907
-1021.2230562615396 -161.18564107611775
-1020.2606759715081 -162.0672989745438
-1019.2888246822358 -162.36289581254124
-1017.5955157327653 -163.2055602927506
-1017.0574284839631 -164.32651051476597
-1016.4839292812349 -165.5323595662415
-1015.1949096965791 -166.881442989856
-1013.9404931116105 -167.38922747567295
-1013.8027896481753 -169.17466422513127
-1013.5191288489104 -170.2119877000153
-1013.0122930306197 -171.79767104580998
-1012.526811887622 -173.23950180009007
-1012.1790961223842 -174.23253348067402
-1011.6742681461574 -175.90975501731037
-1011.7854838865996 -177.62423160269856
-1011.9283998209239 -178.38177528575062
-1011.2470716434718 -180.00794449046253
-1010.9022135037185 -180.9365133304894
-1010.9277652177216 -182.82472338870167
-1010.7230121168495 -184.3331710357964
-1010.2806786271931 -185.97532072260975
-1010.2512404519321 -187.29429593279957
-1010.0428963798286 -188.795468236953
-1010.45640953362 -190.12256255343556
-1009.9778495031596 -191.7794999141991
-1009.9063547301294 -193.27840438082814
-1009.9574571485819 -194.60582640364765
-1009.5211623544992 -196.09207942679524
-1009.2089927430452 -197.71995094016194
-1009.5725645060838 -198.67888059809803
-1009.7564604218305 -199.75373008444905
-1009.5958963419498 -201.15624740317463
-1009.4692894007267 -202.30295660689472
-1008.8368596817554 -203.20131149485707
-1007.9349251772464 -204.23753228381275
-1007.3231341625751 -205.89041485980152
-1006.0347659374775 -206.86700632765888
-1005.2379630590976 -207.23289811208844
-1004.4511056925357 -208.07006764009594
-1002.799999215752 -208.26150600209832
-1001.792311051041 -208.24039844766259
-1000.6281977678836 -208.9477916766703
-999.157532670647 -209.36102769866585
-997.6069859053196 -209.08874885335564
-996.1224651123584 -209.3944063593447
-994.9589235569538 -210.04548607364296
-993.8534333492817 -210.00221743777394
-991.9665381695331 -209.85313176706433
-991.0826471830906 -210.2804129679501
-990.1719490076603 -210.07733030214905
-988.4852778698505 -210.44041443958878
-987.2850231911243 -210.3991632682085
-986.0207375074924 -210.9220617634058
-984.1342986609043 -211.11636527597904
-982.5293022181095 -211.38513099372386
-981.2955008532108 -211.4333376955986
-979.6435066248478 -211.67104939341544
-979.2319517518581 -212.94289342284202
-977.6209545518459 -213.37615857243537
-977.3994837786258 -214.6585479748249
-976.6709198142589 -215.40866360783576
-975.4364329959453 -216.16070900082588
-974.2826552774013 -217.4360115301609
-973.3183610822261 -218.59737227082252
-972.0457922603191 -218.67465383529662
-970.459619202763 -219.3953171443939
-969.2750128890575 -219.3879759979248
-967.9920319701732 -219.77073455572128
-966.400680461079 -220.2720030617714
-965.2529560710491 -220.937918074131
-963.7166407491268 -220.90034539967775
-961.9026140357555 -221.18997509747743
-960.093402543217 -221.4903903749585
-958.6161532785 -221.69725926190614
-957.3210131312908 -222.43231107264756
-955.9657328511776 -222.69910712510347
-954.974811949879 -222.9191291180253
-953.1420129920543 -223.20289777189492
-951.6239036704601 -222.79539884597062
-950.6422231580318 -223.06381516128778
-949.2129092599453 -223.40102748543023
-947.403757133633 -223.58897061616182
-945.8188127662243 -223.7799429294467
-944.350501933247 -223.30260854929685
-942.6270419742168 -223.41665616601705
-941.5174311782421 -223.3340025243163
-940.096188941151 -223.0968636420369
-939.0605606223644 -222.4356424358487
