-1113.13 -155.07
-1111.344296102524 -155.08151368394493
-1109.853954319954 -154.68571738496422
-1108.4738830375672 -154.3636812378466
-1106.7572480487825 -154.75922600522637
-1104.950476293564 -154.3798591901362
-1103.340715532303 -154.78858531609177
-1102.4404186058046 -155.10625661507248
-1100.7788777399064 -155.56935663118958
-1099.0529362010957 -155.1208795119822
-1097.4410065460206 -155.05628261312842
-1096.6438815045358 -155.2939255271852
-1094.998671000004 -155.59572172507643
-1093.116110508442 -155.6428706344962
-1091.8212974715234 -155.52215874165296
-1090.4397595572473 -155.8137800988555
-1089.188288872242 -156.20147088140249
-1088.1013328480722 -155.69079092115163
-1086.153272573948 -155.81052180349826
-1084.672205631733 -155.2335045558214
-1083.0765361237527 -155.19254954874515
-1081.7192561078073 -155.2929880169034
-1079.8165498423577 -155.53639660745858
-1078.6224778342248 -155.86197604209184
-1077.0256959843637 -155.58503286510705
-1075.353546922207 -156.1443042603135
-1073.452344839573 -156.15348788321018
-1071.6051910567285 -156.47438647568225
-1070.1557825255395 -156.66999395906925
-1068.9937421727182 -156.5649397444725
-1067.5270330357553 -156.99838025093078
-1065.7140416550637 -157.20602758944034
-1063.8942675042153 -157.3706368279457
-1062.7940773415567 -157.19272329628467
-1061.5124818730355 -157.4314248931408
-1059.9398224997522 -157.18171120405196
-1058.242678229809 -157.5842629444599
-1057.3126942563058 -156.92579499602317
-1056.1336688447 -156.8189931359887
-1054.1860786128045 -156.5920814719796
-1052.7992573428155 -156.59820179611444
-1050.9462230849267 -156.69691094726323
-1049.2270881581308 -156.10050645440816
-1047.9499805617334 -156.0108618286252
-1046.2072159695626 -156.15189744502305
-1045.28389251709 -156.54099352627992
-1043.4960955429078 -156.0068763640523
-1041.7505894947053 -156.11079712182283
-1039.885122423172 -156.23362784057855
-1038.9013409662248 -156.52190916210412
-1037.0469734716416 -155.91095368534326
-1035.47723341465 -156.1219883558154
-1033.954182868004 -155.7799775597453
-1032.138469581604 -155.9129504558444
-1031.2976149368287 -155.97408596768975
-1030.377670531273 -155.81777703359722
-1028.9838386821748 -156.1919642944634
-1027.419688229561 -156.44694241479039
-1025.9561926174165 -156.55216061666607
-1024.240720038414 -157.0949087102711
-1022.5041010427476 -157.05978159204125
-1020.6676530885698 -157.21042495563626
-1019.0062818574906 -157.51707306101918
-1017.8478105115892 -158.6424983997643
-1017.4918541955949 -159.7981481809914
-1017.145467464924 -161.06342485144734
-1016.1523193764688 -161.77736237242817
-1015.817568306923 -163.5273690481484
-1015.1154674935342 -164.75618305400013
-1014.8756820160152 -166.22381963923573
-1014.633603860736 -167.1880231757462
-1014.1862423914672 -168.76571961835026
-1013.7438483434917 -169.73623725369572
-1013.693325315714 -171.05521031811833
-1013.3392506587506 -172.61219617322087
-1012.9615429091455 -173.64889880612492
-1013.0268081474305 -175.31098720028996
-1012.738269751072 -176.62960800126194
-1012.1338075447084 -177.59219714596867
-1011.9120920199157 -178.5539888997376
-1012.2325132983924 -180.0551411767304
-1012.0060694265367 -181.4483019967377
-1011.535899077654 -183.00098260834812
-1011.7546919333936 -183.98187991574406
-1011.7922810438276 -185.12608977749943
-1012.1022157493235 -186.31201442673802
-1011.9681576165558 -187.2892120142281
-1011.918742274046 -188.04477193549275
-1011.6424973654748 -189.52081289485096
-1011.3839978623391 -190.7510690946877
-1011.7086451697351 -191.9512244720757
-1012.035060440302 -193.56353666976094
-1011.7807871448995 -194.56600990489125
-1011.4360730695726 -195.80482473567127
-1010.9612488794328 -196.79076876834034
-1011.0833047154547 -198.56778052046894
-1010.863023159206 -199.8545217771828
-1011.5479727360607 -200.97409799292683
-1011.5700179013611 -202.63710489466786
-1011.0785102817417 -203.60165121749043
-1011.1748850318791 -205.37057652667164
-1011.4067252400519 -207.31737306311726
-1011.6157946112753 -208.60396673873066
-1011.1172185364367 -209.87490465834736
-1011.3623698475958 -210.71551158621907
-1011.4988598051668 -211.82199051573872
-1010.7894560518862 -212.91386892989277
-1009.7680851641298 -214.17037525370716
-1008.8444822254778 -215.07092228129505
-1007.8124295893313 -216.02546581223606
-1005.9718577089907 -215.85964467719197
-1004.202642363608 -216.16384076669812
-1002.9339635792376 -216.31225783720612
-1001.7799673500658 -216.86659033194184
-1000.1050943556429 -216.8434480537474
-999.148333233893 -217.43194032803177
-998.2512281361223 -218.0920676101744
-996.8667687597872 -218.0588386465609
-995.4350083294512 -218.73841003671288
-994.5120959106089 -219.20997561112046
-993.6352438750864 -218.9240807403624
-992.2026974979044 -219.27407718792557
-990.9692071500422 -219.33629441604018
-989.6942221942545 -219.64813411578535
-988.6041879478098 -219.71369044080376
-987.7653567615152 -219.07897696986794
-986.748222333491 -218.84106225863098
-985.6717457595469 -218.90178297057747
-983.9930356565119 -219.39129782810807
-982.3276637616755 -219.01780165329575
-980.670385939181 -219.150299410969
-978.7630975070597 -219.37786124244332
-977.7851416888834 -218.91053388610482
-975.9555694881083 -219.29091570869087
-974.5376301828028 -219.5779234279692
-972.930117827952 -219.0186202634871
-971.8923621001841 -219.53372539177536
-969.9818494144083 -219.6369199489057
-968.2375738444925 -219.63392238568514
-967.3333133283259 -219.55359457682817
-965.4117451730372 -218.96311526250093
-964.0995191159845 -218.8623523960635
-963.2033054056765 -218.68838679295033
-961.620596689284 -219.34946709375828
-959.9038184109331 -218.7635846088454
-958.0787926140429 -219.15697946649044
-957.0485578003527 -218.98315359156578
-956.2160537067057 -218.7169937590882
-954.6202025237681 -218.24475265543907
-953.8107241216303 -218.02122286956757
-952.4832573953272 -217.75768623750656
-951.1055682721735 -218.33684275548904
-949.634018045962 -218.39977285515516
-948.0812591138483 -218.15313640486448
-946.4062578502298 -218.55217340838163
-945.1575499597193 -218.7236547942087
-944.0723533454538 -218.83535190921276
-942.8671113076807 -218.45726644497364
-941.0466594520212 -218.1040405581519
