-1113.13 -155.07
-1111.1537483978273 -155.5540563237667
-1109.241819267273 -155.97877205133437
-1107.6409616518022 -156.3335090947151
-1105.8738728809358 -156.14084372639655
-1104.2160130786897 -156.3684109520912
-1102.997914557457 -156.5873910856247
-1101.4684703397752 -156.82696532428264
-1099.5091226148606 -156.74541710287332
-1097.6628444242479 -157.07235608965158
-1095.8225510168077 -156.6793678548932
-1093.9120707559587 -156.11067219048738
-1092.2850890207292 -155.818230881989
-1090.7082271623613 -155.97857783704995
-1088.928347592354 -155.5721976903081
-1087.381580119133 -155.72765415877103
-1086.2913067388536 -156.0308735963702
-1085.4720146703721 -156.20157979398965
-1083.5070986795427 -156.5552818623185
-1081.737144355774 -156.64840228825807
-1079.9158300209047 -156.63889916211366
-1078.1962422180177 -156.88634560972451
-1076.3553217697145 -156.184451803267
-1074.7593087005616 -156.52999435335397
-1072.9031297016145 -156.12302757769822
-1071.276807551384 -156.45885778933763
-1069.3165547895433 -156.56955927580594
-1067.8410607624055 -156.26332160800695
-1066.119157676697 -155.90532168716192
-1064.343860988617 -156.07244774669408
-1062.5872256803514 -156.29541867941617
-1060.9754941511155 -156.55138668388128
-1059.3541336107255 -156.80339631408452
-1058.1572476673127 -156.86323687404393
-1056.2487329292298 -156.52565285533666
-1055.3965870189668 -156.5821988877654
-1053.461858277321 -156.44027513235807
-1051.9136482524873 -156.69221267074346
-1049.9800792980195 -157.1068440374732
-1048.1104258346559 -157.21738581329583
-1046.3918194818498 -157.58306600123643
-1044.5363576459886 -157.70471583276986
-1043.0473312187196 -158.0357745733857
-1042.0248481082917 -158.13920901685952
-1040.2615360069276 -158.2178458121419
-1038.5185630369187 -157.47452725440263
-1037.15063703537 -157.6689934876561
-1035.4821518707276 -157.90823058754205
-1033.6817554283143 -157.0718509402871
-1032.1372664022447 -156.8307603445649
-1030.2424609708787 -156.5532717552781
-1029.1389719295503 -156.58834636181592
-1027.1788388538362 -156.18063235253095
-1025.6409924077989 -156.72952997654676
-1024.7923152494432 -157.066210090816
-1023.0341224718095 -157.29880449146032
-1021.9989321279527 -157.0365666744113
-1020.7358259010316 -157.1707368043065
-1019.0366909551622 -157.11089739918708
-1017.4146077680589 -157.95100150227546
-1016.0365133333207 -158.13066197156905
-1014.788873319626 -159.05319894075393
-1013.7436627197267 -160.4839260649681
-1013.2258157777787 -161.69106734514236
-1012.4590517330171 -162.90353561162948
-1012.2869520533086 -164.14352250814437
-1011.6702651131154 -165.3846316409111
-1011.682750369534 -166.53148747205734
-1011.3410569681973 -167.70164061307906
-1011.3868653766067 -168.90818525075912
-1011.6749280384929 -169.82767201185226
-1011.567687771395 -171.20903933763503
-1011.0953975535185 -172.72456730127334
-1010.6147793746741 -174.19697225809097
-1010.1901101685316 -175.38744092702865
-1009.9934275812657 -176.5913319659233
-1010.2694685525448 -178.05074799776077
-1009.8212613529713 -179.68178356409072
-1009.515532738641 -181.16131401777267
-1009.3698270685227 -183.02277899503707
-1009.2129316098244 -183.79213840484618
-1008.8838120169194 -184.6896795105934
-1008.7149149543793 -186.52161980390548
-1009.0498791701348 -188.2743198943138
-1008.6802127725632 -189.27520132780074
-1009.0447436339409 -190.36441612958907
-1009.1664000070841 -191.8307850432396
-1009.6771551883967 -193.70665372133254
-1010.0689950204642 -194.81758917093276
-1009.6084429538996 -196.47760773420333
-1009.9522009707243 -197.86923039674758
-1009.535901150778 -199.18324375867843
-1009.9641824579985 -200.84593153715133
-1008.9632224655898 -202.1612908911705
-1008.2217968917639 -203.30937612771987
-1007.2820118284972 -204.31094063043594
-1006.7233284331114 -205.91403747320174
-1005.9387365198882 -207.0437897515297
-1004.5255922890456 -207.75638265132903
-1003.1267900086195 -208.27049959421157
-1001.3208230353148 -208.63743225455283
-999.6027967549117 -208.64210358977317
-997.917346797064 -209.17785815119743
-996.9757809258253 -208.8664391708374
-995.6691219425948 -209.2254009616375
-994.0170721627028 -209.16749607741832
-993.1913805819304 -209.63847710907459
-991.5901343441756 -209.67586393624543
-990.0029953337462 -210.04394109517335
-988.3921328402312 -210.41879941493272
-986.4516337729247 -210.82597927719354
-984.6762052393706 -211.2185717371106
-983.6272853232176 -210.62567259341478
-982.1510089255125 -211.00578097969293
-981.2393211937697 -210.93478997021913
-979.8865391827376 -210.84193779498338
-978.8620228386671 -210.1864713576436
-977.5632598019392 -208.90708614856004
-976.8178194976599 -208.00304634839296
-975.7536375737936 -207.43751151829957
-974.6851105905325 -206.79633666545152
-973.4501197553427 -206.09958209067582
-972.2626310802252 -205.34092618495225
-971.1337141013892 -204.56232561141252
-970.8928442216666 -203.0756063607335
-969.883694670275 -202.42575187951326
-969.1883260823042 -201.7574505355954
-967.6352178669722 -201.48433347016572
-966.7171153641493 -200.4814267900586
-964.9306413746626 -200.5505378988385
-963.1810936547072 -200.53180231124162
-962.3137812233717 -200.49096894234418
-960.6543774224074 -199.7460535761714
-959.2205521679671 -199.51548334926366
-957.395412406996 -199.41070456773042
-956.3305911637099 -199.07450045615434
-955.4106711364539 -198.92196463018655
-954.2460535980017 -199.2678543177247
-952.9725278831274 -199.37010118335485
-951.4907146907599 -198.95703279942273
-949.9907043195517 -198.94102660536765
-948.8636223293097 -198.9957584027946
-947.3935414768011 -198.8906902258098
-946.398161552027 -198.8680692014098
