-1113.13 -155.07
-1111.3763874816896 -154.92945197939872
-1109.5876616287233 -154.9507464838028
-1107.7962788391114 -155.16572845697402
-1106.0636206912995 -155.37489626526832
-1104.1498657512666 -155.63502240896224
-1102.5985739278794 -155.27121708512306
-1100.7113006162645 -155.3628916811943
-1098.7759155082704 -155.5840123963356
-1096.9212528514863 -155.03620202064513
-1095.4058860588075 -154.66152948856353
-1093.702650074959 -153.9217649769783
-1092.0621211576463 -153.95580039143562
-1090.1384244012834 -153.8300988149643
-1088.4878439950944 -153.9470285397768
-1086.6903209733964 -153.43179740726947
-1085.1702123928071 -153.81149160087108
-1083.2866615104676 -153.7852508199215
-1081.6645500707627 -154.1412612569332
-1079.728702788353 -154.03144771575927
-1077.9339983510972 -153.34919751405715
-1076.094790225029 -153.1380191218853
-1074.5852692174913 -153.62566185712814
-1072.6376562166215 -153.59518955618142
-1070.7229900407792 -153.9366537478566
-1069.1469142484666 -154.38405223160981
-1067.3252260732652 -154.4941021797061
-1065.8094847249986 -154.772781252563
-1063.989414100647 -154.35329338878392
-1062.1622500467302 -154.67335128754377
-1060.4360544729234 -153.9430440661311
-1058.4689045000077 -154.2526311275363
-1057.1025204706193 -154.5891350504756
-1055.6472106027604 -154.49896861582994
-1053.7499579238893 -154.89615403085946
-1052.0687013912202 -155.08164526492357
-1050.1464234638215 -155.01720054417848
-1048.2654347467424 -155.18688194423913
-1046.4428229379655 -155.11453367739915
-1044.6676628637315 -155.28366883069276
-1043.5314974832536 -154.91092415124177
-1041.8784344244004 -154.72826439112424
-1040.0361217308046 -154.26274374097585
-1038.109663848877 -154.60122051805257
-1036.367553358078 -154.6700611707568
-1035.193960313797 -155.00417807668447
-1033.7448817539216 -155.02504420250654
-1032.4845764684678 -154.35766375035047
-1030.8976585912706 -153.93727803200483
-1029.9512906122209 -154.04631066292524
-1028.1252198266984 -154.5028837916255
-1026.4080460119249 -154.78484168618917
-1024.8340466070176 -154.4813124832511
-1023.0161654996873 -154.6695241627097
-1021.3164939928056 -153.98339530795812
-1019.6845585155488 -154.39765569537877
-1017.8277288722993 -154.10568508476018
-1016.107636575699 -154.55386826366185
-1014.8101915168763 -155.6257887777686
-1014.3834914612771 -157.44661626189946
-1013.9188055145742 -158.95304426521062
-1013.0255306112767 -160.60283705562352
-1012.4568386423589 -162.20243737071752
-1012.412946933061 -164.04656311839818
-1011.9555802877248 -165.72990974754094
-1011.691063785106 -167.54202267497777
-1011.4457864399255 -169.36221799224614
-1010.9306408400835 -170.5193150934577
-1010.6621519859136 -172.04783973067998
-1010.2912599380315 -172.88535281985997
-1010.0223410363496 -174.82100626796483
-1010.4416041608156 -176.27215406268834
-1010.953220152408 -178.06160184711217
-1010.8003546829523 -179.8394313749671
-1010.8935469622911 -181.6942406591773
-1010.8632824282349 -183.50385364860296
-1011.1246957044305 -185.06848785251378
-1010.7291635732354 -186.51380619376897
-1010.265555189103 -187.9632161554694
-1009.5078770379723 -189.71314474910497
-1009.022752300948 -190.80537101596593
-1009.0052877600492 -192.62516185611486
-1008.5428436334432 -193.6643104252219
-1008.1831147904695 -194.62089380592107
-1008.4384132857622 -196.0465607342124
-1008.1565243835748 -197.0172671970725
-1007.8654539819063 -197.9832871851325
-1008.1606313522161 -199.19979962676763
-1008.3563484038414 -200.9366711077094
-1008.2050775374473 -202.22601613372564
-1007.5064693178238 -203.29769286483526
-1007.1080908860267 -204.68878886073827
-1006.2403131212295 -206.00884565681218
-1005.8254619921745 -207.5543515381217
-1004.3222837533058 -208.48046562045812
-1002.4741457785667 -208.84134265750646
-1000.6406771029533 -209.08548277586698
-999.6785503710807 -209.5160526034236
-997.8936736668647 -210.10712122887372
-997.1561675156654 -210.72420209616422
-995.7246737565101 -210.61018308222293
-994.4265834178032 -210.8646020811796
-992.6052302207054 -211.2799482268095
-990.8809918250145 -211.32645226985215
-989.5553057278694 -211.6704557982087
-988.1015240038932 -212.0397641506791
-986.4143310870231 -212.22797197073697
-984.6201752509178 -212.42123390704393
-982.8861945952476 -212.39890332490205
-981.59150219813 -211.666364505589
-980.3428117121757 -211.42181487351655
-978.9680025662483 -210.99862666398286
-977.4258120144905 -211.00365348130464
-976.0822925652565 -210.26765574485063
-974.4175496186317 -210.21849270135164
-973.7802491272987 -209.72718887001275
-972.1518079127372 -208.88079683452844
-971.1914497102798 -208.93493722349405
-969.681521126181 -209.27582113415002
-967.9429907287658 -208.9739691761136
-966.3638503040374 -208.47641636401414
-964.4367581094803 -208.04236586362123
-962.5420492376388 -208.21461690932512
-961.4120557989181 -207.93672491580247
-960.1675296510757 -208.15399751037359
-958.735346504599 -208.3414334502816
-957.0354662622512 -208.58538551598787
-955.3051737035812 -208.30872200399637
-953.7438381399215 -208.31455220252275
-952.598278232962 -207.74964536696672
-950.6756684269012 -207.54109491378068
-949.3128678287567 -207.62141545087098
-947.5732268776001 -207.39448802143335
-945.8890717710556 -207.2440425005555
