-1113.13 -155.07
-1111.4386609840394 -155.02535013452172
-1109.8001549291612 -155.269981007725
-1108.2863016176225 -155.22716790780424
-1106.4092311906816 -155.78683287248015
-1105.4313464212419 -156.26442534074187
-1104.0185723352433 -155.8916551505029
-1102.0825935649873 -156.4557746683061
-1100.6527056741716 -155.994160387367
-1098.77490377903 -155.6682343815267
-1096.9396495866777 -156.18281630024313
-1095.1456881809236 -156.74995830997824
-1093.3271149444581 -156.12587449297308
-1092.558040266037 -156.2425078932941
-1090.5982842493058 -156.34064300701021
-1088.8885957050325 -155.95072235509753
-1087.2588344860078 -155.98918486729264
-1086.2092349576951 -156.10943286463618
-1084.4895341444017 -156.20090347871184
-1082.5821101713182 -156.49411905154585
-1081.1319087791444 -156.0772051845491
-1079.2085522460939 -155.7297254835069
-1077.35518324852 -155.63312539055943
-1076.5319758701326 -155.99686377838253
-1074.7287975597383 -156.40597071841358
-1073.5767313289643 -156.89652436569332
-1072.18570602417 -157.22056859329342
-1070.3028703975679 -156.93004518344998
-1068.4361060905458 -157.27848529413342
-1066.9457448768617 -157.35581980243325
-1065.3854562091828 -157.40072872832417
-1063.6550918865205 -157.51363789632916
-1062.0641430664064 -157.82603549554943
-1060.2703278112413 -157.148028190881
-1058.8597307252885 -157.21887106791138
-1057.3146677064897 -157.6720138002932
-1055.6148377704621 -157.93594170704483
-1054.9788478660585 -157.45100004568695
-1053.1098412323 -156.71635396376251
-1051.6595717716218 -156.2155363072455
-1050.350994591713 -155.67018682852387
-1048.5872072029115 -155.94512135878205
-1047.3869801807405 -155.60929791226982
-1045.5992609310151 -155.49086270079016
-1044.2611283111573 -156.10640934452414
-1042.6607996273042 -156.48788372024893
-1041.2332785177232 -156.61707933589815
-1040.2711295533181 -156.31356717988848
-1038.8741100478173 -155.71996797963976
-1037.0017996478082 -155.95406037911772
-1035.7330359864236 -155.76845872744917
-1033.902864162922 -156.33374595984816
-1032.0714623379708 -156.51792383536696
-1030.9788314747811 -156.09654498443007
-1029.2858232903482 -155.62985244736075
-1028.2326893258096 -155.66139495715498
-1026.8193966794015 -156.1218270395696
-1025.5618502545358 -155.51072833284735
-1023.627781097889 -155.08977637037634
-1022.1852431941034 -155.35475200757384
-1020.6864298033715 -155.80839377984404
-1019.4737691330911 -156.11089215025305
-1018.2927368330957 -156.46520552381872
-1016.8039804148675 -156.55493495211005
-1015.2747810530664 -157.28663626655936
-1013.8761830973626 -157.84167936787009
-1013.2862444567681 -158.888192448467
-1013.1792086559535 -160.1687660549581
-1013.3885662305356 -161.89809182628989
-1012.92154881835 -163.7272045944631
-1012.7418072122337 -165.22536924824118
-1012.6300991746784 -166.67098012909292
-1012.0455752584339 -168.1356152628362
-1011.5334746214749 -169.9948830936849
-1011.4684850770236 -171.75203577026724
-1011.1149306792022 -173.08157542690634
-1011.6513057249786 -174.50868204578757
-1012.2985945838691 -175.85223356232046
-1011.6267813938857 -177.51857713207602
-1011.4535647678376 -178.46091750606894
-1010.9349345016481 -179.79138782963156
-1010.7374017286302 -181.20798579201102
-1010.5757041025163 -182.43703833565115
-1010.8004767644406 -183.85504165634512
-1010.3465585756303 -185.2481812570989
-1010.8628075170518 -186.29747119888663
-1010.9599668729306 -187.584441575855
-1010.645846669674 -189.3571422432363
-1010.2005656111241 -190.75776139244437
-1009.9990658807756 -192.17261591896414
-1009.4005139517785 -193.93810764297842
-1009.7979819822312 -194.86167249426245
-1009.5807688730956 -195.5631848309934
-1009.2481745976211 -196.68265018209814
-1009.0529339063169 -197.77696284994482
-1009.5069229948522 -199.43510851606726
-1009.2926663506032 -201.1046865914762
-1009.0626182603837 -202.0452902649343
-1008.0980747389794 -202.78089765056967
-1007.8864844042064 -204.00138619884848
-1007.2099505859615 -205.55622437939047
-1006.3468108373881 -206.80185035213827
-1004.8237018781901 -207.58287963613867
-1003.3604984480144 -208.64463946565985
-1001.4134191471339 -209.31893429502844
-1000.006428499818 -210.10049674257635
-998.9974963861705 -210.34911679074168
-997.394502182603 -210.1268241737783
-996.3010702329875 -209.75707266077399
-995.1195931631328 -209.84198833599686
-993.6447473961116 -210.3022666682303
-992.5917905765773 -210.17410181060433
-990.9208635288478 -210.23368650272488
-989.8041314083339 -210.5474770028889
-988.3692074018718 -210.50474733829498
-986.4200347858668 -210.34759739756583
-984.878644962907 -210.58717065274715
-982.9326254326106 -210.53574999392032
-981.0961190658809 -211.34926386892795
-979.5196873146297 -212.09115024626254
-977.9920765358211 -212.10954036533832
-976.5138207870723 -212.48707880795
-975.4661112028361 -213.22980203449725
-973.9956158596278 -213.91486462175845
-972.4932944971324 -213.7087709081173
-970.6134202677013 -214.00840771913528
-968.721727629304 -214.0784577947855
-967.281579514146 -214.46719407260417
-966.2266768413783 -214.38616140902042
-964.6961834627391 -214.4259756502509
-963.9735496836902 -214.7388273474574
-962.4438442784549 -214.94884768098592
-961.3256506520511 -214.71365274459123
-959.4986199933292 -215.10833446651696
-957.6272165375949 -215.4024785605073
-955.9058219987155 -215.13702218204736
-954.0396298962833 -215.07871592015027
-952.9276333647967 -215.11656840115785
-952.1826039153339 -215.22720019489526
-950.5993214446307 -215.32763466209173
-948.8211770850421 -214.85357260674238
-947.4605539637805 -214.46240723103284
-945.9847145873309 -213.96639931172132
-944.7883942919971 -213.53344732493161
