-1113.13 -155.07
-1111.4453086900712 -155.3598399233818
-1110.7878781604768 -154.911493755579
-1108.9871045398713 -154.3783879649639
-1107.1102304506303 -154.83679226756095
-1105.4952886152269 -154.70816177845
-1103.996814017296 -155.2875307869911
-1102.3371696519853 -154.75754452466964
-1100.8105967092515 -154.8931186121702
-1100.036983792782 -155.25653713166713
-1098.103390519619 -155.81458698928355
-1096.5903680968286 -156.31952207505702
-1094.6373835253717 -156.71170233905315
-1093.3579146313668 -156.40053354918956
-1091.3947389769555 -156.32901928544044
-1090.3488268303872 -156.5366696190834
-1088.793818895817 -156.58698361337184
-1086.943256919384 -156.64809995114803
-1085.3502069163324 -156.0057992261648
-1083.7315960574151 -155.8631840121746
-1081.9354307103158 -156.28668916940688
-1081.2653021860124 -155.61979091882705
-1079.4722503471376 -155.19785482406616
-1077.5908983993531 -154.92945498943328
-1076.3191998052598 -154.39186686992645
-1074.6712031412126 -154.63581324338912
-1072.9806320714952 -155.20726139068603
-1071.2461016225816 -154.9840642285347
-1070.20381772995 -155.4263610613346
-1068.728637342453 -155.67567666590213
-1067.323262577057 -155.68258780397474
-1065.5173864412309 -155.84556356228887
-1064.0404229211808 -155.3750354067236
-1062.751523499489 -155.87092045105993
-1060.991414551735 -155.84049632929265
-1059.030428891182 -155.60219080530106
-1057.5590852546693 -155.6321046628803
-1056.4413662004472 -155.12549868009984
-1054.6196124601365 -155.14583549059927
-1052.9509763765336 -155.71497973956167
-1050.9991495656968 -155.58869207061827
-1049.609353427887 -156.02997073687612
-1047.831350092888 -156.03423613466322
-1046.219620947838 -156.11890645481645
-1044.62684214592 -155.88197167374193
-1043.0001726198198 -155.41842194058
-1041.9789521741868 -155.26488199986517
-1040.0478849458696 -154.88788890995085
-1039.0352940607072 -155.173389615193
-1037.5985544967652 -155.69283336557447
-1036.7808253216745 -155.45444469310343
-1034.9040164399148 -155.0823374853283
-1033.7907976555825 -155.24013495601713
-1033.0346738743783 -155.3086217508465
-1031.4190179753305 -155.43857826448976
-1029.9543120312692 -155.13342406012117
-1029.0252863812448 -154.75084404803812
-1028.013426487446 -154.39724151946604
-1026.4420163083078 -154.04409222461283
-1025.0966672348977 -154.26886435009538
-1024.095112388134 -154.31863809533417
-1022.8801482367517 -153.84591046877205
-1022.0711763548852 -153.79731845267116
-1020.43567163229 -154.35284888155758
-1018.5693275380136 -154.2413546682149
-1016.9678309607507 -154.91835650213062
-1015.742520992756 -156.46934088476002
-1014.4552634406091 -157.68278774030506
-1013.8048146414758 -158.52434881933033
-1013.0926201987268 -160.20321604020893
-1012.999817480445 -161.45077689893543
-1012.5719190436603 -162.89072939164936
-1012.5134328539671 -164.0029695869237
-1011.9883479411901 -165.56796296842396
-1011.4478014047445 -166.44855912931263
-1011.4073193940521 -167.26863368757068
-1011.9889360937477 -169.1114104629308
-1011.7491431209446 -170.52542170293628
-1011.993567210734 -172.4306138397008
-1012.3897219422461 -174.3623470903188
-1011.921527427733 -175.55386921174824
-1011.7643743577601 -176.7430535198003
-1011.8649992170931 -178.0794018150121
-1011.4550542953612 -178.98725345142185
-1011.0621483448149 -180.64030768878757
-1010.8917208883167 -181.7425633908063
-1010.7635786804558 -183.55947341926395
-1011.3906957182289 -185.0172173023969
-1011.0011925968529 -186.67897572524845
-1011.0394981886448 -188.517123484686
-1010.3840920116008 -189.7104226589948
-1010.1571395482124 -190.86513772018253
-1009.5209671343864 -192.50048377521335
-1009.5342158396916 -194.27633001811802
-1009.209034802504 -195.59884538657963
-1009.2620429863409 -196.3655652642995
-1009.2694499996678 -197.1692809701711
-1008.9590321091191 -198.58132311113178
-1009.009197289236 -199.59403165586292
-1009.1912599747257 -200.89439054735004
-1008.3416972105579 -202.6000852227956
-1008.4455886130409 -204.24603601701557
-1007.7243391518668 -205.4438191295415
-1006.4895707612113 -205.9606484413892
-1005.3184961323814 -207.21030356891453
-1004.3237657194213 -208.2366415501386
-1002.6094621067123 -208.10533087857067
-1001.5915873889999 -208.54351964004337
-1000.082019413002 -208.2195151091367
-998.5158899669723 -208.59089436538517
-996.9632187728957 -209.06054099805652
-995.1273916606979 -209.26828292913734
-993.8143962268905 -209.18478434689342
-991.9376221542434 -208.73969607956707
-990.1411118154601 -208.51185711629688
-988.3308574800567 -209.1001030445844
-986.5673416500167 -209.5378385425359
-984.991725290306 -209.96516194351017
-983.3080547695236 -209.51702644832432
-981.978355610855 -209.3891391993314
-980.3173384313659 -208.71451070316135
-978.5367809181289 -208.8670372904092
-977.5129323844985 -208.03772961504757
-975.8790989761428 -207.43260204203426
-974.4445536975936 -206.21249102957546
-973.0200800542907 -205.72399356372654
-971.6706728582458 -204.72318007953464
-970.6873407011108 -204.4838483274728
-969.5712442045287 -204.41027518518268
-968.6912968998031 -204.33761140115558
-967.2998546009139 -204.17433863289654
-965.4433008079604 -204.32263317115604
-963.775647247322 -203.28885033138096
-962.282579505928 -203.1101290822774
-961.4793632869796 -202.8004476071149
-959.6338725929336 -202.071646714285
-958.029819453247 -202.24343352921306
-956.5586437826232 -201.89788811810314
-955.0613132362441 -201.6468155325204
-954.174505913742 -201.16060864336788
-952.9380659704284 -200.84699853666126
-951.9750073795394 -199.74833878286182
-950.3077591304855 -199.07271369703113
-948.9661644344405 -198.67847930796444
-947.9539812450485 -198.3266893864423
-946.826353157051 -197.1362837792188
