-1113.13 -155.07
-1111.2083081054689 -155.55878881335258
-1109.2605429935456 -155.7068177384138
-1107.340794210434 -155.53707546710967
-1105.3656843948365 -156.0211697590351
-1103.4446770000459 -156.2170747590065
-1101.8078972148896 -156.35012876212596
-1100.0051823902131 -156.29097019851207
-1098.3873947906495 -156.53311618387698
-1096.6587634134294 -156.47501525253057
-1095.0839235830308 -156.9680587348342
-1093.19407392025 -157.32692992657422
-1091.6824393320085 -157.37529486387967
-1089.832773809433 -156.7964467999339
-1088.3212177801133 -156.76496213644742
-1086.423767809868 -157.259477853477
-1085.5561223673822 -157.66695409983396
-1084.5456863093377 -157.9570736286044
-1082.880830948353 -157.9477564689517
-1081.1352388310434 -157.8229602125287
-1079.8012561249734 -157.61520086199044
-1078.2038616585733 -157.856433853209
-1077.1143543171884 -157.7386803624034
-1075.4207192111016 -157.51852370768785
-1073.9573370862008 -157.56244464188813
-1072.1356815743447 -157.45116212934255
-1070.4420557665826 -157.31989529699086
-1069.1573992419244 -157.54333329170942
-1067.8764008927346 -157.78825196594
-1066.0436009812356 -158.09859022468328
-1064.4560900378228 -158.3164373037219
-1062.798933570385 -158.41088357537984
-1060.9769859957696 -158.25313030153512
-1059.4035835909845 -157.8889464583993
-1058.2437496829034 -157.95286776095628
-1056.7041643309594 -157.84044879645108
-1055.8831033158303 -158.10106193989515
-1054.8641296076776 -157.67206117480993
-1053.2405026602746 -158.00939246982335
-1051.7151786732675 -157.64624956220388
-1049.891583864689 -158.08406355947255
-1048.0926445174218 -158.720598667562
-1046.8175646710397 -159.22438409894704
-1045.8112699437143 -159.55658692091703
-1044.075005953312 -159.51858233630657
-1042.3069015192987 -159.5958513689041
-1041.5522459793092 -159.0619930100441
-1039.7724109935762 -159.24379073798656
-1037.859922771454 -159.1693525609374
-1035.9989289093019 -158.9904859957099
-1034.0105248737336 -159.1546153870225
-1032.1623972702027 -158.6699684408307
-1030.5341323661805 -159.06416039139032
-1028.623180513382 -159.27074103027581
-1026.9702769565583 -159.1348672506213
-1025.5253794240953 -159.1530603018403
-1023.7340911674501 -159.25789678066968
-1021.9256353425981 -159.59406122535466
-1020.6871650266648 -160.22713580697774
-1019.3634860563279 -160.3747773465514
-1018.3964657831193 -161.386922865808
-1017.2751090574266 -162.33847328990697
-1016.3791474151612 -163.59326955646276
-1015.8632992553712 -165.2748161253333
-1014.7181226062776 -165.83429810374975
-1013.9706105041505 -166.8292048868537
-1013.1067647981645 -168.26791903346776
-1012.4305163073541 -169.70206400722265
-1012.0197089362146 -171.1157846149802
-1012.1268226104976 -172.8098436293006
-1011.8910331326724 -174.40725168555974
-1011.7304621237517 -176.21752461761236
-1011.8520704630018 -177.1166470941901
-1012.4026375535132 -178.07541772693395
-1012.198319655955 -179.10701093047857
-1011.888933492005 -181.0352581438422
-1011.8978956296296 -182.67521569103002
-1012.0059348671884 -183.80140647262334
-1011.8157113521547 -184.77372750610112
-1011.2938102810831 -185.99127849906682
-1010.5424370496721 -186.77557733625173
-1010.7363822936268 -188.5509271916747
-1010.2434812962265 -190.22373297780751
-1009.7669670163841 -192.0464163121581
-1009.633558618948 -193.99102404683828
-1009.2318421184273 -195.3919779357314
-1008.9527938544006 -196.5635609921813
-1008.4933683454246 -198.48292556375264
-1008.6353526889534 -199.26704522937536
-1009.003074008152 -200.52063581317663
-1008.7186585842819 -201.9229479727149
-1008.947502392456 -203.16902765601873
-1008.5961855828018 -204.92267462581395
-1008.0420443593712 -205.77012869685888
-1007.1594501315803 -207.2399098572135
-1006.6787644206734 -208.15856727927923
-1005.6664671479912 -209.35968443721532
-1005.1659897147865 -210.47098013728856
-1004.4568100153656 -210.61686599224805
-1002.7615559279175 -211.44711649388074
-1001.1122006355972 -212.0019556877017
-999.7189499317856 -212.29678553313016
-998.2104400574417 -211.960813998878
-996.4548963486404 -212.6635158059001
-995.1108131586761 -212.4048368629813
-993.2119740425796 -212.59856596559285
-991.3464673935623 -213.08029285043477
-989.645730990097 -213.50530278652906
-987.9379332243652 -213.76767078012227
-986.0327711283417 -214.1073330041766
-984.3086725651474 -214.432416498363
-982.5087020575256 -213.97620439499616
-980.6305446802826 -213.3939622041583
-978.822389143631 -213.69500774115323
-977.1125223814697 -213.60095769137143
-975.8666409432144 -213.67191378742456
-974.5383744417877 -213.7042303827405
-973.2787020384521 -214.64580632716417
-972.5523547708244 -215.3377838280797
-971.1197337686272 -216.81126762896776
-969.694125372097 -216.81658817797899
-968.6192756473274 -217.84160424739122
-967.9272521912308 -218.51800216704606
-966.545114177391 -219.12592031031846
-964.8908161102981 -219.43221549659967
-963.9814735829086 -219.90724562078714
-962.9658843456955 -219.4274710264802
-961.3956965386124 -219.4733600501716
-960.1687891661377 -219.2963871692121
-958.3934940277786 -219.40692380413412
-956.9455604731293 -219.31438316747546
-955.7866616427154 -219.91816582128405
-954.457263487503 -220.08904867216944
-952.5823538481445 -220.33097255572676
-951.2637338816376 -220.4135124643147
-949.2762860237808 -220.53498971804976
-947.4547274290771 -221.13214451417326
-946.1894549309463 -221.44330129370093
-945.3619901119919 -221.4683272202313
-944.6248800336571 -221.26389766827225
-942.9803750097008 -221.37994823947548
-941.8644170343132 -221.67871732607483
-940.1115767537804 -221.3150638450682
