-1113.13 -155.07
-1111.310441260338 -154.4686860513687
-1109.7542734193803 -154.44138892710208
-1108.0983424234391 -154.526467166543
-1106.2991471338273 -154.71851163327693
-1104.4615011262895 -154.59775416523217
-1102.87975502491 -154.1569206264615
-1100.9574871110917 -154.2664427754283
-1099.5869422006608 -155.00106215447187
-1098.363269929886 -155.60621947020292
-1096.6727243709565 -155.36787912219762
-1094.9103943157197 -155.59344981580972
-1093.6105727005006 -156.04830490022897
-1092.0846648263932 -155.8895079192519
-1090.6573672342302 -155.93020435765385
-1089.222407345772 -155.74081147804856
-1087.7328856039048 -156.05773405328392
-1086.061030392647 -155.59440381422638
-1084.5600358295442 -155.6271146942675
-1082.6726955223085 -155.89164642587303
-1081.1763469028474 -155.7130384851992
-1079.9968048381807 -156.06308377876877
-1079.1322798180581 -155.67840505734085
-1078.0598670887948 -155.64784334383904
-1076.2330293107034 -155.32297788344323
-1074.6344211745263 -154.9227055736631
-1072.9158013510705 -154.76194505177438
-1071.3086078810693 -155.346192760095
-1069.4559862065316 -155.58978591643273
-1068.2033154416085 -155.88048083864152
-1066.8627592968942 -155.7927973025292
-1065.1918475079538 -155.4896511786431
-1063.380949561596 -155.02420923642813
-1062.1618989157678 -154.73005554609
-1060.7173133540155 -154.44953999452292
-1059.3992348361016 -154.36283430986106
-1058.2651633667947 -154.5224700026959
-1056.7305001664163 -154.6114479803294
-1055.8478317904473 -154.99064343206584
-1054.5637852597238 -155.71836643449961
-1052.8190302300454 -156.10209613077342
-1051.106289689541 -156.57000004284083
-1049.3984690356256 -157.20729481212794
-1047.9578395533563 -156.9198033117503
-1046.0930965590478 -156.96300109259784
-1044.4664475369455 -157.0854900010675
-1042.5909356522561 -157.39918823324143
-1040.75387830019 -158.04946715913712
-1038.83288926363 -157.76700173102319
-1037.2205525088311 -157.42576719604432
-1035.7149490761758 -157.7671775945276
-1033.8392173695565 -157.5832640954107
-1032.3127449202539 -157.34404155395924
-1030.921884481907 -158.00891807459294
-1029.6476874995233 -158.31020238779485
-1028.1412718939782 -157.93412756703793
-1026.8991401839257 -157.98558198444545
-1025.0843418288232 -158.48092596761882
-1023.4137316393853 -158.44748113833367
-1022.4406257319451 -158.60225635550916
-1021.2385495352746 -159.1998996116966
-1019.5241991925241 -159.6797869183868
-1018.2076314139367 -160.62457150004803
-1016.8175389218331 -161.35406982682645
-1015.4516630816461 -161.76070695899426
-1014.2231107401849 -162.85401314280926
-1014.041650568247 -163.5990785934776
-1013.2709851610662 -164.32395785830914
-1013.0389997410775 -165.5834979393333
-1013.4414638328553 -166.60200208209454
-1012.6398196268083 -167.7104203083366
-1011.988759880066 -168.6355685570091
-1011.504335885048 -169.33817690394818
-1010.9549316811563 -170.25340443633496
-1010.5197252380849 -171.22879773162305
-1010.2240917730333 -172.12277430079877
-1010.5511866557599 -172.91121095202863
-1010.3198925304414 -174.60014468215405
-1009.9819016504289 -175.91873258136212
-1010.1951624053718 -177.21535831473767
-1010.0782713490726 -178.17898636840283
-1010.671836038232 -179.38595562957227
-1010.8827255415918 -180.9300306417793
-1010.7326884317399 -182.27925807021558
-1010.2845522212983 -183.78157537959515
-1010.1673840034009 -184.87348049663007
-1010.3808844733239 -186.35583156131207
-1010.5312268334628 -187.30982285521924
-1010.2832232016326 -188.93129187606274
-1009.6108143228294 -189.61247044585645
-1009.4511533576251 -190.66865366481244
-1009.2985169637204 -191.63083493493497
-1009.4104808840157 -192.89519560121
-1008.9230373474957 -193.78971016190945
-1009.1092731776835 -195.02916955731808
-1008.8064312759043 -195.89069747708737
-1008.7006412121655 -197.28615295670926
-1009.01415979594 -198.49033760808408
-1008.7032408091427 -199.72669458173215
-1008.6653725031019 -200.5354598738998
-1008.6392508811505 -201.75511741422116
-1008.4458832807095 -203.0566499211639
-1008.3080707407744 -204.1189538218826
-1008.6209655619414 -205.51620805047452
-1008.2449345804007 -207.14482521794736
-1007.8753142572195 -208.50305592797696
-1007.3351931787283 -209.05622160218655
-1006.5060038781912 -209.79685675881802
-1005.4706833577902 -210.65898656629025
-1004.4682927346976 -210.5446394958347
-1002.9040391660483 -210.98592602990567
-1001.264407060221 -210.84938338182866
-999.5607458568365 -211.4675006546825
-997.7884947276862 -211.35992684744298
-996.3108839011938 -211.55297519050538
-995.1457696176321 -212.4367890485376
-993.4030148006232 -212.2074878641218
-991.783857247904 -211.73222045384347
-990.2370512700827 -211.93857311986386
-989.4251445747168 -211.71089084230363
-988.216219565943 -212.58000172458588
-987.4442295647414 -212.16800941310822
-985.874847374037 -212.56845988117158
-984.6897495604308 -212.36952329955994
-983.1832561112196 -212.20247396610677
-981.4441642380507 -212.51711901806294
-980.31381507881 -212.14529606483876
-978.5560574150832 -212.45502689264714
-976.9369898653777 -212.23157132945954
-976.1008216954024 -212.5634377130121
-974.3879763699324 -212.56270779453217
-973.1060301876814 -213.7041447290033
-971.8085579491408 -214.2744264730066
-970.5753686047346 -214.9216785558313
-969.3763166285307 -215.78040624938905
-968.2736651516707 -216.73636080108582
-966.65508171089 -217.20336936198174
-965.4777308321745 -217.11504082165658
-963.6727668858321 -216.96521471224725
-961.9577204800398 -217.20116629980504
-960.6519876337798 -217.35491806052624
-959.0423568106444 -218.11306667111813
-957.7674274063857 -218.09452137134969
-957.0176609373839 -218.76018056057393
-955.2080168343336 -218.48252495907246
-953.6497269488127 -219.2107664027065
-952.0940988875182 -219.48998665593564
-950.2179540015013 -219.71575289748608
-949.1001956082137 -219.82047883950173
-948.3421562529356 -219.59706719003617
-947.127909622267 -219.49596326582133
-945.249393663481 -219.63236088089644
-943.5928444481642 -219.8458038174361
-941.8779706574232 -220.37596484057605
-940.0046379185469 -220.4484750085324
