-1113.13 -155.07
-1111.9559965181352 -154.8042284619808
-1111.0055021095277 -154.81026114493608
-1109.6501152563096 -154.41603217989206
-1108.5719407844545 -154.1943464425206
-1107.5413750457765 -153.80420763760804
-1106.2112089443208 -153.5778707113862
-1105.0746849823 -153.23414181143045
-1103.7428581762315 -153.91981767088174
-1102.8288731622697 -153.9156305488944
-1101.8929743218423 -153.8126647916436
-1100.5588594126702 -154.31027655273675
-1098.7279399085046 -154.45427495211362
-1097.520801370144 -154.10294589370488
-1096.557566111088 -154.1002828028798
-1095.3235902237893 -154.81487251788377
-1093.7697417187692 -154.71106066524982
-1092.2358055758477 -154.66421198815107
-1090.8016275811196 -155.1416846510768
-1089.1136454987527 -155.7739409801364
-1088.0734843659402 -156.0937513706088
-1086.440023367405 -155.63188806146383
-1085.3468046832086 -155.1635437604785
-1083.9784050631524 -155.40816919475793
-1082.7675135779382 -155.09697751671075
-1081.0795856165887 -154.67657016187906
-1079.3503480601312 -154.75289683014154
-1078.1750111031533 -155.3780084696412
-1077.2078576135636 -155.19495841830968
-1075.5814783620835 -155.59122985571622
-1074.7292119312287 -156.05009925335645
-1073.2472477006913 -156.34351378649473
-1071.934605484009 -155.71259909838437
-1070.9240783500672 -155.51119385629892
-1069.0221577930452 -155.51629631983116
-1067.3525675582887 -155.46690027432516
-1066.1559761810304 -155.37715271132066
-1064.749397521019 -155.5717344285734
-1063.445438270569 -155.07794761674478
-1061.8359892416001 -155.26763029413297
-1060.5382056283952 -155.1511989386566
-1059.4836747694017 -155.60420031862333
-1058.6020185995103 -155.6632272155769
-1056.9686998176576 -156.0754019470699
-1055.8003044176103 -155.63783474283292
-1054.579145436287 -155.34171764569356
-1053.7718412923814 -155.47606696205213
-1052.7278240966798 -155.23742172138765
-1051.5655518817903 -154.90740126388147
-1050.1831314611436 -154.61524003760888
-1049.175969605446 -155.09750568883493
-1047.2935662317277 -154.96926330046728
-1045.5187375593187 -155.4064783306606
-1044.4194134521485 -155.11461548523977
-1043.3184751319886 -155.06636136414483
-1041.9647692489625 -155.3336026632972
-1040.3022478866578 -155.56447404267266
-1039.042869334221 -155.50881790013983
-1037.8106017160417 -155.95923875661566
-1036.9081519889833 -155.87203856201842
-1035.408484106064 -156.46043350191786
-1034.2621494579316 -155.89763786287978
-1033.3890234279634 -155.6284791121073
-1032.2995531606675 -155.56050063313916
-1030.9591372060777 -155.3382386082597
-1029.8095238256456 -155.09906375052407
-1028.2514103698732 -154.7822974586673
-1027.0521054315568 -155.33576377870514
-1025.3467180776597 -155.76838579418137
-1023.8218801069261 -155.68678247572853
-1022.4901680994035 -156.1238762998767
-1020.7551744031907 -155.7140397989936
-1019.0333986330033 -155.986180182714
-1017.4711345481874 -156.27614777924492
-1015.8897488164903 -157.0139421785064
-1014.893782143593 -157.67278009297326
-1014.7551255869867 -158.2224848830886
-1014.3539084839822 -159.12495606781914
-1014.4067864465715 -160.42092710377648
-1014.1864098060132 -161.60330372693016
-1013.248851274252 -162.67364579083397
-1012.5740625607968 -163.85136991383507
-1012.1377691078187 -164.66935133578255
-1011.6882669675351 -165.75064086558297
-1012.1722952771188 -166.59417914988472
-1012.0021123784782 -168.23436593653634
-1011.728323121667 -169.57360136153176
-1011.4037455219031 -170.9012089932151
-1011.8195610243083 -172.1598770582862
-1012.4297543960811 -173.27230572344735
-1012.6598674851657 -174.20991366745903
-1011.9850776988269 -175.7602869832702
-1011.4986068207027 -176.4222114646621
-1011.8486906486751 -177.35519104840233
-1011.766169821024 -178.74366634728386
-1011.6494251388312 -179.4990562761016
-1011.5187998461724 -180.63454252125695
-1011.2781024920941 -181.9569479787536
-1011.220642027557 -183.50636714341118
-1011.6997392746807 -184.99931054951622
-1011.3635334941746 -186.06992977501824
-1011.1560283574463 -187.3962778413482
-1010.5118268999458 -188.44414037110283
-1011.0019027861954 -190.00835054757073
-1010.9115741598607 -191.04717343689873
-1010.4476457285882 -192.7963228786178
-1010.2651893395187 -194.50662880780175
-1009.9154396551849 -195.21137159707024
-1009.9758297625185 -196.9610537851043
-1009.4563048306109 -197.88861614109948
-1009.6453220966459 -199.31806283833458
-1010.1328434172274 -200.56576805951073
-1009.2859537425638 -202.26377731205895
-1008.5357132974268 -203.45039850117638
-1007.9005485597254 -204.89933901669457
-1007.2885424914957 -206.38303404690697
-1007.070842844546 -207.73612755181267
-1006.8850391033293 -209.24325602890923
-1006.517310691178 -211.10369211079552
-1006.3208374801279 -212.3450812661834
-1005.2995226207377 -213.22890525700524
-1004.8669929030539 -213.91868334652855
-1004.4147417667509 -214.97358423115685
-1003.2510846975447 -215.14293500425293
-1001.8624910238386 -215.42083683254197
-1000.7863907936216 -216.32120814563706
-999.7174817445875 -216.64788981916382
-998.1020647409559 -216.3162702584453
-996.550472867787 -216.272108789701
-995.6943754079939 -216.32810000719502
-993.9901074293257 -216.7181666904874
-992.4862003448607 -216.7021564358659
-991.5301009538771 -216.58644377829506
-990.4455769184233 -216.7648746633716
-989.7513512495161 -217.52841212989762
-988.3236998441816 -218.18989428522065
-986.8004719141127 -218.78938117267563
-985.2722747448088 -218.73635047690942
-983.557804477513 -219.13855555670335
-982.413083446324 -219.35049596445634
-981.7379313829542 -219.26039140688255
-980.9462963464857 -219.00285884009674
-979.6811120632292 -219.33460559712722
-978.4681606414915 -218.83130749331787
-977.1142001274229 -218.87242961691692
-976.0634348514677 -218.77834081666543
-974.1557021263243 -218.90456689910962
-972.3632288101317 -219.19372184591367
-970.8758101585508 -219.14031254516914
-969.3401000621916 -219.06300701217725
-968.0489047887922 -218.61034725623205
-967.1506772163511 -218.00623659806325
-966.2156759622694 -218.00811550037935
-964.7674418810011 -218.37874668853357
-963.1474578502775 -218.28032714890315
-961.9680395248533 -218.5105050431378
-960.5119975927473 -218.54099834354594
-959.8110506656767 -218.6624335089512
-958.9705901268126 -218.07883030565455
-958.1592487218977 -218.31969668360426
-956.8675079467894 -218.76405735703185
-956.1988775256277 -218.91324675472453
-955.3854869130255 -219.61301243694498
-954.1304074051977 -219.30898562463
-952.5339861634375 -219.29781544039025
-951.4405130866171 -219.0067763013579
-950.2955619814993 -219.23758223483338
-948.9441892626883 -219.79480585286393
-947.1444146159292 -219.95447180995717
-946.4338285449148 -220.08870835432782
-944.9544392350317 -220.22135945985093
-943.3828562024237 -219.9358076734282
-941.8748511794211 -220.10705786773934
-940.5035097125174 -220.25303588638081
