-1113.13 -155.07
-1111.2989679622651 -154.81067866802215
-1109.7511794614793 -154.3956145119667
-1108.134416704178 -154.10025916218757
-1107.2815893340112 -154.27721442997455
-1105.7419725108148 -154.86224456846713
-1104.0452329564096 -155.2609939199686
-1102.9199363636972 -155.26375784695148
-1102.0830956149102 -154.94265868484973
-1101.0385111021997 -154.7344806265831
-1099.6204406666757 -154.9586520564556
-1098.2454018044473 -155.57805220007896
-1096.345638935566 -155.02451208949088
-1094.8769463944436 -154.88499484181403
-1092.9572772431375 -155.0002326440811
-1091.5154042887689 -155.17666407644748
-1089.815971081257 -155.30791688680648
-1088.2847463536264 -155.15619159460067
-1087.079027478695 -155.6681523990631
-1085.3946986842157 -155.48637578606605
-1083.497311537266 -154.94126967310905
-1081.691266243458 -154.71046785235404
-1080.5047454285623 -155.34243956923484
-1078.6527749943734 -155.16624272584914
-1076.962778632641 -155.6951910328865
-1075.210971300602 -155.70964813761412
-1073.725758020878 -156.032484030053
-1072.9062008309365 -156.5202550046891
-1071.3416424441339 -156.54216597013175
-1070.2299549031259 -156.12664565972983
-1068.7556005167962 -155.98953511349856
-1067.0847702670098 -155.36766203276812
-1065.4098175215722 -155.1278676443547
-1064.3812277960778 -154.8999380224198
-1063.111209933758 -155.16791528992354
-1061.4525060105325 -155.48033288650214
-1060.058477227688 -155.6784746401757
-1058.5518828082086 -155.3528904967755
-1057.3120768713952 -154.8237950258702
-1056.221998398304 -154.58918326132
-1054.7575849938394 -154.3714749865979
-1052.833002512455 -154.40785478584468
-1051.4113361287118 -154.6189193033427
-1050.4788166928292 -154.45204505853354
-1048.8565341877938 -154.68612111143767
-1047.5114505934716 -154.85671756200492
-1046.5750971484185 -155.2143160455674
-1045.3132879185678 -155.11167128913104
-1043.343424384594 -154.52019365660846
-1042.179694955349 -154.57984989665448
-1041.0933026719094 -154.81802418611943
-1039.9082635092736 -154.58071276329457
-1038.5818530964852 -154.4808576606959
-1037.0753343749047 -154.93809690110385
-1035.1975941109658 -155.19643293850123
-1034.2658700394632 -155.29648684494197
-1032.9321354079248 -155.66082396142184
-1031.6288917708398 -156.13548793427645
-1030.2227918553353 -156.57256688706576
-1029.1678050208093 -156.0080966555327
-1027.4878918576242 -155.78103595010936
-1025.567701523304 -156.03671019308268
-1023.967591469288 -156.3340346121043
-1023.023199980259 -156.64286380045115
-1021.8434869694711 -156.8354810976237
-1021.2705397057534 -157.99219160310923
-1020.7264084863664 -159.35338156454264
-1019.9308463382722 -160.19225155346095
-1019.0866715955735 -161.69609295360743
-1018.5993536460401 -163.08325885765254
-1018.0235763537885 -163.89792882435023
-1017.611335669756 -165.33331881992518
-1017.2258679914476 -166.56426846019923
-1016.6013715910913 -168.21737503044307
-1015.9517011094094 -169.27801774971186
-1015.9325621958078 -170.44440673820674
-1015.6595213945211 -171.79759620659053
-1015.5366296331586 -172.9884265565127
-1015.0185681740941 -174.04049443237483
-1014.8644593815507 -174.78552900783717
-1014.7198429565133 -175.88487016193568
-1014.863038391918 -177.7058509492129
-1014.919153981954 -179.45701622001826
-1014.9813839021326 -180.76956986419856
-1014.9596187520028 -182.37126122944056
-1015.2576204288007 -183.1729240321368
-1014.8878822672368 -184.78725217811763
-1014.9874875593187 -185.81085847847163
-1015.1000147733093 -186.6519415282458
-1015.5674766275288 -188.3576106929034
-1015.7657723847033 -189.3374507331103
-1015.6920611459018 -190.91537474624812
-1016.266442616582 -192.3117520713061
-1015.7556271749736 -193.2865680360049
-1015.3940676349403 -195.22421990863978
-1015.8126565116645 -196.79299413196742
-1015.3676417070628 -197.94651018612086
-1015.4053971964122 -199.5804766320437
-1015.333330487013 -201.0459663771838
-1015.7786964523793 -201.78876655332743
-1015.6503321874143 -202.6978381180018
-1014.8137000548841 -204.09247737161814
-1013.9235696542264 -205.12058525316417
-1013.5840985822679 -205.85002153150737
-1012.8785747337342 -206.87362318269908
-1012.1045554924012 -208.14712827436625
-1010.764876728058 -208.67087691061198
-1009.7589365291597 -208.75314458243548
-1008.6040157127381 -209.17903118364512
-1007.4760924625398 -208.83751558296382
-1006.3478144454957 -208.88432209722697
-1004.8923630762101 -208.63736174039542
-1003.9125515866281 -209.1612866871804
-1002.8742771792413 -209.36246358387172
-1001.528273408413 -210.01343487732112
-1000.1470826315881 -210.52862237922847
-998.5947782444955 -210.42663234256207
-997.3083208251 -210.3196434058994
-995.9223051714898 -209.69452979944646
-994.0999613451959 -210.15836208842694
-992.3301693844796 -210.2138436564058
-990.9913675236703 -209.77273462496697
-989.8099102425576 -209.71487625472247
-988.7371328520776 -210.1258027755469
-986.9882263588906 -210.1114845291525
-985.8130872893335 -210.08820621080696
-984.5894585299493 -210.06258040077984
-982.9095066237451 -210.69678139097988
-981.8272352862359 -210.41644033201038
-980.3704913306237 -210.01950767047703
-979.037554447651 -210.3199242592603
-977.8833414959909 -210.67889388807117
-977.2031437206269 -211.07574360974132
-975.8165603923799 -211.37449174530803
-973.9472094821931 -211.098868900612
-972.700112347603 -210.62311890132725
-971.4598807144166 -210.3965586812049
-969.9983189153672 -210.7945681900531
-969.0742225694657 -211.19835711427032
-967.8453524160386 -210.94798178382217
-966.5191628980638 -210.5168093831092
-965.5637065815927 -210.6067188770324
-963.6086706566812 -210.75940998800098
-962.5587137389184 -210.82279773958027
-961.6812450337411 -210.24358668334781
-960.3660545992852 -210.27300752855837
-958.8684005188943 -210.2432248775661
-956.9799695658685 -209.75405364081263
-955.1415436911584 -210.20894565030932
-953.3918376612664 -210.19171936407685
-951.641130988598 -210.78207619085907
-950.2781507420541 -211.1645099927485
-948.4372665333749 -210.85696063533425
-946.8448147225381 -210.48821006312966
-945.6041751551629 -210.93061579361557
