-1113.13 -155.07
-1111.456392054558 -154.79916227579116
-1110.1902554082872 -154.58127153635024
-1108.5072870302201 -154.35182969987392
-1107.2656191635133 -154.4803719741106
-1106.1433607387544 -154.49609076201915
-1104.3876254606248 -153.91008561074733
-1103.1000216054917 -153.96829598367214
-1101.5360212373735 -153.39739643752574
-1100.6940165805818 -152.89444535195827
-1099.7700471925737 -152.78499775350093
-1098.420552020073 -152.27176015794277
-1097.1609282541276 -151.8052271825075
-1095.8389834213258 -151.23129560768604
-1094.2213201570512 -151.24388167977332
-1093.190883164406 -150.97215077996253
-1091.830639486313 -150.75397483229636
-1090.0881954479219 -150.80781932890415
-1089.182214384079 -150.81052119255065
-1088.4125267314912 -150.77625880360603
-1087.1208052682878 -150.11430410265922
-1085.5387198972703 -149.47286806225776
-1084.371882801056 -149.2367115241289
-1082.7818042087556 -149.28989480778574
-1081.131973628998 -148.9523607675731
-1079.5208878564836 -149.33144720241427
-1078.011750226021 -149.62177978798746
-1076.906722431183 -150.0410305146873
-1076.2381965565683 -149.84023340389132
-1074.532758896351 -150.12144522711634
-1072.9144217419625 -150.24991825565695
-1071.8224350857736 -149.96481681212782
-1070.378792588711 -150.33257478818297
-1069.0456455397607 -150.25888736888766
-1068.0223406004907 -149.6458282057941
-1066.7067157673837 -150.12495412275194
-1064.827153389454 -150.52468006655573
-1063.6841265606881 -150.00332348391413
-1062.7627055096627 -149.93031445488333
-1061.9245097684861 -150.19767120823263
-1060.1413466978074 -150.01168910011648
-1058.4317011880876 -150.12288206413388
-1056.7255514907838 -150.47934943035244
-1055.5036404180528 -150.07352768972515
-1054.4143197584153 -150.57517146661877
-1052.810337548256 -150.24607014253735
-1051.5444896268846 -150.6340899427235
-1049.6386569786073 -150.78910593286156
-1048.8673617291452 -150.40064344897866
-1047.2552368092538 -150.41335106704383
-1046.2392173457147 -149.98142723057418
-1044.6891681599618 -149.70038507197052
-1043.8115791726113 -150.14188284490257
-1042.617477719784 -149.96545178506523
-1041.652017300129 -150.5473811707273
-1040.1899419474603 -150.6643200821057
-1038.508311097622 -150.21927711430936
-1037.1591964411737 -150.4094474023953
-1035.2555472302438 -150.4958208060637
-1034.383752887249 -150.06274177197366
-1032.7784641432763 -150.3057950741425
-1031.143846576214 -150.46141889754682
-1030.2159662890435 -150.26861724320798
-1028.7910808968545 -150.7657992548123
-1027.1570368456842 -151.12818601790815
-1025.5768324780465 -150.3182763165608
-1024.6703168201448 -150.2241529977694
-1022.9879715490342 -150.5875086343661
-1021.5935465145112 -150.9291183507815
-1019.9711324024202 -150.4572097218409
-1018.0863152790071 -150.69380876485258
-1017.2452408123017 -150.57729145947843
-1015.9450900602342 -151.29338654939085
-1015.5027869391442 -152.52314207021146
-1014.2211851525308 -153.68537935677915
-1014.3118545460702 -154.55398914281278
-1014.4623393166066 -156.1034879392758
-1013.6571843969823 -157.57850608292966
-1013.676822577715 -158.90033468667417
-1013.6177534657718 -159.99921962682157
-1013.1106407839061 -161.21984502736478
-1013.4760160046817 -162.55771014157682
-1013.513269250393 -164.25186774197965
-1012.8317397880555 -165.459358186163
-1012.2718417096139 -166.71838089887052
-1012.5146900761129 -168.25732788506895
-1011.8326871740819 -169.7392997450009
-1011.5086464035512 -171.33744391862302
-1011.0484906184674 -172.64194712106138
-1011.1557493779064 -173.50494894448667
-1011.2349149259926 -175.06055292550474
-1010.7525293800236 -176.01310369435697
-1010.3090716573597 -177.4577132171765
-1010.340786946118 -178.9026423401013
-1010.2806545022131 -179.60091283980756
-1010.1536108973623 -181.4617352790013
-1009.7816161635519 -182.76451590720563
-1009.5188763263823 -184.6829984492436
-1009.7390686097742 -185.3595730966702
-1010.0697922232748 -186.95393845502286
-1010.5063193264605 -188.68067881528287
-1010.2888024273516 -190.14163228932767
-1010.3046276170016 -191.8610834783688
-1009.7461356717349 -192.68800076905637
-1009.6674590158464 -193.92164740029722
-1009.4104297804834 -195.75923511449247
-1009.1659889864923 -197.27086934510618
-1009.4041124927999 -199.07143732968717
-1008.9056792604924 -200.9156865781918
-1008.4971435415746 -201.90226981107145
-1008.2885897952319 -203.64511451188474
-1007.8435397940875 -204.31920984450727
-1007.3291107016803 -205.36875584784894
-1006.3532211381198 -206.59579470817
-1005.16876824677 -207.02326187554746
-1004.2595369416476 -207.65644720260053
-1003.1455881196262 -208.48438027564436
-1001.6500585871936 -208.66532617870718
-1000.1024638015033 -209.2267856008187
-998.8342898684741 -209.30489395622163
-996.9947167235614 -209.38644230429082
-995.4001904326678 -209.85953658882528
-993.8721524077655 -209.889213562645
-993.0630369979144 -210.34936344686895
-992.1300037103892 -210.38246734876185
-991.1640281873943 -210.1144414736703
-989.7046940523387 -210.15823396731167
-988.0678764778377 -209.65625300694256
-986.838640113473 -209.41335844684392
-986.0722034174205 -209.02877774525433
-984.1799730259181 -209.01423677492886
-983.3813989359141 -209.41217240381985
-981.7251050668956 -209.7445704608038
-980.3508866029979 -210.20720132876187
-978.916580219865 -209.83765256095677
-977.172375817895 -209.72954447258263
-975.8766488033534 -209.8235084085539
-974.0077061849834 -210.4643091230467
-972.3085862594844 -210.61843996930867
-971.5052672821284 -210.78044525969773
-970.0050159889461 -211.02894825924187
-969.15790273726 -211.02975933689623
-967.8204601007701 -211.25679500836878
-966.428971310258 -211.55947564978152
-965.023283262849 -210.91916595835238
-963.937582512498 -210.93516834888607
-962.1142376857997 -211.16003508184104
-961.2805026966334 -211.09803726587444
-959.7615431743861 -210.6727238825336
-958.6747960048915 -211.0267846218124
-957.5864240127803 -210.61958649072795
-956.7696292597057 -210.55155492637306
-955.6065107780696 -210.19557935807853
-953.7479356724025 -209.8654804310575
-952.1263119179011 -210.17526862833648
-950.9091276127101 -209.97368178579956
-949.0978777605296 -209.94219375837594
-947.3942108350993 -209.72501702297478
-945.8613015609981 -210.02215452183037
