-1113.13 -155.07
-1111.3255428123475 -155.03755191683769
-1109.927203063965 -154.7377924990654
-1108.0247472572328 -154.42036265850066
-1106.8181592273713 -154.34324049174785
-1105.0883508968354 -153.78552972495555
-1103.5866242694856 -153.43542953550815
-1102.5109422254563 -153.56884854257106
-1100.8130583810807 -153.14202430069446
-1099.8794924664498 -153.08528026163577
-1098.857239906788 -152.25074955046176
-1097.2563425946237 -152.10628940880298
-1096.0845176625253 -151.98120494902133
-1095.0461353707315 -151.2559958320856
-1093.8521830487252 -151.65908255398273
-1092.528135840893 -150.76485802948474
-1091.1005256819726 -150.92683007538318
-1089.4652976441384 -150.8553494659066
-1088.1399237561227 -151.22353978425264
-1086.2925300049783 -150.8362982419133
-1084.9587190794946 -151.22510684996843
-1083.4264723706247 -151.59980060130357
-1081.648920838833 -151.43442378908395
-1080.1962853121759 -151.54731859236955
-1078.2874785113336 -151.20081330806016
-1076.3757088828088 -151.42863997787236
-1074.8267011094094 -151.37909889191388
-1073.0641877102853 -150.4999356266856
-1071.763349955082 -150.55296657949685
-1069.8310875344278 -150.45539462536573
-1067.8907918381692 -150.93401515454053
-1066.3153367686273 -150.94931326776742
-1064.5966358828546 -150.9000330415368
-1063.1990146088601 -150.91278350323438
-1061.6342311549188 -151.20789492100477
-1059.8282502341272 -150.79373717278241
-1058.6766900467874 -151.2841238078475
-1057.434843246937 -150.9196153578162
-1056.0931714224816 -150.17849257558584
-1054.5146244215966 -150.51280799478292
-1052.8054960417749 -150.42739213973283
-1051.0477824854852 -150.20168997317552
-1049.6180151152612 -150.64468197494745
-1047.9322885918618 -150.68967046558856
-1046.381480281353 -150.91035116434097
-1044.5604144978524 -150.25892920017242
-1043.732113544941 -150.18301983892917
-1042.8548908877374 -149.71196990430354
-1041.0390215563775 -150.33622591912746
-1039.67430526495 -150.30250456899404
-1038.57995957613 -150.56203392118215
-1037.2529719519616 -150.80058693856
-1036.045632903576 -150.91934171289205
-1034.1636539149285 -151.14179222255945
-1033.1359296488763 -150.73906658560037
-1031.8398510861398 -150.19356338649987
-1030.4082502770425 -149.79051063925027
-1029.099523727894 -150.12808044224977
-1028.0326101231576 -150.32418538600206
-1026.4270510125161 -149.80947424441575
-1024.5711476254464 -150.0821136084199
-1022.6787707257272 -149.89232017070054
-1021.1800605702401 -150.4750455763936
-1020.2918462800981 -150.48280452162027
-1018.56472135067 -150.58026973128318
-1016.8910148191453 -150.63023213267326
-1015.3799758005143 -150.7504971396923
-1014.5737314271928 -151.914705671072
-1013.889893000126 -153.0258980166912
-1013.3059651303292 -154.11661962389945
-1012.5877327370645 -155.58457187533378
-1012.3585721600057 -157.2062130343914
-1012.8963285434247 -158.6414268386364
-1012.3858036744596 -159.53232041716575
-1011.8971605050565 -160.90574458956718
-1011.7043891000749 -162.1484691274166
-1011.4132411527635 -163.45605758547782
-1010.9739894914628 -164.2376551401615
-1011.034560789466 -165.91809985756873
-1011.5220425325633 -167.58310327649116
-1011.2990546125175 -168.50697860836982
-1011.8636637228728 -169.50791142106056
-1011.7963193106652 -171.37788627266883
-1011.846049809009 -172.8059712421894
-1011.2898388142885 -174.22658977627754
-1011.5622025366129 -176.07014188885688
-1011.657467314154 -177.23329184174537
-1011.2080688859523 -178.57704339146613
-1010.9128568555416 -180.03657267212867
-1010.5060298527778 -181.8525542986393
-1010.3344442482294 -183.73906133294105
-1010.0132943029703 -184.89897487282752
-1010.4103442664446 -185.86003420472144
-1010.593498774916 -186.64489344477653
-1010.630011432916 -187.62484315752982
-1010.0124245221914 -188.54313186526298
-1009.6814145083727 -190.0248988044262
-1009.5505279536546 -191.18477133631706
-1009.5464635948838 -192.50393036723136
-1009.0622275035084 -193.88914100050926
-1008.6190295676888 -194.59452340722083
-1008.1375621418656 -195.24881259322166
-1008.2118433202804 -196.52480224490165
-1008.621849306971 -197.5374765765667
-1008.26017443195 -198.7812281024456
-1008.6499516750873 -200.03483024954795
-1008.1983352090419 -201.44179073691367
-1007.9472754086555 -203.18728486418723
-1007.6608633483947 -204.4357712638378
-1006.9858912314476 -205.3426020514965
-1006.3647681559623 -206.58899644732475
-1004.9741275395454 -207.10943994641303
-1003.4432277764381 -207.14182466983794
-1001.8281351412834 -207.458466745615
-1000.5474562729896 -207.79732135653495
-999.4333773936332 -207.82982782244682
-997.6917126263679 -208.242461271286
-996.6040977324546 -209.04144281864166
-994.7029401148857 -209.2706822824478
-993.4210088337959 -209.73968551278114
-992.041936286837 -209.74829087376594
-990.2552191103996 -210.43194303631782
-989.3509096588195 -210.42474036540835
-987.9386692728103 -210.63540557648986
-986.3748199428619 -210.17326373483985
-984.7935647453369 -210.8137050929293
-983.494402357489 -210.4414506914839
-982.0792691196502 -210.32871023442596
-980.4038576568664 -209.9607440593466
-978.8878187622131 -210.0449626358971
-977.7918209518493 -210.40893828000873
-976.4630908454956 -210.50338383641093
-975.1001120294632 -210.35460277523845
-973.395392843634 -210.27364630129188
-971.8073909963668 -210.49671674396842
-970.3227551664413 -210.14142120506614
-968.7511733259262 -209.87886432435363
-967.0413327898086 -210.43132821347564
-965.5699141706527 -210.24894552554935
-964.7418858493866 -210.3050570661947
-963.6716061319412 -209.8203730757162
-961.861036130339 -210.27238317083567
-960.9077830399574 -210.110890048258
-959.3985811556877 -210.38430138181894
-957.6997414912285 -210.1811385030672
-955.8480516757072 -210.0316978270933
-954.181970485598 -210.02554190780967
-952.6151207770408 -210.02792387705296
-951.3578207577766 -210.22211354475468
-950.5139651383461 -210.25001732509583
-949.1621413315834 -210.2664135793969
-948.1341800774635 -210.6195833484456
-946.572289594561 -210.52452065300196
-945.3780739392341 -210.09592993807047
