-1113.13 -155.07
-1111.3853817033769 -155.0478749756515
-1109.4709212827684 -155.57847504660486
-1107.872344737053 -156.04408984228968
-1106.1180588054658 -156.08348692551255
-1104.2220627117158 -156.45966596499085
-1102.2468735027314 -156.1383744288981
-1100.429605369568 -156.40434591069817
-1098.687053923607 -156.75565702810883
-1097.0604510354997 -156.67582314804196
-1095.1351541328431 -156.21597903564572
-1093.4710086631776 -156.1628753465414
-1091.6966667222978 -155.89372675836086
-1090.4018653678895 -155.73697476804256
-1089.1001539278031 -155.73863987222313
-1087.3524888801576 -156.12904129520058
-1086.3615436005593 -156.17834783688187
-1084.72184974432 -155.78296674385666
-1083.6267022538186 -155.93649313941597
-1081.9384246516229 -156.28601581946015
-1080.505340640545 -156.74750341072678
-1079.0492813038827 -157.15673060312866
-1077.56895226717 -157.53772915497422
-1076.4797514128686 -157.5713199187815
-1074.7793507027627 -157.16193340316414
-1073.1833959269525 -156.98254242137074
-1071.5991986441613 -156.99937371507286
-1070.4288145947457 -156.44945828214287
-1068.828036491871 -156.94512246146797
-1066.9843981909753 -156.95688867166638
-1065.3335468220712 -156.83292878761887
-1064.3344817805291 -156.8090919663012
-1062.5541817593576 -157.02683654025196
-1060.80177516222 -157.1448915709555
-1059.12312800169 -157.33777163520455
-1057.8212052035333 -156.66046057239174
-1056.7473138022424 -156.76662897661328
-1055.3185531544686 -156.4602915008366
-1053.5369730639459 -156.1888173778355
-1051.9362656521798 -155.9208538790047
-1050.4848087477685 -156.16035347774624
-1048.5725820708276 -156.34486902847885
-1046.9890950369836 -156.35848106786608
-1045.1263983893396 -156.1070571129024
-1043.6437166380883 -155.56370480701327
-1042.3541335511209 -156.1717920486629
-1040.84593862772 -156.05371849581599
-1039.6449554610253 -155.8814506714046
-1038.6959046769143 -156.10677174076437
-1036.9931272912027 -156.12221784487366
-1036.0029025125505 -155.996611084491
-1034.2859095382692 -156.0959753204882
-1032.8525357294084 -155.9164982546866
-1031.9560711431504 -155.9573797804117
-1030.7480688142778 -156.33648323237895
-1030.0208563852311 -156.67196374356746
-1028.3709499883653 -156.02542167127132
-1026.7718091058732 -155.31849127233028
-1025.6750778007508 -155.44441812455653
-1023.8753864812852 -155.76785092771053
-1022.0248446512223 -155.60534503281116
-1020.7719501304628 -155.75860594928264
-1019.3413345861436 -156.66599177539348
-1017.837662343979 -157.674925557971
-1016.6128982353212 -158.87832569301128
-1016.6024803715945 -160.3448553007841
-1016.2828991907836 -161.30800049722194
-1015.788836528659 -162.32854359567165
-1015.3657880324126 -163.74356763780116
-1014.9289727109672 -165.38698344647884
-1015.0830809074641 -166.22455006062984
-1014.436272044778 -167.31749349057674
-1013.8547577458621 -168.86399536550044
-1013.393166204095 -170.79806690633296
-1013.2031614977122 -172.3417254012823
-1013.2471431690456 -173.24774276435375
-1013.503210951686 -174.9401397627592
-1013.5941859456898 -176.68143998801708
-1014.049549457729 -177.5282693427801
-1013.8931836459042 -179.46067648351192
-1013.8217696520687 -180.9753375571966
-1013.4243394407631 -182.3042008203268
-1013.0349220904709 -183.33491318643092
-1012.5812065872551 -184.37138133466243
-1012.2327531847359 -185.94190817296504
-1012.4528091970087 -187.43243031919002
-1012.7117052498461 -189.12858658254146
-1012.6615949171783 -190.22633390843868
-1012.3772684234382 -191.03989415585994
-1011.832830836177 -192.71219115674495
-1011.5479380089046 -193.73678749024867
-1012.0155111449958 -195.07515209138393
-1012.0331939953567 -196.53569667756557
-1012.3543710011245 -197.91195409715175
-1012.1007610458137 -198.66668503701686
-1011.5044653314353 -199.89807897031307
-1011.7201009291412 -201.52464406907558
-1011.4932907718421 -202.70168071210384
-1011.6519610333444 -204.1028850597143
-1010.5266968655587 -205.10328965604305
-1009.7687544870378 -206.58088486611842
-1008.0529773283006 -207.66208284318446
-1006.7772631692887 -207.6301281672716
-1005.0021791505815 -207.4589823704958
-1003.4116195487977 -208.03436895430087
-1002.3329662132264 -208.2579351735115
-1001.2331227111817 -208.30073443770408
-999.6442618417741 -208.44424771487712
-998.5239905166627 -208.7256909829378
-996.9221574115754 -208.85777302801608
-995.5256171274186 -209.36666204750537
-993.7230856466294 -209.00594463169574
-991.8500428247453 -208.53740593016147
-990.0458755540849 -209.12950243771076
-988.5049136924745 -208.83312942802905
-987.0921844291688 -209.15802480995654
-985.5096459436418 -209.39017935812473
-983.7484815168382 -209.99987574636936
-981.9645623016359 -209.6298881393671
-980.7089110660554 -209.10686036169528
-979.6261150884629 -209.20451300561427
-978.4704985666276 -208.75496356904506
-977.016928677559 -208.24367999255657
-975.4173636484147 -207.34877597510814
-974.3748488473893 -206.9726297777891
-974.1691295552255 -206.0252046507597
-973.9310442256929 -205.21129655063152
-973.3777382421495 -204.65883129060268
-971.9554297971727 -203.58986955106258
-971.4279657649995 -202.88740508973598
-971.0982796299459 -201.4366436523199
-970.223895584345 -200.13806276738643
-969.3343285071851 -198.72065036714076
-968.7455700981618 -198.00442933261394
-968.1274805414678 -196.52213024318218
-968.4297406423093 -194.8772849959135
-967.3123928058149 -194.2951694649458
-966.3377089846135 -193.31285273253917
-966.2656780231 -192.22605394542217
-965.8253602433206 -191.66486953914165
-964.2960476326944 -191.21673797786235
-963.3481405425073 -190.10997521102428
-962.6922084736825 -189.78802808344363
-961.3695468354226 -190.05209001123904
-959.8511962342263 -189.79590900957584
-958.2430962967874 -189.60230088949203
-956.7305769371987 -189.70309600949287
-954.8530574488641 -189.3853223991394
-952.9492204833032 -188.6777308654785
-951.8535684990884 -188.31958062171935
-949.9458112168313 -188.69801545858382
-948.36953217268 -188.2655354809761
-946.9643928456308 -188.40035686612129
-946.025492732525 -188.60414058685302
-944.2437575507165 -188.75656837940215
-942.5752214837075 -188.68423894762992
