-1113.13 -155.07
-1111.9373909282685 -155.21930084347724
-1110.0746382522584 -155.59011001110076
-1108.3465520191194 -155.38407570838928
-1106.413977508545 -155.11933032393455
-1104.6014974164964 -154.97703600645065
-1103.1201126623155 -154.63871929764747
-1101.4834187078477 -154.8004772734642
-1099.5501946258546 -154.70418983668088
-1098.581926112175 -154.78251743286847
-1096.905287270546 -155.14135515660047
-1095.6945425319673 -155.22702310949563
-1094.0050107288362 -155.52737615972757
-1092.1848552274705 -155.81911195784807
-1090.5321023511888 -156.13209818273782
-1088.8194606351854 -155.98092037409543
-1087.3066402721406 -155.63219720095395
-1086.2205325412751 -155.9300618764758
-1084.5806770372392 -156.36863803833722
-1082.716449623108 -156.28886170655488
-1080.8153878498078 -155.82497368723153
-1079.4664900350572 -155.81776178970932
-1077.6046371507646 -156.01555735960602
-1075.7745442438127 -155.55481199517845
-1074.0928039598466 -154.99890951409935
-1072.876195435524 -155.0191570815444
-1071.196480755806 -154.6089957651496
-1069.7396119880677 -154.4847248789668
-1067.9547406482698 -154.98234039515256
-1066.1976012039186 -154.6398583945632
-1064.3306516456605 -155.02195242017507
-1062.4761495637895 -154.55550548404455
-1061.4644997167588 -154.64996504753827
-1059.5440869379045 -155.16564023464917
-1058.1286535310746 -155.33156755536794
-1056.175035004616 -155.56722560495137
-1054.6747620153428 -155.35734750300645
-1053.2739588069917 -155.72822199732065
-1051.5671206760408 -155.8668231216073
-1049.7585042762757 -155.81972353130578
-1047.8382719802858 -155.96853236824273
-1046.2648780393602 -156.3490290787816
-1044.4037197875978 -155.9996244457364
-1043.0263701725007 -156.58065147668123
-1041.2568615722657 -156.75694051355123
-1039.4063736248017 -157.01784923642873
-1037.6571439552308 -156.70325726240873
-1036.543924574852 -156.62064237862825
-1034.9416266727449 -156.82692700594663
-1033.4836897897721 -156.7064097073674
-1031.5461632061006 -157.1844591346383
-1030.3792924928666 -157.5107332316041
-1028.8669251251222 -157.61372895509004
-1027.1926301765443 -157.5598663535714
-1025.4104245948793 -156.771878644526
-1024.2264113473893 -156.86531211405992
-1023.2928578901292 -157.06938300997018
-1022.3105433630944 -157.20638807088136
-1020.5594820427896 -157.1897485551238
-1019.0687508034707 -157.47398006886243
-1017.7354309010507 -157.60987710922956
-1015.9714960503579 -158.1358432766795
-1014.7474393296243 -158.94872242182493
-1013.7246648716928 -160.4966973659396
-1013.2848644900323 -162.40810316771268
-1013.4260749715568 -163.48012393683194
-1013.3422819274665 -164.69912022322416
-1013.1961645084621 -165.80644875735044
-1012.6431195336581 -167.58254116743802
-1011.8716715770961 -168.4815219041705
-1011.2914012271167 -170.18885725706815
-1011.2263326394559 -171.23687058657407
-1011.1664376381041 -172.40916556090116
-1011.2777289274336 -173.8083110448718
-1010.877881896794 -174.98914140433072
-1010.73192527622 -176.4816896316409
-1010.3264563652874 -177.46714067429303
-1010.8796117874981 -178.3711698052287
-1010.6827839139105 -179.53399634331464
-1010.6242916110159 -181.22536063164472
-1010.952650589049 -182.47270131081342
-1010.9892972159387 -183.94062924355268
-1010.9560473832489 -185.67433595627546
-1010.4644493731857 -186.48368871182203
-1010.5296365740896 -187.62551629513501
-1009.9398030760885 -189.15227198570966
-1009.9381552088262 -190.44703412026166
-1009.8145623701812 -191.9557178017497
-1009.2113242644073 -193.21506071060895
-1009.1674642536045 -194.91179025143384
-1009.2871192666889 -196.8640693423152
-1009.6707889112831 -197.92892706364393
-1009.7287019166351 -198.74744451016187
-1009.4683290693165 -200.18234360188245
-1009.5599164637924 -201.1974626776576
-1008.7578602704407 -202.52438139885663
-1007.9266014370323 -204.35645270317792
-1007.6220180067421 -204.98770689934491
-1006.3153558048607 -206.19281005829572
-1005.6450138363243 -206.851110458076
-1004.4146790775658 -207.8678294417262
-1002.9276399883629 -208.57909238308667
-1002.0530114445091 -209.39455783337354
-1000.7118995460869 -209.4835632738471
-999.5115641626717 -209.9998395141959
-997.6091701063515 -209.53700268238782
-995.9226767095925 -210.0369544622302
-995.1612757119537 -209.7107872363925
-993.4236725243927 -210.00295761197805
-991.6284368905426 -209.84350478619336
-990.1858098182083 -210.0286753770709
-988.9936712655426 -210.23982177644967
-987.917952028215 -210.2609533292055
-986.1740713986756 -210.64957772910594
-985.0166190537811 -211.06273316562175
-983.7218694362045 -210.8099107068777
-982.0570001277329 -210.5007122081518
-980.7704726132752 -210.77923627912998
-979.8303714069725 -210.93282186210155
-978.6678834232689 -210.41898065030574
-977.2837467464806 -210.4732135643065
-975.3737268719078 -210.49291324585676
-973.5517571243645 -210.91373261779546
-972.3610624346138 -210.76219052046537
-971.3297449621559 -211.30605411499738
-969.6545270952583 -211.52786579698324
-968.2821965488793 -211.08958694308996
-967.132091549337 -211.51413214176893
-965.8499005112053 -211.1637997624278
-964.0756337913872 -210.68117737740278
-962.2935877117516 -211.03645962446927
-961.3136153492333 -211.02774902403354
-960.3041026863457 -211.28654231846332
-959.4745406183602 -211.76788913428783
-957.9783355268837 -211.07459019839763
-956.9877575907112 -211.08226805895566
-955.1318589720131 -211.60267174214124
-953.8138636621834 -210.90047436922788
-952.9968164238335 -211.3914591667056
-951.4314186844231 -211.3565017130971
-950.47313788265 -210.99370737344026
-949.2901419672371 -210.8151671436429
-947.5558576855065 -211.3623086360097
-945.9796619686485 -211.09364046126603
