-1113.13 -155.07
-1112.1444045352937 -154.9332352501154
-1110.4173823642732 -154.58677064597606
-1108.7916973876954 -154.37525298416614
-1107.091065888405 -154.530603967309
-1105.485290412903 -154.54605612128972
-1104.7209418463708 -154.88824257224798
-1103.6209301400186 -154.77189278572797
-1102.2553096461297 -154.90739835768937
-1101.0040714192392 -154.50724212795495
-1099.304737751484 -154.43830142885446
-1098.4421922612191 -154.43271122843026
-1096.6450514245034 -154.11600290209054
-1095.2688106942178 -154.38922570616006
-1093.648160879612 -153.88098333746194
-1092.1538321423532 -154.415763720572
-1090.6314470219613 -154.40322190493345
-1089.2544356036187 -154.25381958454847
-1088.010945980549 -153.99367707937955
-1086.1885083365441 -154.08498502492904
-1084.6517716097833 -154.7243944478035
-1083.7350660014154 -154.2809174132347
-1082.9293888854982 -154.55034209012985
-1081.7461202192308 -155.24300605773925
-1080.2075250196458 -155.131276525259
-1078.9078092622758 -154.93657571792602
-1077.049610142708 -155.13380796432494
-1075.3010702180864 -155.3687921088934
-1073.4708174514772 -155.258471801579
-1072.3180509853364 -154.68507863551378
-1071.2283191728593 -154.8138067421317
-1069.7429006147386 -155.27290096849202
-1067.8890249776841 -155.5676243302226
-1066.6885427284242 -154.93924850195646
-1065.085733537674 -155.10816283494233
-1063.4229010391236 -155.60037602454423
-1062.2585449266435 -155.94644887715577
-1060.4826972532273 -156.15257561177015
-1059.1735633659364 -156.5714809295535
-1057.4479687261583 -156.49315039783716
-1055.812674407959 -156.69066725641488
-1054.0340815830232 -157.06105719476938
-1052.5119313049317 -157.00473326414823
-1050.770498995781 -157.5807811614871
-1049.7049183893205 -158.13765215843915
-1048.1998547363282 -158.28195422858
-1047.1612592983247 -158.80953264206647
-1046.2152224826814 -158.79239107079803
-1044.369287018776 -159.22139848180115
-1043.0361712026597 -158.65848172612488
-1041.216763739586 -158.49028667218982
-1040.0162624168397 -157.94461085803806
-1038.3134716796876 -157.8137518853694
-1036.4604011821748 -158.058947333768
-1035.6717692661286 -157.74975998111069
-1034.7425522851945 -157.56183365888893
-1033.643208627701 -157.71871403761207
-1031.8722472238542 -157.5141486019641
-1030.5933672237397 -157.60910240717232
-1028.9035038995744 -158.18831036396324
-1027.9083581614495 -158.2854227066785
-1026.8639926362039 -158.39933547534048
-1025.4602982449533 -158.27047887600958
-1024.4800012755395 -158.72882825292646
-1023.3840985941888 -158.40797624148428
-1021.922127788067 -158.30845615424215
-1020.5165038752557 -158.9562001542002
-1019.4162189412118 -159.06103187955915
-1017.5609663176538 -160.1220962420851
-1015.9519613432885 -160.06665697850286
-1015.7083299803735 -161.75211480416357
-1015.2380794334413 -162.9073161200434
-1015.1463057446481 -164.30913928307592
-1014.5213165330888 -165.1496536449343
-1013.6481467533113 -166.25981602229177
-1012.9093567180635 -167.34810015715658
-1012.364703063965 -169.00000032939016
-1011.7197032022477 -169.8057380632311
-1011.6223705384136 -170.4860138014704
-1011.4366976740957 -171.8222797230631
-1011.205098745525 -173.49234107293188
-1010.617198881805 -174.63808801926672
-1010.1477099332214 -175.5098908857256
-1009.7415607842804 -176.69234022654592
-1010.2696774873139 -178.2596070484072
-1010.3349422860147 -179.79849693335592
-1010.2018769729139 -181.58850750483572
-1010.2115010964872 -182.91722104109823
-1010.6475033509732 -183.74990651167928
-1011.0529644834996 -184.44461968697607
-1011.0274828291685 -185.40477004803716
-1010.854867956713 -187.0877257899195
-1010.4236805654318 -188.39941278256475
-1010.7779055453093 -190.04002550400793
-1010.2019323325903 -191.36889985360204
-1009.6575497008116 -192.00084087409078
-1009.5938182986529 -192.7374182061106
-1009.6582012466342 -193.96635392464697
-1009.2672922603042 -195.50999596871435
-1009.1636055252702 -196.8509446696192
-1009.5914831898363 -197.7669431284815
-1009.8883015654237 -199.28591099537908
-1009.9869721672685 -201.0042283848673
-1009.8389959625156 -201.61474386014044
-1009.1189619592578 -203.18158927716314
-1008.3429457239063 -204.17628249682485
-1008.3555803290756 -205.84883043326437
-1007.6119936696441 -206.6994952277094
-1006.429478525296 -207.26676705636083
-1005.632364749089 -207.6217322961241
-1003.834820746556 -207.6033245638758
-1002.0460889331252 -208.24341491021215
-1000.2940968266876 -208.7609479741007
-998.4382524482162 -209.09301617898046
-996.8372745505721 -209.3318725541979
-995.403066872731 -209.4521381572634
-994.3026232711227 -209.80474010266363
-992.8342595092208 -209.69930233217775
-991.8084359160812 -209.8142500386387
-990.517633914128 -209.55268173076212
-989.4117701045425 -209.94378052808344
-987.7346135369689 -209.96690142683684
-986.6835747949035 -209.8141364210099
-985.5213607541473 -209.71732201956212
-984.5483417502792 -209.47400024317204
-982.9178619376571 -209.66818481467664
-981.2217396489532 -209.76600456021725
-979.7657735339553 -210.17494693182408
-978.5300549260528 -210.52261471532285
-976.9437192670257 -210.60727345727383
-975.1999987355621 -211.01659568928181
-974.3189231149108 -211.32698765181004
-972.9520167104156 -211.8828251042217
-971.5087047807128 -211.6021316923946
-969.8786810628326 -211.71275441132485
-969.13794541277 -211.7108711131662
-967.693879126683 -211.8971844293922
-966.3113868228347 -212.53848582290112
-965.4402281037719 -212.43944388411938
-964.4104440204055 -212.4836123266071
-962.7259361735732 -212.7639624454826
-960.8456134787948 -212.54610471211373
-958.8900786630065 -212.76995722733437
-957.2072408191116 -212.71339409582316
-956.0133944741638 -212.5883901619166
-954.2538402072341 -213.06579308740794
-953.2173497668655 -213.16464859776198
-951.8694659463317 -213.4244898610562
-950.6517156354339 -213.8424273186177
-949.3532164088638 -213.60892761282622
-948.0736894599349 -213.3188290350884
-946.9330387107284 -213.34147210948169
-945.4649125329406 -213.37679529719054
-943.929769634381 -214.14760840468108
