-1113.13 -155.07
-1111.6780690002442 -155.49342394590377
-1110.6879247474672 -155.36769025743007
-1109.5716023492814 -155.6549603563547
-1108.3299994516374 -156.08598127186298
-1107.43407422781 -156.36278720915317
-1105.7106307196618 -156.3969060999155
-1104.5934250998498 -156.5773489099741
-1103.2544621872903 -156.03084417402744
-1101.4559001374246 -155.86099072515964
-1099.9405548024179 -155.9309245866537
-1098.965398733616 -155.63716330349445
-1097.1753773140908 -155.29148557007312
-1095.5375275063516 -155.77528243482112
-1093.707856361866 -155.4383262914419
-1092.302957956791 -155.2576654177904
-1090.6499350714685 -155.66416396915912
-1088.7261348414422 -155.84840867638587
-1087.623063390255 -156.02346415042877
-1085.9772022414209 -155.76195708632468
-1084.1289656805993 -156.01832095503806
-1083.2738457369805 -156.13450182199477
-1081.7121009278299 -156.45118118047714
-1080.3435654091836 -156.70078278303146
-1078.5990781235696 -156.78804565191268
-1076.903947775364 -156.5387261134386
-1075.250015203953 -155.5278651934862
-1073.9120059657098 -155.2726848644018
-1072.864735786915 -155.27846672356128
-1071.5388757634164 -155.35451047837734
-1070.0934299874307 -155.7469812554121
-1068.7184818434716 -155.3638488870859
-1067.6760185408593 -155.2016422522068
-1066.4752913165094 -155.7483898770809
-1065.0895486521722 -155.63384374201297
-1063.86366945982 -155.48280779242515
-1061.9357301640512 -155.8001281094551
-1060.5544086146356 -155.8629340749979
-1058.5895965743066 -156.70469548523425
-1056.951899354458 -157.22597321093082
-1055.813545291424 -157.73555692255496
-1054.148778026104 -157.6760893163085
-1053.1150751757623 -158.21726754277944
-1051.1988621401788 -158.17464088991284
-1050.0331878113748 -157.90368529751896
-1048.934165661335 -157.47417631343006
-1047.0818720507623 -158.02729442313313
-1045.7049552845956 -158.5681485195458
-1043.820697014332 -158.11478745535015
-1042.1722341227533 -158.24151874676346
-1040.4561840939523 -158.5998533476889
-1038.8727927851678 -158.54321254760026
-1038.0029605078698 -158.76261372834443
-1036.7940580296518 -158.22550757199525
-1035.0118412423135 -157.6376099732518
-1033.1567916321756 -158.1399774697423
-1031.591165726185 -158.00166140466928
-1030.0147792744638 -158.59954605966806
-1028.90817183733 -158.2492732849717
-1027.8437243151666 -158.5105100122094
-1026.1621565270425 -158.41025990217923
-1024.4949688363076 -158.65773344010114
-1022.650543396473 -159.42341077297925
-1021.0259930539132 -160.50616395443677
-1020.4603691148759 -161.5327885147929
-1019.6543620872499 -162.65408694714307
-1019.2415767359735 -164.45874273747205
-1018.3403890776635 -166.0276033875346
-1017.2774412083627 -167.38279795616864
-1017.3083118396999 -168.21095514267682
-1017.1864477443696 -169.64598739117383
-1016.3708224344255 -170.41095882624387
-1015.9662220525743 -171.54533535212278
-1016.0119824829699 -172.33424448937177
-1016.3582311096789 -173.92843365639447
-1015.6492703381182 -174.80093723505735
-1015.064574879706 -176.1873667833209
-1014.3510545912386 -177.88023918837308
-1013.7411997738482 -179.41210466593503
-1013.8071564260126 -181.27494555681943
-1013.9616092565657 -182.89263898104429
-1013.1890040758253 -184.2509096261859
-1012.7209099653364 -185.67938595980405
-1012.1604194763304 -187.45801216334104
-1011.9052278223635 -189.09367638796567
-1011.135273975432 -190.80714648932218
-1010.5198830786348 -192.61608833044767
-1010.9547435167433 -193.65782088011503
-1010.7431365075709 -194.33466154307126
-1011.2365195575358 -195.56740969389676
-1010.7222998562456 -197.22078460425138
-1010.8404297205807 -198.63561493128537
-1010.1104961606861 -200.0620096322894
-1009.5482329103352 -201.1206422445178
-1009.4861021015049 -202.64642268389463
-1009.1198782894016 -204.11561602324247
-1008.9376224252583 -205.76790255278348
-1008.1184895011784 -206.9625658389926
-1007.195634481609 -207.91578423947095
-1006.5234097215534 -208.92166423767804
-1005.2720624181629 -209.4269423481822
-1004.3011425706745 -210.57895493477582
-1003.8063171479107 -211.64675879448652
-1002.3504767987133 -211.6044188734889
-1001.5879458758236 -212.34253406494855
-1000.0500029894711 -212.65929937332868
-998.7140224549175 -212.70807112723588
-997.304636296928 -213.44332970649003
-995.5413129898907 -214.12847180634736
-994.064000901878 -214.2433894571662
-993.2356280061604 -214.84000191062688
-991.6103638383747 -215.00535346537828
-990.0179975005985 -215.4185560491681
-988.2179686996342 -215.61640490561723
-987.273441669643 -215.3804963377118
-985.5509724590183 -214.85388936072587
-984.0935642692448 -214.57086403638124
-982.6771602603794 -214.73802702099084
-981.4288494560124 -214.98354282945394
-979.6452591392399 -214.87600775033235
-978.2356122705341 -214.36985142499208
-976.3341294500233 -214.5236990597844
-974.8908550712467 -215.0267772820592
-973.8072087737919 -214.67475651174783
-972.1742550107838 -214.23830740123987
-970.4965466234089 -214.789616509974
-968.5964220735432 -214.91550798684358
-967.0579758855702 -214.86124564304947
-965.5484303209187 -215.27000824704766
-964.0329370471836 -215.28632253751158
-962.6946096393467 -214.86321550950407
-961.2888681861759 -214.57774427875876
-959.7743797275425 -215.15011701330542
-958.4569964382054 -214.88950094923376
-956.6939885589481 -215.07799019262194
-955.8921004506947 -214.45467640802264
-955.1159697744251 -214.8797536675632
-953.6991156312824 -215.34511708065867
-952.1044650050999 -215.23707237437367
-950.9113619300724 -215.2993717227876
-949.4651489230992 -215.53427197381853
-948.0597511503101 -215.60678598627447
-946.3205026361347 -215.4876197014749
-945.1977583143116 -215.4954238717258
-944.0025085183979 -215.53977902576327
