-1113.13 -155.07
-1111.3129149723054 -155.74695009708404
-1109.5374929952623 -155.90158302307128
-1107.6162924814225 -155.68436714231967
-1106.0868643569947 -156.26347436726093
-1104.821160440445 -156.3525949564576
-1103.2729980993272 -156.3599199053645
-1101.5965721654893 -156.07922449678182
-1100.0511081266404 -155.80622670024633
-1098.943105583191 -155.66832931309938
-1097.6800695705415 -155.26185081869363
-1095.8204618740083 -154.9830247309804
-1094.0821392583848 -155.21217744022607
-1092.4996627616883 -155.41896095842122
-1090.8359537172319 -155.49090499401092
-1089.1356248903276 -155.96899334311485
-1087.7767554569245 -156.58980808377265
-1086.119926815033 -156.61842527210712
-1084.2140173959733 -156.60924022614955
-1082.4542197036744 -156.4328767877817
-1080.9058558988572 -156.6101739925146
-1079.8331265497209 -156.2640495222807
-1078.0332257795335 -155.74668513953685
-1077.0583195734025 -155.88976284086704
-1075.6802802133561 -156.10665947914123
-1073.9498635578157 -155.99168143391609
-1072.4307345199586 -156.29171369194984
-1070.5735300827027 -156.23631771624088
-1068.9256242561341 -156.74078633606433
-1067.3978853273393 -156.72718439221381
-1065.730474715233 -157.10976574540138
-1063.9508459615708 -157.40591589331626
-1062.667315964699 -157.14276451587676
-1061.4938142347337 -156.46460813999175
-1059.8514645147325 -156.66786477684974
-1058.6831108379365 -156.51408065080642
-1056.9547925043107 -156.03775090694427
-1055.5218660879136 -156.41565025568008
-1054.0554628419877 -156.35773576021194
-1052.217489962578 -156.51917184114455
-1050.3973463821412 -156.71320169389247
-1049.045631055832 -156.51067798554897
-1047.3712879467012 -156.59908140420913
-1045.5842939662934 -156.15253201842307
-1044.3026348400117 -155.50594726920127
-1042.4647756862641 -155.58112968474626
-1041.3797798204423 -155.30070702701806
-1040.5928927111627 -155.8474349823594
-1038.998638932705 -155.9574237909913
-1037.2812102484704 -156.53706656366586
-1036.37392670393 -156.38380208581685
-1034.8065615344049 -156.78401669830083
-1032.9913664507867 -156.25737866729497
-1031.5426996397973 -156.37950082838535
-1029.7262777733804 -156.72924741327762
-1027.7699620175363 -156.96435856044292
-1026.0432946133615 -156.58292137801647
-1024.8046399998666 -156.79273777425288
-1023.5747724223138 -156.1697534841299
-1022.2881624150277 -156.63151549518108
-1020.7154323506356 -157.14197086513042
-1019.3389007496835 -157.76345562160014
-1018.4178544926644 -158.31454043805599
-1016.9606581377984 -159.32364445149898
-1017.1626977968217 -160.2191600126028
-1016.9711657512189 -161.8275540393591
-1016.6492180573941 -163.4530685466528
-1016.7467874485255 -164.30717688024043
-1015.9575790363551 -165.32003026425838
-1015.1906837421657 -166.40215783536433
-1014.8160337406398 -168.05388765752315
-1014.4975246983768 -169.83949797570705
-1014.660821800232 -171.4451200288534
-1015.1151141870023 -172.7548671287298
-1015.0321063447 -173.96925943315028
-1014.4121757793428 -175.3783430379629
-1014.2022004771234 -176.76834910333156
-1013.6701299595834 -177.706013969779
-1013.3979952383042 -178.3833496493101
-1013.6296934831144 -180.0735752505064
-1013.3320414173604 -181.66669129550456
-1012.8936553943158 -183.19043099105357
-1012.6060563969613 -184.23646318137645
-1012.4268970239164 -185.16201626479625
-1012.0663078475 -186.26326607882976
-1012.8172538924218 -187.63857864558696
-1013.5236598896981 -188.56048571288585
-1013.240756635666 -189.90470265567302
-1012.8739439594747 -191.2754430693388
-1012.5963710594178 -193.11373900592326
-1012.3823548454047 -194.78164076030254
-1012.4184145081044 -196.08495997607707
-1012.3773865114154 -197.2705361765623
-1012.5531136403979 -198.5132292431593
-1012.0705985735358 -200.08731841266155
-1011.4184547375144 -201.1090817373991
-1011.1018792103232 -201.95890235126018
-1010.5345744799079 -202.81830166995525
-1009.9960529516638 -204.0065892857313
-1009.3487446020545 -204.76481597840785
-1009.0526639531554 -206.18636696755885
-1008.3102340410651 -207.8178190511465
-1007.0619632910193 -208.43459980905055
-1005.9322071979941 -210.05893795907497
-1004.9036187838019 -211.3129123967886
-1003.630250067562 -211.1414994519949
-1002.1713252972067 -211.69209616601466
-1000.7160665701331 -212.04506733238696
-999.3657347868384 -212.80797895014285
-997.7509070347251 -213.58353092491626
-996.7978305529059 -213.28819214522838
-995.1679469059409 -213.5867866796255
-993.4551528404654 -213.45960425555705
-991.9528635452689 -213.57858207792043
-991.0241710256041 -213.52099423080682
-989.094023616165 -213.67004267841577
-987.9205291579665 -214.21971289783716
-986.6885149787367 -214.35711483627557
-985.0539024184645 -214.67758275538682
-983.2436760972441 -214.92008914023637
-982.5090134452284 -215.3090706911683
-980.796540529579 -215.17630879551172
-979.4011123488845 -215.68077151447534
-978.7040434788169 -216.2533342090249
-977.2873587320746 -216.23940764337777
-975.9701335142554 -216.69332389503717
-974.8621275137366 -218.3346329179406
-974.1591001461447 -219.54701571136712
-972.7798928926886 -219.52701763778924
-971.8247972439231 -220.47459720045327
-970.3519665907324 -220.88853625923394
-968.77742609486 -221.29175408154725
-967.3465966890753 -221.8262880590558
-965.47449371323 -222.41522909671068
-963.545689315647 -222.60279108554124
-962.6710179756583 -223.079143717587
-961.8148027370871 -222.85253976255655
-960.0697403858603 -223.13898111850023
-958.778485030979 -223.77073056966066
-957.3032988022269 -223.44626603990793
-956.017842860073 -223.71823082834482
-954.9656765173377 -223.93689931899308
-953.6650092314185 -223.5659490969777
-952.8844209621848 -224.1982300427556
-951.7027737806739 -223.7233547118306
-950.6045002649726 -224.08561043411493
-949.7687632749976 -223.60601364046335
-947.9294353435935 -223.22363428741693
-947.217985482067 -222.83859594136476
-945.265410513729 -223.14397175580262
-943.6668276499213 -223.33374665647744
-942.5145910690726 -223.76325248152017
-940.9582094858588 -223.8490574505925
-940.0095743249358 -223.6007989194989
-938.1780337403716 -224.11076469689607
-936.7624237845839 -223.70047380000352
