-1113.13 -155.07
-1111.2425884056092 -154.66890419244766
-1110.0866400051118 -155.32302535295486
-1108.4997192668916 -155.37671289563178
-1107.120845322609 -155.58471856236457
-1105.193452601433 -156.0740500462055
-1103.4468135881425 -156.56909543991088
-1101.9722905206681 -156.84355808019637
-1100.1241598176957 -156.9657428485155
-1098.6193387556077 -156.8106235486269
-1096.9892647314073 -156.8950395208597
-1095.152911667824 -156.34995105087756
-1093.8623961257936 -155.870914183259
-1092.1630097675325 -155.62798509716987
-1091.156955842972 -155.20507744669914
-1090.4224930453302 -155.40353275060653
-1089.4198955941201 -156.01665598869323
-1087.9961008477212 -156.0731705275178
-1086.6598156142236 -155.9648190510273
-1084.8794515776635 -155.73929444670677
-1083.1693009781839 -155.10482154011726
-1081.8791348385812 -155.64178977131843
-1080.4089834141732 -155.99289340496063
-1078.5471963334085 -155.88294105947017
-1076.8756511855127 -155.8253211003542
-1075.1891917634011 -155.84385739609598
-1073.7064780640603 -156.20980726525187
-1071.97024900198 -155.8854986910522
-1070.3698349642755 -155.84222233638167
-1068.6107831645013 -155.2448709641397
-1067.457483355999 -155.4618236158788
-1065.5999122309686 -155.64494462653994
-1063.8801679062844 -155.70608217611908
-1062.3258752274514 -155.76512064754962
-1061.219486181736 -155.8528383743763
-1060.0965743708612 -155.99923071980476
-1058.5528997826577 -155.47757635235786
-1056.809580628872 -155.85145080804824
-1055.4109316515924 -155.4453631711006
-1054.0760443854333 -156.11627323150634
-1053.0238267827035 -155.66846943616866
-1051.5521776127816 -156.25770200014114
-1049.9304360795022 -156.60608199954032
-1048.6745194840432 -156.60631381690501
-1047.8147692728044 -156.46752657711505
-1047.0422189879419 -156.603838391304
-1045.1271247315408 -156.60745758533477
-1043.3795676875116 -156.67828141868114
-1041.538180654049 -156.6807573211193
-1040.011409585476 -156.63128264963626
-1039.148237411976 -156.97185917913913
-1038.2299819636346 -157.1856480461359
-1036.5783553767205 -157.37452954769134
-1035.3683982539178 -157.36788406193256
-1033.634389345646 -156.67492362082004
-1032.9361250448228 -157.09753533422946
-1031.9218511629106 -157.32894314050674
-1031.1684962558747 -157.48703452169894
-1029.583486800194 -157.21679895341396
-1028.0398485708238 -157.27474119484424
-1027.265316669941 -157.31731948971748
-1026.017104690075 -157.07145669281482
-1024.145826880932 -157.1395690959692
-1022.6526384997369 -156.9073062312603
-1021.3807184147836 -157.03312031149864
-1019.794654672146 -156.79563883662223
-1018.5377021479608 -156.67788196325301
-1016.6264707493783 -157.49387253046035
-1015.9275093126298 -158.6663037610054
-1014.7162545967103 -159.26995456933975
-1014.13379049778 -160.60213053941726
-1013.8598761904241 -161.24386746406554
-1013.6753297495843 -162.7562485408783
-1012.8794190335275 -164.44172627449035
-1012.4948993372918 -165.4926508140564
-1012.4355952675642 -166.52545625686645
-1011.8576202328504 -167.84887320518493
-1011.6269422705473 -169.74359352111816
-1011.5348318751157 -171.47438771247863
-1011.1285747225584 -172.88653225421905
-1011.7894628579916 -174.50344926834106
-1012.2792834575475 -176.02895528793334
-1011.742633097917 -177.75268501758575
-1011.3339180882276 -179.53940886974334
-1010.9060404832662 -181.1815392446518
-1010.7648010338844 -182.31116945266723
-1010.4689388360084 -183.27802307128906
-1010.5358746881784 -184.99548036575317
-1010.0779571171106 -186.5412028503418
-1010.447437786609 -188.05059237003326
-1010.042430305034 -189.3234189224243
-1010.147878804356 -190.6558610868454
-1009.6990539218486 -192.4273110103607
-1009.2118282701076 -194.05100912570953
-1009.3307485963405 -195.04175061702728
-1008.7941868688167 -195.95656997680663
-1008.6729132319988 -197.77645093917846
-1008.2758533145488 -198.6746912074089
-1008.5804598714412 -199.89433646917342
-1008.1876742328704 -200.93095291376113
-1007.933361658007 -202.76900900125503
-1007.3292464102806 -204.53340137720107
-1006.6195890988411 -206.3424421620369
-1005.0931325043739 -207.71747339487075
-1004.2561013783516 -208.31926126003265
-1003.3445867384971 -209.0502325963974
-1002.5129259313644 -208.66042847156524
-1000.7324228967727 -208.84783484756946
-999.2174796546997 -208.7857019972801
-998.1680291379989 -208.83867073774337
-997.0817379440368 -209.38869381666183
-995.1988689388336 -209.76724351167678
-994.169445821196 -210.3794743490219
-992.3272560323776 -210.95486957550048
-991.000896998793 -210.48954243183135
-989.5559211458267 -210.70105835020541
-988.1042128290237 -210.6444181498885
-986.5548402751983 -210.3095762130618
-985.1398621286453 -210.5643040832877
-984.0278220857681 -210.45080551475286
-982.619874187857 -209.97793027728795
-980.9744159664215 -209.64946371287107
-979.7386179651321 -210.43730646342038
-977.8395236219467 -210.98881262511014
-976.3435338224472 -211.5827221867442
-974.6754508699478 -211.88942462176084
-973.9694075669349 -212.81737083166837
-972.3490457619728 -213.1363957223296
-970.8042925681175 -212.81580826610326
-968.9651726569236 -213.03119637042283
-968.051656433493 -212.95867715746164
-966.7446795190872 -212.90696603775024
-964.9693737711013 -212.66650027751922
-963.2510632957519 -212.2707499039173
-961.6174160923065 -212.14583455741405
-960.1732923473419 -212.04875475883483
-959.0278475965561 -211.8782076460123
-957.5010774816574 -211.82017884373664
-955.8428308452667 -211.9488505643606
-954.4404557432235 -212.41754841029643
-953.671498783976 -212.87141381919383
-951.9257911528648 -213.21420603215694
-950.3037217940391 -213.0197204720974
-949.3712907518448 -212.72660658478736
-947.9760294641555 -213.11730585217475
-946.05844254151 -213.71193764328956
-944.4599441970886 -213.7629288804531
