-1113.13 -155.07
-1111.7400308895112 -156.1562193107605
-1109.9755517292024 -157.06590456485748
-1108.1206971454621 -157.85158742189407
-1106.183517818451 -157.9042651799321
-1104.4515111494065 -157.83471120119094
-1102.651516442299 -158.32992146134376
-1100.7416057634355 -158.33019689068198
-1099.7836862254144 -158.88001725420355
-1098.1510844874383 -158.42990970954298
-1096.2079508948327 -158.79973376139998
-1094.2580407309533 -159.22739354118704
-1092.3545344519616 -159.69014877423643
-1090.4345989871026 -159.88753418967127
-1088.8982171463967 -159.46314482733607
-1087.0692041563989 -159.64573313638567
-1085.8142462420465 -159.8959054236114
-1083.9613929438592 -159.77934483036398
-1082.0391219305993 -159.82669872388243
-1080.5399360108377 -159.79055030986666
-1078.6100627827645 -159.7596389685571
-1076.678037827015 -159.931341368407
-1075.1049925732614 -160.3382091705501
-1073.2108106064798 -160.6769304458797
-1071.2935909676553 -160.42606060549616
-1069.9172402071954 -160.07477666780352
-1068.335888092518 -160.17765160247683
-1067.2455641674997 -159.3691716377437
-1065.6115955758096 -159.1290347610414
-1064.21319324255 -158.9333841536939
-1062.315211122036 -158.80185708746313
-1060.9122462916375 -158.9757611785829
-1059.0942816185952 -158.54269826754927
-1057.3573409962655 -158.09516215667128
-1056.4137472558023 -157.85197432681917
-1054.4907180714608 -158.1919862215221
-1052.5615500855447 -158.7345577661693
-1050.781653110981 -158.9985682849586
-1048.972520773411 -159.41102715179323
-1047.4830333638192 -159.5912784819305
-1045.5638374733926 -159.43112521216273
-1043.8448554921151 -159.13531028077006
-1042.048639957905 -159.24248876020312
-1040.698483412266 -158.95220144435763
-1038.8974153447152 -158.96609547704458
-1037.3729288029672 -158.90790967613458
-1035.8235945153237 -158.57519678741693
-1034.6448934721948 -159.03179864555597
-1032.83712441206 -158.8977416601777
-1030.8761311221124 -159.12093363672494
-1029.0978236842157 -158.9298241880536
-1027.1815210032464 -159.46415014535188
-1026.0025009560586 -159.84023131400346
-1024.0274930644036 -159.41031403809785
-1022.7766472744943 -159.79832909971475
-1021.1905830550195 -160.06901051074266
-1019.5016189265252 -160.0744671818614
-1017.8409335064889 -159.66268646687269
-1016.3523524451257 -160.31175434559583
-1014.7009934830667 -161.4585757252574
-1014.3126203763486 -162.47459208935499
-1013.5988310325147 -164.25159406632184
-1013.029826258421 -165.86790645092725
-1012.4035249698163 -167.1689507958293
-1011.9759926247598 -168.27301776379346
-1011.3639580059053 -169.8383613821864
-1010.9014310586454 -171.72033524483442
-1010.6974579739572 -173.50803661316633
-1010.7396490845085 -175.254533290565
-1010.4380044016243 -176.21070611447095
-1010.0585513684155 -177.94209897488355
-1009.98176230222 -179.75377094715833
-1010.2228972437979 -181.4514397379756
-1009.819184434712 -183.14416849583387
-1009.9983278039099 -184.510130405128
-1009.7075559321047 -185.90438830822706
-1009.976873022616 -186.93029236763715
-1010.0710423040391 -188.78930902451276
-1009.5469167280198 -190.0658309456706
-1009.0620909082891 -191.92915821045636
-1009.0542424964906 -193.288969874084
-1009.0638218942286 -195.0350451466441
-1008.8325177255274 -196.78264534443616
-1008.4109910252691 -197.94582283467054
-1008.7262045863272 -199.3838332888484
-1008.6244288358093 -200.9897867438197
-1009.1904803785683 -201.91593944996595
-1008.7592586550118 -203.81096494168042
-1008.4298422607781 -205.21501541107892
-1007.7099824222923 -206.5948903557658
-1007.2992175492645 -208.30910730332135
-1006.0837455663086 -209.83667695492505
-1005.3481134447456 -211.30781364411115
-1003.4396246942879 -211.70321002572774
-1001.7762093815209 -212.23549225896596
-1000.1782577309014 -212.5464960631728
-998.3651883873345 -212.14711108773946
-996.5154267820717 -212.54773268073797
-995.1991205486656 -212.38927386671304
-993.4338906082512 -212.6064997163415
-991.7544950518013 -213.0133767274022
-990.330632236898 -214.45599545508622
-988.7178161415459 -215.58329309493303
-987.8290820392967 -216.286483540833
-987.19859125942 -216.87261827260255
-985.6716269525887 -217.8939662721753
-984.2641027244927 -218.0351483669877
-982.5475588116051 -218.42186041146516
-980.994878319204 -218.90836261183023
-979.8146038326622 -219.1876690533757
-978.3579299721123 -219.16955113381147
-976.6251586946846 -219.22122363716363
-975.6405117782951 -219.03263372153043
-973.8680236610771 -219.70756578415632
-972.1956694397331 -219.88767895072698
-970.8497866663338 -219.48617795079946
-969.9702321562172 -219.135851919353
-968.2773105177284 -219.8354043957591
-966.578245547712 -220.16858270734548
-964.9997506412865 -219.7710089084506
-963.488528636396 -220.3660481569171
-961.8725608858467 -220.32702260062098
-961.0227718028427 -220.63633756682276
-959.2688643607498 -221.00861816450953
-957.8294465216995 -221.52752428099512
-956.6122436198593 -221.40920853212475
-954.7324313792587 -220.97360375121235
-952.7833406600357 -221.0299817506969
-950.9737999114395 -221.15522113785147
-949.3439037474991 -220.96011770114302
-947.6057036790253 -220.35880953416228
-946.2579191598297 -220.53038709208369
-944.7158368501068 -220.9954772476852
-942.9910978946091 -221.29035939618944
-941.7170939120651 -221.2242896144092
-939.8406641158463 -221.11345298185944
