-1113.13 -155.07
-1111.2555497932435 -154.77022800564765
-1109.3834670829774 -155.38590953469276
-1107.5585984039308 -155.64522028684615
-1105.8494964885713 -156.1865931224823
-1103.9401041316987 -156.38495179235935
-1102.0030635643006 -156.73893337666988
-1100.0286439704896 -156.43930544674396
-1098.6256761598588 -156.92749693214893
-1096.7393643903733 -157.3133871179819
-1094.9171514558793 -157.31205021560191
-1093.7589771795274 -157.4766960811615
-1091.8578805971147 -157.58468190550803
-1090.0739548254014 -157.81665948748588
-1088.3241964626313 -157.91778869152068
-1086.7432798194886 -157.78410627663135
-1085.3274818706514 -157.29525553405284
-1083.9589608955384 -157.51889676570892
-1082.4784838008882 -157.0922423672676
-1080.663806681633 -156.80889657855033
-1079.5284344005586 -156.39401663064956
-1077.9692513990403 -156.15297312259673
-1076.1162389564515 -155.82505205988883
-1074.5303597497941 -156.34027836441993
-1073.286648874283 -156.37010751634836
-1071.4204936075212 -156.79719833999872
-1069.815079574585 -156.8316120800376
-1068.094208841324 -156.6640541550517
-1066.2011178779603 -157.01948666542768
-1064.318188314438 -157.25094132095575
-1062.873123650551 -157.65421585708856
-1060.9537533569337 -157.90205423504113
-1059.2257801342012 -157.9011014547944
-1057.7850920009614 -157.99764807492494
-1056.195313577652 -157.97213236957788
-1054.4421806383134 -157.47514907985925
-1052.7717454481126 -156.9895441380143
-1050.8735179948808 -157.12884066969156
-1049.598108534813 -156.7086936083436
-1047.7390735197068 -156.93643730849027
-1046.246417527199 -157.25836521357297
-1044.4244126129151 -157.58706378906965
-1042.806458001137 -157.406101077497
-1041.0143038082124 -157.66739502519368
-1039.236842517853 -157.68185642331838
-1037.7337319898606 -157.24605020850896
-1035.8281434822084 -156.73505267471074
-1034.2339383411409 -157.25840762227773
-1032.539232378006 -157.38912467628717
-1030.6709626960755 -157.65539537340402
-1028.9039934921266 -157.86078833013772
-1027.2741667079927 -157.54019807249307
-1025.8415154266359 -157.58940793544053
-1024.2225203561784 -158.02908964425325
-1023.167994503975 -158.31289948493242
-1021.5570671606065 -159.1626082804799
-1019.8133460330964 -159.87884308367967
-1019.392193799019 -161.00283361941575
-1018.6730786609651 -162.4228360798955
-1018.412859504223 -163.91792608767747
-1017.4830582785607 -165.69504095584153
-1016.6620952534677 -167.44244076281785
-1016.8640794205667 -169.33158518344163
-1016.159421567917 -171.11217130690812
-1015.6502748775483 -172.35758902102708
-1015.6498893053458 -174.05662800341844
-1015.0168330223487 -175.538512840569
-1014.72293867182 -177.0181704905629
-1014.6451203675197 -178.86516953974962
-1014.7330044434593 -180.70187403231859
-1014.2033409402893 -181.50196738511323
-1014.0205326006935 -183.3071263578534
-1014.0605531112478 -184.63981218606233
-1014.0238283650206 -185.95013625890016
-1013.9065507353471 -187.20538325577974
-1013.2114339173959 -188.98869474202394
-1013.3953689188884 -190.7958572652936
-1012.3933733553813 -191.97089977532625
-1011.4508038611339 -193.65425009995698
-1010.6776305289195 -195.3425449874997
-1010.5064145774768 -197.02407880097627
-1010.4524612278865 -198.7849803712964
-1010.0875455291198 -200.22009201318025
-1009.5451175720618 -201.4905056503415
-1009.0069052727149 -203.24630732804536
-1008.6400080175326 -204.39218457013368
-1008.6088602394984 -206.1274286058545
-1007.1828410477565 -207.43142993718385
-1005.4501157851146 -208.08069534569978
-1004.3302587122844 -208.1854370084405
-1002.854011401646 -208.5450844016671
-1001.7444795222209 -208.64974379509687
-1000.4921442122386 -208.4386499968171
-999.5171902627872 -208.87157796293496
-997.9051036090777 -209.6439034190774
-996.0825555772708 -209.19980196624994
-994.8968003244327 -209.71070842415094
-993.3947618455813 -209.79064937651157
-992.0068392009662 -209.72033934265374
-990.4606166334079 -210.2574862089753
-988.5090001077579 -210.61562715440988
-986.8965998144076 -210.8812989142537
-985.2235763521121 -210.28421528607606
-983.6926520318912 -210.1568306234479
-982.3097770662234 -210.49487094551324
-980.5851624460147 -209.8005804863572
-979.3488219232486 -209.75139953166246
-978.3503458948062 -209.3889224973321
-976.7496197671817 -208.94622059136628
-975.2186708898471 -208.11245925694703
-973.3772178144382 -207.33970935612916
-971.8750033826755 -207.14892061024904
-970.2866915912555 -206.10982747346162
-969.0379313678668 -205.31179268628358
-967.8284187765048 -204.888992651999
-966.7849039287494 -204.38207970529794
-965.2688214034961 -203.31065367132425
-963.738840267174 -202.796947106421
-962.0431887359546 -202.87913902074098
-960.1607901306079 -202.64454184442758
-958.9972240180896 -202.22384171158075
-957.9430343360827 -202.43590816825628
-956.1409129352496 -202.0675013360381
-954.5995251388476 -202.3924795088172
-953.2249343843387 -202.56130218476056
-952.0744981021808 -202.2675065395236
-950.6890231819079 -202.01968608766794
-949.833567008488 -202.24087356001138
-948.2281169743464 -201.8418992307782
-946.4661996216701 -201.6304898110032
