-1113.13 -155.07
-1111.5108162212373 -154.70895845413207
-1109.7418135452272 -154.63679965555667
-1107.9410187053682 -154.89418616116046
-1107.0367236185075 -154.586871586442
-1105.3234304237367 -154.46861238747834
-1104.0386854457856 -154.30819120973348
-1102.3470547246934 -153.75807508796453
-1100.515912179947 -153.77509577542543
-1099.6506591486932 -153.93270938068628
-1098.3051452088357 -153.5217344608903
-1096.5203500437738 -152.9802669134736
-1094.8537109541894 -152.92881783813237
-1093.4076564955712 -153.61299344867467
-1092.012840692997 -154.06372436851262
-1090.2150493311883 -153.931634157598
-1088.7369179177285 -154.5382851061225
-1087.2743681120874 -155.1206727322936
-1086.3341810750962 -154.65639176934957
-1084.55447078228 -154.22751292556524
-1083.2068876075746 -153.78947204321622
-1081.583015446663 -153.63716018170118
-1079.6099250364305 -153.5372348499298
-1077.7989285039903 -153.9481018257141
-1076.5010584640504 -153.44784415483474
-1074.6178177642823 -153.26715778529643
-1073.125891571045 -153.1607417088747
-1071.4332099008561 -153.29716929018497
-1069.506686692238 -153.27629083178937
-1068.0115171718599 -153.0200355925411
-1066.819452290535 -153.4364853479713
-1065.4537165212632 -154.04874700091779
-1064.0058919239045 -154.56149589799344
-1062.3863281059266 -154.85972037695348
-1060.7505204725267 -154.65351864479481
-1059.9885992455484 -155.54784902714192
-1058.3443047451974 -155.4155250468105
-1056.413601820469 -155.6503354885429
-1054.5478434014321 -155.90301447890698
-1053.1934836554528 -155.72467347763478
-1051.3814652609826 -155.8891451933235
-1049.7407813715936 -156.05399420641362
-1047.8863776373864 -156.6793650665134
-1046.9177579927446 -156.6522464581579
-1045.1433398771287 -156.62200940929353
-1043.4877111959458 -157.0745125838369
-1042.095708732605 -157.33685736142098
-1040.5972679901124 -157.20247557543217
-1038.9030057239534 -157.218805340752
-1037.332468276024 -157.0656334438175
-1036.188460712433 -156.81050446413457
-1035.0793906497956 -157.4551677980274
-1034.0433552312852 -157.68047544144093
-1032.7034825134278 -157.2492009677738
-1030.7779130983354 -157.6261067070812
-1029.3616185235978 -157.35189330361783
-1027.771095161438 -157.70342558406293
-1026.2466623830796 -157.36027055762708
-1025.1412440586091 -157.73832818649709
-1024.2037351179124 -158.60578366898
-1022.8911004114152 -159.63691875122487
-1021.2838251638414 -160.03753801964223
-1020.3604865717889 -161.06657573364674
-1018.9265204119683 -161.59011468075215
-1018.1284075427056 -162.77873047970235
-1017.6659227359296 -163.63776919029652
-1017.2989870059491 -164.83862480305135
-1017.016711716652 -166.29867955826222
-1016.8748945641519 -167.83407088898122
-1016.4640430259706 -169.58643290184438
-1016.0495214211942 -170.24717470787465
-1015.9841351854802 -172.03355738304555
-1015.4037460434438 -173.71768924377858
-1015.3817444044353 -175.53543206833302
-1015.0316417413951 -176.71171518944203
-1014.8393026638032 -178.1940335907787
-1014.9436381804944 -180.02701422356068
-1014.3929334032537 -181.46084245823323
-1013.6960620033742 -182.3455661215633
-1013.4790039855243 -183.1642119564861
-1013.650059272647 -184.11228093288838
-1013.1546251672507 -185.32200690887868
-1012.2619128125907 -187.12880000256
-1011.6747217077018 -188.35593482635915
-1011.1544946926833 -189.24884882353246
-1010.495885719657 -190.0878478565067
-1010.5492123748363 -191.426915673241
-1009.968896367699 -192.3161011018604
-1010.3702188517154 -194.14954450510442
-1010.4069602909685 -195.8105109014362
-1010.6604916277529 -197.23164728067815
-1010.5676335963608 -198.7191465177387
-1009.6544083032013 -199.9502334871143
-1009.5619442585112 -201.60151102922856
-1009.6830148223044 -202.91926625154912
-1009.5416562977434 -204.74810936830937
-1009.2485837164522 -205.57478335283696
-1008.5600758019091 -206.3167319574207
-1007.4943019571901 -207.3240117111057
-1007.2102615061403 -208.69998636625706
-1006.0911106291414 -210.38143995188176
-1004.4727887335421 -211.35491379879414
-1003.2454191866518 -211.9710100569576
-1001.8679989996554 -212.70190235756337
-1001.0158033791186 -213.08033361814915
-999.2171690884234 -212.74057310603558
-997.5969733420015 -213.33455443166196
-996.2453697147967 -213.04701223753392
-994.9076674404741 -213.00895125947892
-993.1777319136263 -213.52467186532914
-991.8134226027132 -213.27371011458337
-990.9473346892 -213.77650372467934
-989.2707531872393 -213.36621786437928
-987.8006347838045 -213.59683982811868
-985.9987472715975 -214.05956278525292
-985.2679525437952 -214.1123061531037
-984.1993275704981 -214.2462699317187
-983.0652911487223 -214.190900509879
-981.463027817309 -213.58815497688948
-979.6515861573816 -214.16296583943068
-978.7150198045374 -214.07817959569394
-976.9685771289469 -214.41828825853764
-975.3658830943705 -215.10462000750005
-973.777707797587 -214.5548700966686
-971.8556656661631 -214.3613131918758
-971.0230098786951 -214.17416603647172
-969.9208798232676 -214.4045574196428
-968.5089279237391 -214.27768286846577
-967.0508551421763 -214.30578061535954
-966.2062439742685 -213.81357839301228
-964.8408869329096 -213.7173438553512
-963.3264134946467 -214.15484015986323
-961.9640102210642 -214.20806698471307
-960.1226527515055 -214.70673482090234
-958.6456597867609 -214.1225107756257
-957.0080570998789 -214.3320577290654
-956.0325635495783 -214.3339192417264
-954.6505583348871 -214.06332395941018
-953.5662563863398 -214.72258745104074
-952.480673057139 -214.601154461205
-951.4158807817103 -214.25594125658273
-949.8110164228083 -213.8109001365304
-948.7546673837305 -214.4952192750573
-947.8774059835077 -213.87089084059
-946.2026263299585 -214.05975915461778
-944.6362199607493 -214.09899554371833
