-1113.13 -155.07
-1111.4540798711778 -154.76051906466483
-1109.7731742906572 -154.18496004462241
-1108.6720886278154 -153.81186182022094
-1107.4106370258332 -153.5755273026228
-1105.6149231243135 -153.38702752411365
-1104.3968870687486 -152.82794740021228
-1102.6202830123902 -152.95206808269023
-1101.1300656843187 -152.80627519607543
-1099.3432749557496 -152.65176961541175
-1098.6095536398889 -152.20702619075774
-1096.6755233454705 -151.94305417656898
-1095.1977637457849 -151.8502514284849
-1093.6600092101098 -151.7074598890543
-1091.9867293286325 -151.7000076469779
-1090.5439028191568 -152.40401294797658
-1088.8703215765954 -152.71790108054876
-1086.967342441082 -152.9168016758561
-1085.3210530924798 -152.51343359023332
-1084.2610623288156 -152.71708779007196
-1082.3936414170266 -152.23579297930002
-1080.6953623938562 -152.53944329887628
-1078.8590237545968 -152.7853645530343
-1077.8756572651864 -152.97584591776132
-1076.42747992754 -152.67896153002977
-1075.1306427168847 -152.68491609737276
-1073.9504614520074 -152.18108226701617
-1072.0214808630944 -151.91163076803088
-1070.2106216597558 -152.43311180517077
-1068.6839677739144 -152.7782598619163
-1067.4672752070428 -152.67446285828947
-1065.6517069983483 -152.81607355520129
-1063.809427444935 -152.56128298088908
-1061.8856844353677 -152.51353188946842
-1060.1688538241388 -152.89812662795185
-1058.2396977591516 -152.30000176623463
-1056.927470867634 -152.723684604913
-1055.4953640151025 -152.40914555981755
-1053.5496936488153 -151.95202269747853
-1051.7333278107644 -152.41986992552876
-1049.8716525483133 -152.20979882374405
-1048.1369432854653 -151.9153755415976
-1046.9034147906304 -151.99267474159598
-1045.1648584055902 -152.31971836432814
-1043.822081153393 -151.97563675388693
-1042.5801560330392 -151.8154228065908
-1040.7498864579202 -151.8738724772632
-1039.0397557663919 -151.80724767938256
-1037.1103398251535 -151.3022067953646
-1035.273374502659 -151.44580672279
-1033.3387534070016 -151.8880717267096
-1032.0090042996408 -151.62082330480217
-1030.653732841015 -151.7976898957789
-1029.0781894373895 -152.45409838452935
-1027.162711684704 -152.25048912659287
-1026.156910364628 -152.2651246149838
-1024.2410733151437 -152.26193381816148
-1022.4116899418832 -151.97270111709832
-1020.981498425007 -152.20215462118387
-1019.9179725098611 -152.1620323356986
-1018.7016109871865 -152.71507671445607
-1017.4779394316674 -152.84461736649274
-1016.3143525767327 -153.2265409824252
-1014.7748001265527 -154.5789672729373
-1013.683438127041 -156.25808042258024
-1013.4922363954784 -157.3761046525836
-1013.6719677495958 -158.5204418298602
-1013.756374512911 -160.29706257551908
-1012.8660582649709 -161.92941373556852
-1012.9754131633044 -163.68690794676542
-1012.887561556995 -164.9035302993655
-1012.5017994615437 -166.70016604632139
-1011.8454331728817 -167.97437828749418
-1011.8832275393606 -169.9171054956317
-1011.3320670250059 -170.86808299988508
-1011.0195825818182 -172.5169605013728
-1010.9800008881093 -173.71751093834638
-1010.9444104629756 -175.00530731648206
-1010.5181005495788 -176.01174211472272
-1011.070054640174 -177.07863640755414
-1010.5576161044837 -178.52100813359021
-1010.9461650151015 -179.92323660820722
-1011.2721351879836 -181.6878179308772
-1011.1468345719577 -183.66352307766675
-1010.7752909260989 -185.5645531412959
-1010.358955641389 -186.71471846073865
-1009.9516623514892 -187.8166409727931
-1010.0564699816705 -189.32706057995557
-1010.5099723386766 -190.09873676270246
-1010.3082194674016 -191.7426629063487
-1010.4915069687368 -192.92684805363416
-1009.9687766182424 -194.63622927635907
-1010.3090323257447 -195.89251685112714
-1009.7916021394731 -197.36780977219343
-1009.0108507919313 -198.11677110165357
-1008.6008475470544 -199.07567691773176
-1008.4864380928875 -200.16039574116468
-1007.9049129459263 -201.5281716582179
-1007.5977781090141 -202.94579040974378
-1007.3369136723877 -204.53227269619703
-1006.5965591940285 -206.20596706837415
-1006.2375743660332 -206.97155731886625
-1005.5330612930657 -207.49301749438047
-1003.7450249466301 -207.7550550994277
-1002.1910786899925 -208.70105066865682
-1000.9019547972084 -209.3094117936492
-999.9687927636505 -210.07177451223134
-998.3421721133591 -210.35459747880697
-996.6146466407181 -210.98687359660863
-995.7167480859162 -210.58135461777448
-993.9759221944214 -210.26739424437284
-992.2161889943482 -210.67043286532163
-991.092869487703 -211.13017696112394
-989.1947073611618 -211.13477401405572
-987.312706795633 -211.24209896445274
-985.5905247601868 -211.01030913710593
-983.8182650479675 -211.40411180973052
-982.7065872821213 -210.84108240127563
-981.7356624278427 -210.38090182065963
-980.0410101088883 -210.21938899874687
-979.1431427869202 -209.4353036057949
-977.636331883371 -208.53420654654502
-976.8689363273979 -208.31921377003192
-976.0637895736099 -208.5881259959936
-974.458716479242 -208.35341268002986
-973.5677724751831 -207.73052071750163
-972.3689590367676 -207.3611624163389
-971.3033432635666 -207.86579965770244
-969.927992669046 -207.89235442474484
-968.300334301889 -208.44693851068615
-966.5849443349243 -207.95172667101025
-965.4261144074799 -208.19755240872502
-964.0063835057617 -207.83082821562886
-963.009264496267 -208.19187661603092
-961.8441798958183 -207.69401162460446
-960.643180397451 -207.46848742261528
-959.0706386837364 -206.6707017828524
-957.694161323011 -206.48299882903694
-956.1161151203514 -206.15802694454788
-954.7318427833916 -205.71936000481247
-953.2190646204353 -205.62060210451483
-951.810616401136 -205.47061369165777
-950.5679908069969 -205.24772467061877
-949.0162630352379 -205.9085902158916
-947.6629050049187 -206.62003107711672
-946.5687668594719 -206.15623398467898
