-1113.13 -155.07
-1111.9065792608262 -154.77772206783294
-1110.7436679649354 -154.74963042110204
-1109.1417267370225 -154.34236636728048
-1107.257214550972 -154.33600141078233
-1105.6323812055589 -154.66804145246743
-1104.2997067022325 -154.59316767722368
-1103.1101528453828 -155.12888337641954
-1102.2002562332154 -154.77558182150125
-1100.6361969757081 -154.468805744946
-1099.2299746322633 -154.50312805145978
-1098.1649302291871 -154.2133021351695
-1097.3075754094125 -153.9924886521697
-1095.7075744318963 -153.93641902476548
-1094.2547077584268 -153.88912054866552
-1093.3877831149102 -153.6616163548827
-1091.881110494137 -153.69645254284143
-1090.7993281531335 -153.98339848190545
-1089.291566078663 -153.75812792748212
-1088.5764927315713 -153.5023646351695
-1086.7857636857034 -153.8913469311595
-1085.3562776494027 -153.65808273822068
-1084.522935216427 -154.18162430793046
-1083.7062551426889 -154.3000282344222
-1081.881515209675 -153.9087997969985
-1081.049512808323 -153.63022074073552
-1080.076851015091 -153.66752812236547
-1078.5108655738832 -154.03298556774854
-1077.2020347166062 -154.19677354365587
-1075.4100043821336 -154.12038369446992
-1074.4179705429078 -154.1395964321494
-1072.8178479719163 -154.83629360765218
-1071.7248436260224 -154.45109331578016
-1070.9036946344377 -154.8108947572112
-1069.3458037424089 -155.31392595142125
-1068.2501468706132 -155.55416093736886
-1067.50735080719 -155.2635243681073
-1066.4192055511476 -154.7359070327878
-1065.4315586137773 -154.54332505136728
-1063.9711469459535 -154.4146601703763
-1062.7119295644761 -154.77447386056184
-1061.53793132782 -154.45540563732385
-1060.537545566559 -155.1277374473214
-1059.4023565101625 -154.7440522161126
-1057.878707652092 -155.1113009598851
-1056.7410310554505 -155.40090827614068
-1055.4874252128602 -154.89240173965692
-1054.328326945305 -154.54320196777581
-1053.1448433446885 -154.6786582019925
-1051.8044363307954 -155.19966097146272
-1050.7855287837983 -154.6391107586026
-1049.6887670803071 -154.27868793874978
-1048.9784290838243 -154.66662256389856
-1047.736429576874 -154.53594033390283
-1046.2070455598832 -154.56428248405456
-1044.2995855855943 -155.1670528125763
-1042.6551371860505 -155.66418666362762
-1041.547479157448 -155.39817175984382
-1040.8717050004007 -155.709843583107
-1039.8290107893945 -155.23819339990615
-1038.6994125294686 -154.89599529623985
-1037.1752923178674 -155.57981613993644
-1036.3775913763047 -155.67242230445146
-1035.0269289064408 -155.72477968007325
-1034.1026104140283 -155.73609516739845
-1033.0041794228555 -155.11386201500892
-1031.8092027354242 -154.6036903631687
-1031.0020700740815 -154.74074373364448
-1030.3370095539094 -155.40003440499305
-1028.9448031234742 -155.60649112582206
-1027.9036498117448 -155.61690480884164
-1026.5866726684571 -156.01792792852967
-1025.4568659114839 -155.40149293716996
-1024.1405415582658 -154.840547545515
-1022.9279179620744 -155.18657450255006
-1021.4926031875611 -155.11495448525994
-1020.6755383062364 -155.38592959817498
-1019.6013895320893 -155.87544681008904
-1018.1981740045549 -156.61491031821816
-1016.5610376644136 -157.04241253312676
-1015.6089384007455 -158.22626449044793
-1014.7743560123445 -159.07570190604775
-1014.5254691141845 -160.91644568618386
-1013.4817388552428 -162.07470638927072
-1013.5365853506328 -163.74984951194375
-1012.8103938895465 -164.70403177913278
-1012.2697166997195 -165.44242186721414
-1011.6110621887447 -166.38930727418511
-1011.2435182231666 -167.57869161542504
-1011.4293177622558 -168.75032843526452
-1011.2401928949357 -169.6092754143104
-1011.6388081359864 -171.41839797671884
-1011.6013760465385 -172.52374239142983
-1011.5239552381636 -173.76227410014718
-1011.0397010865809 -174.8565828340873
-1011.537754816115 -176.4007918375358
-1011.2136718454958 -177.39402587588876
-1011.6108379188181 -179.0914735334739
-1011.6562180380524 -180.48655266936868
-1011.091952071637 -181.5644514101371
-1010.8099256615342 -182.3937812584266
-1010.973095611781 -183.5445311802253
-1011.1210750202836 -184.39603192981332
-1010.8335819403828 -185.74823601420968
-1010.6678651283682 -187.0395535963401
-1010.1985433410109 -188.64563365157693
-1010.1797170723976 -189.82911796744912
-1009.5065481151642 -191.10798461612313
-1008.9607313956321 -192.55424494918435
-1009.1637291397155 -193.55174977954476
-1009.5151437009872 -194.5292086141929
-1009.8171641017498 -196.01929946120828
-1009.5684854473175 -197.92104096587747
-1009.4711810435356 -199.71453817065805
-1009.416774262786 -200.98117537673562
-1009.0369583564998 -202.40735228236764
-1009.1112688976527 -203.28353144105523
-1008.3063339191676 -204.9080470937118
-1007.9427361088992 -206.57395495351403
-1006.6895707446338 -207.33333738025277
-1005.7815442878009 -207.55383716400712
-1004.4764403897525 -208.15841977175324
-1003.1761763888599 -208.69212703283875
-1001.883919556737 -208.9344295250997
-1000.7113757926227 -208.91554653521627
-999.4151354628802 -209.68630403157323
-997.7179272967578 -210.21391898270696
-996.7387942868472 -210.3507109421119
-995.7740947800876 -210.63381706055253
-994.7153331834079 -211.2170557814464
-993.1995632249118 -210.95553295191377
-992.1872862178088 -211.14081072684377
-990.7717295485736 -210.9495209294185
-989.6623972254993 -211.3663527208194
-988.9800543385745 -211.99523310240357
-987.6426018077136 -212.51507077988236
-986.8640811043979 -213.19208387907594
-985.3415174084903 -213.61615048225968
-983.9072262841464 -213.65945384528487
-982.1241365271808 -213.91290665294974
-981.0763870078326 -214.19360396888106
-980.015372593999 -214.47975391771644
-978.4210651713611 -214.02214399602263
-977.339357097745 -213.75270671274512
-976.057020981908 -214.24170885112136
-975.2200479108096 -214.31549028184264
-973.9748898345233 -214.05795679118484
-973.2007919150592 -213.33883384492248
-971.33924384892 -213.3619400120154
-969.6286267834903 -213.434595615305
-968.2385047274829 -213.37282595474272
-966.8066292601825 -213.7814009829238
-966.0936399894954 -213.96156575221568
-965.0259278017284 -213.80971563298255
-964.1191866594554 -214.1872049017623
-962.5106861788036 -214.72811633784323
-961.5591842728854 -214.47044480282813
-959.9761339026691 -214.2639198197797
-958.7768433886768 -214.9005652560666
-957.5027334290744 -215.31213479179888
-956.1539060670138 -215.25754676450043
-954.9399864274264 -215.19496743071824
-953.4676929312946 -215.6131820200756
-952.160826881528 -215.55594988603144
-950.335360248685 -216.1111821724847
-948.3854355412723 -216.53632490772753
-947.6105621653796 -216.79808788437396
-946.4963210421802 -216.82128036458045
-945.342288811803 -216.79151063103228
-944.1706735688449 -216.65451120276003
-943.0889176923038 -216.53093194652348
