-1077.35 -151.31
-1076.9294284939765 -152.84912222385407
-1075.5727719426154 -153.96033745765686
-1074.2348519921302 -154.52094101667404
-1073.0318827986716 -154.22158214211464
-1071.3173289656638 -154.05089860916138
-1070.0331129193305 -153.8030433034897
-1068.4352484107017 -154.56901305675507
-1067.0557196497916 -155.13030701637268
-1065.3774028182029 -155.3467671251297
-1063.986666715145 -156.01222687721253
-1062.5453113675117 -156.0792518979311
-1060.7214298605918 -155.82352278888226
-1059.7357585191726 -156.3490037149191
-1058.089803314209 -156.45895859360695
-1056.9660885095595 -156.7503824210167
-1055.5885103702544 -157.03944164276123
-1054.7548234224319 -157.7270447587967
-1053.3575554847716 -158.20650002121926
-1051.7071670055388 -158.45675089716912
-1049.7254227161407 -159.0331471836567
-1048.528348660469 -158.5702118551731
-1046.8052847146987 -158.70444090425968
-1045.8265914082526 -158.30208323657513
-1043.9082957863807 -158.61297841131687
-1042.3885978817939 -158.62121188402176
-1040.5715331196784 -158.19394418358803
-1039.0606969952582 -158.52582809090615
-1037.6811205506324 -159.0335401570797
-1036.1268884301185 -158.91628350824118
-1034.3705791592597 -158.8951917155087
-1032.9766584992408 -159.33469019964338
-1031.2882892251014 -159.76217551663518
-1029.4219390511512 -159.60776947572828
-1027.922144448757 -159.4896803213656
-1026.0788655638694 -159.34756921365857
-1024.3147948145865 -159.4210200472176
-1023.1513524413108 -159.56451584532857
-1021.333025252819 -160.07059754565358
-1019.9607043623923 -160.908016936332
-1018.9037794232368 -162.28509272769094
-1018.3179408073424 -163.9713324470818
-1017.6608310699462 -165.85256351664663
-1017.4371085226535 -166.7540592713654
-1016.6136643350123 -168.29801686242223
-1016.556058487296 -169.51317651703954
-1016.560865035653 -170.30010695889592
-1015.9833050876855 -171.504917101413
-1015.4967128247022 -172.5432279868424
-1015.7686439365148 -174.05112524464727
-1016.3375933378934 -175.39114017918706
-1015.8476964145898 -176.71772261098027
-1015.6639322847127 -177.72330708935857
-1015.4765184283256 -179.05341978505254
-1015.2437295675277 -180.29111583665014
-1015.1287659317254 -181.24571873381734
-1014.6268004089593 -182.7100529833138
-1014.4501404821872 -184.34296037390828
-1014.4332404494285 -186.15681757166982
-1014.4855751380323 -187.80985881522298
-1014.4901435062288 -189.73092867568135
-1014.0970889911055 -190.9765679998696
-1014.0315517321228 -192.73895599082113
-1013.9567466810345 -194.53944803908468
-1014.4859714344143 -196.4191479845345
-1015.0825653508305 -198.0903043909371
-1015.0370770752429 -198.9743644757569
-1015.3456592917441 -200.66749055817724
-1015.0755722582339 -202.3870623870194
-1014.9597625344991 -203.59705431893468
-1015.5143649190663 -205.46489365532994
-1016.5187174886464 -206.70124574139714
-1017.5601702541112 -207.56778134539724
-1017.9956332057714 -208.95903398230672
-1018.6942633002996 -209.28780661657453
-1020.2194851249455 -210.1913601024449
-1021.8637687772512 -210.8138165934384
-1022.5629146903752 -210.55461017921567
-1023.2512406915425 -210.4833964048326
-1024.1963603705167 -210.4128855331242
-1025.1331711024045 -211.17216746643186
-1026.4207316845655 -211.59290428593755
-1027.2385162323712 -212.0661287470162
-1028.8505634278058 -212.31119020417333
-1030.2851318329572 -212.07937932148576
-1031.7008633822202 -213.01043343678117
-1032.317266306281 -213.9493579877913
-1033.3587879747151 -213.9917261017859
-1034.8463945001363 -214.9772169007361
-1035.2019040197133 -215.72075885668397
-1035.6883844345807 -216.711296261698
-1036.2024508923291 -218.08114069834352
-1036.7754384487866 -218.9369563473761
-1037.2341642588376 -219.75081652536988
-1038.2236754506825 -220.19080549612642
-1039.4312909454106 -220.90997868910432
-1040.1092652887105 -222.22751373186708
-1040.6704551786183 -223.5876347436011
-1041.5120935648679 -224.32447224989534
-1041.5122283011674 -225.95296210184694
-1041.8412823289632 -227.5209886445105
-1042.5695074409246 -229.31193322077394
-1042.8688483446836 -231.10523301497102
-1042.8015326693653 -232.0504367364943
-1042.5194485023617 -233.4319120658934
-1043.090839369595 -234.49158382549882
-1043.3246391549706 -236.0936806215346
-1042.9877913430332 -237.12045419350267
-1042.642138941586 -238.78508591786027
-1042.704672089219 -240.5636100782454
-1042.420745512843 -241.98762917652726
-1042.3569483369588 -242.94437742367387
-1042.2483590453862 -244.18293035164476
-1042.0672646969556 -245.9482489837706
-1042.7417898386716 -247.63959920540452
-1042.5429759830236 -249.08222448959947
-1042.698378688097 -250.14636099472642
-1042.4047623336314 -251.9019627584517
-1042.305357670784 -252.91295409336686
-1042.6647829174995 -254.29688263073564
-1042.8029933035373 -255.1822516335547
-1042.7744158416986 -256.4466341151297
-1043.404765060544 -257.447938503176
-1043.9869784623384 -259.14875251188874
-1044.0236700944602 -260.70667070284486
-1043.7612528972327 -261.78294521704316
-1044.0392139725386 -262.4649543775618
-1043.9043089620768 -263.84868931904435
-1044.151341664046 -264.7811703695357
-1044.932064103335 -265.90613448753953
-1045.2774972788989 -267.59957468643785
-1044.8509182207285 -269.44657480850816
-1045.1017910711466 -270.3644073022902
-1044.7075766198336 -271.7156364931166
-1044.5433477185666 -273.185286642462
-1044.3092841379344 -274.92217695847154
-1044.5446490369736 -276.04892218247056
-1044.5345679245888 -277.63203752174974
-1044.8715403102337 -278.94851768150926
-1044.9643652461468 -280.4977660192549
-1045.0785553775727 -281.44345796242357
-1045.3695045433938 -282.6459903730452
-1045.329036271572 -283.55556655064225
-1044.850384390354 -285.11145091190934
-1044.7051014363765 -286.1189686073363
-1044.8782254219054 -287.9063515676558
-1044.6301013588904 -289.653200866133
-1044.7115080863236 -291.3793456567824
-1044.1917940884828 -292.7591668380797
-1043.5991538673638 -294.0224566473067
-1043.6957234203815 -295.44217252865434
-1043.0393435418605 -297.0453817857802
-1042.829287073016 -297.9739092601836
-1042.1982680171727 -298.6821097148955
-1041.6335021466016 -299.5128462328017
-1041.8308567166328 -301.0517416013777
-1041.323027050495 -302.46418142452836
-1040.4678367137908 -303.1386137022078
-1040.3643432319163 -303.9546183361113
-1039.108338421583 -304.9738168729842
-1038.0518606364726 -306.25841999188066
-1037.5609677195548 -307.6151238693297
-1037.3545910477637 -308.4619581116736
-1036.7901312470435 -309.92874163523317
-1035.236006772518 -310.78156370058656
-1034.082341825962 -311.98749059572816
-1032.7917406916617 -312.23090571299196
-1031.2202165484427 -313.35269218817353
-1030.2055724024772 -314.5592551840842
-1028.783886706829 -315.63575118914247
-1027.7558256745338 -315.7845803512633
-1026.6599914193152 -316.4233115924895
-1025.508850610256 -316.782484562546
-1025.1765481591224 -317.2179100228846
-1024.1461029410361 -318.4647512151301
-1023.6455458760261 -319.51889941230417
-1022.8649043202399 -319.93211168184877
-1022.1678409337997 -320.48064303532243
-1021.469364619255 -321.2935523404181
-1020.4315198421477 -321.75275042787194
-1019.9866467177867 -322.749955804497
-1018.7138645112514 -322.96643111243844
-1017.3703579366206 -323.96232822671533
-1016.4772737681865 -324.39087703958154
-1015.4844393789767 -325.92245069280267
-1014.5233279526233 -326.92156782880426
