-1077.35 -151.31
-1075.6085990428924 -152.04561334609986
-1074.017466878891 -152.5483133172989
-1072.1139418840407 -152.67664220690727
-1070.2873096227645 -153.01967957377434
-1069.0217550754546 -153.12127317249775
-1067.536067342758 -153.22850920021534
-1065.6893301963805 -153.4320058053732
-1064.1909982919692 -153.5832213884592
-1062.5857646226882 -154.243080509305
-1060.8624297142028 -153.96916521847248
-1059.3361341714858 -154.15338937699795
-1057.4654512166976 -154.48648382484913
-1056.2828006505965 -154.53911782935262
-1054.54467484951 -154.62049517169595
-1053.3859189510345 -154.8532352013886
-1051.6212154388427 -154.34699262812734
-1049.7220314502715 -154.79110320046544
-1048.2317442655562 -154.68377063557506
-1046.8879335880279 -155.19199548050761
-1045.6075496435164 -154.98549930140376
-1043.9066781759261 -155.31518683716655
-1042.4205363750457 -155.2455817846954
-1040.6821129083633 -154.75053099676967
-1039.264771080017 -154.9442280767858
-1037.368929362297 -154.78008204087615
-1035.8294081449508 -155.1241728900373
-1033.9739753961562 -155.64319213613868
-1032.3190361022948 -155.55150280281902
-1030.4034331798553 -155.06450192019344
-1029.176030731201 -155.33687559649348
-1027.8071938514709 -155.2943742698431
-1026.5233897924422 -155.65452532231808
-1024.6100054740905 -154.87975112855435
-1023.6997530221938 -154.89228028565645
-1022.0861625432967 -155.74267715722323
-1020.9561733961104 -156.0122531107068
-1019.2405769586562 -156.82757676154375
-1017.7650017499923 -157.6034015467763
-1017.0157629013061 -159.22350788623095
-1016.4642271161078 -161.07077765971422
-1016.011396741867 -162.82707477122545
-1015.4475033640861 -164.4255255511403
-1015.4597750663756 -165.91407359153033
-1014.8291312813758 -167.68164480239153
-1014.6649815946816 -169.02945721656084
-1015.1169018656014 -170.89228165656328
-1014.9866678625344 -172.36566174536944
-1015.0562312811612 -174.2062495997548
-1014.4605208247899 -175.63453805953264
-1013.958648225665 -176.96510291606188
-1013.7547396034001 -178.05930257350207
-1014.451471826434 -179.07592821627856
-1014.1620793551206 -180.75540805369616
-1013.7499762982129 -182.4750702431798
-1013.851538902521 -184.13376677542925
-1013.5122555553912 -184.97327077895403
-1014.0347687661647 -185.79626822978258
-1014.0268330186605 -186.8549381545186
-1013.9078228086232 -188.63799107581377
-1013.5799736589192 -189.79909909278155
-1013.93834092319 -191.0399044802785
-1013.5534934312104 -192.3042904189229
-1013.6467969477176 -194.07463896781206
-1013.5363053143024 -195.52783346682787
-1013.4432790040969 -197.15191674739123
-1013.2242539882659 -198.7988019040227
-1013.0891094863414 -199.89414358645678
-1013.6889707505702 -200.50701183587313
-1013.6773522555827 -201.55177158623934
-1013.7486752629279 -203.37107438355685
-1014.5263927340507 -204.43964213639498
-1014.1948341488837 -205.92221385747195
-1014.0999746233224 -207.6070140054822
-1013.6596614331006 -209.47960478574038
-1013.6318352133035 -211.18855065613985
-1014.119279167056 -212.3100214651227
-1013.5476587623357 -213.46317333489657
-1012.670214614272 -214.53713912278414
-1011.7486375182866 -215.99637181073427
-1010.3073958963155 -216.94672048598528
-1008.8489632219075 -217.7040678909421
-1007.2388615220784 -218.60158944636584
-1006.0462690204381 -219.23694122344256
-1004.2808025687932 -219.07567370444536
-1002.5205801337956 -219.4872161796689
-1001.2499714702367 -219.93054903060198
-999.3444969266652 -220.29721904307604
-998.3606485933065 -220.0017008832097
-996.4859379142522 -219.99155143409968
-995.3480076402425 -220.67622140556574
-993.782270631194 -221.0663072219491
-992.2394146531819 -221.56094259530306
-991.1362262576818 -221.4216352453828
-989.8163159698247 -221.6842911890149
-987.9551845401525 -222.53181106358767
-986.3293128818273 -222.5480978241563
-984.879045805335 -222.46229815989733
-983.4107889741658 -222.3146650096774
-982.3075238078832 -223.27200179308653
-980.688644966483 -223.4551247110963
-979.6672315210103 -223.75285932928324
-978.1984425395726 -224.0031357756257
-976.3925013154744 -223.8449966660142
-974.8385616153478 -224.70096317440272
-973.4983998149632 -225.90382054954767
-973.0530120939015 -226.55948821216822
-971.7094262450933 -227.5864020934701
-970.8619724124669 -229.1419006934762
-970.1386892408132 -230.7338915219903
-969.4176472634076 -232.48282877117396
-968.8167820185422 -234.33856192737818
-968.7522266492247 -235.12229070574045
-968.3013089880346 -236.9465466490388
-967.7198083385824 -238.21584567934275
-967.1971184000372 -240.05280194193125
-967.6060121640562 -241.23401842027903
-967.2232353076338 -242.6904338350892
-966.9544382080435 -244.37053236871958
-966.8934030368923 -245.71358928591013
-966.6958391204475 -247.12445149332285
-966.8130963280796 -248.1313917389512
-967.1104866102337 -249.65968749433756
-967.6097405984997 -250.6836870661378
-967.7107360720634 -252.26127991586924
-968.1406547486781 -253.69478545099497
-967.6522587001323 -254.7247037640214
-967.7232969611882 -256.14116380125284
-967.2531492322682 -257.6902260532975
-967.3553146257996 -259.6067210188508
-966.9254052177071 -260.7696496000886
-966.974366544187 -261.98335764318705
-966.7405987218021 -263.59097025305033
-966.4890551105141 -265.37765846163035
-967.0563179388641 -266.70783922582865
-967.2176382973789 -267.7769462814927
-966.9374957814812 -269.4450199356675
-967.6065217390656 -270.78382620722056
-968.0567065313458 -272.22989306360483
-968.5099196866154 -273.74088618665934
-968.1328996255993 -274.39276871591807
-968.0522082507609 -276.1393012753129
-968.4725014925002 -277.6027397862077
-968.1525686144828 -278.39872858434916
-967.9846962451934 -279.63893554121256
-968.6546451807021 -280.6721733561158
-968.135911142826 -281.5904658189416
-968.158223940432 -282.50544146209955
-968.3764071300625 -284.0773724666238
-968.5638087823986 -285.2804677835107
-968.3267864868044 -286.1755315414071
-968.032073496282 -287.8993661752343
-968.0604050293564 -288.9654689183831
-968.5663124457001 -290.7687259069085
-968.824832125008 -292.1280347457528
-969.1479637160896 -293.5388446202874
-968.7299680247902 -295.31589022785425
-968.0852592125534 -297.2631003013253
-967.9330290690064 -298.6337643018365
-968.4822956457733 -300.03103414684534
-968.341633825004 -301.8146132579446
-968.587428896129 -303.2816070666909
-968.0017028734087 -304.2215459099412
-968.1129120424389 -305.07884017139673
-967.7757889166473 -306.10086969047785
-967.7618307679891 -307.5187410464883
-967.9664741665124 -309.3681176057458
-968.121357551217 -310.60004821926356
-967.6906087905168 -311.3804423561692
-968.024453511834 -312.84633312135935
-967.8013310790061 -314.1577558270097
-968.2185804605483 -315.3623569956422
