-1077.35 -151.31
-1075.4127617835998 -151.46928864479065
-1074.2619275808333 -151.94243782520294
-1072.6060799121856 -152.36226129293442
-1070.9066817522048 -152.4885408705473
-1069.0362815618514 -152.25989992678166
-1067.1430480241775 -152.46741048753262
-1065.264126396179 -152.45256959408522
-1063.3999093532561 -152.3526929667592
-1061.5930415153503 -152.12005830317736
-1060.179293489456 -152.34753793984652
-1058.477418398857 -151.98791808396578
-1056.5294785261153 -152.59703642636538
-1054.6438896417617 -152.79306597024203
-1052.74815056324 -152.47102338582278
-1051.698193526268 -152.80922556430102
-1050.0674557447433 -152.94497730344534
-1048.374804353714 -153.1494122645259
-1046.4698657751082 -153.44109045475722
-1044.88813290596 -153.2569320103526
-1043.042617893219 -153.30560327082873
-1041.2359057426452 -153.19505537807942
-1039.5754987955092 -152.74282453715801
-1037.7463338136672 -153.139514965415
-1036.4581874370574 -152.9315450912714
-1034.6124473571776 -152.46988574922085
-1032.8759692668914 -152.81643484294415
-1030.969317650795 -152.66772143304348
-1029.2256282329558 -152.55607494473458
-1027.2565282344817 -153.0332861816883
-1025.596594429016 -152.81206737220288
-1024.0080991744994 -152.92834268271923
-1022.4998193740844 -153.33618135511875
-1020.6814539194106 -153.44843980431557
-1018.8487235069274 -153.40441221505404
-1017.0514834880828 -154.16127306729555
-1015.4853685855865 -154.66491836816073
-1014.66596660614 -155.3822113326192
-1014.0580056667327 -156.58901858836413
-1013.2142827272414 -157.5406118682027
-1013.0599711000918 -158.86735559016466
-1012.6082195699214 -160.1945413401723
-1011.9923982679843 -161.75637984782458
-1011.7889213323592 -162.4982556155324
-1011.9892052173614 -163.8734037926793
-1011.5185030460357 -165.1462152054906
-1011.0451220631599 -166.20880699664355
-1011.3796704769134 -167.5502289584279
-1010.9756220936774 -169.27531719714403
-1010.9725812286138 -170.8694371035695
-1010.8481626719235 -171.9165985634923
-1010.4797433525323 -173.2429964593053
-1010.7034634262322 -174.2845412543416
-1010.6764522701501 -175.60840607196093
-1010.3663584798574 -177.1514585068822
-1010.6579160302877 -178.29791808634997
-1010.287995687127 -179.32955813914538
-1010.6766226500272 -181.24335480242968
-1010.7401926726102 -182.69972348719836
-1010.8179918140172 -184.53269863635302
-1011.2952396482228 -186.2974350503087
-1010.8238710969686 -187.96583354979754
-1010.7674147695302 -189.14952147513628
-1010.7450144797563 -191.06043482333422
-1010.5106267094611 -192.69011164218188
-1010.1640656054019 -194.0218014767766
-1010.020115739107 -194.61598575621844
-1010.4999369144439 -196.24025762587786
-1011.1810129046439 -197.5457718423009
-1011.2343333572148 -198.6389811089635
-1011.2763840615748 -200.36498129874468
-1010.8353319227695 -201.3553478768468
-1010.5011655151843 -202.48750162631273
-1010.1839102566241 -203.57172179728747
-1009.8880917489528 -205.32352877169848
-1010.0711827635764 -206.54328454047442
-1009.9956445753573 -207.9632213166356
-1010.0270831793546 -209.70263481646776
-1010.1772056281566 -211.4175148060918
-1009.5293485581874 -212.6385247758031
-1008.589956408739 -214.37060869246721
-1007.6945062339305 -214.7491982331872
-1006.0554583728313 -215.8356161466241
-1005.2182820498942 -216.8195934048295
-1004.5363710582255 -217.82309195905924
-1003.2056056916713 -218.9579492560029
-1002.0440250098704 -220.11126480013132
-1000.3448918521403 -220.7453317990899
-998.5223322570323 -220.82094356179238
-996.723667448759 -221.1854758834839
-994.8807010114192 -221.05694068729878
-993.2713572442531 -221.19503578305245
-991.6510087907313 -221.46897977352143
-990.8663801610469 -221.25365626573563
-989.0991846978663 -221.64164754509926
-987.3379222810267 -221.9455608701706
-986.1590758025645 -222.6430615758896
-984.5604532420634 -222.60518999904394
-982.9146215379237 -223.02332996338606
-981.2492098271846 -222.7138025662303
-980.0244424998759 -222.60779134690762
-978.2876012980937 -223.21241460502148
-976.7235234439372 -223.84418545424938
-975.0292419850825 -224.77836023032665
-973.2363669335841 -225.24456946313381
-971.6978491008281 -225.7050850814581
-970.4510833680629 -226.49519042432308
-969.5686843454837 -227.64509109914303
-969.4229808211326 -229.04977814614773
-968.7838461756705 -230.79245726525784
-968.7937146298586 -232.4357316917181
-968.6217996053397 -233.88428692281246
-968.1566113106906 -235.3831503814459
-967.7236913911997 -236.93105344235897
-967.6686926357447 -238.37585083901882
-967.553314628452 -240.19338468968868
-967.9983343504368 -241.46766488015652
-967.6842206738888 -242.48916820943356
-967.7631558351218 -244.0709331458807
-967.6708924420177 -245.4864800399542
-967.4760193325578 -247.1568386977911
-967.3184341587125 -249.07833795011044
-967.3929106764494 -250.21021370351315
-967.2697531603276 -251.8169732517004
-967.8362176440655 -253.64710454404354
-967.9825243227183 -254.50465182721615
-967.8289117984473 -255.75181822240353
-967.7029262654482 -257.5443517392874
-967.7439898200332 -258.79105166852474
-968.1456720180809 -260.0086270993948
-968.3817451246082 -260.9050803607702
-967.9069406636058 -262.0548779195547
-967.6739544816314 -263.31518821179867
-967.4450355716049 -264.29133735358715
-967.3808448709547 -265.45754240214825
-967.5527016319334 -267.13033245265484
-967.7338833160698 -267.87101064383984
-967.4441715724765 -269.6664666956663
-968.0499052055179 -271.13268349826336
-967.7836144216358 -272.0234726494551
-967.9838153816759 -273.73239360511303
-968.1010895244776 -274.8983636921644
-968.512028145045 -276.21930883586407
-968.0578804187476 -278.09973250091076
-968.0758717156946 -279.08446715533734
-967.8725909091531 -280.57132456958294
-967.4195547200738 -281.9536138600111
-967.0046005941927 -283.7322898930311
-967.6300786234438 -284.9321284121275
-968.181783030182 -285.6045900410414
-968.0242534972726 -287.48803244292736
-967.5908186830579 -288.7989591187239
-967.3088236846029 -290.43309627234936
-967.0941472150384 -291.34608624637127
-967.6649807192384 -292.4037929600477
-967.4175716437398 -293.81579695403576
-967.2604249812662 -295.0453080958128
-967.0110667593776 -296.2346423691511
-967.207005033642 -297.4108627861738
-967.578729519993 -299.08470545470715
-967.6848974324762 -299.7784313386679
-967.7711050607263 -301.12446693837643
-968.4741561509668 -302.53924672067166
-969.0100458957254 -303.61591045320034
-969.528540740162 -304.60141657054425
-970.1350478626787 -305.5725839561224
-971.6099669434129 -306.2786386436224
-973.4638379313051 -306.5384846752882
-974.2412619687616 -307.7113783186674
-974.7711827851831 -308.5514322346449
-975.3593293525278 -309.1298649138212
-975.978729853779 -309.3085133856535
