-1077.35 -151.31
-1076.192393040657 -152.06910675525666
-1074.8767983675002 -151.98617642879486
-1073.3268030643462 -152.30339836835861
-1071.756128168106 -152.62846314668656
-1070.014476752281 -153.01027109980583
-1068.1219806432723 -152.88349199056626
-1066.7927589178084 -153.3306654071808
-1065.0679626226424 -153.5604404783249
-1063.3983922958373 -153.92918178200722
-1061.6476417541503 -154.19507217168808
-1060.1783677101134 -154.59312721848488
-1058.419868326187 -154.76323099195957
-1056.8051285505294 -154.81710257515311
-1055.8125701904296 -155.12142750009895
-1053.8707273960113 -155.55581065401435
-1052.2434295177459 -155.2455286024511
-1051.374986207485 -154.7385204075277
-1050.347779905796 -155.0141813991964
-1048.6860025286674 -155.4130929647386
-1047.011504805088 -154.84805416449905
-1045.2204085946082 -154.56802138075233
-1043.794486439228 -154.85653542861343
-1042.3036063075065 -155.3532831607759
-1040.580783522129 -155.4620140208304
-1039.6900835394858 -155.35591550305486
-1037.783291018009 -155.5183080597222
-1035.9657217621802 -155.75591492787004
-1034.218003308773 -155.76532593503595
-1032.496403491497 -155.30479762092233
-1030.766475355625 -155.2681612981856
-1029.2621988415717 -155.36250718817115
-1027.625267779827 -155.3073696358502
-1025.7931812167167 -154.89567636087537
-1024.6362634062766 -154.98089978978038
-1023.1020297169684 -155.09611398860812
-1021.6658317208289 -155.9996175853908
-1020.5887229800223 -156.9371463148296
-1019.7984645724296 -158.38635600492358
-1019.4629244565963 -160.1498042432964
-1019.0870043396949 -160.7934563843906
-1018.3927413582801 -162.19641990348697
-1018.084139740467 -163.06753689929843
-1017.919552913308 -164.93383116409183
-1017.2544366031884 -165.77027929708362
-1016.4239592462777 -167.11046136304736
-1015.872912994027 -168.59265650197864
-1015.8802122030406 -170.2713086692989
-1016.1314367208629 -171.49738348409534
-1015.9341831956058 -173.0407691089809
-1015.5360305760055 -174.53104997560382
-1015.5104988034814 -176.07644070073962
-1015.2724992301314 -176.93875790521503
-1014.8563201393931 -178.28995955869556
-1014.4014824893325 -179.9877014248073
-1013.9682656195014 -181.65199507161975
-1013.7918827798217 -183.46355486795306
-1013.7398694124072 -184.4717127172649
-1013.5116155412047 -186.081072935313
-1013.3989919688552 -186.96421469137073
-1014.2624794509261 -188.53178394719959
-1014.8827155496924 -189.8307635872066
-1014.6074656214564 -190.8653884021938
-1014.384993937239 -192.3212728588283
-1013.989998814091 -194.0165410129726
-1014.2301253195851 -195.20986641332507
-1014.5489215966313 -196.20420313760638
-1014.1023776348679 -197.5249102203548
-1013.7225496586411 -199.00117362424731
-1013.3382277604192 -200.20341158792377
-1013.0053673204034 -201.5580493299663
-1013.3051590736954 -203.1578812687099
-1013.0528169389813 -204.11287010595203
-1013.0044150765984 -205.07454539224506
-1013.2624095495789 -206.49730933591724
-1013.640396189317 -207.34072566911578
-1013.3809878047555 -208.36980486795306
-1013.0086539205163 -209.81291581079364
-1013.4385196980088 -211.48600126191974
-1013.3442908938973 -212.34725178167224
-1012.9656710740178 -214.2158075658977
-1012.3936005350201 -214.87779224798084
-1011.7285618897527 -215.78785718366504
-1010.0005486126988 -216.6740779964626
-1008.2982257720082 -217.37499011442065
-1007.303684484586 -218.2890645353496
-1006.4476180192082 -219.2278664200008
-1004.640491497144 -220.0216001956165
-1002.986173641309 -219.87264669820667
-1001.2854194756596 -220.18020758911968
-1000.6120745655148 -220.0347939221561
-999.6971200224011 -220.3516724793613
-998.3582963462918 -220.87895728036762
-996.7347952838986 -221.0976430414617
-995.8346845623105 -221.07483268663287
-995.1064790602773 -221.50901410862804
-994.3718263026326 -221.5054004727304
-993.4172490950673 -221.9807504056394
-992.6070619340985 -221.99932194635272
-990.6945119615643 -222.09079260513187
-988.9382634874432 -222.64162213489413
-987.0700026270001 -223.19098717853427
-985.2912797447293 -222.7892153351009
-983.832436036691 -222.63331139966846
-982.522286486253 -222.5068778781593
-981.530409407243 -222.9127958802879
-980.4028495069592 -222.74990555033088
-978.8364282365887 -223.43126990780235
-977.2172985788434 -223.48082456871867
-975.7133105512708 -223.88806519791484
-973.9713794704526 -224.5483096627891
-972.7235146280377 -224.4374640969932
-971.5029563423245 -225.233719804734
-969.7643588300793 -225.53931779548526
-968.7092591043561 -226.63040644809604
-968.158213924989 -228.23452169582248
-967.4074165936559 -229.71974022075534
-966.8819904442876 -230.9822236983478
-966.2112673636525 -232.66109401866794
-965.9845353033393 -233.81862122699619
-965.5926076140254 -235.27897412464023
-964.9464045729487 -236.46473259612918
-964.9917436208575 -237.80770940467715
-965.452180501446 -239.49138648197055
-965.0189151134341 -240.25317270442844
-964.8597828116267 -241.72526068374515
-964.8856208588927 -243.53466481849551
-965.1731454994529 -245.1447565047443
-965.5131515529006 -246.41574031993747
-965.3463010009377 -248.07440943405032
-965.0179334100335 -249.3854199139774
-964.9579472657292 -250.46594340488315
-965.2323667522519 -251.6918607442081
-965.2202638503163 -252.47922022029758
-965.7910143252461 -254.2664238898456
-965.6923374798148 -255.47243840381503
-965.4861954268067 -256.5519251315296
-965.6243958886712 -258.22974891349673
-965.1734097417443 -259.54081494495273
-965.0139209743588 -261.01011676475406
-964.8947034742682 -262.08529598399997
-964.3862749006598 -263.64360148593784
-964.825277295336 -265.37868113204837
-964.3732848431914 -266.95813412353397
-964.1057293381541 -268.8944646804035
-964.26735217534 -270.2891487567127
-964.2304450836032 -271.3386771170795
-964.501889136061 -272.4417012421787
-964.4606991078704 -273.7604959695041
-964.6816135462373 -274.98040229961276
-964.521883707866 -276.24105698749423
-964.4243679460137 -278.17323953792453
-964.4994610439985 -280.08340794727206
-964.2194749008863 -281.9947419850528
-964.1599780660122 -282.874940225333
-963.7787970047443 -283.9405991522968
-964.0846584778278 -285.8367865769565
-964.219568703696 -287.0462876050174
-964.151215885207 -287.8367762057483
-964.4277173619716 -289.47596437618137
-964.3756485026329 -291.0746868340671
-963.9724785726517 -292.4935618130863
-964.1514451991766 -293.5846806256473
-963.8161843311041 -294.6745140044391
-963.5933197777717 -296.34615916892886
-963.4788381200283 -297.44264645263553
-963.6053486358373 -299.03075809165836
-963.3456999253481 -299.7624946920574
-963.2085717212408 -301.13082099840045
-963.179279763624 -302.9946289150417
-964.0444909524172 -304.14844585344196
-964.7320800017565 -305.6389224617183
-965.1279314946382 -306.6691153137386
-965.476549584791 -308.5647292225063
-965.2743428241461 -310.13332618162036
-964.819393832609 -311.71055448934436
-965.1074038933962 -313.0500375120342
-965.3228919249027 -314.73791433259845
-965.065851901099 -315.79740477487445
-965.0301892053335 -317.6150062172115
