-1077.35 -151.31
-1076.1461184978484 -151.84289711475373
-1074.2973795890807 -152.54133170604706
-1072.4351109027862 -152.73541229724884
-1070.8223514318465 -153.16808363556862
-1069.7552650928496 -152.9316118335724
-1068.9425022363662 -153.16087904334069
-1067.161583161354 -153.55167802929878
-1065.671914434433 -153.59293834626675
-1063.8044739723205 -153.36527631938458
-1062.0992156028747 -153.67235202848912
-1060.884713745117 -153.94669534027577
-1059.3602505683898 -154.29551346361637
-1058.349710202217 -154.4300944185257
-1056.759206867218 -154.5503973042965
-1055.3587927579879 -154.50800999760628
-1053.9440243005752 -155.39858636021614
-1052.526713824272 -156.03356179356575
-1051.2286684274673 -156.85934015870095
-1049.3026500701903 -156.9667722260952
-1047.542580461502 -157.81915178656578
-1046.0513852596282 -158.1831487095356
-1044.191112613678 -158.44112396001816
-1042.213924741745 -158.46810383297503
-1040.5953597784041 -157.94656706549227
-1038.6182477235793 -158.57033503748477
-1036.8365585565566 -158.61227539129555
-1035.0428251981734 -158.69896900601685
-1033.276402568817 -159.20300662465394
-1031.6503323078155 -159.55979022331536
-1029.658331489563 -160.15467664547265
-1027.8550263404845 -159.98455393262208
-1026.7119878292083 -160.076191938892
-1025.8315703630446 -160.707192934528
-1023.9959137201308 -160.5261968741566
-1022.8542943954467 -161.6830196747929
-1021.5292000532149 -162.2800175318867
-1020.5510751366614 -163.3164331088215
-1019.1072880387305 -164.83332136966288
-1018.3283477187156 -166.6703641781956
-1017.8355599701404 -168.18420986033976
-1017.096432930231 -169.0274767050892
-1016.4275187313556 -170.0764246354252
-1015.9433154523372 -171.57972732879222
-1015.7742196977138 -173.1509732375294
-1015.6263086706399 -174.73452833987773
-1015.7408023908733 -175.88724151946604
-1015.8318929806351 -176.8574421773106
-1015.6885209813713 -178.76065806247294
-1015.1808377638458 -180.3926360974461
-1014.7518407240509 -181.69960824348033
-1014.3092556133865 -183.54284564353526
-1014.3721045985817 -185.26997999049723
-1014.1476500317453 -186.63327566482127
-1014.2868816837668 -188.05096284247935
-1013.9897330090403 -189.36211100913584
-1013.5126534983515 -190.84670177794993
-1013.1170020088553 -192.14025894500315
-1012.5766842946409 -193.4710655579716
-1012.3461701259016 -194.76136044360697
-1012.1216512307524 -195.62366936303675
-1012.024793280661 -196.67809019185603
-1011.4710046187042 -198.35345850087703
-1011.9753030076622 -199.84017083741725
-1011.998855574429 -201.09144744969905
-1011.4093712404369 -202.61833689309657
-1011.4915944397449 -204.1140000591427
-1011.2187058687209 -205.94632098771632
-1011.6673908293246 -206.93351391650737
-1010.9378851711749 -208.40184298850596
-1009.8897243797778 -209.31883249379695
-1008.8625851929187 -210.15392986632884
-1007.944270557165 -211.14482823707164
-1007.1575409829616 -212.12314871646464
-1005.3574404180049 -212.23022810317576
-1003.8849327027797 -212.5636158952862
-1002.0773221909999 -213.25294683076442
-1001.2933709681033 -214.49790761567652
-999.9578259050845 -214.84760037757457
-998.6512706339358 -215.48398432828486
-997.0113984405994 -216.43751010991633
-995.3558684647082 -216.67788178421557
-994.1504213869571 -216.88721481658519
-992.3675200998782 -216.4384844968468
-990.5303267300128 -216.91685152746737
-988.9596904575824 -217.00141532666981
-987.922916060686 -217.41742436535657
-986.2259829103946 -217.84164063580334
-984.4936615288257 -217.93826636619866
-982.9190149366855 -217.91075197927654
-981.3958270609378 -218.22607133857906
-979.4756407797336 -218.0848785149306
-978.4087433874606 -218.44266636244953
-977.617911761999 -219.65372331015766
-977.0127725064754 -220.67074615828693
-976.3547502815723 -221.7120964037627
-975.0291761219501 -223.1001214491576
-974.5266436398028 -223.98996974103153
-974.0167667925357 -225.4947102176398
-972.8265376150607 -226.31201244466007
-971.7074321568011 -227.86315704457462
-970.8783639729022 -228.90177107922733
-970.1687771141528 -230.07349063031376
-969.8708993256091 -231.1539893256873
-969.4585520684718 -232.75935841672123
-969.4462205231189 -233.56080545060337
-969.107138699293 -234.65701724164188
-968.7201853156089 -236.3939601289481
-968.7748456470667 -237.3557818042487
-968.3895607464015 -239.14770604245365
-967.9945925347506 -240.67213512532413
-967.9668386824428 -241.89566827885807
-967.8773694954812 -243.79487837426365
-967.9308772481977 -245.3542927610129
-967.9831297717988 -247.12260604970157
-967.7932104192673 -248.0784230338782
-967.4452104292809 -249.07450367085636
-967.2826019845902 -250.5352022754401
-967.0874328635632 -252.12182570569217
-967.2635176055132 -253.2431210386008
-967.4368283174931 -254.05448425881565
-967.3482005916535 -255.85354531876743
-967.297835933417 -256.93399072758854
-967.7005924753844 -258.836543809101
-967.5280891381203 -259.7666313754767
-967.3477293126284 -261.4036856996268
-968.0661945216357 -262.94219804875553
-967.7819198839366 -264.1937444316596
-968.1885199420153 -265.58899940125644
-967.9595376126467 -266.51649297349155
-967.501189725846 -267.7064541684836
-967.8533329539 -269.3738972055167
-968.3611022405325 -270.87494839303196
-968.688949214667 -272.0192704307288
-968.5210868589579 -273.618620525524
-969.0964671842753 -275.31374014489353
-968.3814287655055 -276.96777547471225
-968.799165623635 -278.01046718232334
-968.2172304563223 -279.51511133782566
-967.941845165938 -281.28680134885013
-968.3457268051802 -282.206532131359
-968.3701398395001 -283.7834043609351
-967.9787054680287 -285.14875651471317
-967.4907990716397 -286.32251871697605
-967.4689102642237 -287.40359176270664
-967.8508972994982 -288.75566733948887
-967.5619985632597 -290.4628977882117
-967.4728743456303 -291.89162243478
-968.145537855476 -293.28923095338047
-968.1134241096674 -294.60489226453006
-968.1102630518376 -296.0132275926322
-968.7130551956593 -297.7333543407172
-968.6370404683053 -298.9271588432044
-968.7594928987323 -300.59176708333194
-968.2105779297649 -302.45531989209354
-968.2986231692134 -304.1530823814124
-968.3691158242523 -305.35760749451816
-968.8604415304958 -306.880129705593
-968.973418111354 -307.6597700225562
-969.5328237362205 -308.77173043362797
-969.6624117441474 -309.89455367200077
-969.6538855679332 -311.5046644317359
-970.3185892350971 -312.6891611921042
