-1077.35 -151.31
-1076.08419713974 -151.87452810764313
-1074.501605606079 -152.44544237613678
-1072.6593252182006 -152.4768469235301
-1071.382390475273 -152.9766997000575
-1069.4777641057967 -152.9028992703557
-1067.6188635587691 -153.13928720861674
-1065.865594601631 -153.56133226066828
-1063.932612633705 -154.0641911378503
-1062.2152631044387 -154.33492669969797
-1060.9999845981597 -154.10452965408564
-1059.5107987880706 -154.15868875145912
-1057.5920971393584 -154.64050686120987
-1055.7752047538756 -154.60366428405047
-1054.1141377449035 -154.62764459237457
-1052.6624327659606 -154.75474356994033
-1051.6960151553153 -155.02865564212203
-1049.794832742214 -154.91829498246312
-1047.8705737948417 -155.18681441381574
-1046.2494010090827 -155.65755944088102
-1044.3806423306464 -156.10036857560277
-1043.1058287978171 -156.3272217078507
-1041.2266877055167 -156.7054039402306
-1039.9056741356849 -157.01779298618436
-1038.4934401869773 -157.28024043276906
-1036.5860412478446 -157.39248310163617
-1035.8442890405654 -157.5199282629788
-1034.1105111598968 -156.95160500839353
-1032.4611407279967 -156.27932398155332
-1030.818337893486 -155.79217936232686
-1029.1606936216353 -155.47812007501722
-1027.2787229776382 -155.1042527718842
-1026.2703100204467 -155.18757617607713
-1024.323238825798 -155.79266500607133
-1022.5909304380416 -156.44284176960588
-1020.6785514116286 -156.66530203953386
-1019.4317843675612 -157.824210883528
-1018.3030320167541 -158.99485111370683
-1018.167351847887 -159.86665666237474
-1017.7782817244529 -160.96399486199022
-1017.0003551006316 -162.75672924652696
-1016.1779373049735 -164.33526170387864
-1015.7139573752879 -165.21216333046556
-1015.3188896238803 -166.54457712307573
-1014.8985172867774 -167.66209769383073
-1014.4103267550468 -169.064050437361
-1013.9723748624324 -170.5202785743773
-1013.7138583123683 -171.8409332050383
-1013.3935083508491 -172.99192023411393
-1013.1879431068896 -174.6411485685408
-1012.8585743963718 -176.19908857479692
-1012.5345807135104 -177.73969650402665
-1012.5447394311427 -179.01552438870073
-1012.3337474524974 -180.65925133362413
-1012.3301513552665 -181.8092305673659
-1012.9982320427894 -183.2300889505446
-1012.8163117825984 -184.103530408293
-1012.563376879692 -185.44818818703294
-1012.4748203814029 -186.81034577026963
-1012.5958000779151 -188.34904301300645
-1012.6978358387946 -189.79523038998246
-1012.4817428648471 -191.33635032311082
-1012.2984232366084 -192.469457270056
-1012.458131468296 -193.42174816265702
-1012.410481339693 -195.16851663723588
-1012.6802235305308 -196.90221679344774
-1012.6128625929355 -198.4429053081572
-1013.5141850769519 -200.30687284603715
-1013.9137571811675 -201.35856914654374
-1013.4565643727778 -203.0154517902434
-1013.6213334113359 -204.73544156685472
-1013.5368304759263 -206.64252364769578
-1013.5912052452563 -207.81374037399888
-1013.4918712139129 -209.5823644413054
-1013.0137185811996 -211.31457317009568
-1012.6886781811713 -212.68195688858629
-1011.9440888524055 -214.40424192085862
-1010.8775142788886 -215.90294242039323
-1009.3334769368171 -216.34247928991914
-1008.304698383808 -217.1247358931601
-1007.4138477206229 -217.16481131449342
-1005.766456401348 -217.07353155449033
-1004.1089566111564 -217.78824608162046
-1003.2603620052337 -217.59448728099466
-1001.7819683313369 -218.14444121852517
-1000.306948518753 -218.62608993187547
-998.7309723854064 -218.92020809784532
-996.9798142671584 -219.52861178055406
-995.7136835813521 -219.38137896493078
-993.9398194313048 -219.89491261675954
-992.295245027542 -220.2518265707791
-990.4527455329894 -220.6246038837731
-988.926982140541 -220.93847654893995
-987.5760160446166 -220.59531025722623
-985.6398876667022 -220.82411068812013
-984.7394701004027 -220.855739967376
-983.1240377187728 -220.678836004287
-981.447086906433 -221.17863614991307
-980.1249601602553 -221.71408416464925
-978.5450484514236 -222.11605753138662
-977.5063664674758 -222.83433260157705
-975.9086929321288 -223.28263200953603
-974.7257646083831 -223.7675994797051
-973.4349446058272 -224.98281194403768
-972.2282182931899 -226.1029595299065
-972.0558554887771 -227.60207165911794
-971.468854343891 -229.04672362044454
-970.4744465112685 -229.87300183013082
-970.2510357707738 -231.05803527072072
-969.5007494896649 -232.44186987116933
-968.7668688505887 -234.08449472621083
-968.5737072438001 -235.73157705500722
-967.997417590022 -237.439031855613
-967.9181197941302 -238.92223920062185
-967.758435076475 -240.60655881598592
-967.6289375483989 -242.18984224036336
-967.2955102980136 -244.06210066512227
-967.7954583227634 -245.4699180288613
-967.8925788536667 -247.18139352038503
-967.3822274342178 -248.2807475490868
-966.9639842048286 -249.4595395489037
-967.2640447452663 -250.64261903002858
-966.8549053207039 -251.7045074863732
-967.182466341555 -253.5133074684441
-967.0992237910627 -254.9916268749535
-966.8731157466768 -256.7163359089196
-967.4325332328676 -258.5624884529412
-967.605034662783 -259.52334018185735
-967.8611312046646 -261.2700857682526
-967.6963406935333 -262.1360645456612
-967.5256970062851 -263.1264257593453
-967.1337078347801 -264.7550738020241
-967.8289375439285 -266.41264452174306
-967.8775729447602 -267.7902165813744
-968.3072670310735 -269.466490880996
-967.7992394775151 -271.1537913246453
-967.7323336064815 -272.1706572933495
-967.3085487842559 -273.33266009524465
-967.3105176448821 -274.0692996545136
-966.9214485049247 -275.15208538010717
-967.4559176921844 -276.08528824284673
-967.5177437424659 -277.05866189435125
-967.2926283538341 -278.93090887501836
-967.1604175627231 -279.99151177838445
-967.3407417148351 -281.77700109913945
-967.1263155996799 -283.5569088025391
-967.7751182973384 -284.44336040452123
-967.745442560315 -285.4509630961716
-967.6680837780236 -286.3129316134751
-967.6893505066632 -287.08115090563894
-967.5769312292337 -288.3857294483483
-967.5831194430589 -289.7957326336205
-968.1467015057801 -290.5482410950959
-968.589918872714 -292.0358557267487
-968.143105855584 -293.50051410630346
-968.7284831315278 -295.0307594104111
-968.7536328401416 -296.55195732548833
-968.3673521842807 -297.25691487029195
-968.0103482272475 -299.07747389510274
-968.1925524737685 -300.3728548450768
-968.1361916776746 -301.7819590730965
-969.0207615610211 -302.4410816593468
-968.6941513832658 -303.65144623950124
-969.2377633865922 -305.2024058265984
-969.3019600328057 -306.32735528185964
-969.1293088611214 -307.0860659046471
-969.1207467880099 -308.493089453727
-969.1909916516393 -310.217094437629
-968.838071238622 -311.4630874557793
-968.5523302074521 -313.0300026102364
-968.4261264618485 -314.52493001654744
