-1077.35 -151.31
-1075.7646791696548 -151.14558329939842
-1074.6301665067672 -151.22696667671204
-1073.7607480049132 -151.5118174827099
-1072.1903927087783 -152.2040016925335
-1070.3727855443954 -152.65213769435883
-1069.242885327339 -153.21878170728684
-1067.2990357637404 -153.10743166267872
-1066.0936062097549 -153.36331952869892
-1064.7149082183837 -153.81242806971073
-1063.797414278984 -153.82662538573146
-1062.7068885326385 -154.23729384824634
-1061.1698490142821 -153.91961351916194
-1059.854028558731 -154.25944525882602
-1058.394668316841 -154.73839811369777
-1056.8028602361678 -155.13650251314044
-1055.8354975938796 -154.7934998063743
-1054.1968919992446 -154.7917913994193
-1053.1400719642638 -154.99554105609656
-1052.0474874734878 -154.94322504982352
-1050.549188351631 -155.42274337396026
-1048.78213391304 -155.69274383172393
-1047.0689067602157 -155.73978195473552
-1045.8219321727752 -155.47198791190982
-1044.148220515251 -154.93528659030795
-1042.5749017953872 -154.47680754348636
-1041.6014733076095 -154.27565843746066
-1039.826722240448 -153.97715193912387
-1038.441437935829 -153.67389980837703
-1036.8966765165328 -153.90162778779865
-1035.0973782300948 -153.805927516371
-1033.4213884830474 -153.68870352342725
-1032.036998128891 -153.36500860884786
-1030.4172097206115 -153.57000382378698
-1028.53004822731 -154.0797697468102
-1027.591427540779 -153.7645413441956
-1026.121024107933 -153.62225361302495
-1024.9027758598327 -153.71271129831672
-1023.9983800411223 -153.8788519142568
-1022.6903275012969 -154.8586522577703
-1021.008681154251 -155.41976376757026
-1019.9147494792937 -156.44047328218818
-1019.2358957886695 -157.65636786207557
-1017.7917529702186 -158.76975735411048
-1017.7074741929769 -159.48467644438148
-1017.8455973476171 -160.57624920591712
-1017.9101120740174 -161.62596651300788
-1017.5698111861943 -162.38282104715705
-1016.8782356590032 -163.10848822578788
-1016.6748444944619 -164.901900434345
-1016.5161108285188 -166.0308648584783
-1015.9737608939408 -167.2723121879995
-1015.8897915765642 -169.02268090233207
-1015.6805121585726 -170.310001039356
-1015.2724161729216 -171.3089712499082
-1015.2570098139345 -172.16803582891822
-1015.3489765323698 -172.87459751352668
-1014.9596981801092 -174.04342933878303
-1014.8630604244768 -175.1776715157926
-1015.0019405581056 -176.8973284600675
-1015.2863874532281 -178.71295770391822
-1014.9077452518045 -179.68663927301765
-1015.0527674801647 -181.48622795328498
-1015.1589804686605 -182.2221736548841
-1014.827973345667 -183.42705997213722
-1014.96623153463 -184.86029072985053
-1015.0971843250095 -185.53803058847785
-1015.0776404760777 -186.7917629121244
-1014.7782695017754 -188.1737093566358
-1014.551544906944 -189.23771330103278
-1015.183971466869 -190.9902481673658
-1015.4922374211251 -192.9663405059278
-1015.0838889203965 -194.6174635528028
-1015.4215891681611 -195.43485012039542
-1015.8460834048688 -196.74271788582206
-1016.2665705107152 -197.95954885467887
-1016.0590390883385 -199.1543725965917
-1015.9523190282284 -200.59565498813987
-1015.8333375252782 -201.85540225490928
-1015.3116248644887 -203.3500011204183
-1015.4120499067008 -205.24849154934287
-1014.9776593618094 -206.24724444136024
-1014.5349868111311 -207.25792702421546
-1014.7822352372109 -208.2828985093534
-1014.6372097156941 -210.06752678140998
-1014.5670143537222 -211.39656790480018
-1014.7167654804884 -212.90139182791114
-1014.1937414579093 -214.4928810237348
-1013.8574854604899 -215.54552217707038
-1013.346641408652 -216.87789984926582
-1012.345131265372 -217.86841531977058
-1011.578729199618 -219.00945731386543
-1010.2621587984263 -219.31575649365783
-1009.0611863605677 -219.7572033046186
-1007.1387920849024 -220.2521184323728
-1006.0033847562968 -220.88295128330589
-1004.8324301712214 -221.51313986763358
-1003.6805422775446 -221.65484018012882
-1002.5909594766795 -221.86384735390544
-1001.0391450397669 -221.4922913400829
-999.3247644178568 -221.7509272186458
-998.2551018469035 -222.15885613247752
-997.3182000391184 -221.7835366217792
-996.072959589213 -221.86922315642238
-994.4681640140711 -222.08869142219424
-992.8222328893839 -221.8028957335651
-991.3917668335139 -222.72704476997257
-990.0924742691218 -222.82458997651935
-988.7030605547129 -223.2474625198543
-988.0086270444094 -222.75779891893268
-987.0592822305857 -223.2158594815433
-986.0624365083872 -223.29186335340142
-984.4445182554423 -223.50146302714944
-983.4472539894282 -222.973355384022
-981.7474461071192 -223.2713979794085
-980.098432110995 -223.55044540897012
-978.8327652685343 -223.40102312102914
-977.402965234965 -224.17834946647287
-975.8645471803843 -224.46862703695894
-974.6587213747202 -225.05952340498567
-973.4891680948435 -225.4943535937369
-972.026003050059 -226.34824305906892
-971.8074259035288 -227.96792048349977
-971.0750247709452 -229.23755008116365
-970.7067390553652 -230.92075568571687
-970.0242059104144 -231.89060390129686
-969.4626918904482 -233.2961642755568
-969.5913299940526 -234.04357600346208
-969.4541036061942 -235.3750993026793
-969.4303689621388 -237.100156070143
-969.1916012488305 -238.2168036712706
-969.1530796609818 -239.1745002283156
-969.4320770524441 -240.7702043069899
-968.9600144945084 -242.4936649812758
-968.4022302947938 -243.13506001368165
-968.4962294869124 -244.29867071047425
-968.3825840525328 -245.33816200628877
-968.9390766791998 -247.10609477892518
-968.3913106493651 -247.8358959569037
-968.7099166087805 -248.78466695681215
-968.2877782456576 -249.72700929775834
-968.3267033718525 -250.93084728851915
-968.4110579960047 -252.73465836182237
-968.5598290733992 -254.23648405209184
-968.0530157260596 -256.0986738218367
-967.6357948355376 -256.95751202240587
-967.9161980919539 -258.6498965038359
-967.5402226023375 -260.2628405107558
-967.3277142815291 -261.6635744585097
-967.6143100433051 -262.9397273077071
-967.6941384173929 -263.81464392080903
-968.2565025188028 -265.6528819216788
-967.7249093748628 -266.9819059981406
-967.7857210136949 -268.51927703753114
-967.4917220570146 -269.566431940943
-968.0259454347192 -271.08148843184114
-968.338543216139 -272.3295552147925
-968.1970439501106 -272.9862741841376
-968.1412568710743 -274.3085291995108
-967.8413674257695 -275.17234724894166
-967.482755305618 -276.5723472250998
-967.6089014284312 -277.4627305878699
-967.67256674394 -278.60216015711427
-967.6744670145213 -279.4364408864081
-967.7103315539657 -280.77725416556
-968.1334547944366 -281.81013041868806
-968.6235243625938 -282.68824845686555
-968.1494954772293 -284.3609008206427
-967.9223978169261 -286.2078031910956
-967.8443418689071 -287.32607132330537
-968.2382614560424 -288.6646812571585
-968.3750352062284 -289.5991845740378
-968.0599334932863 -291.1471685780585
-968.3427873648702 -292.7457236661017
-968.4455044068395 -294.3209211243689
-968.535501191765 -295.1794099225104
-968.0567091800272 -296.75355929270387
-967.8177877761423 -297.9890428198874
-968.255227754265 -298.5980867756903
-968.1414693392812 -300.1354624642432
-968.5226849414407 -301.15494483843446
-968.1352647937833 -302.90645331278444
-967.8021625079214 -303.5452257408202
-967.8675838954746 -304.9541322006285
-967.822814310342 -306.5397456897795
-968.0119887836277 -307.57948994770646
-967.5185566790401 -308.9145326627791
-967.1556906349956 -310.4070312990248
-967.2377680860459 -311.605248452574
-966.8774558924138 -312.6880896104872
-966.8688052318989 -314.25950479641557
-967.2850049756466 -315.1264704479277
