-1077.35 -151.31
-1075.842677092552 -152.14399957418442
-1074.8638620138167 -152.71962439775467
-1073.7862198114394 -153.54711770772934
-1072.8503286600112 -153.61088073015213
-1071.1092667341231 -153.73896112799645
-1069.540352320671 -154.39668902516365
-1068.3709822654723 -155.14724895119667
-1066.693584537506 -155.4475028192997
-1065.2460169553756 -155.18691393494606
-1064.1141656398772 -155.0988877093792
-1062.8954629659652 -155.06586358085275
-1061.1512450933456 -155.65778705611825
-1059.2521657705306 -156.06416392460466
-1057.5098559617995 -156.4076763702929
-1055.6861999988555 -156.88878718152642
-1054.0985361099242 -157.04917800560594
-1052.4291726112365 -157.33272171154618
-1051.1744693279265 -157.1763599677384
-1049.389286136627 -157.24674499168992
-1047.830946779251 -157.02892735734582
-1046.2080766916274 -156.8612214191258
-1044.3295755147933 -157.23900769785047
-1042.549858188629 -156.61936800315976
-1040.8887639999389 -156.8189302994311
-1039.222235894203 -156.99742372468114
-1037.9967357873916 -157.34356658294797
-1036.66920671463 -157.5370199842751
-1035.026795721054 -157.79645462468267
-1033.4061773777007 -157.86666472390294
-1031.7286721229552 -157.6400071693957
-1029.90942094326 -157.3250884129107
-1028.1911999940871 -157.29058011755347
-1026.469510412216 -157.92757400259376
-1024.8285921573638 -157.91616441443563
-1022.9994677066802 -158.7566062374413
-1021.4582401275634 -159.18565367296338
-1019.9664789199828 -160.20204781129956
-1018.573834991455 -161.0495335920155
-1017.7858839988708 -162.6592955453694
-1017.574244609475 -164.44799827173352
-1016.8152466922998 -165.52707527711988
-1016.5777657240628 -166.69013749197126
-1015.865245720744 -167.96743832662702
-1015.246998271346 -168.6468521220982
-1015.3949597984551 -169.63817821577192
-1014.7896060258149 -171.52315436437726
-1014.4400383740663 -172.46223198011518
-1014.0464532881974 -174.16498457029462
-1014.3420357316731 -175.41661833360791
-1014.1620611906051 -177.30678437784314
-1014.3581198066472 -178.84289346769452
-1014.0498991221189 -180.31828986242414
-1014.2064478009938 -182.06273935869336
-1013.800490579009 -183.7146640880406
-1013.6920159965753 -185.2048402889073
-1013.293401440978 -186.31922207906842
-1013.295813551545 -187.86602817609906
-1013.002726188302 -188.885832773
-1012.6714730769395 -190.1481906040013
-1012.9382909744977 -191.89164339140058
-1013.2927765160798 -193.45186911657453
-1013.2549843996762 -194.46886836126447
-1013.5048847109078 -195.7524111135304
-1014.2235437542199 -197.35787151888013
-1014.8005084902047 -199.23657189443708
-1014.8358765751123 -200.77615486219526
-1014.7134095564484 -201.7849467857182
-1014.3430223599075 -203.4538386924565
-1013.8578480020165 -204.98514960840345
-1013.5468556419014 -206.8733212812245
-1013.2319952085613 -208.74345909193158
-1013.7583002880215 -210.42531536653638
-1013.6356819853186 -211.87973247602582
-1013.0840240105986 -213.46846030786634
-1013.0016262516378 -215.3961324556172
-1012.312676309049 -216.06152300670743
-1011.2737963184713 -216.8398356898129
-1009.8554062828421 -217.8802546723187
-1008.3952553257345 -217.9742730422318
-1006.5545932039618 -218.43260531261564
-1004.7586209759115 -219.2967454059422
-1003.0540686830877 -219.02436734870076
-1001.2273844465612 -219.42192016676069
-999.8237855419516 -219.5736393494904
-997.8888707146048 -219.2477822764218
-996.13319504112 -219.53488467767835
-994.6539008602499 -220.07647602394223
-993.3384259924292 -221.0540450079739
-992.398182748258 -221.9685286743939
-990.7137085184454 -222.08968538179994
-988.9191730007528 -222.3888260139525
-987.7044255718588 -222.78543722763658
-985.7541577801107 -222.93938483431936
-984.1172554478048 -222.59892262652517
-982.7565516218542 -223.14564587309957
-981.0826610311865 -223.46577303245664
-980.0855565056204 -223.501020835191
-978.2251120790838 -224.1962004764378
-976.9825834020971 -224.23076377943158
-975.5428619369864 -224.66489444807172
-974.1228799805044 -225.92754386499524
-972.8928012832998 -227.06802593305707
-971.6658419355749 -228.1636123521626
-970.7696572527288 -229.6476304395497
-970.3514800950884 -230.54034577444196
-969.4849996253847 -231.73808489874006
-969.0853489026426 -233.342570887357
-968.6762188360094 -234.0439858300984
-968.1175715610384 -234.90425585344434
-967.5400393292307 -235.8856302960217
-967.0237510487436 -237.1309230788052
-967.2969212815165 -238.95874266460538
-967.2128790602087 -240.01730637386441
-967.3096856757998 -241.8537176115811
-967.034410534799 -243.01216666534543
-967.0107183739542 -244.8554516299069
-967.1103376731276 -246.70121579006315
-966.6852443501352 -248.163240955621
-966.5641616567968 -249.39548640087247
-966.4027471527456 -250.55668322876096
-966.8636257633566 -252.1845599873364
-967.182973204553 -253.8931600315869
-967.0357439503073 -255.52562241390348
-966.6193928107618 -256.9950293762982
-966.1980216786264 -258.24084417656064
-966.0104695245623 -259.05331008270383
-966.2990950033068 -260.57165734604
-966.6132429823278 -262.16453878715635
-966.5481331035494 -263.41733257606626
-967.2333985254168 -264.43389646843076
-967.2882849261164 -266.0906744463742
-967.1027342513203 -267.52524642780423
-966.9112132027744 -268.80096773937345
-966.6564476028084 -270.3996788723767
-966.4296668902039 -271.9097320301831
-966.323594225943 -273.8344113095105
-966.3152177765965 -274.6282434923947
-966.9874023035168 -276.4183738692105
-967.6037109330296 -277.79431097343564
-967.537698431313 -279.3855655653775
-968.0351438358425 -280.57812886074186
-967.7809993460774 -281.9776369793713
-967.8388236895203 -283.54416696861387
-968.5979828968643 -284.48994033172727
-968.3558170333504 -285.99656097725034
-968.0091255441307 -287.79233162239194
-968.1036074444651 -288.9756556017697
-968.1406570509075 -289.9975171549618
-967.9829769864677 -291.7687988741696
-967.6778488293289 -293.11057786777616
-968.4375310674309 -294.5781523449719
-968.7268883123993 -296.3289405567944
-968.3965513840317 -297.7530963881314
-968.9517038598656 -298.81007830932737
-968.920400930941 -299.77309017017484
-969.7544692888855 -300.97984402015805
-970.5219439402222 -301.9059205515683
-971.5624443426727 -303.3167999251187
-972.6235584154724 -303.98752819135785
-973.3196146026253 -305.49686621263623
-974.4289251103996 -306.666253195554
-975.1635400190949 -307.56925217941404
-976.5321155920624 -308.24223582580686
-977.4676134720444 -308.44952431455255
-978.9654040470718 -309.3431762768328
