-1077.35 -151.31
-1076.7146844029426 -152.26838725566864
-1075.5301326870917 -153.3803148841858
-1073.9298483490943 -153.48911756038666
-1072.8000499367713 -154.17038780212403
-1071.2259544491767 -154.53585093975067
-1070.2772532463073 -154.99284583091736
-1069.5748702049254 -154.86747109651566
-1068.0860434532165 -154.639090192914
-1066.3070541381835 -154.65236632287503
-1064.8720180749892 -154.9369459873438
-1063.6067662000655 -154.68174840271473
-1062.257722711563 -155.06111459195614
-1061.1335505008697 -154.99456211686135
-1060.1947206020354 -155.43103894352913
-1058.7276416778564 -155.71510416030884
-1057.1738449096679 -156.606013712883
-1056.4711560368537 -156.8433437472582
-1055.3341192364692 -157.08514126896858
-1054.169950044155 -157.2294441139698
-1052.6722612738608 -157.88868912816048
-1051.6004937052726 -157.42186596751213
-1050.082014119625 -157.60273840785027
-1048.7960157752036 -157.99126952648163
-1047.4879217505454 -157.7520804232359
-1046.1370690226554 -157.31585056841374
-1044.829610979557 -157.41897129774094
-1043.1107603669166 -157.43594111263752
-1041.9191121220588 -157.8259474760294
-1040.6614213347434 -157.4618893390894
-1039.533815896511 -157.7510748630762
-1037.9076708912849 -158.37792725622654
-1036.5039569497108 -158.51954026281834
-1035.2169398427009 -158.18944246828556
-1033.8110494971274 -157.91758389532566
-1032.6882828831672 -157.58672465145588
-1031.0778158068656 -157.34513039648533
-1029.304738676548 -157.66280980169773
-1027.7654157042502 -157.88303367555142
-1026.2096907258033 -158.05023689329624
-1025.1972539782523 -159.03753323614598
-1024.1302496552466 -159.50189612567425
-1022.9911678194999 -159.55246798455715
-1022.39342597723 -159.97767640411854
-1021.844393646717 -160.65125824272633
-1020.7002081036567 -161.7824294692278
-1020.1185333490371 -162.9339289790392
-1019.3104042768477 -163.76173497498036
-1018.1437051057815 -165.42655874550343
-1018.3316491305827 -166.7176283723116
-1017.9351991474628 -168.49146260082722
-1017.4167356550693 -170.17743588745594
-1017.8023269236087 -171.66442586243153
-1016.9392473757266 -173.59371389210224
-1016.8428714483975 -174.7966330176592
-1016.6968639999627 -175.9151004678011
-1016.2905275136231 -177.003236425519
-1016.0603764563798 -178.01163114368916
-1015.8371398955583 -179.37030221283436
-1016.0899255782365 -181.1230683451891
-1016.4293497115373 -181.79976446688175
-1016.5926354736089 -182.56651909410954
-1016.2408969312905 -184.09941299021244
-1016.3061384171247 -185.9120493656397
-1015.8727397233247 -187.21826512873173
-1015.3425860911607 -188.5484518533945
-1015.1057909935712 -189.50347561895848
-1015.1053985789417 -190.47751517355442
-1014.4374810293316 -191.16335738956928
-1014.0800341799854 -191.95907486736775
-1013.9569703027605 -193.14698876202107
-1013.4086418434977 -194.14527763187886
-1013.2851025149225 -195.1756190186739
-1013.4700135126709 -196.57243026554585
-1013.1888152197002 -197.98576511204243
-1012.8806359305977 -199.32400680840016
-1012.8699582381173 -200.69153643906117
-1012.833045737259 -201.59713090717793
-1012.5586086673661 -202.5482279187441
-1011.6473822755738 -203.8034094697237
-1011.4407077295705 -204.99050511181355
-1010.038775490038 -205.4416215544939
-1008.6943898661061 -206.28991271317005
-1008.0681258304044 -207.24047900497914
-1006.8440793616696 -207.707935166955
-1006.2245726449414 -208.07071955263615
-1004.4024399382993 -208.85887481033802
-1002.9138057095929 -209.6089143282175
-1001.2663423879071 -209.25984425604344
-999.9777949912473 -209.126371306777
-998.819774971716 -209.2199254012108
-998.0643238885327 -209.66152846574784
-996.4915792806073 -210.19877791166306
-995.8450760109349 -209.7911800122261
-993.9965217573567 -209.6246690428257
-992.8015873892232 -209.70693835377693
-991.2228101952 -209.6171258366108
-990.299307273142 -210.23191806435585
-988.5576515657826 -210.05369333684445
-987.2719358665868 -210.48556522786618
-986.0843321545049 -210.66819217562676
-985.2132428152486 -210.27547693014145
-984.2987261278554 -210.1105295097828
-983.5655151469632 -210.2944222664833
-981.8262851102277 -210.15135076403618
-980.8813929421826 -209.97657538712025
-979.6016315085812 -210.22178278625012
-977.9250302178784 -210.11817604064942
-976.4522296054288 -210.62997203826905
-974.7540477378293 -211.3179438686371
-973.6835414035245 -211.7779827094078
-972.394904003851 -212.9001990532875
-970.9361301524564 -213.55203473329544
-971.0930215580388 -214.41572129487992
-971.0087567580863 -215.45693087339401
-970.5405324114486 -216.62619161367417
-970.1030883206054 -218.04988276720047
-969.5554761303588 -218.90639126062393
-969.6981005979701 -220.74915218114853
-969.5667718512937 -221.94215285539627
-969.6499904332682 -222.82216846704483
-969.8194934068247 -223.79890954256058
-969.3023780522867 -225.59184872865677
-968.9914443133398 -226.6048243021965
-969.562431657128 -228.0686333155632
-969.3678105710073 -229.40627920389176
-968.948513948731 -231.2285191988945
-969.2914346693083 -232.08233570814133
-968.6960303423925 -233.62754916906357
-968.2760427234693 -235.3137413239479
-968.2104469923302 -236.5084698176384
-968.7549968151375 -238.18094682455063
-968.6422229049726 -239.42614447832108
-968.7403746707364 -241.1714737391472
-968.3659381730481 -242.20028722047806
-968.5312608940526 -243.3752752518654
-968.6343075720592 -244.33055090665817
-968.7823551980778 -245.51136815309525
-968.4716289727016 -246.30863439798355
-967.9122280566021 -247.45930111169815
-967.6850361315533 -248.92977988481522
-967.7911379424854 -250.0396914458275
-968.0141840664669 -251.74762296438217
-968.4996888427063 -252.64602213859558
-968.2647003618999 -253.55076652526856
-968.2144026098772 -254.75010508060456
-968.5126974223181 -255.62458616256714
-968.9750548837706 -256.5459849214554
-968.6289521394297 -257.5888345813751
-968.4757855771109 -258.6416160440445
-968.9252182183786 -259.4987093782425
-968.6722627518698 -260.591537771225
-968.8799265859648 -261.95161467552185
-968.6391940800472 -262.8342488384247
-969.2154140559956 -263.647255358696
-968.6354473916813 -265.0765514945984
-968.5036392448469 -265.9396111345291
-968.9787887869402 -267.51863807201386
-969.4187461374327 -268.7640561437607
-968.7934106824919 -269.51596754550934
-969.238270962052 -270.3377781486511
-969.4813609359785 -271.442883310318
-969.1003916500135 -272.87827664375305
-969.0293286828323 -274.14906078338623
-968.4905213503166 -275.2128638601303
-968.8173453597351 -276.3495337343216
-968.495132693462 -278.16548174381256
-968.7306967316194 -278.9963000392914
-969.2030511436983 -280.5205656862259
-968.8823978243395 -282.2341359233856
-969.0689516155048 -283.7491942024231
-969.5809102742 -284.766534743309
-969.6807913867756 -285.50408482313156
-969.8673820136114 -286.50484692811966
-969.5556898949667 -287.5415633893013
-969.4838899238034 -289.0599639391899
-969.5148150039836 -289.94485687971115
-969.7021121097728 -291.77514147520066
-969.7384381903335 -292.63724899053574
-969.3804240239783 -294.1964375948906
-969.4617411954328 -295.7336953854561
-969.4128937920555 -296.51024007558823
-969.4645119434222 -297.37882840394974
-969.4825196465476 -298.68256556749344
-969.4766034347936 -300.40076923131943
-970.152048514597 -301.04236894607544
-970.8345720632001 -301.78041296958924
-971.8234417302533 -303.2446067905426
-972.3225577337666 -304.23230838537216
-972.9241151077672 -305.13414239645004
-973.1664558513089 -306.6012945151329
-973.8323095900937 -307.8733572936058
-975.1612853867932 -308.2656249976158
-976.8079731328412 -309.3672434067726
