-1077.35 -151.31
-1075.5357216358184 -151.1660120910406
-1073.5735006093978 -151.85943750798702
-1071.7075329780578 -152.05560464918614
-1069.960776901245 -151.8325823521614
-1068.1324302911758 -152.40735465049744
-1066.2799172163009 -152.7567053413391
-1064.6574808120727 -153.17241042613983
-1062.6759029388427 -153.6263271844387
-1061.0464347362517 -154.06347092747689
-1059.369583940506 -154.0673624253273
-1057.5446041584014 -154.295404625535
-1056.1434471368789 -154.63777579128742
-1054.2168975830077 -154.80026197195053
-1052.6540128946303 -155.450560567379
-1051.4062815666198 -155.96111327171326
-1049.7182280778884 -156.63657182216645
-1048.5243556261062 -157.49579185009003
-1047.1311104059218 -157.7816030061245
-1046.3422327399253 -157.5214369571209
-1044.606573498249 -157.74029534816742
-1042.9286712765693 -158.1305867111683
-1041.0829872250556 -158.5439426279068
-1039.1527756810187 -159.1414564228058
-1037.2698806881904 -159.59890171647072
-1035.357869541645 -159.7577521777153
-1034.1677378773688 -159.41038056969643
-1032.3918943762778 -160.0735546028614
-1030.55735758543 -160.5583447790146
-1029.4104136586188 -160.48326429486275
-1028.1290411114692 -160.26760749280453
-1026.473706638813 -160.31638297572732
-1024.8607441544532 -160.49625004962087
-1023.3257443070411 -160.82306556537748
-1021.6552774071693 -162.0523442490399
-1020.035377895832 -162.55724136665464
-1018.7946612000464 -163.8992885811627
-1017.7392471194266 -165.0043088658154
-1016.7248413920402 -166.3789177401364
-1016.2851203739642 -168.19450621441007
-1015.840242153406 -169.76894299820066
-1015.4906912803649 -171.24470345810056
-1015.4095675557851 -172.6795529587567
-1014.8856334298848 -173.94834773376584
-1014.383138796687 -175.0153990252316
-1014.4319733962416 -176.53694646194577
-1013.9993229493498 -178.17265443637967
-1013.655145047605 -180.09280829265714
-1013.4695395514368 -181.0473038418591
-1013.4975662961601 -182.6104895336926
-1013.5032023027538 -184.06430308654905
-1013.3408403828739 -185.89001147583127
-1013.0654351249336 -187.56811826065183
-1012.7769940927624 -188.95194284752012
-1012.5611521437763 -190.05191080406308
-1012.0743118360638 -191.81638066604734
-1011.6092245712875 -193.35503105953336
-1011.5746586456894 -194.84694914653898
-1011.2440424099564 -196.16960100963712
-1011.1828146710991 -197.78448800876737
-1011.0147697761654 -199.12947850063443
-1011.0637198373674 -201.02633194759488
-1010.7056323572992 -202.83917574718595
-1010.8664378210901 -204.35668186977506
-1010.3225925847887 -205.29581694439054
-1010.1132886096834 -206.69735174015165
-1009.2376328393816 -208.6237016184628
-1009.3348518893122 -210.50045137241483
-1008.6563298985361 -211.8440921767056
-1007.1934839770197 -212.73240362241864
-1005.5455116316675 -213.29103718832135
-1004.3393750473856 -213.6971690519154
-1002.8373856827616 -214.49480246141553
-1001.7591662690043 -214.82196240261197
-1000.0638098999857 -214.98226548865438
-998.7227993294596 -215.65643586352468
-997.012780933082 -216.27969850733876
-995.4436352536081 -216.73735423520208
-994.302283553779 -217.5124457640946
-993.1333828255533 -218.18455131486058
-991.3556655928492 -219.0828676982224
-989.8517989203333 -219.84286470845342
-988.2343819424509 -220.38620062306524
-986.4054302260279 -220.578408883363
-984.8789087817072 -220.51716987922788
-983.776128797233 -220.8768891556561
-982.3235783860086 -221.04675164952874
-981.570941953361 -221.40796253219247
-980.686493782699 -221.27706769242883
-979.3002920433878 -222.0598360015452
-977.9871676251291 -222.10468071833253
-976.4190590664743 -223.1263877762854
-974.9600003048777 -224.5165211571753
-974.0643368050455 -225.95358902350068
-973.4687139078974 -227.32993108168245
-972.2475003287195 -228.47876411810518
-971.2143906638025 -229.85547584429384
-971.4072979375719 -230.72731775179506
-970.5244246408342 -232.22180074587465
-969.6928890034555 -233.5375275029242
-969.015854923427 -234.75314206019044
-968.2877760812639 -236.29288691416383
-967.8044731304049 -237.20145005121827
-967.6112650468945 -238.92380982771516
-967.1544053390621 -240.51128560438752
-967.0217102602123 -241.7757815732062
-967.1240519493817 -243.17073887720704
-966.8417010813951 -244.66221696272493
-966.5877989441155 -246.25498253241182
-966.8884694784879 -247.84459847345948
-967.0449339359998 -248.82052511110902
-967.3985496371984 -250.40184658899904
-967.6527051538228 -252.11774116888643
-967.7112910509109 -253.65018230810762
-968.0795064926147 -255.5500219477713
-967.880068129301 -256.38350969687104
-968.0074933528899 -257.5725992335379
-967.5422942698001 -259.05251187220216
-967.2027003228663 -260.49961680307985
-967.1066439211368 -261.91135078802705
-967.504675990343 -263.5903314961493
-967.522287762165 -265.18077570334077
-967.5798696041106 -266.98183661833406
-967.9027330636977 -267.87112921610475
-968.5959313869475 -268.8233382715285
-968.549337773025 -269.85208130016923
-968.3763556614517 -271.7796754850447
-968.515357120335 -273.4100949777663
-968.7379283145069 -274.52307629719377
-968.65052293092 -275.4848291887343
-968.3556858733295 -276.69601500168443
-967.7483106687664 -277.4746961607039
-968.1076126530766 -279.2342404140532
-967.9765257373451 -280.876510502249
-967.7902411654591 -282.67261612549424
-967.8811239957809 -284.60678601399064
-967.80299872756 -285.9490098966658
-967.8323336303233 -287.05837547913194
-967.5725196063518 -288.94835698738694
-968.1010810792445 -289.6779776825011
-968.7676608026027 -290.87237322464586
-968.7751811057328 -292.22680390015245
-969.2357003003358 -293.42375016346574
-969.0847741574048 -295.14819407597184
-968.785112223029 -295.9497497691214
-968.6331670194863 -297.39766067400575
-969.0441767483949 -298.33234149351716
-969.1698183923959 -299.5802353037894
-969.9290861994027 -300.81771582499147
-971.017820110917 -301.7535396231711
-971.216014316678 -303.3577156676352
-971.7188815385102 -304.65249782934785
-972.5753580838441 -305.7098316563666
-973.5910753518342 -305.8747795237601
-974.2643220931291 -307.1130309714377
-975.4819635659455 -307.3230780078471
-976.0144134074449 -308.0244683934748
-976.6611345320939 -308.9558547450602
-977.6468300133943 -309.5965382768214
