-1077.35 -151.31
-1075.6475704669951 -151.36110454559326
-1073.8256268262862 -152.02531838178635
-1072.2863784790038 -152.55779319763184
-1070.6375080108642 -152.67735092103482
-1068.7096231937408 -152.4751891618967
-1066.8585178613662 -152.99699623644352
-1065.4299788236617 -153.16132230818272
-1063.7047576665877 -153.61388055741787
-1062.3708221673965 -153.8423392599821
-1060.4322448730468 -154.19020785152912
-1059.2608943939208 -153.99324269354344
-1057.522476530075 -153.90141543507576
-1055.9053729534148 -154.03641733288765
-1054.509163713455 -154.46933001041413
-1053.769556081295 -154.42227871477604
-1052.5968594908713 -154.76373012125492
-1050.972277200222 -154.84164620697499
-1049.382394349575 -154.8243143683672
-1048.2323303580283 -155.00392232596874
-1046.5730245471 -155.3240147358179
-1044.730867898464 -155.37281884014607
-1043.7340926289558 -155.10531057178974
-1042.4669198155402 -155.4045930927992
-1040.7954155564307 -154.551244956851
-1039.3568786740302 -154.71375320613384
-1038.0895905852317 -154.89891965448857
-1036.187570130825 -154.99866612017155
-1034.2510593295096 -155.31582213699818
-1033.0459720253943 -154.92927504837513
-1031.228024637699 -155.1425183838606
-1029.7760794520377 -155.52944807469845
-1028.2195979714393 -155.8864251202345
-1026.2837659478187 -155.97892141103745
-1024.970744049549 -155.89988298475743
-1023.7428870558738 -156.22861172020436
-1021.9794857859611 -156.51882533490658
-1020.3135890126227 -157.87858418881893
-1019.159904038906 -159.00256399571896
-1019.0117026031016 -160.8019335693121
-1018.291538542509 -162.53519801557064
-1017.419139510393 -164.46747521817684
-1016.9429546058177 -166.30899147450924
-1016.2814958751201 -167.98076860368252
-1015.7611440479754 -169.5126223987341
-1015.3257284522056 -171.1597696965933
-1015.2032862737774 -172.76418141782284
-1014.7963696852325 -174.42738155782223
-1014.2791053190826 -176.32897810399533
-1013.8039564028381 -178.08126882970333
-1013.5665557220577 -179.7719328826666
-1013.2596497371792 -181.5871458476782
-1012.9714276030659 -183.191033167243
-1013.2656490638851 -185.0350878661871
-1013.0926877692341 -186.76112119615078
-1012.908906443417 -187.8829709714651
-1013.4147479966282 -189.07644705235958
-1013.2791926398872 -190.67697934567929
-1013.3634842023253 -192.36065105855465
-1013.347863434255 -194.29168049752712
-1013.729566989839 -196.15109507501126
-1013.9575509712099 -197.9123535579443
-1013.8497028335928 -199.44873313367367
-1013.8028191760181 -200.7360624498129
-1013.7549342647194 -201.42318908631802
-1013.4509997501968 -203.02057556569576
-1013.1912690237164 -204.63529900968075
-1013.1806399360298 -206.02411775052548
-1012.9492451384663 -207.23183600366116
-1012.9766180947422 -208.80943505227566
-1012.9892426863312 -210.68873469293118
-1012.7416228190064 -212.32892195641995
-1012.6567165240644 -213.6330806440115
-1011.9319098576902 -215.3061000531912
-1010.8998841628431 -216.7470213598013
-1009.7547884568571 -217.79393212258816
-1007.9873164281248 -218.69472501933575
-1007.150873838365 -219.41543362796307
-1006.1693666562437 -219.41155273973942
-1004.2991451606154 -220.06119222700596
-1003.1735164508223 -220.75797571003437
-1002.1687743052839 -221.41301865637303
-1000.8601372823118 -221.56270844995976
-999.7176380738615 -221.60765572026372
-998.7757539138197 -221.4453835053742
-997.3590959891676 -221.9938965602219
-995.5436493739485 -221.98106111347676
-993.6552792176603 -222.17313690245152
-991.8678252086042 -222.4282585209608
-990.3129690274595 -222.58069981396199
-989.3370202168821 -223.08892096340657
-988.4110439404844 -223.74775732815266
-986.7990024670958 -224.31606305897236
-985.1175640210508 -224.46899144113064
-984.3372201904654 -224.67344467103482
-982.7704577431082 -225.15926126897335
-980.9292237743734 -225.34240324556828
-979.7160761341452 -225.5120284086466
-978.1748137459158 -225.47848018020392
-976.5104259237646 -225.8352829119563
-974.6861587747931 -226.83749817818403
-973.695999918878 -227.31768422335387
-972.1788217410444 -228.54888348788023
-971.1922155007719 -229.87531166285277
-970.61601626724 -230.6554843685031
-969.667836485803 -232.24738710135222
-969.1792073234915 -233.9679021140933
-968.8799405083059 -235.7777258655429
-968.3809480950235 -237.17196314543486
-968.2038204059004 -238.8481808206439
-968.2713042259215 -240.45177202433348
-968.6695872902869 -242.04631488531828
-968.077354645729 -243.16122787207365
-967.8023904919623 -244.6873183748126
-967.7353445649146 -246.50759833067656
-967.7416488960384 -247.75931911677122
-967.5352502003311 -248.97491209715605
-967.237499846518 -250.53845017164946
-966.8963641658424 -252.50484793394804
-966.8160939350723 -254.20657568186522
-966.8454274222254 -255.20544665068388
-967.6124540850519 -256.98879735678435
-967.679845637083 -258.8518840572238
-967.9511801064014 -259.94474952429533
-967.9138545826077 -260.8100011846423
-967.9705292008816 -262.02183835715056
-967.8853483520447 -262.94102274388075
-967.405482264608 -264.35412477463484
-967.2303919367491 -266.1743762394786
-967.2045127324759 -267.4273992678523
-966.8469073347746 -268.85910581558943
-967.0834909401833 -270.6875836750865
-967.2520503573119 -272.3819856545329
-966.826196926087 -273.36929517000914
-967.0976325146853 -275.20380740374327
-967.847251342982 -276.9159775277972
-967.4544607572257 -278.2150512239337
-967.207968237251 -279.9297467967868
-967.0697850309311 -281.64293008059263
-966.8231434993445 -282.7679306766391
-967.6783956460654 -284.32065050810576
-968.0718426875769 -285.46307127684355
-967.8048473767935 -286.43102746218443
-968.4393124155699 -287.4561744233966
-968.3212304659187 -288.8134613534808
-967.8366605587303 -290.61790328234434
-967.6331901498138 -291.94189148157835
-967.607424686104 -293.5881813070178
-967.5173180498182 -294.48952900379896
-967.9491415418684 -296.39481042832136
-967.5685381390153 -298.0193220278621
-967.9414439894258 -299.83932815998793
-967.6815040506422 -300.92551301926375
-967.5278217293321 -301.9139284989238
-967.614786902815 -303.3671594759822
-967.4584745414554 -304.219471206367
-967.3529148049652 -305.6948077580333
-967.2468885280191 -307.49137400597334
-967.1680815316736 -308.5453008314967
-967.3117055393755 -309.4357219836116
-967.4207382448017 -311.24799643963576
-967.5378506131469 -312.3515581986308
-967.8393368668853 -313.3355159661174
-968.055649036914 -315.1697440049052
