-1077.35 -151.31
-1076.0654145240783 -152.25806110858917
-1075.2007131338119 -153.12048727035523
-1073.8854067087173 -154.22980409622193
-1072.5668205976485 -155.02430850028992
-1070.693714237213 -154.79429703712464
-1069.1114879608153 -154.63661226391793
-1067.471048927307 -155.2183563387394
-1066.1491844415664 -155.93003102898598
-1064.5438241720199 -155.4470843052864
-1063.0909524917602 -155.72845846176148
-1061.6497074127196 -155.45695158600807
-1060.3879246473311 -155.66186429321766
-1059.3070503234862 -155.78408771514893
-1057.5428424835204 -155.609401730299
-1056.1536705255508 -155.9824418103695
-1054.9160438537597 -155.70664036035538
-1053.588078355789 -155.69867524266243
-1052.4531659841537 -155.8610271191597
-1050.6910226106643 -156.05866998195648
-1049.232231593132 -155.97189727187157
-1047.5549521207809 -155.8744747018814
-1046.0740191698073 -156.07755057275295
-1044.5124201536178 -156.68762247025967
-1042.8955471277236 -156.99690691888333
-1041.1060037374496 -156.85720030725003
-1040.0671614170074 -156.88352654635906
-1038.2041202545165 -156.79362658917904
-1037.4850333094596 -157.54039834201336
-1035.8757281661033 -157.27863631904125
-1034.4265678286552 -157.3586599728465
-1032.543734705448 -157.3621794334054
-1030.7771797537803 -158.0665526738763
-1029.5733467698096 -158.725461756289
-1028.0716090559959 -159.13552225142718
-1027.4110310435294 -159.4403293183446
-1026.1591077208518 -159.07430854946375
-1024.4670299649238 -159.7435338845849
-1023.2813718676566 -160.62893549114466
-1022.2080378890037 -161.07767943054438
-1021.847126340866 -161.43933177500963
-1020.4263882398604 -162.1114849498868
-1019.3959567308425 -163.310727660954
-1018.8315401434897 -164.4457122734189
-1018.0031611084937 -165.18321067601443
-1017.1443823337554 -166.3236740282178
-1017.3450807541608 -167.38675064355135
-1017.5278777092694 -168.35612470418215
-1017.0202338904141 -170.12091893464327
-1016.2619502753018 -170.86899507552386
-1015.5920467585324 -172.48966217547655
-1015.0243058413266 -173.36028987675905
-1014.8836792767047 -174.5300162485242
-1014.9153756782412 -176.22016317158938
-1015.2692307814955 -177.1742148450017
-1014.9669790849089 -178.64764309436083
-1014.5890555664896 -179.96950114279986
-1015.3673361226915 -181.3475421717763
-1015.9901714608072 -183.21468651801348
-1015.9090664595365 -184.27669477969408
-1015.4345795720815 -185.9502649357915
-1015.0892196804284 -187.1278359940648
-1014.8068356722592 -188.72391856223345
-1014.49394710958 -189.84949708491564
-1014.747439226508 -190.60666925221682
-1014.764275214076 -191.45560592919588
-1014.7800201162695 -192.62965029984713
-1014.9378746584057 -193.8928262642026
-1015.125346495211 -195.538440053761
-1015.6531881824135 -197.29687005788088
-1015.1118409767746 -198.9521525552869
-1015.5396735802292 -200.25073451310396
-1015.9433724716305 -202.12225503236056
-1016.1278912261128 -203.31988829880953
-1015.958354486525 -204.87758368760348
-1015.6236688628792 -206.15897316247225
-1015.6320617491378 -207.7651202133298
-1015.8577858204021 -209.12906712800265
-1015.2935848230495 -210.43185359746218
-1014.9818561667576 -211.6073460033536
-1015.1440001124515 -213.03558940201998
-1014.1739593142643 -214.3797511509061
-1013.4860607380047 -215.9917716434598
-1012.0702087873592 -217.44542199879885
-1010.6671240324154 -218.20106250554323
-1009.700062274374 -218.24514323979616
-1009.0217258328571 -218.76417464524508
-1007.3904101246967 -219.0930772176385
-1005.5785177344455 -219.17682206392288
-1003.9948113555088 -219.6320856487751
-1002.6677491063251 -219.71132673829794
-1000.8309909695759 -220.30344953149557
-999.868365942873 -220.61259253829718
-998.206283747591 -221.08444400638342
-996.9645786875858 -221.6022248467803
-995.3568755978717 -221.56468411296606
-994.1208886498584 -221.65774581342936
-993.2960161561145 -221.3881675055623
-991.7899127596988 -221.00712484627962
-990.2632182234897 -220.4503008773923
-988.9282473916187 -219.97241232305765
-987.7067610615863 -219.9968823543191
-986.4793006772175 -219.7871941676736
-984.961317240633 -219.330709104836
-984.15995591823 -219.94615304976702
-982.7770176524295 -220.6705213239789
-980.9865432376041 -221.31079602748156
-979.4385122651233 -221.85323364049196
-978.0194004172458 -222.476807718575
-976.5731642836704 -223.28130555659533
-975.1341713065281 -224.1301513364911
-974.203066288866 -225.0944955995679
-972.8548558348789 -225.8566894581914
-972.2214136118068 -227.21821904689074
-971.8318655485286 -228.5684517672658
-970.834134578146 -229.49699187785387
-970.5373449319973 -231.32582653075457
-970.0256443614139 -232.46206176787615
-970.2225222134962 -233.8241776278615
-970.350866674818 -235.52534819155932
-970.0675252968445 -236.77418280154467
-969.9309028083458 -238.02310061961413
-969.8137483665719 -239.02446675807238
-969.4199704000725 -240.51102424174547
-969.6545688578858 -241.73033452540636
-969.5570741513743 -242.92098188906908
-969.0552062014117 -244.3677579215169
-969.4593823472037 -245.76901400595904
-969.9205881873145 -247.12850630789995
-969.8653283560648 -247.89801902085543
-969.5127435469999 -248.6043011596799
-969.6316783497109 -249.60686737805605
-969.305691368319 -250.85644180089236
-968.9531400868668 -251.74714297562838
-968.6891946265473 -253.3062259605527
-968.5721590066328 -254.82077414304018
-968.8859338009729 -256.5105622461438
-969.5127290928735 -257.61509877949953
-969.075019195117 -259.1835033348203
-968.7927722478285 -260.63116640359164
-969.0714938784017 -261.68356305867434
-968.9738989839329 -263.3674746206403
-968.998773417808 -264.6416879346967
-969.3111483970656 -265.39779222518206
-969.313993907906 -267.1600948622823
-968.6906465062871 -268.90416968375445
-968.9317033210768 -269.7749849012494
-969.3418079832568 -271.00737315922976
-969.7737008253112 -272.57899898797274
-969.2038532415404 -273.71742433816195
-968.7943240920081 -275.1348497322202
-968.441826901771 -276.8377459695935
-968.6395358363166 -277.81280702859164
-968.9374865511431 -279.6716488054395
-968.6736017385497 -280.73589903622866
-968.7986800739541 -282.489664619267
-968.1974228689446 -284.04849392682314
-968.82475513909 -284.96313912183047
-968.5730894276871 -286.20956939965487
-968.9438245365395 -287.03630263119936
-968.7419415334239 -287.9409844329953
-969.2127671459689 -289.5226349285245
-969.3444902071728 -290.547127430737
-969.6637900540604 -292.32141680032015
-969.4737095305695 -293.68668562680483
-969.05890864823 -294.527819519341
-969.0520901301875 -295.930460934937
-968.4211308578028 -297.39385748416186
-968.9294673422351 -298.37161046773195
-968.667142621614 -299.95906407147646
-968.4033478716387 -301.48779279500246
-968.8666448811068 -302.6801069429517
-968.8003500619902 -304.5695007494092
-968.5102857867255 -306.3923230817914
-968.3046953300013 -307.1146453669667
-968.7984084406867 -308.3829038193822
-968.4639400163665 -310.1142987063527
-968.4822313258423 -311.86843479186297
-968.2510489741339 -312.8488061478734
-967.7470472970977 -314.17974150687456
-968.2773665705695 -314.8279525092244
