-1077.35 -151.31
-1076.0996050596236 -152.50207561016083
-1075.243585562706 -153.71753400325775
-1073.8842596769332 -154.34310418128968
-1072.512828207016 -155.0538644170761
-1070.9305693864821 -155.1382342851162
-1069.42664000988 -155.92181834340096
-1068.0298112392425 -156.61498763918877
-1066.3813227176665 -157.1361003792286
-1065.6034726858138 -157.70555767178536
-1064.3674461603164 -158.13786270976067
-1063.5409794807433 -158.14836859464646
-1061.5649010896682 -158.2222805148363
-1060.2281440258025 -158.44613232970238
-1059.5704260230063 -158.84174921870232
-1058.2979758143424 -159.08800500392914
-1056.6491213202476 -159.3259309655428
-1054.9443304896354 -159.45764328300953
-1053.6256080031394 -158.95347626268864
-1052.1712447762488 -158.83438424527645
-1050.814239180088 -158.7619763290882
-1048.9646234869956 -158.8280489718914
-1047.47878960371 -158.93430222332478
-1045.8807083725928 -158.6205307072401
-1044.002798116207 -159.04849733173847
-1042.7099836230277 -159.16134302079678
-1041.8331701517104 -159.38876728475094
-1040.8552995681762 -159.20423537254334
-1039.4143209218978 -159.35943564534188
-1038.2546367406844 -159.62948491930962
-1037.5387566447257 -159.6785676753521
-1036.269577538967 -159.9515417790413
-1035.329211628437 -160.14041775226593
-1033.815308368206 -160.005283472538
-1032.4105016350745 -160.27226319670677
-1031.2127756237983 -160.44664603233338
-1030.1599804520606 -160.71644827485085
-1028.4948472142219 -160.54302139341831
-1027.2391728520392 -160.49960066139698
-1026.4456806540488 -160.58516166865826
-1024.7333313584327 -160.52743886172772
-1023.2354145407676 -160.21844915807247
-1022.1728697180747 -159.30621473252774
-1020.4120328783988 -159.03732229530812
-1018.4406342864036 -159.24147403001786
-1017.9102599978446 -160.14990317583084
-1017.0747251868247 -161.06238168239594
-1016.1454132556914 -161.5006833946705
-1015.9364061862229 -163.23713716626168
-1015.1101649910211 -165.08371767163277
-1014.3027101665734 -166.20942851662636
-1014.034438958764 -167.60761853814125
-1013.8076908200978 -169.26708814263344
-1013.4335582464932 -170.81583830475807
-1012.8546338886022 -172.52982517838478
-1013.0235961586236 -174.30226120114327
-1012.8866432815789 -175.89821228146553
-1013.2853752881288 -177.7124911224842
-1012.6649616271256 -179.60925718903542
-1012.5320569187402 -181.27187058091164
-1012.5304491300135 -183.1845121061802
-1012.8547104973345 -184.67036959290505
-1012.5965727049856 -186.066315022707
-1012.3667685765772 -187.8416199362278
-1012.091264970973 -188.61009493231774
-1012.3037660200148 -190.00478830695153
-1011.9849840778857 -191.69316735625267
-1011.8221135068684 -192.57807472109795
-1011.8085118610411 -194.13867392897606
-1011.3339659053831 -195.76247706770897
-1011.4799316007643 -197.40457775950432
-1011.4012731540947 -198.36487450957299
-1011.0772055614739 -199.5763116157055
-1010.9033104706555 -201.17541697382927
-1011.2699395943432 -202.3948008096218
-1010.8699520755558 -203.4624485051632
-1010.8910951245575 -204.3414077436924
-1010.7408840734511 -205.7443151152134
-1010.7559635717421 -206.80459996819496
-1011.18367648907 -208.50516649842262
-1011.7826190073042 -209.1979093825817
-1011.3608601767569 -210.96763863921166
-1010.7862416584044 -212.4460737979412
-1010.055778511241 -214.25607397913933
-1009.7742534358053 -215.532098082304
-1009.5621116835623 -216.90435829520226
-1008.1058667380362 -218.12335148215294
-1007.3562850434332 -218.74839660286904
-1006.0379986245184 -219.39516708016396
-1005.1837995726614 -219.93611785531044
-1003.7410343367605 -220.34243854641915
-1002.503895350173 -220.4362716948986
-1000.8819536644965 -221.12181105971337
-999.6561029631644 -221.05035422503948
-998.6275653321295 -220.83381597459316
-996.8236219365149 -221.40152774512768
-995.2587542016058 -221.8452803915739
-993.6403026062994 -222.34725139796734
-992.7261852104216 -222.48427748441696
-991.771221109107 -223.0129584646225
-990.2283793170004 -223.53113591432572
-988.5061411339789 -223.03603198885918
-987.3309680897742 -222.70216113090515
-985.8815961558371 -223.31492346286774
-984.4509357888251 -223.24466229736805
-983.0480955321341 -223.7927591329813
-982.102153487876 -223.5913456505537
-980.6393268782645 -223.96686811506748
-979.0509172160178 -224.7640908485651
-978.2555578429251 -224.6471992558241
-976.6914175231009 -224.74012122809887
-975.3905826289206 -225.75258861243725
-974.0138279873877 -226.83880601584912
-973.3378438431769 -227.87004039943218
-971.9802967984228 -229.22632513701916
-971.0645265061407 -230.68930361926556
-970.6599332172423 -231.87664423644543
-970.4269303757696 -233.55256198108196
-970.289550699666 -234.4750838702917
-969.9874191064387 -236.1286188787222
-969.5050138015299 -236.9738513058424
-969.184269972518 -238.55782817065716
-968.9842965830117 -240.16708801448345
-969.3669845391064 -242.06259034335613
-969.0666254986077 -243.78406701743603
-969.0463728256523 -245.54672346770764
-969.393284613639 -247.31300960242748
-969.5949315078556 -248.32079718768597
-969.3391171641647 -249.36529360473156
-969.4326757661997 -250.8018133467436
-969.3593050710856 -252.5674269026518
-969.7724731437861 -254.44407509028912
-969.9995290212332 -255.21235148370266
-969.3356155328452 -256.52069537103176
-969.2653280071913 -257.46864656865597
-969.4881158195435 -258.97052030026913
-969.3744398675858 -260.71659759938717
-969.027962180227 -262.14567057549954
-968.9576266281306 -263.1939216083288
-968.5761124663054 -264.93864707410336
-969.1013224892317 -266.825230640769
-968.748061107844 -268.3750727599859
-968.3066442482173 -269.6346265500784
-968.1923124291002 -271.055538815856
-967.5894419647752 -272.7294511026144
-967.4130566962062 -273.71690563619137
-968.0444565661251 -274.8702484792471
-968.1567063055932 -276.34228019177914
-968.195360584557 -278.2663505500555
-967.7988368108868 -279.8166083520651
-968.4419828489422 -280.6691909259558
-968.8992855682968 -282.16349629819393
-968.9097098153084 -283.2318332618475
-968.30925363712 -284.78833047807217
-968.2035613920539 -286.5611606067419
-968.5929083194583 -288.0193387693167
-968.4308120276778 -289.48225132882595
-968.7674325671046 -291.13877539098263
-968.6814306568353 -291.9401388591528
-968.3605504225939 -293.60730604588986
-968.0471348356455 -294.44446842134
-967.6296251010149 -295.38433204352856
-968.4512689303606 -296.76094983279705
-968.5206111710518 -298.2939185923338
-969.4042220156639 -299.4643672531843
-970.0860898535698 -300.97004781425
-970.5844796042888 -302.5684935873747
-970.9563530724495 -303.3327356404066
-971.2422334592789 -304.25777201116085
-971.9476816099136 -305.52255610883236
-972.207271162793 -306.7809421247244
-972.475637916848 -308.07191149652004
-972.8777416091411 -309.15320794045925
-972.6475304257124 -310.93877617776394
