-1077.35 -151.31
-1075.9344390392303 -152.0775787806511
-1074.2460664272307 -152.77703845262528
-1072.5034149646758 -153.27642437577248
-1071.3860919237136 -153.72748628020287
-1069.4908346891402 -153.73986565828324
-1068.125809764862 -154.21087646245957
-1066.634451007843 -154.60961454868317
-1065.5048696756362 -154.78901564836502
-1064.1708738565444 -154.8420596396923
-1062.5824467897414 -154.99180033564568
-1060.8233245372771 -154.6190832233429
-1058.9720548152923 -154.6981504535675
-1057.0835383892058 -155.03833293676377
-1055.2881372928618 -155.4766738986969
-1053.3758769989013 -156.32016652584076
-1051.5443562030791 -157.23454677820206
-1050.375754213333 -157.97875940561295
-1049.0570848941802 -158.67000472307205
-1047.2518654823302 -159.31277644395828
-1045.3555022239684 -159.82763343811035
-1043.7162478923797 -160.05620652198792
-1041.8410242557525 -160.38795497775078
-1040.023873901367 -160.7000159597397
-1038.1593889951705 -160.9973017847538
-1036.3773106098174 -161.3147084391117
-1034.8259497642516 -161.49299934267998
-1032.999348258972 -161.07504310965538
-1031.7319193840026 -160.9954508817196
-1030.2734443902968 -160.65272906184197
-1028.4942971229552 -160.60486042261124
-1026.8677934169768 -160.25728028774262
-1025.185126042366 -160.28304165363312
-1023.5213017225265 -161.2914873933792
-1021.7752513647079 -161.88784539461136
-1020.7404504776 -163.12044083833695
-1019.091844177246 -164.40249407052994
-1018.0358961582183 -166.12223326921463
-1018.1141859650611 -167.51862942934036
-1017.3220059037208 -169.15105497598648
-1016.5148961901664 -171.01435053110123
-1016.1731712281703 -172.3952033495903
-1015.445214575529 -173.96847319364548
-1015.7810685694217 -175.74407207727432
-1015.904400935769 -177.44688653707504
-1015.897702403739 -179.1984374499321
-1015.4600004632025 -181.06585240125656
-1015.3280255574732 -182.97226357221604
-1014.8174267787485 -184.92199563741684
-1014.9548887837677 -186.5266067957878
-1014.8241715658455 -188.18103861570359
-1014.9384933862834 -189.63250660657883
-1014.7332091186195 -191.4415924525261
-1014.1820454452186 -193.23033618688584
-1013.248903498426 -194.92085361242295
-1013.0928162787109 -196.47503995656967
-1012.626933113113 -197.66337954759598
-1012.3413754556327 -198.91756665468216
-1012.2861630845814 -200.32601606607437
-1011.8507336307316 -202.27361190080643
-1011.4872631955891 -203.3239794945717
-1011.433036975935 -205.18470942735672
-1011.2814556587487 -206.87587582826615
-1011.064856924489 -207.89145409822464
-1010.7213935930281 -208.99204218149185
-1009.8316568214445 -210.3071793293953
-1008.7043215114622 -211.09054958581925
-1007.1586191732436 -212.17219483613968
-1005.3357212621718 -213.26824736356735
-1004.3511689979582 -213.81337648391724
-1002.6555557329207 -214.1951130604744
-1001.4975526411085 -215.32037245988846
-1000.43234587498 -216.20892637729645
-998.8259385902434 -216.86520713329315
-996.9064163047819 -217.4001792049408
-994.958326466754 -217.87187409162522
-993.5887932855635 -218.08794629335404
-992.1762076694517 -218.17859875172377
-991.3933940608053 -217.8685945174098
-990.6129054505377 -217.21841006487608
-988.7211822945624 -216.84453593701124
-987.0741486031561 -216.96313632041216
-985.2396929938345 -217.3631965866685
-983.6226982552557 -217.00918287545443
-982.4973818738013 -217.725462680161
-981.5660448748617 -218.1472407630086
-979.9268772084265 -218.28688368707896
-978.4463552910834 -218.7064708223939
-977.8424047905951 -219.6519800773263
-976.7192029435187 -220.90728906303644
-975.5321762043982 -222.3614665618539
-974.662153013423 -223.60113660007715
-973.4995583374052 -224.91371658951044
-972.3255124170332 -226.10777739197016
-971.4342714030295 -227.45887128025294
-970.4646281678229 -228.91383269935847
-969.8942738849669 -230.55824235588312
-969.3498497683554 -231.68231323868036
-969.5755145628004 -233.6055350652337
-969.6456035677343 -235.33392492443323
-969.585017793253 -237.04255572468043
-968.8225716281681 -238.5865562310815
-968.555908762291 -240.01450673252344
-968.3983130980282 -241.02949718147516
-968.7931785214691 -242.746528660357
-968.2496761906891 -243.97661665588618
-968.9283543456345 -245.74166158348322
-968.5768498707562 -247.43674544006586
-968.0087951947003 -248.27536717563868
-967.6230316687374 -249.85880211502314
-967.811935179308 -251.36418334156275
-967.4568750489502 -253.2590151181817
-967.7562226880341 -255.18215743213892
-967.2095650661736 -255.92913261562586
-967.7856766212731 -257.42603543907404
-967.3162265051155 -258.79619816452265
-966.9737414646893 -260.12727550178766
-966.6598591733723 -261.5906046977639
-967.1746483970433 -263.0546911111474
-967.075116001442 -264.91892579704523
-967.8960494626313 -266.81499699264765
-967.8279897052794 -268.1343177905679
-967.9799380082636 -269.4532381644845
-968.0145772326737 -271.19781056553126
-968.6278686154633 -272.230969940722
-968.8021088767796 -273.61155012756586
-968.2191063094883 -275.41013303905726
-967.6910207200795 -277.0442043891549
-968.0332520533352 -278.267001067698
-968.1719116497784 -279.477099095881
-968.5384882915764 -280.7814784398675
-968.4942134622484 -282.12749115139246
-968.2079901102929 -283.6239588609338
-968.1029118824749 -284.9424584260583
-967.95850016959 -286.0242982259393
-967.7481364239006 -287.78107169777155
-967.6832048226147 -289.62481394916773
-967.6615536887198 -290.4394874921441
-968.022186942771 -292.12006560474634
-967.5341928679495 -293.52991953998804
-967.5617147911339 -294.81992307811976
-967.5395335335284 -296.34255412727595
-967.5939380977302 -297.68862203270197
-967.2596306953578 -298.7403533807397
-966.9242898080497 -300.23532370239496
-967.0742217753082 -301.67740992218256
-967.6262416098266 -303.4474575868249
-968.4345478270202 -304.3179675093293
-968.5052412007003 -305.8417703858018
-968.9118499610572 -307.53859970480204
-970.152605042234 -308.26922902971506
-970.7897620055824 -309.0190919390321
-971.1008917544036 -310.30288193136454
-971.3624067757278 -311.5795064917207
-971.5515832755714 -313.1173320761323
