-1077.35 -151.31
-1076.0591970443725 -152.92526465415955
-1075.6161651968955 -153.93872242927551
-1074.2361083388328 -154.79881018161774
-1072.3370473742484 -154.80263441562653
-1071.5657138586043 -155.11544859170914
-1070.657548046112 -154.87480760872364
-1069.033354616165 -154.9351260638237
-1068.280857002735 -155.4275628900528
-1066.6688334107398 -155.40780475497246
-1065.8980746626853 -155.82189079880715
-1064.035722887516 -156.13611280679703
-1062.6489665865897 -156.5679483985901
-1061.6416073203086 -156.85858821630478
-1060.5037830233573 -156.9467001235485
-1059.2463702321052 -157.08594101428986
-1057.8850920557975 -156.96983225405216
-1056.2718634963035 -157.0840232422948
-1055.3302842736243 -157.6061692288518
-1054.001503264904 -157.46524262934923
-1053.2499254107474 -157.99129170686007
-1052.1673393607139 -157.61002001672983
-1050.6655671954154 -158.06126487761736
-1048.861746585369 -158.61008036643267
-1048.0429998397826 -158.4710512509942
-1046.5483190774917 -158.3587459525466
-1045.720360136032 -158.45314760267735
-1044.1873334407805 -158.90375329315663
-1042.5417060613631 -159.1601736074686
-1041.6003893375396 -159.17690828204155
-1039.6944912433623 -159.621953663826
-1038.7182185411452 -159.98704272270203
-1037.979048705101 -159.39963364362717
-1036.8488684654235 -158.99399542570114
-1036.15246001482 -158.28703689336777
-1034.816116130352 -158.84560715913773
-1032.893855845928 -158.65324118494988
-1031.336336648464 -159.17768981814385
-1029.9234248757361 -159.0860609611869
-1029.1479604005813 -159.21629295259714
-1027.9308750391006 -159.54809541016817
-1026.7811553239821 -159.52945161372423
-1025.6775909423827 -159.92315233260393
-1024.0386262893676 -159.673555110991
-1022.2575950384139 -160.4750368347764
-1021.2557818651198 -161.6837212792039
-1020.1876241922378 -161.84668240457773
-1019.310673213005 -162.59469363600016
-1018.4373197913169 -163.78564283758402
-1018.4575838506221 -164.82195327192545
-1018.0181331098079 -165.91592667013407
-1017.3331977784633 -167.27812168508768
-1017.3065483033656 -169.1139950504899
-1017.4765392452477 -170.61893794447184
-1017.1243933349847 -171.545891379416
-1017.1433344542979 -172.87565288454294
-1016.7714520454406 -174.21980760008097
-1016.370479440689 -176.07006559282542
-1016.0670181274413 -177.15080509096384
-1016.3076397389173 -178.03158578783274
-1016.7632631868123 -179.45609793573618
-1016.2015447229146 -180.79854557424784
-1015.9436193019151 -182.14637598901987
-1016.1585274547338 -183.9918153038621
-1015.7798246353864 -185.40791330248118
-1016.3370419949292 -186.76146790891886
-1016.2390828937291 -187.83603141218424
-1015.7762669831513 -189.7322036972642
-1015.8743774205445 -191.63348278909922
-1016.3414016276597 -192.87746641546488
-1015.9690685182809 -194.21620509535074
-1016.3121658474206 -195.45165119081736
-1016.4067533597349 -196.28252175956965
-1016.5324712380766 -197.1968214264512
-1016.6789760872721 -199.11803564935923
-1015.9376851603388 -200.89801642805338
-1015.6234398469328 -202.3520312061906
-1015.9506578430532 -204.03186318784952
-1015.8632104381918 -204.75853953272104
-1016.6922034606337 -206.0822967043519
-1017.1746171995997 -207.712258194983
-1018.0320322796701 -208.7934213629365
-1019.183673171699 -209.61735609680414
-1020.0788567349314 -209.8037684610486
-1021.3246211096643 -209.78036350518465
-1022.0564801380037 -210.5688808014989
-1023.386384217441 -211.18642610818148
-1025.1278280898928 -211.13870051637292
-1026.1307363197207 -211.28491246834398
-1027.37640902251 -210.98408442869783
-1028.4848267719149 -211.1506959809363
-1029.8009665891527 -210.72950595751405
-1031.3725298330187 -211.09652322664857
-1032.307931511104 -212.5067430151999
-1033.7474292203783 -213.58732181921602
-1034.942289917171 -214.98521787062288
-1036.3931284829973 -216.00515586271882
-1037.359237281978 -216.8337957276404
-1037.6992447659372 -217.27475702896714
-1038.6622398182749 -217.8659315122664
-1039.3477037236094 -219.1136394752562
-1040.638093023002 -219.7244484438002
-1041.0374025687574 -220.72542083397508
-1042.0047551974653 -221.90976297989488
-1042.4838246688246 -223.08405542507768
-1042.1895110890268 -223.8946118964255
-1042.7607295200228 -225.31943422690034
-1043.3908473536371 -226.35488730803132
-1043.9816770240664 -227.27263808384538
-1044.253567008674 -228.76230847969651
-1044.7056549176573 -229.78356278076768
-1045.0354346618055 -230.82285046711564
-1045.087757720053 -231.89379382267595
-1044.8537480816244 -232.77726739779115
-1045.1741116032003 -233.55769884720445
-1044.746385155618 -234.65503442421556
-1045.017312823236 -236.3859828723967
-1045.4123379275202 -237.54749155178666
-1045.3490534707903 -239.06741893425584
-1045.5682983532547 -239.88158524170518
-1045.6986027196049 -241.6988128437102
-1045.235156609118 -243.3015787614882
-1045.2569491401314 -244.17623394861818
-1045.4435775861143 -245.225748719126
-1045.403691316396 -247.06048554316163
-1045.024933541566 -248.13720804587007
-1045.5582456834613 -249.80505973234773
-1045.6590635947882 -250.94451981917024
-1045.4330096118151 -252.13120895758271
-1045.1331233553587 -253.51904541388154
-1044.639197783917 -254.87004345789552
-1045.11958970353 -256.66148752108217
-1045.2602284424006 -257.92010086908937
-1045.5018827490508 -259.35622853174806
-1045.761484133452 -260.458778680712
-1046.0541440717875 -261.57244354620576
-1045.7553394906222 -262.514485360533
-1045.6674523897468 -263.8240600837767
-1045.6075644440948 -264.78354692593217
-1045.1798811502754 -266.3842589868605
-1045.1847350694238 -267.1980431689322
-1045.28118603155 -268.08520871534944
-1045.0102457277476 -269.65994173422456
-1045.3812137715518 -271.52529603376985
-1045.3443783208727 -272.6751295937598
-1045.5703711643814 -273.87224942579866
-1045.6600231587886 -275.17604595556855
-1045.1970861315726 -276.85469299688936
-1045.2879867240786 -277.5192327512801
-1045.490262581408 -278.6699025644362
-1045.322084365785 -279.9283062233031
-1045.1741678997873 -281.172133089453
-1045.1367888733744 -282.77921986714006
-1044.793368397653 -283.8225405229628
-1044.2887251362204 -285.6931840194762
-1044.2838020980357 -287.3340882076323
-1043.6976019203662 -288.4711493267119
-1044.4173939883708 -290.43069207802415
-1044.3117414176463 -291.8522629751265
-1044.416541045904 -292.6564189209044
-1044.5508350640534 -294.4597467197478
-1044.154973617196 -295.936805011183
-1044.1482132062315 -297.7063157571852
-1043.4267796263098 -298.8975636972487
-1043.4503607437014 -300.5223066820204
-1043.3413972243666 -301.7049334062636
-1042.4107480630278 -303.05706441536546
-1041.3135562524199 -303.81983149185777
-1040.6526638254522 -305.10061526432634
-1040.060637949407 -306.1950207962096
-1039.2652795895933 -307.23383486405015
-1038.3233603820204 -308.8314492715895
-1037.8118799313902 -309.1768310083449
-1036.3061094865202 -310.000556589514
-1035.2305031403898 -310.38235092297197
-1034.4342866525053 -310.8462379588187
-1033.8212402448057 -311.8165804757178
-1032.1335204228758 -312.2266487492621
-1031.013424693048 -313.41160518065095
-1029.9087719306349 -313.4686593426764
-1028.7317383870482 -314.55194956198335
-1027.7046216115355 -315.8778869523108
-1026.4278340920805 -316.55109483137727
-1025.3675839290022 -317.89158016577363
-1023.986381946504 -318.3567103756964
-1023.1074172243475 -319.67843169108033
-1021.6004499182104 -320.9085040701926
-1021.212421773374 -321.6242411150038
-1020.1953408703207 -322.3499400629103
-1019.259495435655 -323.4043527854979
-1018.0465849027037 -324.67596912518144
-1017.6591051802038 -325.9109072698653
-1015.9372996076941 -326.42870515719056
-1015.0109065756201 -326.6453804089129
