-1077.35 -151.31
-1075.4434834480285 -151.2525720795989
-1073.5514620304107 -151.07541381329298
-1071.6262901782989 -151.10311840049923
-1069.9097352981566 -151.64707295171917
-1068.6831550359725 -152.06317071191967
-1066.8538067102431 -152.30199674837291
-1064.9047350645064 -151.86039407126606
-1062.9939990997314 -151.95819524995983
-1061.1837379693984 -152.3534958767146
-1059.9220323324203 -152.61484993569553
-1058.028352355957 -153.00266743771732
-1056.1779000520705 -153.41589875094593
-1054.2398354768752 -153.42439288966358
-1052.6569857358932 -153.1930902259797
-1050.8285093069076 -153.02224486641586
-1048.9280026912688 -153.05430677108467
-1047.319484090805 -153.4954638736695
-1045.535068130493 -152.93299331836403
-1043.6966614484786 -153.04399814777076
-1041.786106801033 -153.34328621201217
-1040.128813958168 -153.31760656408966
-1038.773692345619 -153.65147816710174
-1036.9338772058486 -153.87534105353058
-1035.620170688629 -153.09710633330047
-1033.9651475906371 -152.9747889893502
-1032.113215303421 -153.01535228960216
-1030.3053716182708 -153.3151450561732
-1029.1479782819747 -153.16814262740314
-1027.2206151247024 -153.31784824602306
-1025.258447742462 -153.64013818971813
-1023.6179479122161 -153.99378253094852
-1021.8664096355437 -153.66886399261654
-1020.7607589721679 -153.6928725349158
-1018.9715934753417 -153.4535366999358
-1017.2173028945922 -154.39950306288898
-1015.4741993904113 -155.69614691607654
-1014.8255997657775 -156.87931246630848
-1014.0396128654479 -158.73224539630115
-1013.4754445910453 -160.184752772972
-1012.8370807528495 -161.80757803790272
-1012.2170410513877 -163.61672134272754
-1012.3245030850171 -165.35564358107746
-1012.3871594056486 -166.63574154250324
-1012.0628786072134 -168.05512959830463
-1012.4040946349501 -169.3911050068587
-1011.8559133991598 -170.78174204699695
-1011.7605245023965 -172.4152372585982
-1011.9214719742536 -174.36327965132892
-1011.7883456259965 -176.0214169728011
-1011.6278124958276 -177.90632827155292
-1011.3426171451806 -179.34680659644306
-1011.1008428394794 -181.20510847441852
-1010.732515579462 -183.03556198947132
-1011.378389185667 -184.30454976432026
-1011.2821471750735 -185.70854301325977
-1010.8563829720019 -187.28931588999927
-1010.4005298078059 -188.90232438914478
-1010.1458921194076 -190.07613689772785
-1009.9306596279143 -191.98224336974323
-1009.866479641199 -193.3187607037276
-1010.6432949364184 -194.31465465895832
-1011.2531677544116 -195.35225458018482
-1010.7928896307944 -197.18387002818287
-1010.6800094753503 -198.50380296580494
-1010.5472355395555 -200.02726216189564
-1010.370654246211 -200.90744693152607
-1010.1883227437734 -202.4351759659499
-1010.2814343184232 -203.63016469351948
-1010.5903904646634 -205.34449381701648
-1010.3367831021546 -207.06638593547046
-1010.6052974969148 -208.6928343283385
-1010.2945763379334 -210.43307824008167
-1009.9071406930684 -212.32188505999744
-1009.5684940725564 -213.6321973311156
-1009.3968337684869 -214.91521746985615
-1008.570728829503 -216.19964988105
-1007.4704087287187 -217.12397963874042
-1006.9011719137429 -218.260436366722
-1005.9434790521859 -219.1033180462569
-1004.9526030927896 -219.6893240915984
-1003.5124510437249 -219.8367885159701
-1001.5799916893243 -219.59656764142215
-999.7368529945611 -220.03613794915378
-998.00736939013 -220.69575346581638
-996.4813212066888 -220.99287886492908
-995.7190387159585 -221.56138248316944
-994.0645242840051 -221.94197709433735
-992.7418818384408 -222.33562750689686
-991.2867256313561 -222.51673240534961
-989.8700925022363 -222.21448997728527
-988.2165547519921 -222.14074247650802
-986.4830651193856 -222.556775386855
-985.3752310186624 -222.40378240816295
-983.5895272403955 -222.75623051397503
-981.7652841717004 -222.9918977277726
-980.6186495929956 -222.72655370406807
-979.591475239396 -223.6586855905503
-977.777772656083 -224.30650797061622
-976.6826425701379 -224.54663055710495
-975.2385746151208 -225.02600132994354
-973.7054041534661 -226.0917841153592
-973.1931952744721 -227.69567906431854
-972.2700604110955 -228.25891685061157
-971.4856043964623 -229.60653352312744
-971.0701230078935 -231.01561927370727
-970.0579065591096 -232.9186769681424
-969.6897244662046 -234.61753201059997
-969.3551649361848 -236.30996965937317
-968.8787267714738 -237.56011390261352
-968.3383914142846 -239.26457356981933
-967.7386461406945 -240.46624016337097
-967.3824600189923 -242.34508072905243
-967.1154933780431 -244.2087374883145
-967.2361281126737 -245.74448692373932
-967.0661974310874 -247.10231327585876
-966.7969112455844 -248.93507396750152
-966.6268996357917 -250.22896647028625
-966.9732683062552 -252.1580862956494
-967.6099133849143 -253.205028648898
-967.6686342492699 -254.7622487502545
-967.290793968737 -256.01973568968475
-966.8364651337265 -257.333095427081
-966.7099903061985 -259.076503630206
-966.6320591703056 -260.278404231593
-966.9034966960548 -261.0872033791989
-967.1352071896195 -262.31914543680847
-966.9638732656836 -264.0788971143216
-966.5746677502989 -265.697619195506
-966.8456512674688 -266.9002237277478
-967.367140649259 -268.2627872186154
-967.1341072157024 -270.06426298193634
-967.4753173425793 -271.8206144528836
-968.0732189849018 -273.1820682244748
-968.3366980984806 -274.3989584403485
-968.5618039801716 -275.7201560693234
-969.0599166288971 -277.2594321923703
-968.8293503507971 -278.94986486010254
-968.6406036749481 -280.2243887143582
-968.9561281338333 -281.1247189002484
-969.0041947573422 -282.7458984809369
-969.2830066889524 -283.93809711508453
-969.1304682105779 -285.6013052421063
-968.6174490660428 -286.9762176232785
-968.4963136523961 -288.4628044324368
-968.7310452073812 -290.3256297069043
-968.1803891271352 -291.9704664903134
-968.6723941475152 -293.68986737303436
-968.3267138510942 -295.0287286000699
-968.2088318079709 -295.8216875153035
-968.502473732829 -297.7454234915227
-968.1285178571939 -299.2531430082768
-968.0307969361543 -300.3686230736226
-968.3084714621305 -302.26587432198227
-967.9448759764432 -303.8606623964757
-967.4205818980931 -305.1200810032338
-967.3981848418712 -306.8305836277455
-967.930245643854 -307.5368732767552
-968.3292255163192 -308.7048501329869
-968.6290368795394 -310.03039282135666
-968.1089914798736 -311.33512466721237
-967.5723079204558 -313.00574630074203
-967.2413646936416 -314.37251811794937
-966.8113802433013 -316.1725805359334
