-1077.35 -151.31
-1076.0855748414992 -151.0017501091957
-1074.460778570175 -151.70035135507584
-1073.4081984519958 -152.06556081533432
-1072.0398560523986 -152.1146364635229
-1070.0739812612533 -152.47738612949848
-1068.6299903154372 -152.32234649121762
-1066.7666742563247 -152.81062392652035
-1065.0976068735122 -152.35124633967877
-1063.732960319519 -152.43833550572396
-1062.5863234758376 -152.91622867941857
-1060.774033164978 -152.99773792684078
-1059.8471486330031 -153.30605678021908
-1057.9043426275252 -153.34628370165825
-1056.0292389154433 -152.8376918709278
-1054.5431484937667 -152.5659106051922
-1052.9494800329207 -152.16636994242668
-1050.9916078805923 -152.2461180216074
-1049.0883260726928 -152.54819310963154
-1048.0158897399901 -153.10189981520176
-1046.2595818996429 -153.20870862662792
-1045.0744907617568 -153.16322700440884
-1043.1673516988753 -152.95294627308846
-1042.4146830201148 -152.8464751443267
-1041.3806881070136 -153.334450622499
-1039.7507106423377 -153.63263236492872
-1038.3605536580085 -153.23758809775114
-1036.5524057507514 -153.27694988757372
-1034.723003900051 -153.7053149393201
-1033.3132291197776 -153.559767459929
-1031.9795422911643 -153.85393301159144
-1030.5080540537833 -154.19695503026247
-1028.9548251986503 -154.15174195677042
-1027.95432690382 -154.3378730019927
-1026.097958600521 -154.5844187042117
-1024.5037308096885 -155.41272222012282
-1023.6255109071731 -156.1207364103198
-1022.6049391984939 -157.43436556071043
-1021.1817106962203 -158.77265756338835
-1020.1611308813094 -160.0198880931735
-1019.6970821082591 -161.75978403300047
-1018.4078629672526 -163.3445802232623
-1017.6968565642833 -164.57025139540434
-1017.0165165126323 -166.18091755121947
-1016.3070646584033 -168.14076237887144
-1016.5939075708388 -169.54917841166258
-1016.4968670815229 -171.5196393033862
-1016.3259071916341 -172.9677163860202
-1016.0695625156163 -174.86176412314177
-1015.4883095234632 -176.64844124525786
-1015.6159722715615 -177.75823514670134
-1015.9211312443017 -179.53162794321776
-1015.2770932227372 -180.3124660155177
-1015.0087635129689 -182.17978464573622
-1015.1383984297513 -183.81625114887953
-1015.3504955530166 -185.48317157238722
-1015.2774874776601 -187.36282907932997
-1015.3124867886304 -188.98253678292036
-1015.1250819176435 -190.86820124596358
-1014.6892034023999 -192.435490359962
-1014.2179016679524 -194.1684347292781
-1014.1769389271735 -195.72753535717726
-1014.2321051716804 -197.32446466892958
-1014.3803384661674 -199.10182689636946
-1014.1970111638307 -200.26028942078352
-1014.4555211871862 -201.62623678654433
-1014.2222925037145 -202.83272229641676
-1013.9557492941617 -204.1982175013423
-1013.6932730287313 -206.02899967640639
-1014.2303800791501 -207.5985441109538
-1014.1765594393014 -209.3205468556285
-1014.6940085798501 -210.80563615769148
-1014.6916973799466 -211.8554817339778
-1014.8229529768228 -213.57280706375838
-1015.1215099602937 -215.13085435837507
-1016.3887948304414 -216.0191110870242
-1017.1450421124696 -217.29854028433562
-1018.0728232771157 -217.44639467209578
-1019.5648864418267 -217.98158537358046
-1021.3746708542108 -218.06722631067038
-1022.3960695177316 -218.20395851641894
-1023.6519263893365 -218.33633874863386
-1024.674224486947 -218.90501545876265
-1025.3442796379327 -219.3160534402728
-1027.06607555449 -219.98442928999663
-1028.7685325056314 -219.94339111953974
-1029.6289054661988 -219.87738851964474
-1030.8212329655885 -220.1859499937296
-1032.5635897427796 -220.78239889204502
-1033.9056913167237 -221.40082652628422
-1035.521353176236 -221.7216882532835
-1036.442459514737 -221.82150546222925
-1037.938063314557 -221.9066536924243
-1039.3125916033982 -222.8660203716159
-1040.3506783753633 -224.2690988084674
-1041.1931525379418 -225.71165757387877
-1041.42694016397 -226.44088416308165
-1041.4195940703153 -227.6191918155551
-1042.074125728011 -228.93389289587736
-1042.7104111522435 -230.69058435171843
-1042.5909272044896 -232.58130829542876
-1042.293051174283 -234.15121131151915
-1042.3115100473165 -235.88163237780333
-1042.1882936567067 -236.95918767660856
-1042.094878515601 -237.74153762072325
-1042.1653225928544 -239.36262803286314
-1042.5612148851155 -241.03869991511107
-1042.7358336359262 -242.65045147150755
-1043.0122748225926 -243.74075596541167
-1043.2731195896863 -245.0955260297656
-1043.6831556767224 -247.01768999308348
-1043.4135481923818 -248.567857196033
-1043.7241322010755 -249.8981339237094
-1043.6766757577657 -251.35899679869414
-1043.3270431667565 -253.23138325423002
-1043.1271486490964 -254.9017196199298
-1043.6697895139455 -256.5464422008395
-1043.2712333709 -258.4484609863162
-1043.2088936775922 -260.11037795752287
-1043.3745999991893 -261.9574224254489
-1043.6558655560016 -263.850097348392
-1043.8746101915835 -265.4833344718814
-1043.8067916691302 -267.08342926710844
-1044.3313894331454 -269.02037840098143
-1044.2225591003894 -270.190082719028
-1044.9354944884776 -271.88319509238005
-1045.079983717203 -273.73274271696806
-1045.360206669569 -275.577990462482
-1044.867041325569 -277.2757051488757
-1045.0885459095239 -279.1974237462878
-1044.3898094207048 -280.85578065127135
-1044.0812466055154 -282.4700023433566
-1042.7077238470315 -283.98278730124235
-1042.2114440113305 -285.631612469852
-1042.0066216945647 -287.3990785381198
-1041.3479866743087 -288.9601320526004
-1041.1993973016738 -289.988547732532
-1041.1415746867656 -291.76017909258604
-1040.7080184578895 -293.6000128290057
-1039.8297840118407 -294.94872610777617
-1039.2288660764693 -296.1829753419757
-1038.7354382932185 -297.7689096233249
-1038.3361396849155 -299.1996462842822
-1037.958993500471 -300.1649873754382
-1037.9274946659802 -302.05040292948485
-1037.4479102700948 -303.90167002886534
-1037.6528308302163 -305.62319462507963
-1037.239173939824 -306.91691630095244
-1037.0827648848294 -307.9811506769061
-1037.2113800257443 -309.5336765548587
-1036.8992303222417 -311.1495551368594
-1036.2932073682546 -312.01196276158095
-1035.653116545081 -313.1182168623805
-1034.4068104833364 -313.67609034985304
-1033.061546525359 -314.16929688066244
-1031.7029933542012 -313.9530472061038
-1029.923227033019 -314.01368031412363
-1028.7249673217534 -314.3023543408513
-1026.879926046729 -314.39602759987116
-1025.4609367460012 -314.2439139238
-1024.681503972411 -314.7481156936288
-1023.1774901956319 -315.465584551394
-1022.1863160938024 -316.0305271497369
-1021.1188827365636 -316.2261144271493
-1020.211614152789 -316.25841495901346
-1018.4116952627896 -316.78622141987086
-1017.0187924116849 -317.4526929011941
-1016.0159225672483 -317.93132827192545
-1015.0761385172605 -319.1221874704957
-1013.6886884182691 -319.77297923475504
-1012.9849333971738 -320.2721446803212
-1011.9360331505536 -321.00505728036165
