-1077.35 -151.31
-1075.8425361871718 -150.82135644316674
-1074.3488337755202 -151.13823929190636
-1072.8257363796233 -150.76389366149903
-1071.6051790475844 -151.1047289943695
-1070.8406575679778 -151.30956595897675
-1069.859532213211 -151.0676940357685
-1068.3938411235808 -150.85163563251496
-1067.01444003582 -150.62114564836025
-1065.2970860958098 -150.69118481636048
-1064.2981956362723 -151.17791482567787
-1062.5970399737357 -151.48032125592232
-1060.8669691443442 -151.0855762040615
-1059.014975106716 -150.80257305264473
-1058.1738491415977 -150.74089642375708
-1056.948920047283 -150.87362790614367
-1055.8460059523582 -150.7683458006382
-1054.5308275580405 -150.34594753146172
-1053.0362373948096 -150.8447572863102
-1051.8522365450858 -150.62907884776592
-1049.9711230158805 -150.92355005204678
-1048.5015741944312 -151.25418369233608
-1046.6882403254508 -151.7337540513277
-1045.0380977749824 -151.96286301076412
-1043.3658867239951 -151.92181826144457
-1041.413570678234 -151.61177370458842
-1040.4989973664283 -151.89137709647417
-1039.4147817254066 -152.01400888472796
-1038.3860823273658 -151.9543702802062
-1036.8973538041114 -152.25415947049856
-1035.225456392765 -152.4312125942111
-1033.4430549502372 -152.71592189878226
-1031.747525012493 -152.2349987527728
-1030.0427968859672 -151.91617049783468
-1028.6894560217856 -151.66410778969527
-1027.454522526264 -151.6921345102042
-1026.5353632330894 -152.0108487712592
-1024.6658118128776 -152.4257484780997
-1023.8573344707488 -152.02162687055767
-1022.4984638452529 -151.9925089175254
-1020.8141915559768 -151.72308197565377
-1019.3367068529128 -151.55798432178796
-1017.805600619316 -152.20166012592614
-1017.0010422229766 -152.95974287338555
-1016.0302242398261 -154.29340752907098
-1015.1061375498771 -155.6433885986358
-1015.370984828472 -157.1485247308761
-1015.2881877928971 -158.45274278469384
-1015.4655738681554 -160.25418886490166
-1014.9667029887437 -161.96348294563592
-1015.1212661474942 -163.19502350635827
-1014.2583092659711 -164.35934194870293
-1013.5499675482511 -165.49866518326104
-1012.903082987666 -166.68283066101372
-1012.4046557754277 -168.55207237549126
-1012.2708790063857 -170.26309642143548
-1012.2976083386689 -172.1066978866607
-1011.7831091511994 -173.7874849731475
-1011.4595073092728 -175.27007052250207
-1010.9776029217987 -175.99025776930154
-1011.1235080886631 -177.72789052076638
-1011.3118930537253 -179.51624301023782
-1011.7915460247546 -181.4045055205375
-1011.5726335126906 -183.11224654264748
-1011.5953832495957 -184.39300766535104
-1011.305175505951 -185.9159949118644
-1011.4645568806677 -187.39994695730508
-1012.2189257819205 -188.18967971153558
-1012.4739810306578 -189.45536419697106
-1012.1193014461546 -190.67683765240014
-1011.5938217718153 -191.9995212251693
-1012.0956875760107 -192.80540916271508
-1012.2208200622349 -193.80541822262109
-1011.7627373863011 -194.96996793098748
-1012.1391853619366 -196.52314838714898
-1012.3568478304892 -197.85337731190026
-1012.1152746606617 -199.40383121319115
-1012.0450936261564 -200.5254583055526
-1012.4028311375528 -202.20077845402062
-1012.7283702198415 -203.353849023059
-1012.2849112156778 -205.06686946697533
-1012.8609773520379 -206.68627807445824
-1013.2306461635976 -208.24333080597222
-1012.5913985077291 -209.98011025734246
-1011.8273932043462 -210.6910006696731
-1011.6194189492612 -212.42407557316125
-1010.8379476372152 -213.175488441661
-1009.6905293766408 -214.38027021236718
-1008.1945001188665 -214.95980730600655
-1006.8333717886358 -215.23294144816697
-1005.361398250237 -216.3503386373073
-1004.5357435051351 -217.61001998133958
-1003.6360757652669 -217.772965907529
-1001.8836293522268 -218.75622665829957
-1000.3054561916738 -218.88452574558556
-999.0119368139653 -219.8872700626403
-997.4490897957235 -220.340498476699
-995.7290714088826 -220.80281192012131
-994.3752645555883 -221.02239239163697
-993.0088354650884 -221.39601710386574
-992.2373932305723 -221.6923167104274
-990.639434665814 -222.31806105323136
-989.3659066859632 -222.66124796815217
-988.1907008592038 -222.7796143437177
-986.5211859647184 -223.0168272996694
-984.9179384414106 -223.37514235027135
-984.0760491792112 -223.01591606386006
-983.1169750992208 -222.81439499504864
-981.8512820307164 -222.96317228622735
-980.7475095096975 -222.864067986086
-979.3190949264913 -222.59331966884434
-977.7314297262578 -222.5414370367676
-976.3183695379644 -223.21349633432925
-974.7316948477178 -223.59916997648776
-973.9875393215566 -223.990056611076
-973.4394011799245 -225.17581174470484
-971.9799287620931 -225.68893704511225
-971.5282581750303 -226.4311469564587
-971.1711416248231 -228.03636715508998
-970.7065179351716 -229.478812552467
-970.2119003538041 -230.318048215881
-969.8420126143842 -231.69093272782862
-969.8613060120492 -233.47307155229151
-969.942955822125 -234.61861131288111
-969.2073059383779 -235.6552349100262
-969.5798257593065 -237.26362798310817
-969.884200483933 -238.29039380647242
-969.3755523268132 -239.8563577900082
-969.4214108739047 -241.06220290757716
-969.4044445235281 -242.84801433183253
-968.7361056286841 -244.355495191589
-968.4558630067854 -245.83464322187007
-968.5764428008347 -246.96232972241938
-968.2062278021126 -248.07499263383448
-968.8918023932724 -249.82637117005885
-968.4062922824173 -250.88648924924433
-968.9874851334839 -252.37185285188258
-969.0834837783127 -253.39112184144557
-968.7346057523041 -254.4803629884869
-968.555650480464 -256.143661833778
-968.6827865917235 -257.8170031080395
-968.6452471096068 -258.7120054731518
-968.2664502043276 -260.176913119331
-968.4223070371895 -261.172618425861
-968.4585121762007 -262.5490732560307
-968.1934375058859 -264.112914718166
-968.4112069051712 -265.90192083217204
-968.2239511501043 -267.06556085444987
-967.7665355097502 -268.3920735488087
-967.3815656494348 -269.77072719432414
-967.4027811776846 -271.0945120225102
-967.5949997048824 -272.9958386788517
-967.7070412602275 -274.5184651980549
-968.169254150614 -276.03079406119883
-967.7164299454539 -277.6431345114857
-967.6521033611148 -278.5955740580708
-968.1292726065963 -280.17312792636454
-968.0974868725984 -281.86434487201274
-967.6800652336328 -283.43957904674113
-967.5372393917291 -285.0510512957722
-967.5226152878254 -286.01241282321513
-967.2539419274776 -287.5069325337559
-967.6427191834896 -288.81046835280955
-967.6764899607747 -289.9574405322224
-968.0929709192364 -290.65877500869334
-968.708030533418 -291.7307170996815
-968.1838458891957 -293.26300469733775
-968.4261790629475 -294.00127635098994
-968.3049630340188 -295.89101121522486
-968.2989290583878 -297.23313913442195
-968.5522823859005 -298.50754425622523
-968.7703975964337 -299.1546704540402
-969.1040957499295 -300.2465545902401
-969.6933600831776 -302.0563498506695
-969.7932486612349 -303.5230338344723
-970.4213347513228 -304.51484999753535
-971.6371777135878 -306.0296611557156
-973.1138948280363 -306.79570160008967
-974.6655451137572 -307.471809662357
-976.0481884557753 -308.1329855094105
-977.2903448421507 -309.1166403660923
