-1077.35 -151.31
-1075.8062364816665 -152.57189982891083
-1074.8073267698287 -153.84287994861603
-1073.041112756729 -154.02709562838078
-1071.3182326316833 -154.6551455384493
-1069.392267680168 -155.395752800107
-1068.0568313360213 -155.2030848389864
-1066.4185893297195 -155.62281869113446
-1064.480788207054 -155.5125626823306
-1062.7175274848937 -155.6433447650075
-1061.00549826622 -155.913469081223
-1059.1811653137206 -156.42320669203997
-1057.6213536024093 -156.91978958755732
-1055.930882191658 -156.69311740010977
-1054.4069452047347 -156.5034436187148
-1052.5090470075606 -156.51644042640925
-1051.0974645376205 -156.61428422242403
-1049.864480113983 -156.80200991541147
-1048.2755275726317 -157.02933215111494
-1046.8967584133147 -156.5638239583373
-1045.7564936637878 -157.07094504445791
-1044.417009806633 -157.3830241164565
-1042.5961714744567 -157.31046852976084
-1041.1327090024947 -157.63045892626047
-1040.0684096574782 -157.53192569822073
-1038.28215072155 -157.62682791560889
-1036.6999282598495 -157.7882752916217
-1034.8359870672225 -157.8081982037425
-1033.198165154457 -158.12314446777106
-1031.3020437717437 -158.2531033357978
-1030.5434009194373 -157.8521090349555
-1028.8554488778113 -158.25111915677786
-1027.2748343110084 -158.48983260005713
-1025.8322573065757 -158.6774602881074
-1024.3691752314567 -159.26559660345316
-1023.1116851925849 -159.82800010353327
-1021.6796269774436 -160.66310480743647
-1019.9204686045646 -161.40963820129633
-1018.9766581416129 -162.98103288322687
-1018.2854965686797 -164.56046465545893
-1017.6550212860107 -166.10349229484797
-1016.842306947708 -167.2337477555871
-1016.0234988093375 -168.6654386869073
-1015.4368155956267 -170.557465826571
-1015.3910903543233 -172.42742530018091
-1015.4583185374736 -174.23636559158564
-1015.6115151405334 -175.6070069423318
-1015.1942356586455 -177.47392097622156
-1014.9349500894546 -179.22597352176905
-1014.7895601749419 -181.01490679889918
-1014.9034967258572 -182.68388453632593
-1014.9379377126693 -184.3463194718957
-1014.5961912035941 -185.99316731601954
-1014.308400428295 -186.85684690386057
-1014.1827953964471 -188.5069793215394
-1014.0704277217387 -189.9751165857911
-1014.4549687862395 -191.0229578962922
-1014.9219848275184 -191.81883189588785
-1014.4785853981971 -193.6591828814149
-1014.6713635534047 -195.19751713186503
-1014.4326741307973 -197.12722799688578
-1014.5380726367234 -198.3402416458726
-1014.1625704079865 -200.18301317602396
-1013.810224226117 -202.086085652411
-1014.2236682981252 -203.62315115839243
-1013.8574425190686 -205.47814998537302
-1013.7220246702432 -206.87729701906443
-1013.8701577097177 -208.48356542497874
-1013.8438552081584 -209.49202248960734
-1013.5209909141063 -210.46226117521525
-1013.2565497219562 -212.26680753141642
-1013.7610991060733 -213.81906685739756
-1013.5846508502959 -214.97637710481882
-1012.7188487410544 -216.29149577528239
-1011.4246485590934 -217.31483075529337
-1009.7397387385367 -217.56523299723864
-1008.2191026568412 -218.36789334326983
-1007.3080745697021 -218.59529522567988
-1005.921354985237 -218.82883762329817
-1004.6183250904082 -219.61389957875014
-1003.7849895119666 -219.50106685370207
-1002.2701615452766 -219.36557277053595
-1000.7545109152793 -219.299316098392
-999.6359824299811 -219.91651647299528
-998.0703862071036 -220.74874668329954
-996.2962495446204 -220.76431825518608
-994.4595803380012 -220.91780307650566
-992.5902580380439 -220.7627773410082
-991.4508647084235 -221.4157791262865
-990.4606593012809 -222.15898580610752
-989.3421432137488 -222.23965342104435
-987.925394809246 -222.98585803568363
-987.0857583642005 -223.1262620216608
-985.1232048630714 -223.35625709354878
-983.2832265257834 -223.39548613265157
-981.6717220902442 -223.3028218908608
-980.2884894967078 -223.0215484662354
-979.1230308175086 -223.43067775800824
-977.9067107796668 -223.650294290334
-976.6315918326377 -224.57436548307538
-975.7101760864257 -225.57945023611188
-974.8408911585807 -226.79867266252637
-973.3908698916434 -227.93645988538862
-972.3557826638221 -228.93478684261441
-971.2231790184974 -230.57195668056607
-970.9799780160188 -232.29772453144193
-970.3485861331224 -233.67490570381284
-969.5289851933717 -235.50553242996335
-969.7283818930387 -236.91600684955716
-969.6214684605598 -237.58783100679517
-969.8569325566291 -238.98366950586438
-969.8382806837558 -240.83214388921857
-969.2246465742587 -242.60745810106397
-969.6670940577983 -243.83921884134412
-969.158155208826 -245.3912585838139
-968.9777800947427 -246.18093042209745
-968.5901270121335 -248.04869417980314
-968.2704467982053 -248.93910007312894
-968.3721206247806 -250.59990434482694
-967.973167335987 -252.56678407028318
-967.776324725151 -254.04421584442258
-967.3686551213264 -254.98263244464994
-967.6456100404262 -256.4007661803067
-967.3640261054038 -257.8251394493878
-967.5856076091527 -259.60032729938627
-967.0973592311143 -260.8127954466641
-967.6214357525109 -261.83102779224515
-967.6108798593282 -263.2204202874005
-967.8965917140245 -264.8272691233456
-967.3648140341043 -266.32873825863004
-967.6619906336068 -267.98881702259183
-967.7918859034776 -269.0671593411267
-968.1700243562459 -270.76446883514524
-968.0092217236756 -271.9178500635922
-967.5981004744767 -272.8725935085118
-968.154604306817 -274.5611450536549
-968.6766327530145 -275.9963438375294
-969.0453628212213 -277.7589766843617
-968.8229217141866 -278.8993050916493
-968.3709678858518 -280.6505408151448
-968.7044422239064 -281.85121213033796
-968.4782985657453 -283.7303440435231
-968.1176577717065 -285.34951244428754
-967.7760921925305 -287.1505951745808
-967.9684283047914 -288.43168614938855
-968.3234879285096 -290.0896388156712
-968.3853640094399 -291.31371818616987
-968.3583038136362 -292.28519748285413
-968.5833367988466 -294.0948389633
-969.153644709289 -295.8376722200215
-969.1260231867432 -297.5496260984242
-969.0687869176268 -298.57397233083844
-969.0993685707449 -300.35678659513593
-969.5160288795828 -301.2322159869969
-970.1074596628546 -302.61462389066816
-970.2671902760862 -303.91092513635755
-970.9766615018248 -305.3111553056538
-971.9593178018927 -306.088562951833
-972.9624093756079 -306.5300732715428
-974.2748987659811 -306.62272484734655
-974.9346315845846 -307.369223074466
-975.9118203505873 -308.3784709735215
-976.979160247743 -309.32032592728734
