-1077.35 -151.31
-1076.1472990274428 -151.15689432382584
-1074.4652778863906 -151.56033548474312
-1072.5900047779082 -151.63169269770384
-1071.7410839557647 -151.6110789528489
-1070.666996216774 -152.21143678337336
-1069.5052517414092 -152.24107891827822
-1068.4818770647048 -152.614550267756
-1066.8285639047622 -152.37726519018412
-1065.5728733301162 -152.07355839520693
-1064.8705023884772 -151.8196536949277
-1062.9837371468543 -152.35674608260393
-1061.6516464114188 -151.76472676306963
-1059.9555898070334 -152.15473530203104
-1058.7216847300529 -151.665870552361
-1057.3463590502738 -151.03962117940188
-1056.3768794894218 -151.331828122437
-1055.6256695151328 -151.5503355911374
-1054.1395093560218 -152.34035927563906
-1052.6590636134147 -152.66785941034556
-1051.3518818974494 -152.88173014432192
-1049.9569599986075 -152.84467443957925
-1048.4443328738212 -153.25035455957055
-1046.6356041789054 -153.70402640238405
-1044.9496440052985 -153.21620589628816
-1043.7631541848182 -153.51822543278337
-1042.4209298253058 -153.6250000013411
-1040.4876401782035 -153.1382418884337
-1039.2274929642676 -153.0871376296878
-1037.6348467230796 -153.4069303175807
-1035.9405502438544 -153.4160329452157
-1034.3999570965766 -153.73568580061198
-1032.5602943062781 -153.27794495731592
-1031.5642695784568 -153.4707770845294
-1030.7660875678062 -153.665103649199
-1029.4744878172874 -154.2676577320695
-1027.5745640158652 -154.5961505523324
-1026.1026449561118 -154.7029264470935
-1024.5927799105643 -154.13739912718535
-1023.4694987893104 -154.53957088798285
-1022.1524423718452 -154.76161174982786
-1020.7857350468635 -155.2529930076003
-1020.2982793211936 -156.42494084447623
-1019.0768361449241 -157.85817863553763
-1018.5335887432097 -159.62686111539603
-1017.9434864878654 -161.44573785871268
-1017.0441453218459 -163.26373352617026
-1017.0293643683194 -164.93818308919668
-1016.8301483005284 -166.2823437651992
-1016.5260732680558 -167.52639033406973
-1016.5822796359657 -169.15767600148916
-1016.3162956669926 -170.92116119474173
-1016.5167833700775 -171.6904406747222
-1015.9628683462738 -173.58151950448752
-1015.2951386108994 -174.80470230191946
-1015.2922535263001 -175.67883326619864
-1015.3159265093504 -176.42955609172583
-1015.1633858256041 -177.34711595386267
-1014.9912440352141 -178.9656561216712
-1014.4768378905951 -180.09602411597967
-1014.3436282150446 -181.9129809936881
-1014.3684665583073 -182.86951752513647
-1014.6193785987793 -184.63318975776434
-1014.7532124094664 -185.57600124686957
-1015.0777141921221 -186.89843138068915
-1014.9180745504796 -188.52762468665838
-1015.0942542277276 -189.86127384513617
-1014.7813893280922 -191.64943989127875
-1014.7363546587526 -193.32556804031134
-1014.7772433705627 -194.89476903289557
-1014.4097664304077 -195.71701176971197
-1014.1520645864307 -197.35311170428992
-1014.316016549617 -199.08995648235083
-1014.5696199186145 -200.9708332619071
-1014.6765310712158 -202.81025119632483
-1014.7716036908328 -204.4596839746833
-1015.1847908072173 -205.40383984655142
-1015.3139378301798 -206.90633561223746
-1015.038560437411 -207.72800364106894
-1014.8167965285479 -208.70372643083334
-1015.1221181325614 -210.284065028131
-1015.3924739234149 -211.745982786119
-1014.4736870400607 -212.67054196208716
-1013.8707378976046 -214.3093981346488
-1013.522968160361 -215.28130873054266
-1012.7661462299525 -215.98214050143957
-1011.6313690416514 -216.94762202113867
-1010.428404854983 -217.7828383049369
-1009.3470211498438 -218.31497826188803
-1008.1359934084117 -218.29566748946905
-1006.3514222376048 -219.28212698310614
-1004.5239047281443 -220.09032668679953
-1002.7805113069712 -220.4566384753585
-1001.1738747827708 -220.90135150164366
-999.9733421079814 -220.90431751072407
-998.580096887797 -220.60758252203465
-997.7303930990397 -221.12649358570576
-996.8331375591456 -221.59571106493473
-995.7811027042567 -221.38005652785301
-994.2656634323298 -221.23234978079796
-992.8016214840113 -221.69582292199135
-991.9013839237391 -222.43314733862877
-991.0825874082743 -223.06912538170815
-990.2496480815112 -223.51268085598946
-988.8351405732333 -223.32862490177155
-987.1664868466555 -222.91117968916893
-986.1151189677416 -222.98445647716522
-985.4210675232111 -223.2831815457344
-984.2562165729701 -223.7936944937706
-982.9790101520716 -224.04796218633652
-981.8558435909449 -223.88819378376007
-981.0094070903956 -223.8939715525508
-979.3263293974101 -223.85412242025137
-978.2463888399302 -224.3868676623702
-977.5346223585307 -224.97404678672552
-976.0046378843485 -224.99662824481726
-974.5491209499537 -225.92817928403616
-973.9719356767832 -226.435911436975
-972.567475246638 -227.6593413552642
-972.2398280076682 -229.2193027934432
-971.3861478142439 -230.8368849954009
-971.42412115857 -232.17911030858755
-970.8211347036063 -233.00386180490256
-970.5764902107417 -234.5788421830535
-970.3316235117613 -235.33755596488714
-970.3087736688553 -236.4811089834571
-969.9322150968014 -238.25263174384833
-969.7716495119034 -239.7382118305564
-969.9243365995585 -240.43142714112997
-970.1985534302889 -242.2477714022994
-969.5653208963572 -243.79865398019552
-969.984948235005 -244.68205823510885
-969.4166011981665 -246.00247206300497
-968.8965905480086 -247.7409994801879
-969.0555265866219 -249.20014824479819
-968.9686369545757 -250.1045595011115
-968.6053045935928 -251.56984325259924
-968.947662795335 -253.482327183187
-968.639963979274 -254.28952427715063
-968.8714023329317 -255.64347012847662
-969.4119619823991 -257.05838926643133
-969.2077392585575 -258.2534077963233
-968.9200516887008 -259.5308771929145
-969.0636390842496 -260.9891167482734
-968.7009231843053 -262.1138645014167
-968.7662944220006 -263.3671066364646
-968.877625221759 -264.68613847106695
-969.1401047058403 -265.56008001178503
-969.1306066162883 -267.28805490344763
-968.5974527247249 -268.0146088799834
-968.1899784155189 -269.7157089909911
-967.8126090116798 -270.5645100674033
-967.5059411175548 -271.75988169521094
-967.0619561024009 -272.7853209576011
-966.8337124980985 -273.7962188324332
-966.9849878348409 -274.58977772802115
-967.0259579665958 -275.46480073541403
-967.7628914959728 -276.7987272939086
-967.8168880067765 -278.5418446263671
-967.6793182067572 -280.18841507047415
-968.1386652462184 -281.49965312093497
-968.7609377376734 -282.4809809526801
-969.1506086461245 -283.5410343012214
-969.1527065917849 -285.00836666435004
-969.20087736696 -286.8711121878028
-968.5940482005476 -287.6443832716346
-968.6134256780147 -288.77762599796057
-968.0524862468242 -290.1523321470618
-968.1636909753083 -291.59851916641
-967.9633124679326 -293.01994927734137
-967.978766350448 -294.1763599714637
-968.3152389213442 -295.95814748615027
-968.1111049935221 -297.1305882534385
-967.6425345227121 -297.89651193231344
-967.3659133002161 -298.9120733937621
-967.7990870460867 -300.74232771009207
-967.4380154892801 -301.86916019529104
-967.3345610037445 -303.6584140262008
-967.1628112629055 -305.0138048133254
-967.3102341130375 -306.66890658944845
-968.0398893788456 -308.52224077790976
-967.9889658153056 -309.99443056195975
-968.4028427958488 -311.0374087294936
-968.4259880952536 -312.3090095719695
-968.2225461177527 -313.05948736280203
-968.0386288933455 -314.12145652383566
-968.5164029173552 -315.15941121190787
