-1077.35 -151.31
-1075.9704854249953 -152.28700357437134
-1074.4127821683883 -152.63795944809914
-1072.8864805459975 -152.86584985017777
-1071.7039768457412 -153.2052991962433
-1069.9198019266128 -153.50933879375458
-1068.2548851728438 -154.02983188390732
-1067.0006593227386 -153.84661754727364
-1065.5037936925887 -153.67454996466637
-1064.3042486667632 -153.23950224876404
-1062.3339012622832 -153.0187523639202
-1060.6957045555114 -153.01979596674443
-1059.0922788143157 -153.08571411430836
-1057.4147429227828 -153.273219627738
-1056.3685828208922 -153.16094948112965
-1054.4457391262054 -153.65986205399037
-1053.151109433174 -154.10995234310627
-1051.9120472431182 -154.76562221109867
-1050.488380050659 -154.39715941011906
-1048.8060294151305 -154.8946739858389
-1047.1323125123977 -154.2815767353773
-1045.4671866655349 -154.41780429840088
-1044.2022777557372 -154.81872960686684
-1042.6111914873122 -154.7806524424255
-1041.1249253511428 -154.8091600587964
-1039.3635753154754 -154.44091392070055
-1037.3769575119018 -154.47942478716374
-1036.0883472919463 -154.98086912691593
-1034.4401317596435 -154.5662993913889
-1032.8801403999328 -155.11611361563206
-1031.2354603767394 -154.8581438189745
-1029.3170166969298 -154.9176914705336
-1027.8902979850768 -154.4081609262526
-1026.3670736312865 -155.0236347927153
-1025.1381115674972 -155.2001569582522
-1023.338525032997 -155.07590480282903
-1021.8581694126128 -155.29223634436727
-1020.2112359762191 -155.5694141252339
-1019.1935493707656 -156.23929046228528
-1018.0869509935378 -156.90816770628095
-1016.6496591329574 -158.05300842359662
-1015.0158309698104 -158.40011863544584
-1014.575535750389 -160.1384811861813
-1014.1925396084785 -161.4922593100369
-1013.7351943016051 -162.85799996688962
-1012.9664999008178 -164.14536075428128
-1012.4242232203483 -164.85027466848493
-1012.5016330093144 -166.74652587011457
-1012.6778647512197 -167.4658897383511
-1012.3450055629014 -168.68063037231565
-1012.1569203346967 -170.40559713676572
-1012.4815468102693 -171.8077642185986
-1012.5699638187884 -173.09429733589292
-1012.0577917754649 -174.1592561466992
-1012.2620343327521 -175.80069618061185
-1011.7882791221141 -177.11831884220243
-1011.3864420115947 -178.0645044310391
-1011.1922200977801 -179.8958328230679
-1011.168836569786 -180.66353862121701
-1010.8967405319213 -181.89451794460416
-1010.7490406095981 -183.0119239552319
-1010.4905393779277 -184.58060114219785
-1010.3579206228255 -186.2488135559857
-1010.6310658216476 -187.4203781349957
-1010.9654350936412 -188.7552762492001
-1010.8327742278575 -190.44062559440732
-1010.5033894240855 -191.68831281498075
-1011.2299160420894 -192.55136697128415
-1011.9467186987399 -193.8706192238629
-1011.7065050661563 -195.3232671482861
-1011.306907480955 -197.02008395031095
-1011.6633215606212 -198.17051546409726
-1011.3035742104053 -199.66259448364377
-1011.4204667046665 -200.75620333984494
-1010.9309621885418 -202.56070725753904
-1010.6591891482472 -204.47268836334348
-1011.3863658741116 -205.86310522392392
-1011.872615738213 -207.29681520298124
-1011.6893320515751 -208.7533176405728
-1011.116121931374 -210.65624718502164
-1010.7425362303852 -212.0776720507443
-1009.4660072758793 -213.25445692375303
-1008.7375259831547 -214.58771078422666
-1006.9229543641209 -214.70487076178193
-1006.0601438716053 -215.245273591429
-1004.4882299140095 -215.99300539627671
-1003.1207827761768 -216.4989414228499
-1001.681288523972 -216.61953619256616
-999.7411225274204 -217.21565887466073
-998.1324390605091 -217.5122597528994
-996.3576019242405 -216.93527135387063
-994.9811079934238 -216.94083229586482
-993.6778758004307 -217.45713249728084
-992.0818802550434 -216.97635642573238
-990.6717215016483 -216.92619966104627
-989.7210215762257 -217.3622553510964
-987.8047358229755 -216.88232620194555
-986.0946480467915 -217.17928706243634
-984.2767395213245 -217.38461639121175
-982.7019824221729 -217.24757100775838
-980.9061602786182 -217.38486325874925
-979.381717725098 -218.21289032831788
-977.8210268452763 -217.9074407531321
-976.1701591446995 -217.87786027923227
-974.4015953972935 -218.3218078328669
-973.3872328236698 -219.67392549052835
-972.6482445433735 -221.00678071513772
-971.6496221855282 -222.44372281566262
-970.9314936831593 -223.86295041576028
-970.3579459622501 -225.68042573466897
-970.4881086185574 -227.5774334384501
-970.0776834025978 -229.24689242377877
-969.671212388575 -230.880643696934
-969.5695181176065 -232.60082456603647
-969.5723599404096 -234.32912370696664
-969.482670007646 -235.15984466806054
-969.003604261577 -236.86459282174707
-968.6593088194727 -238.2666919542849
-968.8036861106752 -239.39736178651452
-968.8747232541441 -240.74941888585687
-968.6449767783283 -242.49987784162164
-968.2686435714363 -243.46667382255197
-968.268709218502 -245.22471222415567
-968.3659318745135 -246.20474383369088
-968.6336588025092 -247.89258620277047
-968.8702361643313 -249.71624931827188
-969.0357948899268 -251.37401613727212
-968.9371601924299 -252.36126610770822
-968.9917077854275 -254.2737523032725
-969.430721028149 -255.90341052547097
-969.1256260111927 -256.7160596562922
-968.6971184149384 -257.61304423347116
-968.263711555302 -259.59747430816293
-968.5668351486324 -260.71271750465036
-968.6592538788914 -262.33807811275125
-968.3401261404156 -263.53843435779214
-968.3267029955982 -265.20999083057046
-967.830363793671 -266.5742376758158
-967.436307324469 -267.9698050929606
-967.2929356530308 -269.8148405267298
-967.7168468669056 -271.1983607722819
-967.5420551285147 -272.9918886138499
-967.7673518046736 -274.3369186832011
-967.7500020474195 -275.7437056018412
-968.1190908163785 -277.0694966031611
-968.4399309962987 -278.3499239398539
-968.0117131084203 -279.74572774901986
-968.1776824355125 -280.7176749421656
-967.7419629156589 -281.38631573453546
-967.6651329904794 -282.47424426808954
-968.2163576990365 -283.5725614143908
-967.7665025204419 -284.7427118135989
-967.737089267373 -286.4743132902682
-967.9932219296693 -288.09447291627527
-968.1368049144744 -289.05802419915796
-967.9964172154664 -290.5705204321444
-968.2316281408071 -291.479035051018
-968.1931417718529 -292.5188652588427
-968.1583425983786 -293.2798986746371
-968.6045206174254 -294.2062623812258
-968.7201379075645 -295.7057240320742
-968.1544866695999 -296.69362059369683
-968.5145589247345 -297.5396092249453
-968.5059898685663 -299.3439407660067
-969.1678492020815 -300.28958264127374
-969.7443900298326 -302.1402796818316
-969.8141164671629 -303.39445939794183
-970.1040892492979 -304.6603483273089
-970.5596508275717 -305.15354254975915
-971.3564149033277 -305.3861632360518
-971.8113900911062 -306.31096828117967
-973.12729399316 -307.5029033435881
-974.4663124572485 -308.41267508402467
-975.883604575321 -309.88738066092134
