-1077.35 -151.31
-1078.689040994644 -152.20842009544373
-1079.354111289978 -153.21653944015503
-1080.2042955517768 -153.1274695521593
-1081.5404316544532 -153.49128834664822
-1082.5711400866508 -153.48644096910954
-1083.7613902449607 -154.1086314445734
-1085.4740670084952 -153.58702797949314
-1086.3664952874183 -154.19900907337666
-1087.204290664196 -154.4028163677454
-1088.558936870098 -154.7775803631544
-1089.6184995532035 -154.26575557649136
-1090.437526142597 -154.35398123174906
-1091.1343967080115 -154.62701625138521
-1092.906593120098 -154.6606993688643
-1093.6610482692718 -155.12478244438768
-1095.498858308792 -155.16161474719644
-1097.0604792594909 -155.5396198643744
-1097.7261152625083 -156.01676851645112
-1099.0324310421943 -155.72674656048417
-1099.7098195910453 -155.03491479292512
-1100.6214030146598 -154.7328872694075
-1101.5087300300597 -154.81058444216848
-1102.4179486989974 -154.66585165396333
-1103.0196252822875 -155.43899303808809
-1104.001075720787 -155.813282610327
-1104.6868126749991 -155.5132432295382
-1105.51037940979 -155.94012966886163
-1106.3740568518638 -155.85857171699405
-1107.274997150898 -155.68283302471042
-1108.04494754076 -155.85616702720523
-1109.0054591059684 -155.69774017617107
-1109.7532053947448 -156.05725715443492
-1110.5818493127822 -156.57570723578334
-1111.5133621454238 -156.16878340527416
-1112.1865456461906 -156.41777611657977
-1112.9336322307586 -156.43910997495055
-1114.0589579105376 -156.66862974449992
-1114.7682167053222 -156.54083752021194
-1116.014177775383 -156.49665534630418
-1116.6662986040114 -156.8490513278544
-1118.236206626892 -156.81432761386037
-1118.91331127882 -157.47263999417424
-1119.6949313640594 -157.20004154875875
-1120.5138897657393 -157.07284890249372
-1121.3177839279174 -156.98699380591512
-1122.4865681886672 -157.40288101270795
-1123.6507007837295 -157.18754154577852
-1124.6041955709456 -157.8695645941794
-1126.2547183990478 -157.55176383391023
-1127.664798951149 -158.1360720409453
-1128.6977690219878 -158.49706208840013
-1129.5065560102462 -159.07180696859956
-1131.3895454168319 -158.85374331608415
-1132.6940152406692 -158.49481189385057
-1133.3675684690475 -159.27738881245256
-1134.1231729149818 -159.41051465407014
-1135.6806900858878 -159.54513420298696
-1137.0490447640418 -160.61660255625844
-1137.713013088703 -161.72353007033468
-1139.1197427868842 -162.7840812368691
-1139.4921374082564 -164.5478580160439
-1139.8666287720202 -166.14330639079213
-1140.2229480803012 -167.9746638698876
-1140.8318332493304 -169.53413762286306
-1140.9433165103196 -170.83862020209432
-1140.9554907739162 -172.19647897914052
-1141.330069041252 -173.5654008550942
-1141.9895063400268 -174.49388875201345
-1141.4177579045295 -175.92011930182576
-1141.1461192727088 -177.79724384978414
-1140.787076628208 -179.0724716348946
-1140.6740959644317 -181.02953900530935
-1140.1420851111411 -182.74038662150502
-1140.3856366336345 -184.1312252445519
-1140.7553514301776 -185.493941680938
-1140.8799994945525 -187.24149371817708
-1140.4336668312549 -188.7417079372704
-1140.0111149907111 -190.50059034064412
-1140.0786914736032 -192.41799213126302
-1140.1244445726275 -193.9794643087685
-1140.631798236072 -195.60278262332082
-1140.253338305652 -197.42829717829824
-1140.0157348945736 -199.3281350298226
-1139.6030673518776 -200.7273309393227
-1139.515717549622 -202.52804924681783
-1138.797114534676 -204.3347975178063
-1138.1694349482655 -205.96712483599782
-1137.5541108086704 -207.01730789378286
-1137.3462230995297 -208.4307639761269
-1136.7076309755444 -209.32570018008352
-1134.90409193784 -210.2540689869225
-1133.166581018269 -210.78380759194494
-1132.0110937193035 -210.49099464848638
-1130.5984923675655 -210.94439314439893
-1129.3896937206387 -211.15367591515184
-1127.646573407948 -211.631231815964
-1126.0743747785687 -211.59443237766624
-1124.6606466606258 -211.5803225724399
-1122.7585966423153 -211.40828859195113
-1121.4924064710735 -211.94009255751968
-1120.292365773022 -212.39014875277877
-1118.7103218868374 -212.37749449390918
-1117.22267781049 -212.93142519373447
-1115.478283984959 -212.6392340459302
-1114.647051258385 -213.0004491307214
-1112.943676276505 -212.7991830654815
-1111.7667166426777 -212.92960719246418
-1110.4285432532429 -213.57381389517337
-1109.213527484238 -213.72278652567417
-1107.4880010321735 -213.87398544926197
-1106.4878490403294 -213.8705320977047
-1105.3840225175022 -214.20079174865037
-1103.8277483418583 -213.97807765234262
-1102.719089193642 -213.78228612471372
-1100.920756740868 -214.2697925739363
-1099.5397360756992 -214.7654385142401
-1098.2034492924809 -215.01154445338994
-1096.7526141837238 -215.0930626713112
-1095.7379737332462 -214.84199992049486
-1094.57660202533 -214.4383689485863
-1093.1870315507053 -214.47554174292833
-1092.3849469855427 -215.11000570882112
-1091.0492103531956 -215.57709592808038
-1089.7315739825367 -215.30726868141443
-1088.0771201089024 -215.05301541317255
-1086.0954194501041 -214.76489901769907
-1084.833441658318 -214.83565207798034
-1083.0160595610737 -215.04567470628768
-1081.3250586226582 -214.5691734500602
-1079.8786242440342 -215.01514106471092
-1078.8644165232777 -215.22261848527938
-1077.4177107051014 -215.6605659075454
-1075.7256495192646 -216.15293812233955
-1073.8881203368305 -215.6172662325576
-1073.0042578414082 -215.18038558442146
-1071.3870268300175 -215.51526209194213
-1069.704052133858 -215.68059379834682
-1068.5181118682026 -215.7513407864049
-1067.0288134053349 -215.83785195130855
-1065.7333478167652 -215.13845867890865
-1064.3735290005802 -214.91135107953102
-1062.7909431889652 -214.41191300231964
-1061.1878637507557 -214.53196321655065
-1059.912620230019 -214.5954139925912
-1058.7710228398441 -215.10066945333034
-1057.1866949036717 -215.70074183721096
-1056.3052842453121 -216.41583246964962
-1055.5700426533817 -216.97219128388912
-1054.5590633586048 -218.3606216408685
-1054.5689322784542 -219.34843708056957
-1053.8484666779636 -220.68541217822582
-1053.324377579987 -222.43570185679943
-1052.9015698865055 -224.150914321132
-1052.7084079071878 -225.7130824424699
-1052.190651743114 -227.1761931278184
-1051.7084669455885 -228.280215392299
-1052.2776895150541 -230.04305995482952
-1052.504664568603 -231.24387563247234
-1051.8943923994898 -232.70323432464153
-1051.199257402122 -233.79843081016094
-1050.822508303821 -235.65197146911174
-1050.5197255298494 -237.4174884654954
-1050.4983521983027 -238.7722249128297
-1050.5620159119367 -239.84394229430706
-1050.3174647450446 -241.0350889064744
-1050.754039531946 -242.267609009929
-1050.6913282111286 -243.62604797858745
-1051.3185002043842 -244.92669929046184
-1051.2863528974353 -245.6019887425378
-1050.9309344239532 -247.3762728669122
-1051.5462422914802 -249.19199616689235
-1051.30013031736 -251.14277679700405
-1051.7514501608907 -251.9679160215333
-1051.4237034119665 -253.64446331042797
-1050.8627427019178 -254.64335943240673
-1050.6863530375063 -255.5331622459367
-1050.877234289795 -257.42275393981487
-1051.2835753954946 -259.0985326864198
-1050.821176419407 -260.98460865993053
-1050.5630675651132 -262.82077981013805
-1050.827286133915 -264.73549486178905
-1050.4296537436544 -266.67146147269756
-1050.492551522702 -268.2103544570878
-1050.5858622215687 -269.7603541709855
-1050.875797035545 -271.06403852481395
-1050.4155299387871 -272.68518377322704
-1050.5185131303965 -273.6547176935151
-1050.7083591990172 -274.89457322139293
-1050.332524972409 -276.6718705989793
-1050.2737262420355 -278.21615661162883
-1049.9340879194438 -280.15001238364727
-1049.9165318928658 -281.3360849716142
-1050.2045677028595 -282.6831669904664
-1050.7654914580285 -283.822144994922
-1050.7223286055028 -285.41568649787456
-1050.3836828790604 -286.3699551917985
-1050.3142098806798 -287.8833046056703
-1050.2081268303095 -289.4816074468568
-1050.4264750801026 -290.3737495042756
-1050.881087692827 -291.9074158765748
-1051.0601707868277 -292.89201868552715
-1050.5696582071482 -294.265447149463
-1050.3590443752705 -295.3813113071397
-1050.5365116767584 -296.410471210666
-1050.9218232803046 -297.83575547713787
-1051.2021308116614 -299.4006029464677
-1050.6578287057578 -301.3441645004228
-1050.18049396798 -302.61469102878124
-1049.5666417650878 -304.51632596034557
-1049.3188552431761 -306.29248226661235
-1048.4385503701865 -306.9655869700387
-1046.971608775109 -308.12134845037014
-1045.8017319612204 -308.758469591327
-1044.4842817954718 -308.82929671783
-1043.3071841172873 -309.16104606766254
-1041.8068015746771 -310.006168881841
-1040.8975008897482 -309.78806983906776
-1039.528455274552 -310.1929901786521
-1037.8702219896018 -310.53589769680053
-1036.1054045133292 -310.78872051317245
-1034.7760411672293 -310.4236904032901
-1032.8486166171729 -310.42723525542766
-1031.372211831063 -310.2454160996154
-1029.4961748294531 -310.0494253285602
-1028.417258875817 -310.67728056985885
-1027.347059624642 -310.28680356819183
-1026.1583402328192 -310.2946650483087
-1024.6267764739691 -310.3136383988336
-1022.9417472057044 -310.855972478576
-1021.5596033506094 -311.78362066525966
-1020.1836388282477 -311.81969718117267
-1019.3295148782431 -312.14368746656925
-1017.8785494737326 -312.18214733380825
-1016.500905650109 -313.2982092596963
-1016.0577497951685 -314.8835492827371
-1015.4480275385081 -316.1123604275659
-1014.3494352571665 -317.5557035901025
-1014.2187776885926 -318.6839894749597
-1014.1044944398104 -320.11524028558284
-1014.1901707820593 -321.31062037725
-1013.4275565318762 -322.92283780355007
