-1077.35 -151.31
-1076.2788107156753 -153.1334041929245
-1075.5506598711013 -154.56541138648987
-1074.892214155197 -156.0568707561493
-1073.5434295892715 -156.14342419564724
-1072.531711435318 -156.7305473512411
-1071.3876286506652 -157.46180198848248
-1069.7115998029708 -157.30550825357437
-1068.1283527374267 -157.5085215395689
-1067.0534829854964 -157.92208800971508
-1065.7273506879806 -157.8280485099554
-1064.1808324813842 -158.05545693397522
-1062.7379256248473 -158.1946789598465
-1061.6091687440871 -158.25082590937615
-1059.8303003072738 -158.23360235750675
-1058.1449818372726 -158.30147056043148
-1056.3325350046157 -158.53493706643582
-1054.403029179573 -158.3316140896082
-1052.7122337579726 -157.876099062562
-1051.640784716606 -157.94942322134972
-1050.2878495216369 -157.23677465081215
-1048.8996436357497 -157.05933713674546
-1048.1271384716033 -156.89605386316777
-1046.3084738016128 -157.02054209768772
-1045.342289185524 -156.92589474976063
-1043.8191811800002 -157.04327872157097
-1042.5158825874328 -157.08062666416168
-1041.4436836004256 -157.07088475063443
-1040.6307851433753 -157.70485352113843
-1039.0204913973807 -157.72446620970965
-1037.6842106938361 -157.86094335228205
-1036.045805132389 -157.68787718325854
-1034.3045939564704 -157.64058927580714
-1032.8548063397407 -157.49145744130016
-1031.974781668186 -157.85072557017207
-1030.8410078644752 -157.935917699188
-1029.8150062918662 -158.7231229184568
-1028.5324985146522 -159.3728494285047
-1026.8592356801032 -159.5616980431974
-1025.0167971014976 -160.39429947122932
-1023.745218193531 -160.7011275230348
-1022.7081978678702 -161.48337530478835
-1021.0845985770225 -162.59240340575576
-1019.7414892077445 -163.75639414176345
-1018.9867288827895 -164.78813373431564
-1018.0205412864684 -166.49928593024612
-1018.2254253983497 -167.50505971297622
-1017.7491755843162 -168.82165717467666
-1017.4325341641902 -169.76598566159606
-1017.2425310075282 -170.83785002812743
-1017.3819403856992 -172.28570383176208
-1016.6487199276685 -173.57646899804473
-1016.9587637096643 -175.48490768060088
-1016.8721443623303 -177.24148541077972
-1017.1636474341153 -178.65174811467529
-1016.4586911410092 -179.9583464203775
-1016.7690093129872 -181.00210719689727
-1017.1384917110204 -182.86443620309234
-1016.547186037898 -184.31743651017547
-1015.8077321261167 -186.2126118479669
-1015.8385227903723 -187.0098394690454
-1015.7816779598593 -188.40311425313354
-1015.5598247632383 -189.86646073445678
-1015.5544817283749 -190.98117285355926
-1015.5193709567188 -192.71512120351196
-1015.4824762031435 -194.39429538831115
-1016.0705688282846 -195.20205991849303
-1016.1212189145385 -196.70581977948547
-1016.2485384888946 -197.7598213492334
-1016.4870498277246 -199.58073001489043
-1016.0826126135885 -201.2860515652597
-1015.4923822082578 -202.55366867169738
-1014.8231715358793 -204.33300965413451
-1014.3577429749071 -205.35005491361022
-1013.1204375721513 -206.14150559291244
-1012.1886032320558 -207.54576777800918
-1010.5686937071382 -207.70448323473335
-1009.6904665924608 -207.93298020347953
-1009.0305439330637 -208.77713038906455
-1007.5323957301675 -209.4948061941564
-1006.2032083369791 -209.92845269426704
-1004.9345263339578 -210.36816253647208
-1003.1768916942178 -210.60155717417598
-1001.5106291867792 -211.23544005438686
-999.812269578129 -211.3713186173141
-998.1446970798074 -211.6837035803497
-996.2066639758646 -211.60654141142965
-995.1327077247201 -212.0228297276795
-993.2907058097421 -212.67208226159215
-991.9911300040781 -212.64860274031759
-990.8003040648996 -212.9151802225411
-989.2883725263177 -212.6806715889275
-988.2332511045038 -212.6532841785252
-986.7448935605585 -213.36515347793699
-985.2373601295053 -213.95920644834638
-983.9810009099542 -214.12351466849447
-982.2875431872903 -214.5873366458714
-980.9661648370325 -214.95218448475003
-979.7474939920007 -214.49804179504514
-978.9784970976411 -214.5057944817841
-977.2497734524309 -214.35606329277158
-975.5499478079378 -214.55830800667405
-974.5224323965608 -215.06907665863633
-973.0062494970857 -215.6421839608252
-971.4162287212907 -215.79896740749479
-969.620641658455 -216.16564105585218
-968.3110601402818 -216.75673739746213
-966.8401606775819 -217.5540987713635
-966.0434818960725 -217.96639619901777
-964.4160408474504 -218.67200468614698
-963.2003870703279 -218.80229084327817
-961.8832518555223 -219.81141118839383
-960.645114967972 -220.85831825569272
-960.1475614406168 -222.30610160663724
-959.8348440624773 -223.82559745147825
-959.1662328936159 -224.77424876525998
-959.0948603548109 -225.7885206206143
-958.6874484814703 -226.68175177410245
-957.8303807772695 -228.26557330921293
-957.8651673443615 -230.17626027897
-957.9542227484285 -231.89186458423734
-957.3108373977243 -233.19765095546842
-957.252184922248 -234.69835774734617
-956.910796637088 -236.14603166416288
-957.0070185385644 -237.41131965950132
-956.7163981221615 -238.88751654461026
-956.4035820685326 -240.67686550453305
-956.8703989110886 -241.59549217060209
-956.5638715945183 -242.68640284374356
-956.8139830850064 -244.01344315841794
-956.8256553620099 -245.16106467083097
-956.2635163873433 -246.76650433376432
-956.0927148520946 -248.0763156874478
-955.9555641770362 -249.54930870369077
-956.0712355211376 -251.17876999214292
-955.8102112844585 -252.9422160847485
-955.5475609734654 -254.1310431225598
-955.2869890168308 -255.6712966425717
-955.0879880920052 -257.32839135959745
-955.8231880202889 -258.3814466460049
-955.6437966063618 -259.28787975147367
-955.6721256956457 -261.1412327750027
-955.9093214258551 -262.8503668768704
-956.4408327326178 -264.73273138836026
-956.203132687509 -266.2533824904263
-956.1161555632948 -267.4361346228421
-955.6418019220232 -269.23402767017484
-955.3779421433806 -270.3592463000119
-955.943470416963 -272.1102647049725
-955.5179085716604 -273.3514926894009
-955.669066889584 -274.2711995704472
-956.3708420827984 -275.38910626009107
-956.3948693968355 -276.5858659608662
-956.3800800465046 -277.6626549823582
-956.7311795674264 -279.1666369302571
-956.6037950240075 -280.1628627641499
-956.2569329462945 -281.4659106595814
-956.5664888046681 -283.01758490636945
-956.8074450366198 -283.9829829199612
-956.4415721170603 -285.6353986723721
-956.5526698254048 -286.41959051921964
-956.7795995943247 -287.9233513338864
-956.7492877360432 -289.1807550652325
-956.9064458575099 -290.6036333306134
-956.5434636142104 -291.9543534977734
-956.5675490017979 -293.1072607500851
-956.3815393265336 -294.07809291914106
-955.9006609734147 -295.60377918317914
-955.8324776556342 -297.3762919767201
-955.5192797746508 -298.2926933629811
-956.0138633813708 -300.158009634763
-956.6043814387172 -301.44431661203504
-956.7298141088336 -302.6692638261616
-957.0863374736159 -304.24439381197095
-956.9872406836598 -305.54823826387525
-957.2361297871917 -306.99644945695997
-957.1213282164185 -308.1711429221928
-956.8065036352723 -309.695363150388
-956.7669413577764 -310.6111035807431
-956.3790169250219 -312.1125559075177
-956.2947174277156 -312.99425511196256
-956.4763820584863 -314.37936978176236
-956.486523220688 -316.1224991543591
-956.3420952655374 -317.9645435078442
-956.4688179589807 -319.0839145644009
-956.0210977591573 -320.58413200214505
-955.957256758958 -321.25975565746427
-955.7199595816433 -322.44454316928983
-955.5308387823402 -323.90517239406705
-956.1128885097801 -325.1993681652844
-957.040743882209 -326.307958291322
-956.8843006737529 -327.9417669041455
-957.9682190068065 -329.6300150616467
-958.2424198634922 -331.2590870125592
