-1077.35 -151.31
-1075.4977015018462 -151.15448501467705
-1073.7103661060332 -151.75559994339943
-1072.000639295578 -152.69191249966622
-1070.3864723205565 -152.75095282629132
-1068.6128180980681 -152.66396863147617
-1067.5995738267898 -153.00867185875774
-1065.8174026966094 -152.89343414589763
-1063.8857456207274 -153.09750712797046
-1062.650260066986 -153.26747097954154
-1060.8315096855163 -153.5715983746946
-1059.685107564926 -153.38769144698978
-1058.9606294393539 -153.35808805510402
-1057.6949523448943 -153.6307079283893
-1055.7922615766524 -153.43729079648853
-1054.4464995622634 -153.7871342985332
-1052.5266401529311 -154.39844782039523
-1050.7278617382049 -154.32519523188472
-1049.0884623289107 -154.9977829246223
-1047.3745596170425 -155.09167790547014
-1045.6115637779235 -154.70448714628816
-1044.0140692949294 -154.65986430034042
-1042.8841012477874 -154.68355319410563
-1041.1361149311065 -154.6934081608802
-1039.4260759115218 -154.57640924997628
-1037.759075975418 -154.95223605580628
-1035.9159182071685 -154.4418421382457
-1034.541293478012 -155.07156914420426
-1032.6109820365905 -154.96114937908948
-1030.8628797292708 -155.40495450742543
-1029.224660372734 -155.39785008825362
-1027.7273761987685 -154.94925069011748
-1025.804581618309 -154.36747973360121
-1024.4258241415023 -155.0873342076689
-1022.62858877182 -155.2781097213179
-1021.2300461292266 -156.11204760469496
-1019.3806065082549 -156.72338020004332
-1018.2196768283843 -158.10729908145964
-1017.4725385665893 -159.34712301887572
-1016.619652545452 -160.59297453559935
-1016.3380688488483 -162.3921273867041
-1015.6732440054416 -164.18631004489959
-1016.1546241104602 -165.34626363910735
-1015.5129234850406 -166.63869737781584
-1015.5521947801112 -168.24535810150206
-1015.0033616483211 -169.40016066230834
-1014.4850402534007 -171.10741399921477
-1013.9678306043147 -172.92311524547637
-1014.3906418740748 -174.72442745365203
-1014.918253904581 -176.4419581810385
-1014.8076296582817 -177.88436555065215
-1014.7343125551938 -178.7724540153891
-1014.2927947551011 -179.8420603195578
-1013.8479919642209 -181.74282097019255
-1013.7838148683309 -183.46093320049346
-1013.6164551734923 -184.36095737613738
-1014.2922837495803 -185.8730009714514
-1013.7943091750144 -186.9802963653952
-1013.512269860506 -188.10102295078337
-1013.5178878366946 -189.61272465385497
-1013.1594776570796 -191.19820939697325
-1013.1626478493213 -192.11517881549895
-1014.0168671667575 -193.79933964408934
-1014.2050580292939 -195.0354388872534
-1014.4353694826364 -196.1609476725012
-1014.4582198917865 -197.5556214968115
-1014.0405214488505 -198.88370358146727
-1014.2393918395042 -200.69145237602294
-1013.9345979452132 -202.13729106582701
-1013.3292841672896 -203.17987476982177
-1012.720263159275 -205.07102381385863
-1012.2252485513686 -206.46273314155638
-1012.0532293975352 -207.83076404727996
-1010.8868387401103 -209.24679910339415
-1010.0055992066859 -211.09277497924865
-1009.7820050179957 -212.65455638565123
-1007.9893531262874 -212.9140333751589
-1006.6190412700175 -213.7223966936022
-1005.7225750148295 -213.97998773254454
-1003.9102941215037 -213.88595633901656
-1002.1020625293254 -213.89587210811675
-1000.7415739953517 -214.61710654892028
-999.085494583845 -215.15772008098662
-997.1856768786906 -215.0552936861664
-995.3391117513179 -215.58326525188983
-993.9757323920726 -216.05473015405238
-993.1261870920657 -216.01242386497557
-991.2100426018237 -215.43066560424865
-989.6175440609454 -214.80596809782088
-988.1738069117068 -215.51889818109572
-986.6457918941974 -215.9020638088137
-985.1546909868716 -216.2303063789755
-983.4014895021915 -216.18588905356825
-981.7988470852374 -216.72394316218794
-980.1146712362765 -217.06866105221212
-979.216149932146 -218.28500087879598
-977.8348810732364 -219.3304849448055
-976.4409760296344 -220.24199118040502
-975.4578451573848 -221.2453135433048
-974.3429367005824 -222.93735851667822
-973.122485345602 -224.37916519068182
-971.9716309964656 -225.2633627834171
-971.3609349191188 -226.72163941286504
-970.7344309747218 -228.1680020274967
-970.1765291154384 -229.15164365194738
-969.8705415785312 -229.88703270576895
-969.3361245453357 -230.97013326309622
-969.6200622677802 -232.17407091282308
-969.2916922330855 -233.85594888351858
-968.7315281987189 -235.43582411430776
-968.9039983212947 -236.42055853031576
-969.1924942195415 -237.04183037899435
-969.5370347559451 -237.79478521965444
-969.2947955638169 -239.59122927807272
-969.6718696862458 -241.39602263592184
-969.341883650422 -242.33439167164266
-969.5841983765363 -243.102295595631
-968.9561121672391 -244.54096027038992
-968.9427817542105 -245.70066590927541
-968.7147302705794 -247.006921011433
-968.8860900182276 -248.77899046562612
-968.3419843096285 -250.02603443287313
-968.7808851677923 -251.47964890621603
-968.8229393702 -253.22118850372732
-968.3656719963997 -254.1149172963947
-968.582662199065 -255.58936168573797
-968.336727355048 -256.54102446459234
-968.3078848090022 -258.09081854246557
-968.015660670027 -259.8718421640247
-968.0972060155123 -260.775087255463
-968.1531951840966 -261.9568751039356
-968.3673444207757 -262.8544651450962
-968.2571264322846 -263.9142941417545
-967.9329137023537 -265.56448020361364
-967.8401870023458 -266.391409772858
-967.62584634535 -267.3763989391178
-967.5746429901569 -268.20139159582556
-967.4094052355736 -269.5155590953678
-967.8565577607601 -271.22722019575536
-968.2510399561374 -273.0021895351261
-968.084316824004 -274.122144478783
-968.337426130101 -274.9689598264545
-967.8782642524689 -276.7886666240543
-967.5805724602192 -278.2783304633945
-967.1283156018703 -279.88501371763647
-966.9492658715694 -281.24172951601446
-967.7249920111149 -282.574109691605
-967.5161074589937 -283.8453074874729
-967.2780070345848 -284.76421465300024
-967.0000461380928 -286.2314590396732
-967.2553504448383 -287.78720583342016
-967.8546896319835 -289.3154174270481
-967.8310473825782 -290.89585317991674
-967.8862586062401 -292.19393910788
-967.6889911632984 -294.01841272734106
-968.0219126086681 -295.1865096273273
-968.6703935008495 -296.04306508921087
-969.5576635938137 -297.5696349325031
-969.6925979893654 -298.8334292354435
-969.8837899606674 -300.5735105457157
-970.0721115659921 -302.2986265601963
-970.3525672148912 -303.569214123711
-969.8567338179796 -304.7230509700626
-970.467224914953 -306.3261958541721
-969.9257174324243 -307.72592331789434
-970.4648728560655 -309.68961109541357
-970.9911251854151 -310.98035313509405
-971.1464182626455 -312.6478204908222
