-1077.35 -151.31
-1076.5117999672889 -152.61815505981446
-1076.042170202732 -153.73789280414582
-1074.8115103602408 -154.85474890232086
-1073.0350764155387 -154.94828521966934
-1072.0348019957542 -155.14975115418434
-1071.3425009608268 -154.84334152698517
-1069.6715586543082 -154.85610301554203
-1068.7463909745215 -155.35698111116886
-1067.410189306736 -155.44359601050616
-1066.4559805750846 -156.05560720473528
-1064.7343215107917 -156.28311794012785
-1063.3323551774024 -156.6031633517146
-1062.0991973042487 -156.19098870962858
-1060.2918438076972 -155.63356893271208
-1058.516281402111 -155.77409860998392
-1056.9854946494102 -155.82620990782976
-1055.403002655506 -155.57246375590563
-1054.6523014068603 -155.74672137707472
-1053.5098814725875 -156.363804628551
-1051.803297138214 -157.02550368517637
-1050.4984953165053 -157.65201281517744
-1048.6521236658095 -157.72408003121615
-1046.7161485910415 -157.99369115144015
-1045.8776638269424 -158.03166661173105
-1044.4988752365111 -158.1331701925397
-1043.3011952400207 -158.5250647714734
-1042.465009009838 -158.54039991408587
-1041.4260176777839 -158.7428480437398
-1040.216427361965 -158.5758599242568
-1038.9230062127112 -158.64055310696364
-1037.498200213909 -158.8350817462802
-1036.618832027912 -158.93464559823275
-1035.0816780686378 -159.30464670568705
-1033.4549878001212 -158.53494826465845
-1032.1066956877708 -158.6619825860858
-1030.451348221302 -158.7875584116578
-1028.8065828442573 -158.68705697119236
-1026.923260128498 -158.98469190061093
-1025.8470821738242 -158.35694329202175
-1024.5113488793372 -158.77265555918217
-1023.780343568325 -158.57752422749996
-1021.9788290619849 -158.62988428533077
-1020.3470360398292 -158.1370996361971
-1019.6667014718055 -157.76267386734486
-1017.8490444779395 -157.82356802880764
-1016.4567762970923 -158.30071799218655
-1015.804078733921 -159.3991903489828
-1015.2789156794547 -160.04025844991207
-1014.61101064682 -160.85457162320614
-1014.1452940464019 -161.95142011106014
-1013.4828492164611 -162.90690307080746
-1013.1139198005199 -163.79687563836575
-1012.5515672028064 -165.48746804654598
-1012.6068211928009 -166.44992629945278
-1012.7363244280218 -167.29579762876034
-1012.458416698873 -168.7652177041769
-1012.4417162895202 -169.64506546914578
-1013.0464855790137 -170.5507470792532
-1013.1760747194289 -172.0385743802786
-1012.6587218999862 -173.4655374711752
-1012.6099556036293 -174.2283616489172
-1013.0372244067489 -175.3975511020422
-1013.2456620432436 -177.1580491489172
-1013.6307751633226 -179.09533051908016
-1013.6946182347833 -180.13918165624142
-1013.4222912885248 -181.60817675054074
-1013.7528337337076 -182.5783168500662
-1014.1188096500932 -183.4876445955038
-1013.5343964196741 -184.39767519891262
-1013.8000534273683 -185.48131219804287
-1013.3395924068986 -186.36530332028866
-1013.1879997946321 -188.25820974767208
-1013.6577115751802 -189.57100991666317
-1013.7366149671375 -190.99199430406094
-1013.2836607344448 -192.23075787484646
-1012.7180228479206 -193.1774583286047
-1012.5617615975439 -194.20042864739895
-1012.4583411909639 -195.8295121616125
-1012.7196656562387 -197.4494994109869
-1012.5188881553709 -198.3618023222685
-1012.930232206732 -199.3641807860136
-1012.4276619352399 -200.71070573985577
-1012.4972477875649 -201.98665581405163
-1012.0212819300591 -203.30498431384564
-1011.5832577072083 -204.92965338885784
-1011.245806159824 -205.69498608767987
-1011.8709197066723 -206.73925636470318
-1011.8666993550955 -208.38785479724407
-1012.2933948211371 -209.3751701539755
-1012.218222143501 -210.6886421865225
-1012.5015231095254 -212.48136918008328
-1012.1754347406327 -213.89064852654934
-1011.5191887937485 -214.63982264459133
-1010.4031890951096 -216.00689212739468
-1009.3789687477051 -216.86374757945538
-1008.3171340547501 -217.10911537468434
-1006.8240801416337 -217.67668594181538
-1005.6362544618546 -217.98671014368534
-1004.338559897989 -219.2167036062479
-1003.1262392126023 -219.9844466573
-1001.4898218236863 -219.69667424023152
-1000.6692605935036 -220.17688171327114
-998.855350228399 -220.2154896682501
-997.378209324926 -220.5977966016531
-995.937803479284 -220.51661712437868
-994.8895845137536 -220.74413547426462
-993.3242456637322 -221.55212876707316
-992.0426523409783 -222.4105986109376
-990.3927383147179 -221.99813122063875
-988.8306865416466 -222.78293931990862
-988.0351973496377 -223.11332047492266
-986.5556983672082 -222.8258410742879
-985.5942496977746 -223.36187375098467
-984.1756857357918 -223.02480593830347
-983.1399957858025 -223.12727274507284
-982.29676637277 -223.38843958586455
-981.1751675330102 -223.2865291288495
-980.306196244806 -223.47595800966025
-979.2910753808915 -223.1720264455676
-978.422338875383 -223.93628488987684
-976.8471417747437 -224.5719466111064
-976.090600761026 -224.92572831124068
-974.5490774236619 -225.3976765474677
-973.2458998285233 -226.50749703258276
-972.7254249773919 -227.8688624700904
-972.07515213117 -228.499971588552
-971.0518046341836 -229.9883075556159
-970.521402927488 -230.98140647023916
-970.0037083350121 -231.75178553670645
-969.9310133107006 -233.2553808888793
-969.9041125573217 -234.1121131977439
-969.4564769066869 -235.77047534793616
-969.6385831184684 -236.86574502795935
-969.6676084794103 -238.77259631961584
-969.3275180257856 -240.06031127780676
-969.3732168324291 -241.11607809871435
-969.5051122553646 -242.13604327052832
-969.1105335600673 -243.11369582027197
-969.0690738208591 -244.32593186706305
-968.9063742406665 -245.46466787666083
-968.4178310580551 -246.41067500919104
-968.433997182548 -247.74114962428808
-968.675291968882 -248.6940869292617
-968.846583931148 -250.22759368032217
-969.0864664003252 -251.67740966886282
-969.4369823023676 -252.99861743062735
-969.2066251620649 -254.36316384881735
-969.2530107557773 -255.85038795083761
-969.3514570131897 -256.6590554317832
-968.740867628157 -258.50685163348913
-968.3796520367264 -260.38675494998694
-968.7663489416241 -261.4489166340232
-968.4804062679409 -262.2606793245673
-968.4811391573398 -264.11200996249914
-968.8981637995689 -265.61031814426184
-968.9600297030061 -267.05880566447973
-969.5263039883225 -267.90174831956625
-969.7962627228349 -269.37246408075094
-969.7122842486947 -270.45143224805594
-969.9131301011889 -272.0582225522399
-970.2076781954615 -273.3419295749068
-969.949086722359 -274.2344823679328
-969.9689446803181 -275.5622034868598
-969.6688793119042 -276.66594107955694
-969.218316059932 -278.41226657241583
-969.7698142345994 -279.76506777614355
-969.2957715209573 -281.2523101171851
-968.7560294087975 -282.8623720011115
-968.1730931814759 -283.99281915038824
-968.1705876704305 -285.36287351459265
-968.4380805905907 -286.3590257963538
-968.6768812801688 -288.00102742522955
-968.7071307826786 -289.4202471575141
-968.6791391097008 -291.06181081146
-968.3143973968922 -291.97713704913855
-968.627598645538 -293.1008997759223
-968.4278443031012 -294.2682581743598
-968.1355363897978 -295.3474384149909
-968.1265534035861 -296.4343708357215
-968.1552886761724 -298.2111541828513
-968.4279081024229 -299.452940543592
-968.5723403789102 -300.8144734701514
-968.9163466192781 -302.15336986392737
-970.4343367315828 -303.140249927938
-971.3887001372873 -304.1833757957816
-971.9253750540315 -304.97244753450155
-972.1473954267799 -306.07669438928366
-972.0293527044355 -307.00095184654
-972.1151695050298 -308.5434753498435
-972.60178033486 -309.69647904247046
-973.2062780059873 -310.640887041986
