-1077.35 -151.31
-1076.1438389778136 -152.5379967069626
-1074.9556426763534 -153.66979306697846
-1073.7414338350295 -155.0377181148529
-1071.9528797626494 -155.81588244199753
-1070.013936138153 -156.3039063191414
-1068.205530500412 -156.42584761738777
-1066.495469546318 -156.88737255096436
-1065.0141246080398 -157.29155716061592
-1063.16407725811 -157.41107937455178
-1061.463758087158 -157.27827904880047
-1059.737802362442 -157.14237633109093
-1057.8387317419051 -157.28123301029206
-1055.9572868108748 -157.81617945194245
-1054.161936020851 -158.04980396986008
-1052.4462611436843 -158.15084630012512
-1050.5373919963836 -158.5218198275566
-1048.7954976320266 -159.07075118780136
-1047.50438580513 -159.4839543378353
-1045.550626850128 -159.48390803992748
-1043.9778029680251 -159.98415587604046
-1042.6825600624084 -159.5977283245325
-1040.8168128490447 -160.00575472176075
-1039.5874354600905 -159.51414133369923
-1038.7760730743407 -159.92177398264408
-1037.1521365404128 -159.96950553119183
-1035.4195201158523 -159.60377637803555
-1033.6234653949737 -159.42190941929817
-1032.2898740530013 -159.93365493178368
-1030.3124942541122 -159.97677786409855
-1029.2515090465545 -160.19662983477116
-1027.3930166721343 -160.59500993549824
-1025.5340744018554 -160.25011722505093
-1024.0313294887542 -160.9097403115034
-1022.4388972282409 -161.97120712459088
-1020.743563389778 -162.6621025031805
-1019.471314883232 -163.34384540975094
-1018.8294272780417 -164.71114031732083
-1018.1852986574172 -166.38652519643307
-1017.602586364746 -167.62031046807766
-1016.8745101451873 -168.5296196168661
-1017.03311111629 -170.05486468732357
-1016.1846282690763 -171.40094785153866
-1015.6160543173551 -172.53276376187802
-1015.1854822546243 -174.19529048860073
-1014.838720819354 -175.66801921784878
-1014.9422120437025 -176.63125805318356
-1014.4682335540651 -177.8672033971548
-1014.1857459828257 -179.77046482026577
-1014.3953921779989 -181.03059915959835
-1013.9650666698813 -182.67124108731747
-1013.8178366109728 -184.291090888381
-1013.7147472187876 -186.00020257890225
-1014.1415239855646 -187.96284691751003
-1013.7430377289652 -189.3705392307043
-1013.5694127663969 -190.63686446607113
-1013.0090588912367 -192.60578684270382
-1012.4437271937727 -194.24162594735623
-1011.9086228594183 -195.9631143039465
-1011.578183530271 -196.76717822015286
-1011.9367591723799 -197.64627890050411
-1011.8277904152869 -199.3647108501196
-1011.4107350766658 -200.84702245652676
-1010.9190162479877 -202.27566019952297
-1010.3096889317035 -203.65403835237026
-1010.071598163247 -204.36823408067227
-1009.2325419098138 -205.89335791528225
-1008.4635827451943 -207.11669437348843
-1007.6114977508782 -207.76477156341076
-1006.1870242267846 -208.36056558549404
-1004.3755533605813 -209.01357798039913
-1003.0130646139382 -209.81440369546414
-1001.1665894895791 -209.72087497025728
-1000.0940501600503 -209.49601462990046
-998.2614500433206 -209.9803894212842
-996.7484434753655 -210.31934956222773
-995.4835598379373 -210.70187184721232
-994.1316625982522 -211.15299824386835
-992.6917217880487 -211.15910894185305
-990.9241138607263 -211.18954638898373
-989.0684620052575 -211.38205794751644
-987.2041435152291 -211.91399048030377
-985.6817207247018 -212.20267466962338
-983.9104216009378 -212.39150750398636
-982.1793997198342 -211.8529499745369
-981.1115707069634 -212.1711679971218
-979.3469934374093 -211.9006426012516
-978.1763216167687 -212.09802511096
-976.6635813623666 -211.83174925804138
-974.6901149660348 -211.81204043835402
-973.0684921652078 -212.38553332298994
-971.9696869760751 -212.8158814510703
-970.849167099595 -214.31941839069128
-969.9902141600846 -216.19051786273718
-969.9530666306614 -218.05756636470556
-969.7053040996193 -219.62354465335608
-969.6640369057654 -220.77472515910864
-969.1228974223136 -222.0255823931098
-968.4932970762252 -223.99350150436163
-968.8384887635707 -225.45292242377997
-969.2842661499976 -227.31226332992316
-968.7687173843383 -228.9302273592353
-968.6759022459387 -229.81285806506872
-968.0871034845709 -230.79815836757422
-968.1768210366367 -232.48526414245367
-968.0057502821087 -234.26500149577856
-968.5003107622265 -236.0639067491889
-967.9920284584164 -237.6384358009696
-967.7238064542412 -238.72815962642431
-967.4054792061447 -239.85879298061133
-967.1437009707092 -240.89617117255926
-966.9091749176382 -242.39421959728003
-967.0229989275335 -243.8076959452033
-967.2626435741781 -245.42436023563147
-966.8779333218931 -247.12700744479895
-967.1886527523397 -249.04565306514502
-967.6372427031397 -250.1149378618598
-967.2825054213404 -251.648129542768
-967.5107950255274 -253.01719625800848
-967.1284515544771 -254.89177890628577
-966.7081829294561 -256.4048264822364
-966.880545093119 -257.42875023692847
-966.9270033225416 -258.85444708675146
-967.4401325568556 -260.10398395866156
-967.5107419475912 -261.5503478845954
-967.0742838367819 -262.61276396125555
-967.3910112962126 -264.52827413886786
-967.0957520589232 -266.0334885916114
-967.3322204336523 -267.246877630651
-967.550080089271 -268.45909710735083
-967.5891625195741 -269.20043518155813
-967.2640592366456 -271.08950163930655
-967.3706484198569 -272.55215849488974
-966.986518895626 -273.72625925153494
-966.8221904098987 -275.05693294614554
-967.2420620381831 -276.3684237203002
-967.1020583271979 -278.29017855733633
-967.4634459078311 -279.9016289910674
-967.2480806618928 -281.5701396664977
-967.506211093068 -283.3753040036559
-967.2886707991361 -284.5901549062133
-967.2076391339301 -286.0282776555419
-967.4742618262767 -287.61800207704306
-967.5243693053721 -289.48139538377524
-968.0433484971522 -291.0816608867049
-967.667378938198 -291.9465034803748
-968.2261326670646 -293.6026329597831
-968.1099188834428 -295.55177315086127
-968.1157757401465 -297.17480762809515
-967.7159551143645 -298.9679745039344
-967.8144150435924 -300.1237852177024
-968.3117153108119 -301.49896820396185
-969.223092085123 -302.8999880155921
-969.9609469234942 -304.12294610351324
-970.997800117731 -304.80302258342505
-971.955149179697 -306.1712269386649
-973.0060802757739 -307.40214689582587
-974.0133779108523 -307.77911209076643
-974.9601488173007 -308.6964446207881
-975.8686567604541 -309.0315163037181
-976.9438629209994 -309.34554701060057
