-1077.35 -151.31
-1075.5436633586883 -151.86008363723755
-1074.3867132425307 -152.69017880916596
-1072.7627073287963 -152.92802861094475
-1070.971977329254 -153.40771487116814
-1069.6902035236358 -153.7754433131218
-1068.2355714797973 -153.26891523361206
-1066.4149601221084 -153.36515538156033
-1064.5061857461928 -153.64175139129162
-1062.768006658554 -154.22929088532925
-1061.057950592041 -154.41359977185726
-1059.5463182687758 -154.2616158103943
-1058.2317099332809 -153.88301005721092
-1056.9193796873092 -154.4869188940525
-1055.5136824607848 -154.11323174595833
-1053.913638806343 -154.75257947802544
-1052.2951783895492 -155.29792895674706
-1050.635298705101 -155.03529482841492
-1048.7911767721175 -155.59024858236313
-1047.5531751871108 -155.37982079148293
-1045.6915576219558 -155.82261422038079
-1043.8619438171386 -155.9084817892313
-1042.9901467323302 -156.3003091043234
-1041.2763161420821 -155.71563188493252
-1039.875313258171 -155.31205270946026
-1038.2996651887893 -155.45259089529515
-1036.7774246692657 -155.6190405613184
-1035.4479479551314 -155.65402114152909
-1033.7160634756087 -155.66317112505436
-1032.027594065666 -156.10066057503224
-1030.2881076097487 -156.47373051702976
-1028.7268544197082 -156.20607913792134
-1027.1216507911681 -156.62666977703572
-1025.701528763771 -155.9916425472498
-1023.7300892829894 -155.88007385790348
-1022.9549767136573 -156.26503099262715
-1021.634776508808 -156.153657463789
-1020.0677322506904 -156.6517898118496
-1018.8617644667625 -157.84712639212609
-1017.870203411579 -159.21778598189354
-1017.8068349272012 -160.95508923888207
-1016.9742151409387 -162.49223151564598
-1016.6786274820565 -163.5689963376522
-1015.9825165182351 -164.93433418631554
-1015.8705379426478 -165.95806231856346
-1015.2807449758052 -167.87027111411095
-1014.860164707899 -168.93736091017723
-1015.0244520217179 -169.8443995988369
-1015.4523619025945 -171.4301842725277
-1015.350569179654 -172.6787296807766
-1014.8682305723428 -174.65073862433434
-1015.041757813096 -176.4264492070675
-1014.8653480321168 -177.28766980528832
-1014.564347615838 -178.89611461520195
-1014.19246404469 -180.41583195090294
-1013.8786576598882 -182.18439784407616
-1014.0359174221753 -183.80667581915856
-1014.0817643761634 -185.4662589108944
-1014.0768318682908 -186.69483235239983
-1013.7002448946237 -188.04498758673668
-1013.633667653799 -189.70192125201226
-1013.8121009230613 -191.33829346060753
-1013.5152929782867 -192.89534702658653
-1013.8606437802314 -194.19177916407585
-1013.5906501471995 -195.4950890815258
-1013.5906418025493 -197.2420282638073
-1014.2981990039348 -198.61048915743828
-1014.8269121110438 -200.4799707210064
-1014.880267830938 -201.60075011610985
-1015.0419847987591 -203.27021017432213
-1014.9231803067028 -204.78704967856407
-1015.3621133513748 -206.28372099757195
-1015.5252496249973 -208.07828476786614
-1015.0959888048469 -209.88237049937248
-1015.1473055317997 -211.6723842895031
-1014.432412905991 -213.6178759610653
-1013.531042857468 -214.57310095191002
-1012.4971443846821 -215.83415975928307
-1011.4437402918934 -216.84321596980095
-1009.9227220252155 -217.3364154970646
-1008.5725617840885 -217.92188498139382
-1006.7492726281284 -218.71308478474617
-1005.8777088358997 -219.06502970814705
-1004.1254624560474 -219.43919557094574
-1002.4392857983707 -220.18348902225495
-1001.1768622830509 -220.9118016934395
-1000.2247566416859 -221.2870893752575
-998.4441323712467 -221.41813747346401
-996.6655013993382 -220.85854832589627
-994.9997864201664 -221.6081898635626
-993.4305978253483 -222.21633974969387
-991.8361936047672 -222.45618183672428
-990.1860684588551 -222.4747119373083
-989.0617068246006 -223.0331918424368
-987.836932940781 -222.8713373219967
-986.0350660517811 -223.08564331889153
-984.6306086018681 -223.13799988240004
-982.9589051440357 -223.09389986231923
-981.0519348815083 -223.27094446256757
-979.7654146388172 -223.7690197391808
-978.2483375504612 -224.16133313015104
-976.7416183188557 -225.15898816421628
-975.400542064011 -225.77362691000104
-974.1885810330509 -226.3534881336987
-972.7329341605305 -227.13433794811368
-971.7400692537426 -228.53884272411466
-970.6862672403454 -229.78468434646726
-970.2311689689755 -231.12914662197232
-969.851879967749 -232.99157683685422
-969.2209615841507 -234.0390202267468
-969.7215150132774 -235.67964463070035
-969.9444643244146 -236.59019582107663
-970.3170447334646 -238.37025945022702
-970.6053579136728 -239.95125703647733
-970.0872934147715 -241.57963840797544
-969.708982078731 -242.84945576027036
-970.1376977249979 -243.67577009037137
-969.8258092090487 -244.62696425750852
-970.1046555623411 -246.070920394212
-970.2600902304052 -247.32689111068845
-970.1802359431981 -248.61936263874173
-970.3225826084613 -250.17303709819913
-969.4693958818912 -251.856493280679
-969.3969855219125 -252.81048219040036
-968.8319590598344 -254.30656831100583
-968.7036417335271 -255.53881232574582
-968.4987480551004 -257.2603120072186
-968.8129521518945 -258.5581350786984
-968.8693234160542 -260.32145385578275
-968.4783735409378 -261.60786025360227
-968.0949787929653 -263.2038377983868
-968.563377662003 -264.93946521118283
-968.7898668184876 -265.90969567134977
-968.3323243692516 -267.0106236203015
-968.155452145636 -268.9214896424115
-968.1420541241764 -269.6276480419934
-968.1922759920358 -271.19521276786924
-968.477508714795 -272.7077806456387
-968.1939077287911 -273.94570665195585
-967.9850024789571 -275.16771726444364
-968.1625299215316 -276.46808545425534
-967.949381327629 -278.31670777633786
-967.8717468366026 -279.9297706349194
-968.1595360025763 -281.66728572681546
-968.200789900869 -283.49809067085386
-967.7592888198792 -284.8330464823544
-967.5872450195252 -285.5651913149655
-967.5765680842101 -286.7007236941159
-967.5655968509614 -288.5979620678723
-967.756908225268 -290.1412672264874
-968.1279298834502 -292.0232264263928
-968.7764446906745 -293.28703336551786
-969.10830469653 -294.8334881527722
-968.6612273029982 -296.4206428988278
-968.7242555864154 -298.312747643739
-968.69550476633 -299.62574426963926
-968.7692480873316 -301.33335523441434
-969.098188657686 -302.8879231674969
-968.9477447759359 -303.6292316181958
-969.14953639023 -305.01880161598325
-969.3796550523489 -305.67945437267423
-969.1181688796728 -307.29241840675473
-968.4562445174902 -308.6838574869931
-968.3353048454969 -310.28413574531675
-968.2302946563809 -311.1060359938443
-968.7687082406133 -312.54223136737943
-968.9360033687203 -313.6322855217755
