-1077.35 -151.31
-1076.7135272979735 -152.01220017433167
-1075.4059157133102 -153.11181789398194
-1074.5675973653792 -154.2167155122757
-1072.7758676767348 -154.12210635602474
-1071.0469760656356 -154.79339752852917
-1069.9326556682586 -155.1690676933527
-1068.0862773418426 -155.1321745453775
-1066.4318952322005 -155.47116064414382
-1064.5547320604323 -155.93110843881965
-1062.7625064611434 -155.9292014478147
-1061.4390892744063 -155.84799275681377
-1059.5873596429824 -156.18326900288463
-1057.8630747556685 -156.5115088312328
-1055.9299341201781 -156.93440080568195
-1054.444530582428 -156.41978658124805
-1052.727937555313 -155.97272858902812
-1051.4573296070098 -155.59832511231303
-1049.6866091251372 -155.4152984111011
-1048.451898908615 -155.52241068467498
-1047.148934340477 -155.67527463421226
-1045.605407810211 -155.9379151402414
-1044.1693007707595 -155.51614325627685
-1043.066484427452 -155.6392897157371
-1041.5433584213256 -155.83117186412215
-1039.8143986225127 -156.11657332763076
-1038.3352899312972 -156.2354894964397
-1036.970505452156 -155.7374391643703
-1035.6550847053527 -155.79943642899394
-1034.5701569080352 -155.51396945998073
-1033.0875296354293 -155.42684500053525
-1031.671756839752 -155.45084244892
-1029.8216866016387 -156.11240489169955
-1028.483384823799 -155.75656513258815
-1027.7280124187469 -156.20655290171504
-1026.6230565071105 -156.9236801056564
-1025.7951707601546 -157.63519738003612
-1024.6585187673568 -158.15636322781444
-1022.8086516618728 -157.63949398085475
-1020.9687819242477 -157.76458341762424
-1020.1026904344558 -158.55130107089877
-1018.2470829248427 -158.99933893367648
-1016.8170505523681 -159.5540541498363
-1015.6865509510039 -160.45843012019992
-1014.7143450736999 -161.6244345395267
-1013.8796168327331 -163.23692102119327
-1013.5084984064101 -164.65940756484866
-1013.7187886595725 -166.24153477832675
-1013.6664770454167 -167.58048207446933
-1013.8096532732247 -168.9061979739368
-1013.7402268633246 -170.12902135536075
-1013.5163182899355 -171.68143505737186
-1013.4315997496246 -172.8176993815601
-1012.6866629257797 -174.1254431693256
-1012.6144155472516 -175.99926633521915
-1013.1587161034345 -177.2513192383945
-1013.1375380516051 -179.12855584308505
-1013.1308943614363 -181.0029552666843
-1012.9741928413509 -182.47234255954623
-1012.8685071453451 -184.06668991729617
-1013.0591295197605 -185.16435892269016
-1012.3905078604816 -186.98252219840884
-1012.2334832683205 -187.64576280996204
-1012.133261321485 -189.4100957004726
-1012.298260270059 -190.42104471608997
-1012.9399297222494 -191.4281756965816
-1012.6925800278782 -192.8556909649074
-1012.672751905769 -194.15918577596545
-1013.0345411621033 -195.80742228910327
-1012.7780174933373 -196.89329613134265
-1012.4027328513562 -198.7530094473064
-1012.3595929466187 -200.2058502523601
-1011.8862219773232 -201.02839232370258
-1012.2820130310952 -202.13616610452533
-1012.0842142127453 -203.212767252177
-1011.7649498604237 -204.4645083038509
-1011.3280776165425 -205.38352609559894
-1011.3614763118326 -206.23045087739825
-1010.9863630332052 -207.54091680929065
-1010.1996491946279 -209.36917055532336
-1009.139585713297 -210.91085410997272
-1007.3856766022741 -211.25786448404193
-1006.1840098895132 -211.59104324266315
-1004.9238837756216 -211.80211488291621
-1003.3807674445211 -212.182400354594
-1001.848111013323 -212.8342409221828
-1000.9146460689603 -213.32170838996768
-999.3317821420728 -214.1285862414539
-997.6863030590116 -214.40217609092593
-996.2960205473005 -214.88269228622318
-995.1437257923185 -215.3886984078586
-993.9327097333967 -215.2022755084932
-993.1128179229795 -214.78637551650405
-991.2939519084989 -215.1728227673471
-990.3378304041921 -215.0076013444364
-988.9582391776144 -215.14357876166702
-987.7330503262579 -214.75869887456298
-986.2860251463949 -214.7785881473124
-984.6091913975774 -214.56702053681016
-982.7046133078634 -214.3680127723515
-981.5511520899831 -214.58524906769395
-980.1025275982915 -214.8985786153376
-978.8991744317113 -215.79379996791482
-977.1436803139745 -215.63701555266977
-975.6820943154394 -216.02990436688066
-974.4350789584219 -217.16534876957536
-973.4636647500097 -217.96975404158235
-972.4212871588766 -219.67632180586457
-971.806391815096 -221.15067726507783
-971.3590566612779 -222.4333866252005
-971.3111938036977 -224.12396544352174
-971.098385194689 -225.65531724825502
-970.453444520384 -226.92946726217866
-970.3942131347953 -228.24731451407075
-970.4798601962625 -230.123746932894
-969.9737602569162 -231.68321305647493
-970.1083138383924 -232.53555554285646
-970.2750500090419 -234.1391460312903
-969.4993871696292 -235.45497661963105
-969.4816334940492 -237.11891788378358
-969.6510682500898 -238.97356313601136
-969.9991780318319 -240.2240180386603
-970.2951075829565 -241.09673351183534
-969.9472761549055 -242.7767991437018
-969.9376871086656 -243.9465702189505
-969.1805496908723 -245.54879862204194
-968.750818619877 -246.96760350599885
-968.6211482085287 -247.69680816069246
-968.7742184348403 -248.8236022605002
-969.1038531310855 -250.31044989958406
-968.8173618562519 -251.2229199422896
-969.0205902852117 -253.12977075710893
-968.598704496771 -253.81186777487397
-968.7342491395771 -255.3212302340567
-968.6231544189154 -257.18504506483674
-968.4375314138829 -258.0376110686362
-968.7475411914288 -259.4792626513541
-968.4629147969185 -261.4112054719031
-968.298606994003 -262.61240393057466
-967.7332092545926 -264.4090853346884
-968.2560966037213 -265.1897645010054
-967.9756508789956 -266.07300198212266
-967.5209614358841 -267.12689423695207
-968.1717424713074 -268.44712150231004
-968.1546199344098 -269.2327485693991
-967.9856149427592 -270.8485285653174
-967.6535581223666 -271.9928564442694
-967.6803703106939 -273.3776077641547
-968.1215463973581 -274.51906019583345
-968.0869431592523 -276.3411312712729
-968.0304863177239 -277.2085879458487
-968.5672464691102 -278.6137760294974
-968.715148987621 -279.9812259091437
-969.2359074972569 -280.92611515656114
-968.8335818968712 -281.7015797509253
-968.8284439280628 -283.2965243472159
-968.5204585924744 -285.0688895596564
-968.9970454409718 -286.59809082880616
-969.4455019667744 -288.30570429697633
-969.540596975386 -289.2880688919127
-969.9544150963425 -290.32695520058274
-969.6483079031109 -291.90471518173814
-969.6583727881311 -293.30374491348863
-970.0411561116575 -294.57489919796586
-970.3300349101423 -296.040075661093
-970.0193510636686 -296.7336652292311
-969.4120800480246 -298.3415377153456
-968.724458156526 -299.7483050836623
-968.5961585327982 -300.8418390764296
-968.0806148335337 -302.5853570713103
-968.2899483129381 -304.07683301106096
-968.731750486791 -305.54430759087205
-969.7932069286703 -306.84174847736955
-970.982193468511 -308.1762731088698
-972.255667208135 -308.9831151379645
-973.2163654550909 -309.94249189034105
-973.8999527677893 -310.93754518166185
