-1074.53 -218.16
-1073.1442135858535 -218.13597041912377
-1072.5269825744629 -217.81574526973068
-1071.8214810180664 -217.59652029521763
-1070.5900155591964 -216.62459384448826
-1068.758200316429 -216.86125919766724
-1067.0005151319504 -217.26849106498062
-1065.5867549467087 -216.53871694751084
-1063.7917807388305 -217.5481303090602
-1062.002402691841 -216.8349545354396
-1060.5570820856094 -217.253754472211
-1059.041499285698 -217.37313619799912
-1057.114625005722 -217.6377426738292
-1055.599156050682 -218.45249024577438
-1053.9611541318893 -218.88002858109772
-1051.969768075943 -219.44024202771485
-1050.4346306610107 -218.67700502820313
-1048.577008395195 -219.20798203893006
-1047.218882946968 -219.46263057537377
-1045.6079980421066 -218.70062584228813
-1044.935021071434 -218.0920982415229
-1043.0394975233078 -218.44705418296158
-1041.410379319191 -218.71720547027886
-1039.8921060848236 -219.13181469388306
-1038.4058056163788 -219.80983964152634
-1036.7415638256073 -218.80965129084885
-1035.989552705288 -218.74432270772755
-1034.9511443066597 -218.63538015432655
-1033.4918995785713 -217.66950965471565
-1031.9747636008262 -217.26413077659905
-1030.442064731121 -217.324614809677
-1028.5269426989555 -217.57968734376132
-1027.42749366045 -218.50530950896442
-1026.1103592801094 -217.6931856738776
-1024.1818781781196 -217.28327326647937
-1022.9031558918953 -217.5424100922793
-1022.4260167467594 -216.81799484960735
-1020.8792600023746 -216.01202751867473
-1019.323021351099 -215.87326704137027
-1017.7249608623981 -215.7084543722123
-1016.6524665939808 -216.75609302692115
-1015.0820993769169 -216.43840736322105
-1014.1953894484043 -217.019735397622
-1012.4107130157947 -217.106931688115
-1011.7093287098407 -216.4411954896897
-1009.7592750179767 -216.94067508153617
-1008.2428148376941 -217.90397280626
-1007.397418795824 -218.0549937503785
-1005.4790340054035 -217.2856819050759
-1004.0883026707172 -216.5854604857415
-1002.3002157795429 -216.2781887667626
-1000.6752176868915 -216.6479807215184
-999.4160237896442 -216.2932506518811
-998.6603806602955 -217.47457155756652
-997.1633679258823 -218.09620103411376
-995.1740559923649 -218.71949002318084
-994.6983306992054 -218.80582994394004
-992.8494523155689 -218.77690076813101
-991.3663284170627 -218.6773871703446
-991.4375740277767 -218.5591873972118
-989.8116673219204 -217.6114972679317
-988.0606729972362 -216.97093759462237
-986.9435404527187 -217.51649378225207
-985.7867702233791 -217.3837417064607
-984.3101836431026 -217.2873207552731
-982.7557681787014 -217.27645399406552
-982.0247485029697 -216.98073225453496
-980.9199545967579 -217.21185057595372
-979.4846013176441 -217.20015953466296
-977.7506187546253 -218.31005154535174
-976.4403491604328 -217.66376326963305
-974.6016398060322 -217.22814936921
-973.0425513374805 -217.83072020098567
-971.704102216959 -216.9851233510673
-969.7908152925968 -216.9050323216617
-967.9295636999607 -217.86263667032122
-966.9451903688907 -217.49077911660075
-965.1480907785892 -217.64601771518588
-964.7176426041126 -217.70127545282244
-962.8659289467334 -218.52838067695498
-961.3436782944202 -218.377861097306
-960.4832608687877 -217.37352652832865
-959.0096722829342 -217.69336335346102
-958.2411779153347 -218.7038308827579
-956.3587223279476 -217.82704280301928
-955.5543175327778 -217.99656376227736
-954.1806098806858 -217.62498024091124
-953.312439917326 -216.92958405598998
-951.6158483016491 -216.57199186071753
-950.4637218701839 -215.90908098205924
-948.8789814698696 -215.53550338730216
-947.1120713937282 -216.77460038647055
-945.4784816491604 -217.6896211503446
-943.9843291032314 -218.5109267233312
-942.0508449065685 -219.0905680654943
-941.7227341222763 -218.79539161905646
-941.0996605443954 -218.67777070388198
-939.4282181549072 -217.46908864364028
-938.8958180236816 -216.73862650975585
-939.0984505105018 -215.76577952489257
-937.8051322388649 -215.05331060275435
-936.5644704985618 -215.07024201735854
-935.3770086455345 -213.4973185954988
-934.6834245610237 -213.3554756937921
-935.271011083126 -212.46553328618407
-933.8305405068397 -211.3519962130487
-932.9227145004272 -209.67705586537718
-932.1112299847603 -207.93781021222472
-931.0657831120491 -206.96392282828688
-932.0164906668663 -205.71248647555709
-932.3900492477417 -203.844292729944
-931.691879658699 -203.05090752229094
-930.81090852499 -201.28445628270507
-930.213641731739 -200.71330514535308
-929.502307562828 -199.82407256945967
-928.6709211158752 -198.49131509646773
-927.9064998912811 -197.63115635499358
-927.7676069128513 -196.36186924561858
-927.9833675312996 -195.48936453446746
-928.2213093328476 -193.91544595345854
-927.6941330718994 -193.68454232797026
-927.3951386201381 -193.24077382668852
-927.0053976166248 -191.58807924374938
-926.4424245941639 -190.76583996400237
-926.8994264292717 -189.57901206597685
-927.8867504286766 -189.229747146219
-927.3111853289604 -188.47652873381972
-926.7908578801155 -187.89211580142378
-926.3415365505218 -187.07533708199858
-926.0784046041965 -185.27382698640227
-926.0629632163048 -184.57958045586943
-925.6769591557979 -182.87784615144133
-925.763473598957 -181.51074162110686
-926.1895793962478 -179.73308196648955
-925.6078764486313 -178.30066648110747
-926.5563484120369 -176.85127475842833
-926.9016948032379 -176.18615987882018
-926.3920045185089 -174.8527982531488
-927.2308073329925 -173.1208966074884
-927.5308485913276 -172.50227776154875
-927.6096928405761 -171.29486802205443
-927.3818820106983 -170.8979079721868
-926.9858098614216 -169.1182789801061
-927.9677188384533 -168.7628916798532
-927.6672869610786 -167.56882980450987
-928.6521721768379 -166.48955479249358
-929.0311460781097 -165.46581903085112
-929.2244602578878 -165.3564601241052
-929.6273535627126 -164.20799580201506
-929.4231110799312 -162.60243001565337
-928.7361348855495 -160.72233095750212
-928.619772105217 -158.81671920403838
-927.8088543105125 -157.77531614884734
-927.5035611975193 -156.4732462464273
-926.914259968996 -155.72057452782988
-927.6227576124668 -155.26385143384337
-928.9126998770237 -154.50460681304335
-929.1290533679723 -152.91677579268813
-928.5063344973325 -151.3552890716493
-928.628050892353 -150.6834432183206
-928.0899661469459 -149.60021224603057
-928.3400368082523 -148.2283524571359
-929.2130610334873 -147.26442763194441
-929.4282739001512 -146.79247352465987
-929.3171276736259 -145.22401532515883
-929.1846513140201 -143.60345110282302
-929.1885123836994 -142.06991371497512
-929.3635302174091 -141.39845517262816
-928.7886415112018 -141.16291400775313
-928.3022125649452 -139.51755234584212
-927.605677037239 -139.1892314849794
-927.5145477938652 -137.48570618018508
-928.2641196537018 -137.01121896490454
-928.44045281291 -135.4016095994413
-928.2124345588684 -134.88504552826285
-927.7922064650058 -133.68848144993186
-927.9836384940147 -132.83046227678656
-927.66434907794 -132.97688543781638
-927.4169216442108 -131.60234808906912
-926.8916307377815 -131.6042547224462
-927.4942225503921 -130.8311485646665
-928.0704759645462 -130.19141596540808
-928.1660446363687 -129.30384099468588
-928.8628895717859 -128.07515454277396
-928.1047598558664 -128.0726031063497
-929.010234876275 -126.94436597809195
-929.5376863318681 -125.11742520317435
-929.6866962450742 -123.3356932400167
-928.9721169012785 -121.54245901092887
-928.666245265603 -121.63781195864081
-928.597321613431 -120.88241738066077
-927.9888844925165 -120.9942563174665
-928.1180383998155 -120.19975328430533
-928.7134651976824 -118.33212423309683
-927.9822219449281 -117.54993617519736
-927.4037570792436 -116.84119081482291
-927.9544695454836 -116.15675210937857
-927.3478838044405 -114.79898667320609
-928.1805873352289 -114.64694267496466
-927.8779570299387 -113.4386777280271
-929.1098068195581 -111.76395589098334
-928.6253354984522 -111.16634547695517
-927.8776482778787 -110.19103711828589
-928.1691592770815 -108.72591775640845
-927.7913539844751 -107.69086855635047
-927.0409912902117 -107.33985325679183
-926.5844853061437 -106.8602147398889
-926.9062135952711 -105.9100114403665
-926.9086226063966 -104.44197574242949
-927.0436307626962 -104.3701510129869
-927.4550043481588 -103.42734882220626
-928.1091541188955 -102.92731329783797
-928.3286381351948 -101.68631455287337
-928.3424651312828 -100.35424599036574
-928.5029773849249 -98.77705547198653
-929.2930011886358 -97.13687130793929
-929.3541842240095 -95.38006398066878
-929.003603233695 -93.86028286799788
-928.8952159124613 -92.2593955694139
-928.9522706258297 -91.14650306090712
-928.6501234161854 -89.387941211313
-929.3661302912235 -89.47173342093825
-929.1039057362079 -87.6969628034532
-928.2537603366375 -86.38846632823348
-928.1965415167808 -85.02027365550398
-928.9588223385811 -84.75601884707808
-929.5879488873481 -83.19582244738936
-929.2970243680477 -81.5488242803514
-928.8158228087425 -79.69261071071028
-928.2701246428489 -79.32353979334235
-929.5562963175773 -77.71047323927283
-929.1690359401703 -77.22993767246604
-930.2644055175781 -76.44341480717063
-930.3247944253683 -74.94840371593833
-930.5597192335129 -74.57962757334113
-930.880775539875 -74.45599985107779
-929.9507432866096 -72.85785281643271
-929.9000471818447 -71.83149158939719
-929.2871154534816 -70.11373662933707
-930.5029047715664 -68.49636793121695
-930.124340801239 -67.39537608608603
-930.1698422718048 -65.63480126842856
-930.1637375044822 -65.0006672142446
-931.7209448504448 -64.53554514035582
