-1074.53 -218.16
-1074.477578549385 -218.96125373601913
-1072.647005109787 -218.86452746003866
-1071.3158344316482 -219.82314884275198
-1069.4592384386062 -219.24994045108556
-1068.4714592981338 -218.5531803330779
-1068.1211610126495 -217.75234704822302
-1066.4812484073639 -217.19301563113928
-1066.1264438319206 -217.40399162083864
-1065.584219007492 -217.515243422091
-1064.1274910259247 -218.37516416221857
-1063.3654442119598 -219.18533332258463
-1062.0087635803222 -218.2759719005227
-1061.3709272432327 -218.69079140931368
-1060.4116384077072 -218.8499563446641
-1059.0777792024612 -218.73956455647945
-1059.117583720684 -217.99242063224315
-1058.1015538859367 -217.08340962588787
-1056.9778986859321 -217.12497949957847
-1055.6258979725837 -217.07146397590637
-1054.5415839838981 -217.2276523000002
-1053.6236952233314 -216.64455347120762
-1052.2064987111091 -217.26942305624485
-1051.063805668354 -217.71318243801593
-1050.4769683766365 -218.00184320271015
-1048.6260555672645 -218.5941185837984
-1047.345765440464 -218.03608267366886
-1046.5011923599243 -217.13048164904117
-1046.5837468194961 -216.2033139950037
-1045.7634068417549 -215.76270442068576
-1045.485568909645 -215.7036618924141
-1044.3660208272934 -215.08267215251922
-1044.2823095607757 -215.06388083457946
-1043.1911446142196 -214.5975652372837
-1042.0079732227325 -214.43381724119186
-1040.1335240888595 -214.99417040109634
-1038.8626256275177 -214.92996293663978
-1038.3248253154754 -214.431929115057
-1037.5920530843734 -214.4964760875702
-1036.8918916869163 -213.8303336238861
-1035.3827018427849 -213.31185344219207
-1033.6405780005455 -213.99892571926117
-1032.3975449490547 -213.71878660082817
-1030.7027452874183 -214.73975170016288
-1030.0303556609153 -214.478225055933
-1030.067578701973 -213.8163197672367
-1029.220795302391 -214.9022766983509
-1027.986640124321 -214.83644807696342
-1027.211727051735 -214.86661754906177
-1025.881063489914 -215.09951804935932
-1024.8642267274856 -214.53270809710025
-1024.5881327080726 -215.2747233992815
-1024.0054809737205 -215.58045955359935
-1023.3158231067657 -215.33105239629745
-1022.4369204330444 -215.09840342760086
-1021.4735515403747 -214.68719351649284
-1020.5477618265152 -214.87515211462974
-1019.8944207715988 -214.17964250206947
-1018.8398800182342 -213.67749232411384
-1018.4240024077892 -214.41293400883674
-1017.8445004212856 -214.4064105784893
-1017.1987985360622 -214.49606623113155
-1015.5382517564296 -214.2655956929922
-1014.2503017175197 -213.84950967490673
-1012.557470678091 -213.12401844918728
-1011.5080102670192 -213.96552493035793
-1009.9306281793117 -213.74917407691478
-1009.7285636651516 -213.5042878872156
-1008.8850096452236 -213.37704591810703
-1008.8018638479709 -213.5495884603262
-1007.936996935606 -213.038003641963
-1006.7064514148235 -213.04755743205547
-1006.64956974864 -212.73838539779186
-1006.5537194001674 -213.4785497969389
-1005.1176897275448 -212.78827663123607
-1005.1140176045894 -212.65554772675037
-1004.4091472613811 -212.02102910339832
-1003.3611117589473 -212.39997534811496
-1002.2109795796871 -212.7785369938612
-1001.825529872179 -212.65289174377918
-1000.4518504726886 -212.12965016424656
-999.7085754263401 -211.53032975256443
-999.6211777317524 -212.28466187775135
-998.3343095171451 -211.8817296808958
-997.7850103366375 -211.5266050285101
-996.7221086013317 -212.29005457818508
-995.462773321867 -212.93725403010845
-993.9528226840496 -213.29692070543766
-992.188124178648 -213.16683809816837
-991.4349476087093 -212.6549364811182
-989.9433302867412 -213.36326675474643
-988.3906321513653 -213.0961377209425
-988.2068078505993 -212.88762896120548
-986.9208993899822 -212.98433280348777
-986.6463714826107 -212.92998937129974
-984.9756743896007 -213.67304811239242
-984.9244915831089 -214.17433199644088
-984.6163468945026 -214.48184237241745
-984.3733391749859 -213.8451190328598
-984.0886341321468 -213.53900757789611
-983.3639521586895 -213.4788786059618
-981.8015892493725 -213.03431062757969
-981.6329725372791 -212.70950146377086
-980.4538995611667 -212.68328646183014
-980.3616639363765 -212.4112136697769
-980.2436316001415 -211.5623561477661
-979.3786040532589 -211.66685825943946
-977.944840310812 -212.32502049565315
-977.0336859214306 -212.8886910712719
-976.3634511220455 -212.03398168444633
-974.7504556167125 -211.9000079369545
-973.9717942464351 -211.45285621643066
-973.1778779613971 -211.30923480153083
-972.2823329555988 -211.18250814437866
-971.2850140917301 -211.50950029850006
-970.7295830833912 -211.67569950580597
-970.641847192049 -210.47398046016693
-970.8928303110599 -209.67326936483383
-969.3543819773197 -208.99531725406646
-968.1294625389576 -208.1677189207077
-967.9021569776535 -208.21949026346206
-967.9720381784439 -206.7707764840126
-967.969963042736 -205.0843282675743
-967.2362638401985 -205.3412168955803
-966.4761342096328 -205.03351229786873
-965.7342188644409 -204.29787725567817
-965.0142957258224 -202.87538892388343
-964.3291395592689 -202.61068576931953
-963.5737516570091 -201.44620806336403
-963.8755812036991 -201.15875083565712
-964.4246540653705 -199.978793207407
-964.2428243297338 -199.78874141335487
-963.9363896983862 -199.01449841618538
-963.7506623256206 -198.30696404337883
-964.1327772724628 -197.60213554263115
-962.9178531754017 -196.54226065039634
-962.3759270894527 -195.311971668005
-961.9288023996353 -193.99502826094627
-962.3400810050964 -193.44084406256675
-962.3628007422387 -191.97857427954673
-962.8809276472032 -190.75469863772392
-963.8057496796548 -189.59675085902214
-964.0265846203267 -187.93182909846306
-963.9740453909337 -186.6848713195324
-963.5000008891523 -184.91461348891258
-963.9400358150899 -183.4128961598873
-964.467419142574 -182.33544636130333
-963.8493404339254 -180.499330047369
-963.6193184952438 -180.45960390925407
-963.1877058844268 -179.3079010283947
-963.6091602544486 -178.65711981415748
-963.4225086669624 -177.11807102322578
-963.3110837738216 -176.54154008984565
-963.2308723057806 -176.00763637185096
-962.3453986372053 -175.6527387535572
-962.830369028002 -174.14756030201912
-963.0337106610834 -174.1570849454403
-961.8700584794581 -173.5556695497036
-961.1876288677752 -172.5118633544445
-961.9375416661799 -172.28835165858268
-961.1304850007593 -171.23570108771324
-961.0788307029009 -170.3654394185543
-961.7052533465624 -168.66716552138328
-961.1132100659609 -167.55300557971
-961.8074195224046 -166.43869483828544
-961.9076833340525 -165.60298961758613
-961.5541214856505 -165.2453633582592
-961.6888165834546 -163.99145210146904
-961.5918028268218 -163.56753149986267
-961.9776008340716 -162.80327013492584
-962.3704514417052 -161.3039435482025
-962.4767523992061 -159.9216069316864
-962.1655322897434 -158.49051979541778
-962.5478948044777 -157.98272720336914
-962.2739322173595 -157.15850410223007
-961.9200720775127 -155.7227892613411
-961.4499697077274 -154.7277171945572
-961.3831921729445 -154.55906531572342
-960.7920821818709 -152.83242580652237
-960.82927559942 -152.4786896443367
-960.3102486047148 -151.23407015562057
-959.7514803323149 -149.61983880758285
-960.1277608785033 -148.574464533329
-959.9585519197583 -146.78206989526748
-960.2832972171902 -146.48212942838668
-960.2948098096251 -145.48924330234527
-960.242296180427 -144.10736850261688
-961.3306201311946 -143.81352523326873
-961.4585376891494 -143.9395221209526
-961.583195208311 -142.71012446641922
-960.927074252367 -141.14271948099136
-961.4880462872982 -139.91117832422256
-961.9150306272506 -139.12687638759613
-961.2095026063919 -138.06747797489166
-961.3287040579319 -137.04673746585846
-961.182316570282 -135.42825201511383
-960.2259223151207 -134.96498775839805
-959.5777274060249 -133.40769553542137
-960.0875250983238 -131.95446026682853
-960.2218086707592 -130.98263562083244
-959.4468209731579 -129.09300446867942
-960.126100538969 -128.01373291373253
-959.871497451067 -127.20016408324241
-960.5736013638973 -126.34717035651207
-960.1199374783039 -126.12515420079231
-959.3322629320621 -124.821211758852
-959.8786779630184 -124.21962362885475
-959.1695741999149 -122.84675747513771
-958.797027080059 -121.40580922722816
-958.7591072756052 -120.42307359337806
-959.4470391708612 -119.34746283650398
-959.5491414505243 -117.6428977882862
-958.6500455576181 -115.95444602131843
-959.7428591686487 -115.43243009209633
-960.6100070911646 -114.37620634198188
-959.7534221845865 -112.61038798451423
-959.0518500047922 -112.24093163371086
-959.5515643197298 -111.63943696379661
-959.7615813153982 -111.08502519488334
-960.5295369762182 -109.46957636237144
-959.9471246141195 -108.49367493748665
-959.8022237259149 -108.0418753361702
-960.6130658823251 -107.00220725297928
-960.350927247405 -105.54051944971084
-959.9133203762769 -104.25203833341598
-959.142662538886 -102.65539476633072
-958.6024338144064 -102.70908853769302
-958.1116071480512 -101.4929295516014
-957.5633372801542 -101.37431940793991
-957.7362347829342 -101.27767172813415
-958.9968296277523 -100.96345702171325
-958.807401804924 -100.86199584960937
-959.3526609826088 -100.14925936222076
-959.0702155518532 -99.68297866344452
-960.0104148077965 -98.96361688137054
-960.1412225353718 -98.24703488111496
-959.703581033945 -97.34495815992355
-959.6449291470647 -95.43971762418747
-959.8570512148738 -94.68684217691421
-959.1981218668818 -93.28110191583633
-959.7479590985179 -92.8760495519638
-959.8464270594716 -92.45987227916717
-959.6649192932248 -91.453337225914
-960.2679562333226 -90.29518440723419
-961.1053003433346 -89.3409360384941
-961.6535448792577 -88.77178010702133
-962.0506136777997 -88.03540227174759
-961.2350030902028 -87.18328979969024
-962.0841806295514 -86.91911372900009
-961.4184095028043 -86.467332187891
-960.7393684151768 -84.6378644144535
-961.1219788852334 -84.16000748038292
-960.5086388650536 -83.45928109049797
-961.0389374557137 -82.05445254206657
-960.4102216425538 -81.22871154904365
-961.0494922462105 -80.39183313012123
-961.2515311899781 -79.64343601822853
-961.253526943475 -77.70819503426551
-960.6652160461247 -76.72300321221351
-960.6099745619297 -76.24394411206245
-960.9561651337146 -76.24147397637367
-961.5505135047435 -76.1463499701023
-960.720650910139 -74.24063974976539
-960.6632266442477 -73.50616538882255
-960.0185486476123 -72.62433088183403
-960.7235461275279 -71.8876876270771
-961.1457534830272 -70.40123898148536
-960.7321951191127 -70.01581400990486
-959.9491536419093 -68.57059902310371
-960.9371465246379 -67.33766788601875
-960.6466440658271 -65.85214752316475
