-1074.53 -218.16
-1073.3759330797195 -219.0588198041916
-1071.726017742157 -218.0195198392868
-1070.0208020496368 -218.82443240642547
-1069.4657533454895 -218.9556384718418
-1067.7280514526367 -217.8850180542469
-1065.9213354873657 -217.5814484989643
-1065.4098440098762 -216.89796132206916
-1064.0430706429481 -217.74692798018455
-1062.4440695929527 -217.99536092936992
-1061.2681824851036 -218.43055118978023
-1060.6908285307884 -217.9007682389021
-1059.488737552166 -219.09773762881755
-1058.2415938067436 -218.9459676927328
-1056.4722370791435 -218.7646718508005
-1054.9169192004204 -218.68221915125847
-1054.561947016716 -219.46434283614158
-1053.0548388051986 -220.1301775610447
-1051.9848516273498 -219.97992816925048
-1051.3086456346512 -220.11571926236152
-1049.8382250356674 -219.37055635809898
-1049.239008514881 -219.85523966312408
-1047.657029955387 -219.68034696936607
-1045.8696394848823 -219.773514482975
-1044.6126011300087 -220.52794394254684
-1043.1428116250038 -219.30104503393173
-1042.2076314377784 -219.9498934483528
-1041.4897980976104 -219.82262170672416
-1040.8226834225654 -220.18655202150345
-1039.002387611866 -219.78568631768226
-1038.049996881485 -218.6840297615528
-1036.3792667675018 -218.69848949074745
-1034.588677792549 -218.9165869539976
-1032.963434009552 -218.07602711379528
-1032.123850851059 -218.86613466203212
-1030.4914720344543 -218.21243991315364
-1030.2397076177597 -218.75543685615062
-1028.6558269548416 -219.03045101821422
-1027.2671088266372 -219.83437069118023
-1025.976960568428 -219.91990353524685
-1024.23061981678 -219.59923641741275
-1023.60236713171 -218.96493606626987
-1021.9021916079521 -218.80649410545826
-1021.1278440642357 -218.5367848163843
-1020.1083061385154 -218.76823614895343
-1019.1058181214332 -217.9830803757906
-1018.1957938361168 -217.62487118303775
-1016.686761944294 -217.6789473554492
-1015.1604954886436 -218.20434018582105
-1014.8893348264694 -217.1675119063258
-1013.4060545253753 -216.78629284709692
-1012.2325578022003 -216.6122606804967
-1010.5846023845672 -216.5506805664301
-1009.6500450062751 -216.339800927639
-1008.0212289977073 -215.90329301714897
-1007.06393805027 -216.83649683356285
-1006.8354304718971 -216.47305015087127
-1006.391409842968 -215.8333916401863
-1005.6095011520385 -216.71240428447723
-1004.1836059379577 -217.5359998679161
-1002.3887878942489 -216.76581183433532
-1000.8525129842758 -217.43749466896057
-999.7158248710632 -217.94429979085922
-997.9699390220642 -217.44978955745697
-996.1599757957458 -216.86497924089431
-994.3221168804168 -217.13724491357803
-994.0528146910667 -217.814077231884
-992.5292503523826 -216.7252945637703
-990.8129218506813 -216.40083423614502
-990.4024515140056 -216.99470100164413
-989.9043016421795 -216.85535374641418
-989.4104322183132 -216.1869860625267
-987.4588185536861 -216.5284026300907
-986.9774176764488 -216.38080767154693
-985.6481604266166 -217.04191610574722
-984.6495603013038 -216.45218196868896
-983.4247187066078 -216.51726279765367
-981.5600713181495 -216.8412920346856
-981.3646744179725 -215.94830478340387
-980.4670175004005 -215.01014990717172
-978.8466777491569 -215.32862992197275
-977.7749405789375 -214.82661421209573
-975.9862761187553 -214.5728616824746
-975.1291786122322 -213.23192692905664
-973.7968243050575 -213.6412222495675
-972.9932467627525 -212.4442612043023
-972.9792887854576 -212.74148250728845
-972.9575495409965 -211.3295161834359
-972.0441596794128 -209.91162086635828
-970.7777675676346 -210.21484805256128
-969.833340435028 -209.6230554690957
-969.2526623296737 -209.40652100354433
-969.1982959794998 -208.492534737885
-967.7734494495392 -208.49128321915865
-967.041290192604 -207.02892212182283
-965.6073949623108 -206.1791173031926
-964.8113943624496 -206.03004763633012
-964.1073887038231 -205.6413328757882
-963.05651399374 -204.75407369047403
-962.772066591978 -203.0770321598649
-961.8304859387874 -202.92665280014276
-961.3428241896629 -201.97943038851022
-961.3398384141922 -200.23519844919443
-960.5957597184181 -198.81892151743173
-960.1089482891559 -197.53997797876596
-959.6286314117908 -196.31576485544443
-959.5362234550714 -195.21164340883493
-959.1619061666727 -194.88617588192224
-958.4568585592508 -193.58492888122797
-957.8612330394983 -193.5355848184228
-958.558255239129 -192.23586357742548
-958.8733428257704 -191.87222180873155
-959.4462251204252 -191.42503635197878
-958.5916194456815 -190.6181832960248
-958.438042743802 -189.113626640141
-959.1467700439691 -188.7062790504098
-959.0422130960226 -188.55814070612192
-959.2043913739919 -187.50144369512796
-958.5242138046026 -187.18390710264444
-958.08233438313 -186.88863624244928
-958.6580745416879 -185.5341519227624
-958.1474020916223 -185.68081499248743
-957.6533504861593 -184.35750414043665
-957.0765114563703 -182.9545552840829
-956.79786608994 -181.75281454235315
-957.7785490590334 -180.98474199682474
-957.3835218685865 -179.4454016199708
-956.9777310627699 -179.07316334158182
-957.1860504734516 -178.80864847809076
-957.6824598002434 -178.4884256234765
-957.3933653819561 -178.07808078438043
-956.7792561638355 -177.73858381420374
-956.2650111305713 -177.25669388085603
-956.2188955831527 -175.94390956670046
-956.4896870839596 -175.83700702697038
-957.488920687437 -174.34229729682207
-957.7243782269954 -172.7128054907918
-958.4696067559719 -171.31871841460466
-958.4255216407776 -170.59136436492204
-958.4871141004562 -170.17069519668817
-958.3554150450229 -169.5636535397172
-957.6541933405399 -169.42105020195245
-958.0867284226417 -167.8743480554223
-958.2512094217539 -166.85289968162775
-959.2952348428964 -166.4134900084138
-958.5993295150995 -165.58005202919244
-959.0223849850893 -164.67030806452036
-959.8717857438326 -163.02785534769296
-959.4992679792642 -161.92131109148264
-958.8423881965875 -160.02459711939096
-959.0907295036316 -159.1656585446
-959.0249833154678 -158.13090259939432
-958.7406067538261 -156.75175626188516
-957.9745620179176 -156.49363745361566
-957.9108436989784 -156.10763455539941
-957.256153075695 -155.1798963060975
-958.2756174492836 -154.35580570608377
-957.827823369503 -153.54993153721094
-957.898906468153 -153.18685052901506
-958.3662509906292 -151.6253439000249
-957.9139567303657 -150.22708485633135
-957.6660330283642 -148.7129239848256
-958.3863154637813 -147.31651220828294
-959.0878695237636 -147.33284805327654
-958.6609404075145 -146.02911732703447
-959.5807952868938 -145.98243264466524
-958.894855915308 -144.58398381978273
-958.5804377484321 -143.12410132199525
-959.100419549942 -142.23201118022203
-958.9661593872308 -141.86341993123293
-959.0837462681532 -140.67285088807344
-959.4928769308328 -139.61558846741914
-958.6855403620004 -138.34926311284303
-958.3106981056928 -137.6712017467618
-958.9414476889372 -137.14019445687532
-959.3690496224165 -135.84688274174928
-959.1622716921568 -134.37405101567506
-959.1591855871677 -132.7469445875287
-959.8341981756687 -131.27487568169832
-960.3236695516109 -129.9669017007947
-959.7478983390331 -129.25372133761644
-960.4874538171291 -128.68577585726976
-959.9427306640148 -127.16895733386278
-959.3683238017559 -126.2969438841939
-959.9183177936077 -125.50006548672914
-960.2744640100002 -125.50777135401964
-960.1159452188015 -125.19414011746645
-959.3305455434322 -124.7800647726655
-959.5614151346683 -124.11145467668771
-959.1012605416774 -122.9042137375474
-958.8171973216533 -121.74843211084604
-958.5559654223919 -121.4651507845521
-957.7893841254711 -119.87964172273874
-958.6482303130626 -118.70928401857614
-958.9074049282074 -117.94215316683054
-959.4420839834213 -116.22924609094858
-959.9948785591125 -114.79403371721506
-960.5530947732925 -112.94371743112802
-960.868724553585 -111.97142923980951
-960.7979259851575 -110.96819676071405
-961.0014587554335 -110.22396106630563
-960.132227114141 -108.39611990362405
-959.3725573930144 -107.88466234117746
-958.9912811431288 -107.88761414200067
-958.4177567872405 -106.90156818538904
-957.9603480610251 -105.65075565487146
-957.2693787130713 -104.73087681442499
-958.1421827587485 -103.30418122917413
-957.6521510395407 -102.26302350670099
-957.3362113150954 -101.4454853644967
-957.2061370524764 -100.36954785495996
-956.7634062084555 -99.50571281820535
-957.86861579746 -98.5568905583024
-957.9690035942197 -97.61467642694711
-957.4051307800412 -96.62979538351297
-957.1146164897084 -96.32377780586481
-958.0256141784787 -96.07783515363931
-958.6571929219365 -94.61866338163614
-959.7300866606831 -94.3480294457078
-960.0880361559987 -94.21384997278452
-960.7153280737996 -93.91127486139536
-959.8577847841382 -93.1667230835557
-960.0859389963746 -92.9069265833497
-960.0804392944276 -92.94348503261804
-959.4545874844491 -91.87120891720056
-960.4438567410409 -91.84390903621912
-961.0902889023721 -91.28783203274011
-961.5100227247178 -89.94965840488672
-960.7213087926805 -88.32259811073541
-960.8971383075416 -87.6043941488862
-960.5735634665191 -86.68588961273431
-959.9735601048171 -85.58536852508783
-959.5572577814758 -84.26241434723138
-959.3290920655429 -82.9745701661706
-959.5304627220332 -81.41126288086176
-960.6480780641734 -80.54455668836832
-960.1244314114749 -79.80762554317712
-959.6617572705447 -78.01934505611658
-958.8877625267207 -76.68746436744928
-960.0825629036128 -74.83275831848383
-959.6752072374522 -74.39631504923105
-958.982286016196 -73.9008416941762
-959.5163759987056 -73.80481747895479
-959.1518451373279 -72.26493243485689
-959.7281313340366 -72.00681899100542
-960.2823157708347 -71.11520777255296
-960.0782671074569 -70.36072818547487
-960.1129058848321 -68.46113220959901
-960.0109937439859 -67.35903469830751
-960.0318679462373 -66.58862761765718
-961.406766141504 -65.87713811904192
-960.703916336149 -66.24832455426454
-960.4625279854238 -66.46776876956224
-961.0024642895162 -66.02857099086046
-960.5452923725545 -67.09091005831957
-960.750415469259 -66.34976218253374
-959.9996326814592 -67.30687705785036
-960.3448781321943 -65.61877910405397
