-1074.53 -218.16
-1074.044407813549 -218.53930262088775
-1072.4041092085838 -218.94643840551376
-1070.5315651583671 -218.74022090792656
-1069.0665441441536 -218.8879947400093
-1068.9990952897072 -219.15702101945877
-1067.3415482926368 -218.93899001538753
-1065.3982697415352 -218.7026758825779
-1063.6616619515419 -218.92538364589214
-1061.743513314724 -219.14989909887314
-1059.8983233857155 -220.02060935258865
-1057.9912718224525 -219.6112746632099
-1056.1123288559913 -220.34825122714042
-1054.407151787281 -221.08745664715767
-1052.4744964528084 -221.21216889083385
-1050.6153917002678 -221.56141405165195
-1048.8324452328682 -221.25691999852657
-1046.974817841053 -221.12062105894088
-1045.4843692469597 -220.17436567306518
-1043.6540789294243 -219.84771541118621
-1042.8131994891166 -219.44640285134315
-1041.0646668362617 -219.54162331283092
-1039.6289926457405 -219.25474389255047
-1037.8199085879326 -218.30353601634502
-1037.6138039517402 -218.63135077416896
-1036.4439398932457 -218.21379705131054
-1035.3180397439003 -217.98104662060737
-1033.6019977021217 -217.4509943163395
-1031.898822991848 -217.83371326684951
-1030.440743176937 -216.82416543722152
-1028.7782802271843 -216.86786570757627
-1026.949420659542 -217.82190438717603
-1025.3373915839195 -218.46172645300626
-1023.4331297564506 -218.98269071787595
-1022.5694645929336 -218.70183971136808
-1020.8710543203354 -218.22494983285665
-1019.5201057481765 -218.3308207204938
-1017.8305019426346 -219.12739030629396
-1016.2087701845169 -218.4432512333989
-1014.3899404096603 -218.95258865863084
-1012.6487824010849 -219.5535982659459
-1010.7813082027435 -219.79041356950998
-1009.5394423294067 -219.6257228514552
-1007.8817594337463 -219.25018879383802
-1006.0156746196747 -219.36361561328172
-1004.1879815149307 -219.46129037052393
-1003.5070393967628 -219.14547560721635
-1001.6930807518959 -219.71827374011278
-1000.1901188778877 -219.06751899033785
-998.3090895104408 -219.4123058131337
-997.2962408947944 -220.17036924868822
-995.7438280272484 -220.01183937102556
-994.0766687083244 -219.5229114702344
-992.7842853951454 -218.79939071446657
-992.5065052199363 -219.21347830802202
-991.271682946682 -218.8301483502984
-990.7749312508106 -218.33370805889368
-990.2203109848499 -217.78487564235925
-988.6689668285846 -217.56518207103014
-988.5579456675052 -216.73061416655779
-987.3925302612781 -216.83318069189787
-986.7519648063183 -217.35613265246153
-985.5790039288997 -217.32351644322276
-983.8325680482387 -217.00579465910792
-982.1269304740429 -215.98216141745448
-980.2103588569164 -215.47552116200328
-979.6193494784832 -216.21630145594477
-978.0279064166546 -216.8771720676124
-976.5050560224056 -215.78408916279673
-975.0842360246181 -214.96187837406993
-973.6475375878811 -213.91159184262156
-972.8032925713062 -212.58035953328013
-972.6530448782444 -212.25572638198733
-971.1000069963932 -211.55986170455813
-970.0270907270908 -211.11143700763583
-968.8110943424701 -210.92292477175593
-967.6936207401752 -210.23995746657252
-967.5056705313921 -209.51492400452494
-967.7688510555029 -209.3247325567901
-966.919145180583 -209.1058327703178
-966.1376211184263 -208.8462713508308
-965.6848531204462 -208.61621244236827
-965.169626160264 -207.2811529187858
-964.2861402469873 -206.70145250841975
-964.2920605677366 -205.76859654471278
-964.0010357040167 -204.29536904379725
-963.3007871049642 -204.13261897847056
-963.2546585488319 -203.92119492575526
-962.2941414403915 -203.18627436444163
-961.7463752913475 -201.82396049782633
-960.9606187033653 -201.1480245141685
-962.0084831404686 -200.4008463768661
-961.8249695289135 -200.1966591028869
-961.1786561596393 -199.42410607621073
-960.5389639127254 -198.83279247567057
-960.3869022417068 -197.76197965428233
-960.3483991909027 -196.48793168351054
-959.7509156751632 -195.08366127297282
-959.4784784007072 -194.86900801941752
-959.1594411420822 -193.9084916858375
-958.4963165211677 -193.9406327752769
-957.879484860897 -194.0314325837791
-958.3543063688278 -193.52327497288584
-958.6590102005005 -192.81943489596247
-959.0207405674457 -192.41593228265643
-958.840289800167 -191.0656022875011
-959.015231757164 -191.07568345949053
-958.3436222958564 -189.54074369356036
-957.8519521641731 -188.21076844617724
-957.143958120346 -187.93099139615893
-957.2721334534883 -187.77849434301257
-957.916228993535 -186.34965728208422
-957.5061196523905 -186.1880768983066
-957.5572617787122 -184.8019835202396
-957.3462782043218 -183.8850015847385
-957.5214630800485 -183.2486989943683
-956.9410335260629 -182.36742864534259
-956.7565731543302 -181.9112111775577
-957.2453036147356 -180.81571178123355
-956.7436141806841 -180.6185083834827
-956.9918513137102 -179.0734117476642
-956.7947217661142 -178.7383991329372
-957.6583843070268 -177.6119764892757
-957.5271503466367 -176.17675100252032
-957.3638442891836 -175.97044675037264
-957.8490253823995 -175.26905833169818
-957.6695530849695 -174.65955559894442
-957.7473720747232 -173.6984792201221
-957.317551805377 -172.80057750627398
-956.6972206372022 -171.94680528327822
-956.2324134546518 -170.33080415412783
-955.9949556726217 -169.18163280174136
-955.9378321307897 -167.76016084834933
-956.0011282104253 -166.8732571451366
-955.795378549695 -166.71036748573184
-955.9276886719465 -165.852629288882
-956.9251457589864 -164.95653884097933
-956.6620511251688 -164.48246581837535
-957.9588998991251 -164.25989581629634
-957.3134844738245 -163.64360965773463
-956.7089539009332 -162.62591733023524
-956.9537333536148 -161.8313239364326
-956.9238435614109 -160.94722808882594
-957.4488786447048 -160.69420243784785
-958.1240869748592 -160.74528922125697
-957.6275117385387 -159.7510072736442
-957.9069831657409 -158.45875640198588
-958.3249348986149 -158.31942553803324
-957.7919213163852 -156.75551636502146
-958.484400151968 -156.15253336712718
-959.1813124406337 -154.77243383213877
-958.9609117794037 -154.79966838642954
-958.8389980185032 -154.07972510144114
-958.4488362956047 -153.16684479996562
-958.3602572965622 -152.3383823184669
-957.8034076976776 -150.81123955532908
-957.3089742946624 -149.79225249573588
-957.977703897953 -148.0923102645576
-958.4847077417373 -146.4866531638801
-957.8897111701965 -146.13976253554225
-957.3041774320602 -144.6494728474319
-957.129908798933 -143.47679413840174
-957.8035603749752 -142.05504466578364
-957.1851052033901 -140.63136364504695
-956.6746886956691 -139.43153072878718
-956.5978825080394 -137.95712281748652
-956.2233279931545 -137.4618848709762
-955.6169542062282 -136.8658595828712
-955.7200227069854 -136.19731093928218
-956.8836015748977 -134.7217886595428
-957.2659403967857 -133.7350770382583
-957.5101379591226 -132.60512901827693
-957.8620273309946 -131.5409945397079
-958.6955801683664 -129.74283565565943
-958.0669735509157 -128.09131409212947
-958.102572350502 -126.90487863108515
-957.3812651920318 -126.05058313891291
-956.9238648402691 -124.26896287485957
-956.5351365196705 -123.05721916243434
-956.5662507998943 -122.08543194815516
-956.5564388918876 -121.00474943205714
-956.6584834295511 -119.94214977309107
-956.7972487795353 -119.16762848183512
-956.993688865304 -118.07498641297221
-956.3485347467661 -116.7198748140037
-956.5363283741474 -115.05621989056468
-956.6967520403862 -115.13173122689128
-957.703846065998 -115.14000679537654
-958.4424737381935 -114.81816346928477
-959.509951441288 -114.2065075187385
-960.4573491501808 -113.8131369201839
-959.860747783184 -112.51134859010577
-960.172009884119 -112.15225486442446
-960.8002599465847 -111.94323174640536
-960.1128063189983 -110.55917565509677
-959.5206936585903 -110.37553630754351
-959.6829996395111 -109.6793957798183
-959.4235220241546 -107.85261856004595
-958.7359602737426 -106.23397622987628
-959.1484988319874 -106.32554201766848
-958.4886305320263 -106.24816559240222
-958.4381143587827 -104.63059090062976
-958.0715875166654 -103.79755328580737
-957.9324966806173 -103.43041627094149
-957.6879534709453 -103.31476531907916
-958.0880550730228 -102.29491768762469
-957.8060699093342 -100.77630935594439
-957.2368220078945 -99.36081634446978
-958.0705775010586 -98.91664232298731
-958.7722653138637 -97.95949454590678
-959.3777491438389 -96.71386308953166
-959.2532996597886 -95.90271325394511
-959.5283624592423 -95.83203996703028
-959.4530617657304 -95.32733847185969
-959.7815561059117 -94.16090334936976
-959.7426623019576 -93.69066266700625
-959.6267450812459 -93.79993532583117
-959.7476498547196 -93.05331598207354
-959.0897683563828 -92.56543485805392
-958.4804385367036 -92.08637498304248
-957.7504944863915 -91.1257104127109
-957.7218936148286 -90.3516329972446
-957.44408316046 -90.08094219848513
-957.8190958860516 -89.96099685117602
-957.4111103180051 -88.51532791540026
-957.1198350253701 -87.8182409851253
-956.4833984437585 -87.17568050310015
-955.9926100733876 -87.1260002104938
-955.7997054222226 -86.07551376506686
-956.0910667541623 -85.93696545049548
-956.196037030518 -85.18851463481784
-956.7014221313595 -85.07216386482119
-956.5591408672929 -83.61887507125735
-957.5639749231934 -82.21840719863772
-957.3872100177407 -82.03133313342929
-957.7877040269971 -80.64064578697085
-957.2055490377545 -79.92367081329226
-956.6632575157284 -78.59562449142337
-957.2827372911572 -78.37432853862643
-958.1028057697415 -76.6847433297336
-957.5057059291005 -76.36446939393878
-957.6671929720044 -75.4089694468677
-957.8161546948552 -73.671913549155
-958.7401572230458 -72.0074277369678
-958.9037562820315 -71.86761425420642
-959.9179851028323 -70.36349461957812
-959.4767077776789 -68.99574170991778
-959.3920720133185 -69.17211477443576
-959.7654636117816 -68.7209863512218
-960.8347196790576 -67.64096854612231
-960.5865420612693 -66.51844249650836
-960.9619308027625 -66.72908849999308
-960.4061390671134 -66.07526071354746
