-1074.53 -218.16
-1072.5916512298584 -217.98016231119632
-1070.5938279914856 -217.90763295054435
-1068.6090573358535 -217.6114168202877
-1066.6139952230453 -217.61289050787687
-1064.6371857213974 -217.64851282149553
-1062.675378947258 -217.73977340370416
-1060.6997586774826 -218.04892758637666
-1058.7422939825058 -218.68177763730287
-1056.7521015691757 -218.49361256867647
-1054.7683834123611 -218.01044396668672
-1052.7912382173538 -218.8451623132825
-1050.798139719963 -218.96193650722503
-1048.8173338460922 -218.52249774694442
-1046.8417649555206 -218.4012577420473
-1044.860339193344 -217.76079450905323
-1042.8997197437286 -218.34804450333118
-1040.9339404392242 -217.87456171572208
-1038.9725637722015 -217.76943130403757
-1036.981169013977 -217.04043508678674
-1034.9833809423446 -216.23988575845956
-1033.0180806207657 -215.38128347307443
-1031.043976931572 -215.52650107055902
-1029.075409798622 -214.90373594671487
-1027.1058060216903 -215.02875724047422
-1025.1231029319763 -215.01095096379518
-1023.1383291769027 -215.28109322100877
-1021.1463390874862 -214.46415821820497
-1019.2017826128006 -214.21145350843668
-1017.2243007707596 -214.70153756052255
-1015.245168595314 -214.1588077059388
-1013.3976780462265 -213.31072969347238
-1011.4517833280563 -212.81424496680498
-1009.5374738264084 -213.0888204088807
-1007.6580753612518 -213.11523492246866
-1005.7491321849823 -212.88552130371332
-1003.8028369235992 -212.20729137569666
-1001.881189494133 -211.96917263776064
-1000.0160905408859 -211.35458580762148
-998.135422258377 -210.96640885978937
-996.2612929630279 -211.01875678807497
-994.4342346477508 -211.7062770536542
-992.6081457424164 -212.5877670457959
-990.7163700151443 -213.62662617474794
-988.7945707130432 -213.8902837446332
-986.8472434568405 -214.88964710742235
-984.88376226902 -215.18505565434694
-982.9236501741409 -214.79101775199175
-980.9321205902099 -215.35025231152773
-978.9663198280334 -215.00532827883958
-977.0439665603637 -214.46338180810213
-975.1351485538482 -213.46086482316255
-973.3139832305908 -212.47798351556062
-971.6250088500976 -211.09918443471193
-970.0709482717514 -210.17889974623918
-968.3717890071869 -210.26514146834612
-966.9165442276001 -208.53773746997118
-965.5206826019287 -208.62801102906465
-964.2288550424576 -207.34294966965913
-963.4406724262237 -205.4868834426999
-962.1665339756012 -203.79367093354463
-961.0544530439377 -201.8610325267911
-960.0378959465027 -200.6061166933179
-959.2694394278526 -199.41776005536317
-958.4227393555641 -198.7829574754834
-957.6291020202636 -197.27473060399294
-956.8963502931595 -196.4585529974103
-956.3520910429954 -194.77987448483705
-955.6784616398811 -194.4797425082326
-955.3498283314705 -193.22836456805467
-954.8006450223922 -192.59977422267198
-954.5558157253265 -190.98084185630083
-954.0130570220947 -189.56908462554216
-953.4944374847412 -189.33280877381563
-953.0395246434211 -189.4147662332654
-952.693518667221 -189.06805269032716
-952.2288365650177 -189.22889487057924
-951.7645379590988 -188.718433778584
-951.3755820679664 -188.9954038670659
-950.9641332912445 -188.4427363088727
-950.5603733348846 -186.7752784898877
-950.2461896824836 -185.85921649247408
-949.8821052598953 -184.91636482983827
-949.5044830727577 -183.77012483388185
-949.7001243519783 -182.59733907490968
-949.8098767089843 -182.3956303706765
-949.4386710214615 -181.28398920208215
-949.7529051291942 -179.97612930446863
-949.3513568031788 -178.69309164196252
-949.0827504980564 -178.42644436269998
-949.2586980450153 -177.50025648981332
-948.9652873861789 -177.02050609499216
-949.5467292654514 -176.36512459427118
-949.4957287895679 -175.6351519933343
-949.3019644606113 -174.60027111679315
-948.9199502456188 -173.60674006849527
-948.5972160685062 -172.21923000723123
-948.5659206497669 -170.73805720716715
-948.600011228323 -169.91365493446588
-948.6225932228565 -169.0632255783677
-949.3402659881115 -169.3299360385537
-949.0845631945133 -167.91233779102564
-949.6423431622982 -166.49452544361353
-950.276381431818 -165.86126859098673
-950.1632928836345 -165.04243851810693
-949.8350474822521 -163.72939277797937
-949.4942723500728 -162.25438977390527
-949.2409317481518 -161.89856107145548
-949.6702013003826 -160.28194315344095
-949.3569686996937 -159.66694105774164
-949.1934902656078 -159.21380032211542
-949.1738156068325 -159.13408164292574
-948.8889951694011 -157.78749994546175
-948.6279131162166 -156.2728258779645
-948.3135732996464 -155.02103666573763
-948.1175168740749 -154.71047623068094
-947.7629356968403 -153.30080671221017
-947.5777782785892 -152.208378624022
-947.2618697869777 -151.9872015824914
-947.0534503448009 -151.20908976703882
-946.7255132186413 -150.38948966175317
-946.5634832370281 -150.75644401818514
-946.2312993395328 -150.42361764222383
-947.0274953830242 -149.7653481772542
-947.3061555314064 -148.86678401738405
-946.9708287405967 -148.94508091717958
-946.6431412386894 -149.4015576055646
-946.3185550260544 -148.50868253022432
-946.2874418187141 -147.38273743897676
-946.5153562712669 -146.87332580596208
-946.177012591362 -146.34684447556734
-945.9951666283607 -145.67043475419283
-946.2054143834114 -145.16532818585634
-946.4426552939415 -144.75982324391603
-946.7968168842792 -144.84286169320345
-946.6587835538387 -144.84125707656145
-946.5534811007976 -144.79783881813287
-946.5211914169788 -143.70353568702936
-946.2380841958523 -143.54059587031603
-946.074443398714 -143.3385682812333
-946.0491914737224 -143.12671444922685
-945.9012697327137 -143.41860349088907
-945.848584471941 -142.68037242799997
-946.1093444514274 -141.75231106191873
-947.0114625382423 -140.85308368116617
-946.8098442840576 -140.645409386456
-946.9106183934211 -140.26870761424303
-946.6644324350357 -140.1051159313321
-946.5265239167213 -139.127235930264
-946.400323240757 -138.68415276318788
-946.8813399660587 -137.812858145535
-946.7271892416477 -137.56259362012148
-946.463747857809 -136.81291322022676
-946.198545871973 -135.55495266228914
-946.5418671655655 -134.11488668233156
-947.0695630598068 -133.4627015402913
-947.1020779895782 -133.13094727307558
-947.1816303420067 -132.27009836941957
-947.0589053320884 -130.90346185475588
-947.014894990921 -129.88910154610872
-946.7071302223205 -129.15380940943956
-946.6557036924362 -128.65885139614343
-947.0602439033985 -128.9864036551118
-947.2490543115139 -127.87326962858438
-947.3102541553974 -126.4269266834855
-947.3608390676975 -125.33968992143869
-947.6418730306625 -125.49880654722452
-947.4333486247062 -124.06885666757822
-947.2658363866806 -123.7377520313859
-947.2506488847732 -122.55628425985574
-947.0670595455169 -121.98554534822702
-946.7219493079185 -120.97994918733835
-946.6450829792022 -120.73494539767503
-946.4918000984192 -119.59327421694994
-946.2494195389747 -118.55560384303331
-945.998765258789 -117.25248406440019
-945.88805696249 -116.12435756236314
-945.5640872406959 -115.78126029282808
-946.106825261116 -115.9155202320218
-945.7812700557708 -114.94819430619478
-945.9857462334633 -113.97371176987886
-946.1275949764251 -114.08897749692201
-945.8349822449684 -113.71307657271623
-946.0954686689377 -113.20135585576296
-945.9119141983986 -111.70389060288667
-945.6858079719543 -111.3665141275525
-945.8710637378692 -110.5070581844449
-946.5182060885429 -109.35481445103883
-946.3542719769478 -108.27811090260744
-946.1151072072983 -106.98383251935243
-945.9366950678825 -106.60144684821367
-945.701883225441 -106.60300449639558
-945.8224931049347 -105.43949798852205
-945.531537501812 -105.046958129704
-945.7994264650345 -104.48835257798433
-946.1664424824714 -103.58514587193727
-946.1231478738785 -102.43376247197389
-947.0852295446396 -101.49157826215028
-947.0011052775383 -100.27100769788026
-946.7522676873207 -99.12799946576357
-946.884701757431 -98.51042042285204
-946.633762447834 -97.26148841887712
-947.4729475069046 -96.71793715268373
-947.492710738182 -95.83808616906404
-947.5415339756012 -95.95275185614824
-947.4440057563781 -95.8163573256135
-947.3566687989235 -94.81699533373117
-948.7831265616417 -93.84768743425607
-949.3064070034027 -93.1387615314126
-948.9614048290252 -92.30140341430902
-948.6354756641388 -90.7777551522851
-948.4554981875419 -90.4421597829461
-948.1002409744262 -88.8806535115838
-947.7303790736198 -87.39287866264581
-947.8813159155845 -87.69624437004327
-947.6588979053497 -87.47447417289018
-947.6643106627464 -87.62923590451479
-947.3663510966301 -87.75616059809923
-947.1211199450493 -86.31643388777971
-946.8201151776314 -85.09823642283678
-946.4849135565757 -83.77169857531786
-946.8860852110386 -82.99273679763078
-946.5753505814075 -82.32304237395525
-946.340059338808 -82.46172986537218
-947.3245510447025 -81.87331591159105
-946.9771832215786 -81.14045242577791
-946.7282072293758 -80.59105471879244
-947.1169329869747 -79.4623976162076
-947.4729583549499 -77.86230174809694
-947.1609543251991 -76.55693892747163
-947.4661028671264 -75.16995267182588
-947.7078172850609 -74.6300337126851
-947.5839446473121 -74.67864016801119
-948.5745857644081 -73.893433611691
-948.4468003797531 -73.3344839027524
-948.5963166046142 -72.22444752961397
-949.4381746339798 -72.50255758672952
-949.4353699374199 -71.74495489507913
-949.6091410207748 -70.73455710321664
-950.4972932624817 -70.50068309515714
-950.6897082614898 -69.95315941780805
-950.649083404541 -69.59169229477644
-950.828902451992 -68.81621118992567
