-1074.53 -218.16
-1074.2460973250866 -216.7512823677063
-1073.5639658558368 -216.61778131484985
-1072.1143041241169 -216.40366426467895
-1071.862574725151 -216.61517349243164
-1071.1118170905113 -216.8150320982933
-1069.3658194231987 -216.8305428659916
-1067.938567726612 -216.5893156415224
-1066.5950759339332 -217.15286957085132
-1065.1217569994926 -216.54611705601215
-1063.8052490639686 -216.74139775693416
-1062.0580576348304 -216.41516773760318
-1060.7079345870018 -216.02906863749027
-1058.9649908232689 -215.2378216868639
-1057.9606736588478 -215.55392597973346
-1056.3196093726158 -215.9449317342043
-1054.846653907299 -215.76848447680473
-1052.9033473420143 -215.30015117287635
-1051.278387992382 -214.88346958518028
-1049.545975534916 -215.38933688759803
-1047.6622587132454 -215.57491231322288
-1046.5197692799568 -214.9412907397747
-1045.3196059155464 -215.31246054530143
-1044.672702102661 -214.40110302329063
-1042.8946550178528 -214.42861384510994
-1042.161955385208 -214.07146472096443
-1040.8742282676697 -213.67604175567627
-1040.0773240613937 -213.5804329252243
-1039.5544439840316 -213.93294698357582
-1037.9930151987076 -213.65989330768585
-1036.7827529001236 -214.01959094762802
-1034.9827567625046 -213.96053409934044
-1033.441700606346 -213.3324615395069
-1032.016720085144 -213.35508337974548
-1030.449478058815 -213.5607573723793
-1029.3967221069336 -212.32702169179916
-1028.7012645888328 -211.57289395093918
-1027.4883005309105 -211.47814129650592
-1027.329214065075 -211.25867690503597
-1026.3952912974357 -210.66705043971538
-1024.7038758683204 -211.54880978524685
-1023.0101915287971 -212.30053903520107
-1021.8817666459083 -211.70606048762798
-1020.2143058466911 -211.18549152076244
-1019.6280923175811 -211.0874529516697
-1018.5297893571853 -211.69929141163826
-1017.0995263147354 -211.0295863187313
-1016.268520681858 -210.51150602459907
-1015.004381506443 -210.23933428883552
-1013.5333357739448 -210.49255425095558
-1012.0513373303413 -210.17325619220733
-1011.5661294448375 -210.6520985996723
-1010.1131620395183 -210.3575429356098
-1008.8705819833278 -210.3309382534027
-1007.3963681447506 -210.15389472603798
-1005.4867577540874 -210.30700345695018
-1003.7081654059887 -209.7905569857359
-1002.023449896574 -209.80630472660064
-1001.0025750386715 -210.00842844307422
-999.0699949252605 -210.78045367062091
-997.816256045103 -210.59515792489051
-996.2874963271618 -210.09968757987022
-994.7652752387523 -210.1344300842285
-994.6643264877796 -211.01165613889694
-993.0483742344379 -211.93647304534912
-991.2677720177173 -210.9594154691696
-990.5736606705188 -210.64093831539154
-990.364861844778 -210.93784225344658
-989.8522949206829 -211.39514661192894
-988.8707808244228 -211.72837153434753
-987.8201644408703 -211.22208044290542
-987.3683229672909 -210.8479963874817
-985.611226080656 -210.42913645863533
-983.8696460711956 -209.53248012423515
-982.728376506567 -209.92778241991996
-981.5098012673855 -209.32853854060173
-980.2681454408169 -208.636350992918
-979.5845345246792 -208.6524618601799
-978.6068027603626 -207.75064245224
-978.0206820356846 -207.88192418575287
-978.260760782957 -208.21009758472442
-976.6984065759182 -207.38420477867126
-975.5893778789043 -206.50067845344543
-974.0001516330242 -206.5995998120308
-973.595925270319 -205.80776915311813
-973.7231530833244 -204.18601045370102
-973.4127753663063 -203.90761015176773
-973.4421924042701 -203.76694155097007
-972.5109409976005 -202.89417994379997
-971.0623588252067 -201.99360627293586
-970.8906404811144 -200.90587646126747
-970.4650784868002 -199.64323765397071
-969.2476256030798 -198.28940528988838
-969.2704219359159 -197.91832816958427
-969.1665164518356 -197.02784854531288
-969.5970164227485 -195.8240627682209
-968.5787959980964 -195.35989863038063
-968.8527548599243 -194.05293149113655
-968.498808054924 -193.37919682621956
-967.639488248825 -191.9199770128727
-967.5458805698156 -190.5990858709812
-968.0927564638853 -190.07481831669807
-968.1428326803446 -189.80727142453193
-967.1538925606012 -188.6678709423542
-966.3164961773157 -186.91239971280098
-965.8660818177461 -185.90152663350105
-966.8698093730211 -184.78455371022224
-966.2033108907938 -184.63250697016716
-966.6812023359537 -182.87171769499778
-966.0916668611765 -181.59488988280296
-965.3071760374307 -180.8552004134655
-965.6225642997026 -179.20091879725456
-964.8352718788385 -178.00790417551994
-964.3167525964975 -176.6580351626873
-964.5443916159868 -175.94709825873375
-964.6258386659622 -175.6172321474552
-964.2794150102138 -174.73968071103096
-963.9479641008377 -174.74355060219764
-965.240543513298 -174.0979110634327
-965.4605830299854 -172.83517045140266
-965.8400832402706 -172.21994322896003
-965.8805638092756 -171.2704515492916
-965.578968181014 -170.25591993689537
-965.148642732501 -170.01994717478752
-965.7660374182462 -170.15818113446235
-965.343987866044 -168.63980335354805
-965.6130306261778 -167.33472913861274
-965.7109590607881 -166.78854507565498
-965.3722023802995 -165.4892466700077
-965.1960088896751 -164.68417877316475
-965.234165160656 -164.670561555624
-965.3775778400898 -163.83523792386055
-964.8419666874408 -162.86701631903648
-964.8817634570598 -162.4346245265007
-964.3982360947132 -161.50350126981735
-965.0713371622562 -161.40978685379028
-964.3230913865566 -160.60469475746154
-963.6179046618938 -160.07156768798828
-963.0112528789043 -160.18220672369003
-962.4948885428905 -159.75998828172683
-962.6882982391119 -158.45141789674759
-963.0317790645361 -156.85703859090805
-964.0604221957922 -156.71446952581405
-964.9625480312109 -155.90765706062317
-964.9553381639719 -155.93595365047454
-965.7331876593828 -155.32319704055786
-966.2075704473257 -153.67667261123657
-965.710879458785 -153.336278591156
-966.1450628179311 -152.54454735279083
-965.6823147076368 -152.4833876824379
-965.1397241491079 -150.81592175722122
-965.1876509624719 -150.7904057240486
-964.8142840999365 -150.2151444888115
-965.7375260728597 -149.30646404981613
-966.8211861985922 -148.25149891138076
-966.2479694622755 -146.76992521047592
-966.8711406725645 -145.6406953072548
-966.3465075033903 -144.10655519723892
-967.3771489399671 -142.50753304719925
-966.6789692777395 -141.88103267908096
-967.2259879249334 -140.38640985250473
-967.5125243800878 -139.9997839665413
-968.0151938933134 -139.75956151247024
-967.1095323699712 -138.36004123449325
-967.0305391389131 -138.37204525232315
-966.667684777379 -138.0932553744316
-967.0882354217767 -137.92804733276367
-967.2169681626558 -137.0888786649704
-967.2870392414927 -136.44702533245086
-966.8275318357348 -135.57355949640274
-966.6109177979827 -133.80920049905777
-966.0778446707129 -133.78174320220947
-965.6934741649031 -132.4291490650177
-965.4179298791289 -131.15755859375
-966.414782038629 -130.6421684360504
-966.5930078986287 -129.47912314891815
-965.8682920101285 -127.84199598789215
-965.7747353675961 -127.14578870296478
-965.4102537098527 -126.21655312538147
-965.7121929588914 -125.30655166864395
-965.1032484832406 -124.74390003442764
-966.0854352179169 -123.58031496763229
-965.5180983605981 -122.92539450883865
-965.976575500071 -122.38307485342025
-965.0566479030251 -122.24951538801193
-965.2897121074795 -121.30224183559417
-965.1394427630305 -119.85324624538421
-965.3347525212168 -119.57464215517044
-965.6668026956916 -117.955892059803
-965.5625833857059 -117.51442152619362
-965.8048499512672 -116.77928138136863
-966.6478935170173 -115.90356600642204
-966.8394456195831 -114.68463123202324
-966.3384386587143 -112.89396179080009
-966.5172833192348 -112.03938603758812
-966.4129466849565 -112.11195952057838
-966.7064707714319 -111.29298335671425
-966.7267894285917 -110.9104286468029
-966.7426748040318 -110.2792943751812
-966.454622900784 -108.7969671523571
-965.6060348513722 -108.23438012957573
-966.12576446563 -107.25304150938987
-965.9862480673194 -107.04055273890495
-965.9284719067812 -105.24639428019523
-965.9425629253685 -105.10857224822044
-965.2678824539482 -103.59184587359428
-964.943207668811 -102.10104024767875
-964.6822834487259 -101.75781464934349
-965.5472522254288 -100.50263476729393
-965.5884799163043 -98.92215395331382
-965.35363056764 -98.00909972548484
-965.5565820585191 -97.36332869887352
-966.015582049936 -96.44712543845176
-965.9211150805652 -95.54785162568092
-966.3284576635062 -94.22921115517616
-966.4718914727866 -93.09365886807441
-966.915769855231 -91.97200781464576
-967.4553064505756 -90.86029070973396
-967.5266685138643 -89.51444203019142
-966.4638445030153 -89.4639827644825
-966.7919766555726 -88.10361415505409
-967.5267228136956 -87.38816058993339
-968.2142328868806 -87.13088572382927
-968.1882653932273 -85.59002793192863
-967.2787469129264 -84.68647796273231
-966.5673344235122 -84.48580682635307
-966.577433970496 -84.2713893687725
-967.1247563033551 -83.08696914076805
-966.0689034133404 -82.69485563397407
-965.6622096269577 -81.58448297142982
-965.6736323504895 -81.37580210328102
-964.8150843649357 -81.05852294325828
-964.2113681703061 -79.78554809451103
-963.4512988596409 -78.83439875006675
-964.5921620398015 -77.60001707434654
-965.0938833623379 -75.98832464575767
-964.9213341443985 -76.08259779572487
-965.9264811246842 -74.27853209137916
-965.2767699926346 -73.13900691628456
-964.4444386928528 -72.16141915678978
-963.9971808760613 -72.05086380600929
-964.5224009721726 -70.64537650704384
-964.4847983538359 -70.59011572957039
-964.0612191080302 -70.6287348306179
-964.1273222088068 -70.39090055584907
-964.1533092676848 -70.22025144457817
-964.1989244490117 -69.81777438879013
-963.7496224313229 -68.51285478830337
-964.0471289425343 -68.31100282430648
-963.8995015590638 -67.5388378238678
-964.9341117113083 -66.90197739362716
-964.7752258002013 -66.93587962150573
-964.9723740636557 -66.80608579874038
-965.6700798093527 -65.46897611379623
-966.6283212124556 -63.94629428148269
-966.3269225179404 -63.36734769105911
-965.5368567525595 -63.55701730012893
-965.807679933235 -62.68589178085327
