-1074.53 -218.16
-1073.3136508750915 -218.8290138578415
-1071.6571061897278 -218.53966924905777
-1069.8874783802032 -218.06398928523063
-1068.3829891967773 -217.96645658820867
-1067.0423916864395 -217.08123898118734
-1065.3185273694992 -216.97653002649545
-1063.610165863037 -217.16749228149652
-1061.7661818552017 -216.95678811877966
-1061.3473144459724 -216.38191401571035
-1059.9422760891914 -216.7024202606082
-1058.9870890069008 -216.60827454537153
-1057.0971427845955 -216.0039590856433
-1055.5392297196388 -215.71711533874273
-1053.8858740019798 -215.21235185474157
-1052.1396541285515 -215.25079607576131
-1051.398861734867 -214.86868980139494
-1049.6481742548942 -214.92791571825742
-1049.4425908613205 -214.95552000015974
-1048.6740634131431 -215.48614772766828
-1047.592972843647 -214.732609834373
-1046.5822962212562 -215.11419701188802
-1045.2505982804298 -214.89574619740247
-1043.5328619170189 -215.28425767630338
-1042.003804295063 -215.3106596133113
-1040.0400592970848 -214.76528557747602
-1038.261758058071 -214.09379145115614
-1037.170529692173 -213.35294803589582
-1035.6236146378517 -213.1359264215827
-1033.9717241215706 -213.10552727788686
-1032.8260208058357 -212.39703631013631
-1031.5129478859901 -211.92335971802473
-1029.7217167305946 -211.5088919660449
-1029.1387335944175 -211.55619620889425
-1027.328410475254 -212.0100145599246
-1025.5776133227348 -212.83244266718626
-1025.6860206413269 -212.17481395214796
-1023.9947531509399 -212.0319237074256
-1022.2016704368591 -211.85661112874746
-1020.4726192045212 -211.31304335206747
-1018.8511985826492 -212.61218690484762
-1018.1953645634651 -212.76946206003427
-1016.6032558369636 -212.058361004889
-1014.7022804903984 -211.89524195700884
-1013.2869882273674 -211.33863053828478
-1011.5745602536201 -212.07100788861513
-1009.9431522774696 -212.25830866008997
-1008.5284510540962 -212.94685269504785
-1007.0230656552314 -213.20782859236002
-1005.3528213191032 -212.57301313787698
-1004.8616120505333 -212.69448147326707
-1003.053755967617 -213.88419721633196
-1002.7643659996986 -214.08284118384123
-1001.0505162167549 -213.39419546335935
-999.5189083504677 -212.87623479574918
-998.035750477314 -212.28376605719328
-996.1522189068794 -211.66069998949766
-994.5302272725105 -212.00569706767797
-993.4903008627891 -211.93573766559362
-992.8624522972107 -211.3932277521491
-991.0758269119262 -211.067214038074
-989.7183673667907 -210.7997264227271
-988.6667809772491 -210.47628298014402
-987.6401551055908 -210.98009022682905
-986.4434974479675 -210.99176928013563
-985.0307368326187 -211.13944780439138
-983.5128289747238 -210.85154008477926
-981.8079752016067 -211.19345330804586
-980.4124564218521 -211.40733413010835
-979.0856390285492 -211.13178361564874
-977.1651432800293 -211.50039966017007
-975.6733088779449 -211.4924552103877
-974.4415761518478 -210.27235528439283
-973.0120985794067 -209.45544203728437
-971.8742605733871 -208.509044136703
-970.0307618665695 -207.25201961010694
-969.738543330431 -206.0052280089259
-968.4432459461689 -205.6616966983676
-967.4063134777546 -204.92736115664243
-965.6878269302845 -203.53243961542844
-964.6737521278858 -202.08285227030515
-964.2161862838268 -200.8557449838519
-963.1555938708782 -200.52194198578596
-962.1711671340465 -199.36711594074964
-961.3918893921375 -197.86105939358472
-962.3952731478214 -196.40420218914747
-962.4093175294995 -194.7124156615138
-962.044610774815 -193.56956109017133
-962.319409674704 -192.82117154806852
-962.2056600216031 -191.03551223486662
-961.3401033642888 -189.1447847148776
-960.7428016427159 -187.88780715674162
-960.2930480006337 -186.10099508970976
-959.4988340499997 -184.9390768072009
-959.9660283091664 -183.14682653158903
-960.2012195053696 -181.64147021979093
-961.0399561586976 -179.68532397955656
-961.6425845089555 -178.11312272757291
-960.7436192694306 -176.95078149050474
-959.8130800190568 -176.3615851661563
-958.9773242536187 -175.43996968477964
-959.5893806281686 -173.7189725896716
-959.9446185293793 -172.28681364268064
-959.1546009245515 -170.4291949531436
-959.3323650869727 -170.3873337766528
-958.9750699314475 -169.98747342437505
-958.8829959246516 -168.0489802917838
-959.019729501307 -167.8483873566985
-960.0017466011643 -166.6183122357726
-960.1079973939061 -164.95422517865896
-959.7098812821507 -163.2607568463683
-959.2677305701375 -161.61200439542532
-959.5837840798497 -160.48732804864645
-959.8160955968499 -159.67763542741537
-959.1392073693871 -158.13486349195242
-958.7790419819951 -156.21121441930532
-958.6715403857827 -155.51523679107427
-957.9246017995476 -154.04961496204137
-957.5098735752701 -153.1039326748252
-957.5803154471516 -151.36056595653295
-957.6203078988194 -150.2608717045188
-957.0547864201665 -148.5457757076621
-957.8855907681584 -147.31176215022802
-957.6927915278077 -145.98285072654485
-957.0490343633294 -145.34859484046697
-957.3015731039643 -145.2109409531951
-957.2248492899537 -144.21610682815313
-957.1229643586278 -143.58681028693914
-956.7536845269799 -142.12359898895025
-957.9696165385842 -141.45364212602377
-958.9213251534104 -140.5715683659911
-959.7850607100129 -138.90740263074636
-960.4220856490731 -137.82944237798452
-961.2941032114625 -137.7239754757285
-960.9931528928876 -136.0094454845786
-960.2485065224766 -134.20482045024633
-960.8250409725308 -132.96332364887
-960.0483447673917 -131.7732029518485
-959.1854834917187 -130.32480603069067
-958.9461032363772 -129.3054923376441
-958.9471176478266 -127.54815035670995
-958.8044511440396 -125.85425549358129
-958.6599567595124 -124.64489775508642
-959.8193203869462 -122.80742770045995
-959.2789223852753 -121.62636082977056
-958.6739584270119 -119.89508121818304
-958.9296854200959 -118.93907725423574
-958.6010823908448 -118.18865882962942
-958.0648508134484 -117.13713085263967
-957.3567175331711 -115.70766961187124
-956.6993745031953 -114.13352906316518
-956.6386599603295 -112.63048112004995
-956.7922233703732 -111.06139885991811
-956.3641040983796 -109.66448175519704
-956.1685360732674 -108.2561091145873
-955.8976815703511 -106.83112895101308
-955.6196065607667 -105.20315444082021
-956.0590259495377 -104.4248062929511
-955.9684729042649 -102.65591257423162
-955.4571444454789 -101.54279988616705
-955.3983866038918 -100.1996732315421
-955.3719824317097 -98.73656373828649
-954.968306428492 -97.36915331691503
-954.8383009496331 -97.1549841722846
-954.5181579652428 -95.47198146194219
-954.1676867964864 -93.9887893757224
-954.0222649934888 -92.20048039764166
-953.623461163342 -91.63839107364416
-954.273510313332 -91.01201963037252
-954.6644273760915 -89.81906354039907
-954.6137148204446 -88.67770957559347
-954.0939287009835 -87.75509196132421
-954.4819378617406 -86.93626516669988
-955.0708952310681 -85.39836901038885
-954.7846295598149 -83.58522599548101
-954.8660723629594 -82.06199234336614
-954.5912898245454 -81.41636579841375
-954.4846307697892 -81.37275105327367
-955.221718019545 -80.14393931239843
-954.8511860135197 -78.47067027896642
-955.0371184411645 -77.34574561923742
-954.8484917643666 -77.07182776540517
-955.4619974854588 -75.49704360574484
-956.0834666255116 -74.1855149230361
-955.5539529684186 -73.32158386319875
-955.2304706338048 -71.80061220735311
-955.1900452139973 -71.7006499132514
-954.9453887107968 -71.48129042595625
-954.9802263143658 -70.04535087555647
-955.3363994124531 -68.71728738754987
-956.1610139372945 -67.41176160782575
