-1074.53 -218.16
-1074.081270186901 -217.34329471349716
-1072.1791205096245 -216.99149829506874
-1070.5340490031242 -216.70305538535118
-1068.7884819197654 -216.0458216702938
-1067.359516351223 -215.52661621928215
-1065.9277972865104 -214.91192520022392
-1065.7831490325927 -214.59120226264
-1064.140984802246 -214.62086013317108
-1062.4948373126983 -215.56215909481048
-1060.5937480020523 -216.2869668340683
-1059.30672457695 -217.22338477134704
-1057.9414668369293 -217.88781926393509
-1056.7880815553665 -217.121050927639
-1055.0965313005447 -218.06382689237594
-1054.3911319065094 -218.34548494577407
-1053.5413351941108 -217.60400697946548
-1052.6690983462333 -217.72947591900825
-1051.6750209021568 -217.19290501236915
-1050.3375353503227 -217.09045172840356
-1048.661704032421 -217.8957263341546
-1047.8160822677612 -217.23504484802484
-1046.454965262413 -218.10285432249307
-1044.8305077838897 -218.5842835715413
-1043.6469710159301 -217.71717135220766
-1042.1751927423477 -217.34956173211336
-1040.3501384544372 -216.53192506343126
-1038.4738033103943 -216.84227986246347
-1037.9728787231445 -217.0054180136323
-1037.321676878929 -217.11240846276283
-1035.6994761514663 -217.42632377505302
-1033.8909941005707 -216.72242141127586
-1032.900945572853 -217.22004384160041
-1031.2334429311752 -217.12675247699022
-1030.884292154312 -217.49548436313867
-1029.1129685926437 -217.22173188239336
-1028.8848074364662 -216.35534284621477
-1026.9649821209907 -215.90398309737444
-1025.5899588751793 -215.79311142474413
-1023.9524292635917 -215.58388210445642
-1022.2699564385414 -215.4865570923686
-1021.119328110218 -215.414772298038
-1019.4674337792396 -215.40273186177015
-1019.0772574830055 -215.0014813503623
-1017.839422314167 -215.44451647609472
-1015.9403155732155 -215.13163831442594
-1014.4961720395088 -215.47740670651197
-1012.7254963803291 -216.1361285111308
-1011.5252754378319 -216.84826424330473
-1009.792710750103 -216.23543604820966
-1007.9723534274101 -217.0725333353877
-1006.5792772459984 -217.22662125140428
-1005.7600698161125 -217.70118082672357
-1004.3298451590538 -218.05996732026338
-1003.9071182596683 -218.75923691302538
-1002.2942013132572 -217.84007314950227
-1000.3951032745838 -218.66841534882784
-998.9483855354786 -218.19462917357683
-997.0335345852375 -218.57011098772287
-995.9104996311664 -218.03479761987924
-994.5621531593799 -217.8321401438117
-992.9092159855365 -218.63057040780782
-991.7817693340778 -219.38111900895834
-990.8727953422069 -218.81905644744634
-990.504800735712 -218.7168639189005
-988.6063129293918 -219.34037851154804
-986.8373735535145 -218.95033787548542
-985.1808064568042 -218.93861213125288
-983.7724803078174 -218.15411409534514
-983.5780863153934 -218.56061664022505
-982.6798244702816 -219.0917341390997
-981.1642872083187 -218.8633611331135
-980.7698593127727 -218.43903066016733
-979.3950196492672 -218.25567021764815
-978.2928237903118 -218.5277281383425
-977.4094867694378 -218.22868227757513
-975.6407167899608 -218.10040150381624
-974.2485833156109 -217.41614375807345
-973.46715056777 -217.75042165614664
-972.4665292489528 -217.44714306093752
-971.1904396998882 -217.38062352485954
-969.4981942164898 -217.47694065965712
-969.4487895953655 -217.58234418727457
-968.1038609731197 -216.66838694907725
-967.7259259212017 -217.14918769694864
-967.6024596083164 -217.86246974565088
-966.7247248876095 -217.68534135617315
-965.7756530630588 -217.16175102986395
-964.115551649332 -217.89429163731634
-963.772687612772 -217.60346188940107
-962.3026921141147 -218.47898885406553
-962.1238374698162 -218.43868516929447
-961.3586437094211 -218.36462866313755
-959.9287325727939 -217.39451073653996
-959.7293039548397 -216.9838409627229
-958.168661712408 -216.34471859581768
-956.8111168134212 -216.56671311505139
-955.4510189282894 -216.72962096877396
-955.0594909775257 -217.82910147853195
-954.6637606608867 -217.837800482139
-952.8838944423198 -217.39880160413682
-951.0795967566967 -217.6749220880121
-949.8815066802501 -216.9145809801668
-949.10616558671 -216.08628962360322
-947.4057252991199 -216.28094338797032
-946.6639775025844 -215.78740268372
-945.0025886285305 -215.50360363148152
-943.2857396590709 -215.6325306686014
-941.6074302184581 -216.04618964515626
-939.7474164950847 -216.72535626016557
-939.3662435996532 -215.8258949907869
-938.1729154574871 -215.68010864578187
-938.3134803164005 -215.00305209480226
-937.7099112260341 -214.28974161468446
-937.5262474405765 -214.60935793243348
-936.6662265646457 -213.19945452533662
-936.8175962555408 -211.65424249492585
-936.4895184922218 -210.2171448262781
-935.0082052636146 -210.10243568740785
-934.3913636493683 -210.00432644210755
-933.1849860239029 -209.78639177404344
-933.4351356315613 -208.35784379564225
-933.8453391480446 -206.80595294557511
-933.0686419296264 -205.48442761026323
-933.7504963564872 -203.62983206830918
-933.4839240300655 -202.35776928983628
-932.5656277525425 -201.63839189134538
-932.1175448584556 -200.90829519353807
-932.0126605021953 -200.16207639299333
-932.6820555913448 -198.79431907258927
-931.7705036389827 -198.14873401246965
-932.0646498787403 -196.4370612295717
-931.3103388535976 -195.01678029619157
-931.2341212469339 -193.7159017714113
-932.1435391145944 -191.912456670627
-931.1466404634714 -191.00595811925828
-930.3852274852991 -190.1769594939798
-930.6901680070162 -189.54726682029664
-931.093089326024 -188.1311878951639
-930.2880971270799 -187.5312326940149
-929.9940969783067 -186.11725483261048
-930.2396447795629 -185.04449472747743
-930.2132594275474 -184.59233284913003
-931.0946222233772 -183.42798281632363
-930.9021635490656 -182.62915445290506
-930.2656484681368 -181.39001322709024
-930.4720375972986 -180.7671373578161
-931.0904199320078 -180.67485238038003
-931.8197037416696 -179.5681108327955
-932.0129667955637 -178.19736457787454
-931.102773233056 -177.26920093022287
-930.8238523739576 -175.35752106629312
-930.6485880750417 -174.93441764436662
-930.7254668834805 -174.15630714021623
-931.3092670801282 -172.866713443622
-931.9008791807294 -171.6198541315645
-932.0906644079089 -171.66701207481324
-931.5573729488253 -170.390379646644
-931.8881986054778 -169.959528574571
-931.3757554802298 -169.57441014967858
-930.7028713139891 -168.56438023768365
-930.0393645080924 -167.05547816477716
-929.4414954099059 -165.3713455887884
-930.1938069972396 -164.26716310702264
-929.3809212359786 -164.01540739260614
-929.3013395133614 -163.7745665999502
-929.0199205937981 -161.95989842139184
-929.4015268746018 -161.11004401169717
-929.2319494250416 -160.3143997284025
-930.0226331713795 -158.96316600762307
-929.5212348464131 -158.61068815909326
-930.6380864146352 -158.05964214526117
-930.7586133617162 -156.9872288199514
-931.1605434852838 -156.30453849755227
-930.4812605220079 -156.0151923390478
-930.1908188599348 -155.09130639754235
-930.028731136322 -154.27084017716348
-929.4826848196983 -153.6570150347799
-930.2960377025604 -153.437333592996
-929.8911790835857 -152.08129704914987
-930.7182844269275 -150.86882651768624
-931.2074821877479 -150.3137328120321
-930.7767785775661 -150.02069480143487
-931.4317019569874 -148.6254273148626
-931.0511769044399 -146.8130344840139
-931.0730780425667 -146.6999696584791
-931.6738421979546 -145.97205157004296
-931.8128367725014 -145.33554513178765
-931.5837062808871 -145.3075447770208
-930.8956269237399 -144.57604027710855
-930.059669933021 -143.20473075829446
-930.350490591228 -141.55483962021768
-929.9472886833548 -139.89394117318093
-929.8048431786895 -138.8392084928602
-929.3779837402701 -137.57286776028573
-930.4234171423316 -136.81654013119638
-930.769390604198 -135.86135704241693
-931.331690749824 -134.22258693896234
-930.9559291812777 -133.42484600268304
-931.8858841869235 -131.9051314087957
-932.1363479408622 -130.4756299944967
-931.1040378126502 -129.09374541960656
-931.4923618349433 -128.28109640799462
-932.398959210813 -126.3051593991369
-932.8275953742861 -125.2828227969259
-932.2938688609004 -124.05145187102258
-932.565116545856 -124.04561061583459
-932.1600117000937 -122.6483013125509
-931.6266325625777 -121.37222571097314
-931.5135521802306 -120.50289047680795
-932.3548713836074 -118.73263228856027
-931.4216394934058 -117.31658006630838
-931.1396925362944 -116.44936884365976
-930.5111741933226 -115.23999632321298
-930.502624823451 -115.26582528077066
-930.0857464212179 -113.97777772866189
-929.6434001463651 -113.84771568499505
-929.1844133275747 -112.60660547934472
-928.7221451836824 -112.26196617804467
-929.3923914867639 -111.45507098160684
-929.3939942258596 -110.4548751207441
-929.9668786662817 -108.97202027760446
-930.4048642653227 -107.97232193671167
-931.0948153871298 -107.42714090071618
-930.9564685511589 -106.95802567325532
-931.7983393359184 -106.99381498418748
-932.3556178498268 -106.79909620605409
-933.1902703928947 -105.86478612743318
-932.97849807024 -105.48797700725495
-933.3679940390587 -105.15785817228257
-932.2595014262199 -104.89334730230271
-931.5581257033348 -104.4950703176111
-931.9926036584377 -104.32202259622514
-932.176225169301 -102.81145779214799
-932.3598399299383 -101.86530510507524
-932.1024214166403 -101.90185824953019
-932.0329737502336 -101.78016517482698
-932.3312766689062 -99.9829876216501
-932.2921601969003 -98.68518374286592
-932.4400235402584 -98.40993795715272
-931.9271414268017 -96.93915591560304
-932.4522066700458 -95.51243005119264
-931.706934570074 -95.01957220755517
-932.7243398416042 -93.78883654795587
-932.9688971030712 -92.95849455319345
-933.436010299921 -91.27418244801461
-933.7428395140171 -89.5601328703016
-933.7107678043842 -88.03745330296456
-933.3247266995907 -87.54772342167794
-934.1794885981083 -85.96740878544747
-933.748963265419 -84.34709311448037
-933.6670185017585 -82.81727767907083
-933.6632490295171 -82.21901113711297
-934.1336455482244 -81.61758447609841
-933.1245948213339 -79.76746321640908
-932.721632553935 -78.21953428708017
-933.2668355244398 -76.48320210896432
-934.0060941118002 -76.06879142843187
-934.0454511630535 -75.20343265853822
-933.8902589517832 -73.72982774101197
-934.3556134539842 -73.10899482093751
-934.0995537179708 -72.17653618179261
-932.94924713552 -70.71816537700593
-933.2154433864355 -70.05888722263276
-933.6669712799787 -69.52917704902589
-934.073561682105 -68.3478226455301
-933.9658591288328 -68.40703562818467
-933.0132106083631 -67.73572949491441
-933.101646913886 -67.2230730446428
-933.0957255798578 -66.8258762153238
-932.0282346445322 -66.50425619803369
-932.2215180236101 -65.35964460097253
-931.7091935116052 -64.40576339684426
