-1074.53 -218.16
-1073.0069623279571 -218.308781478405
-1071.5931144046783 -216.89008424043655
-1070.2376222896576 -215.76387641191482
-1068.4115281391144 -214.61981842279434
-1067.0157399463653 -215.24683651685714
-1066.4358267474174 -215.05700961112976
-1064.6142916369438 -214.70701989889145
-1064.3766947078705 -214.2960249519348
-1063.1219709205627 -214.25064907580614
-1061.338596611023 -213.75258542209863
-1059.9376669216156 -213.48377759367227
-1058.931871562004 -213.28229723483324
-1057.0609666395187 -213.60515181332826
-1056.065544335842 -214.50943670779466
-1055.2006404685974 -214.99264295011758
-1054.0344968128204 -214.32706017404794
-1052.6448793697357 -214.73415334135294
-1051.2987443494796 -214.7650403341651
-1049.6734401273727 -215.23033985108137
-1047.9964047956466 -214.8197112044692
-1046.2764096546173 -214.46978908389806
-1045.3899935770035 -215.03280877679586
-1045.1894370007515 -213.77106594651937
-1044.6027694630623 -213.34955036252737
-1043.4158855366707 -212.42743402332067
-1042.5290587830543 -212.9826449713111
-1041.6275165963173 -213.0163533052802
-1040.1708649086952 -213.3092171511054
-1039.7835685300827 -212.37546616405248
-1037.9726120519638 -212.30032812416553
-1036.8841618585586 -211.724794793725
-1035.3962054538727 -212.149201977849
-1034.6402366447448 -211.6130080705881
-1032.7383938121795 -211.00111715853214
-1031.3159362363815 -210.77230424046516
-1029.4794346380233 -210.67351372152567
-1028.4500913906097 -209.9752079358697
-1027.685128121376 -210.88944626957178
-1026.38762155056 -209.88750041633844
-1024.9973436880111 -210.3855564108491
-1023.5500353860855 -210.08222238332033
-1022.875360994339 -210.18371840178966
-1022.703145532608 -209.8201760238409
-1021.3697063016891 -209.67701049506664
-1019.5099441099167 -209.91221851468086
-1017.78797021389 -210.42799044013023
-1016.2096413660049 -211.2942919766903
-1016.2092311072349 -211.07022086143493
-1014.6391069579124 -211.6567050552368
-1013.3213312315941 -210.6866706943512
-1012.8859728264808 -210.27312478780746
-1012.9049821186065 -210.15843579530716
-1012.6889064002037 -210.98364517450332
-1010.9393156456947 -211.71128067731857
-1009.5594216275215 -210.85654244184494
-1007.6332717823982 -210.30512532949447
-1007.0972357678413 -209.411609146595
-1005.4044321465492 -209.99243823051452
-1004.4850045728683 -209.9463133624196
-1003.8403335499763 -209.92441475749015
-1002.1892710614204 -210.43500876784324
-1000.9452134060859 -210.6219549959898
-999.8125617194175 -211.30938233792781
-999.7228813457489 -210.47930641829967
-998.2504477787018 -210.75613747894764
-997.219091682434 -210.45521124064922
-997.1397306609153 -211.2841692751646
-995.6928322005272 -211.58667193710804
-994.1792492556572 -211.3292937463522
-993.6607172179222 -211.58776124179363
-991.7145971941948 -212.01802213847637
-990.8737905907631 -212.21780418217182
-989.5669918942451 -212.14502219468355
-988.1267035889625 -212.01096011310815
-986.6879379439354 -211.97704772263765
-986.1153258967399 -210.94811729699373
-984.659398047924 -210.69319842368364
-983.0612711596489 -210.52025442928075
-982.1516634511947 -210.35430113583803
-980.9547990846634 -210.53978506833315
-980.1234381484985 -209.68974773198366
-978.891126422882 -209.89752725869417
-978.5943506348133 -209.49719853311777
-977.032704411745 -209.42331863552332
-976.2605930554867 -209.23941699773073
-974.8156903970241 -207.86635736733675
-974.694179354906 -206.39413265496492
-974.0248777258396 -206.5814864447713
-973.0102580177784 -206.46426544696092
-972.0406242597103 -205.733799200356
-970.7707482564449 -204.72912238150835
-969.9675488460064 -203.77309982091188
-969.7942369866371 -201.97128752976656
-968.7287281441688 -201.21551106482744
-968.8793249416351 -200.73077748328447
-969.620499997139 -199.5533360055089
-969.4640180754661 -198.8117193391919
-968.3442362236976 -197.30748419076204
-967.349197833538 -196.76111714154482
-966.7879827904701 -196.2122899106145
-966.3563104856014 -195.19924734145403
-965.4530059087276 -193.27767513304948
-965.5237376528978 -192.2253591826558
-965.8291990000009 -191.2900951912999
-964.958736820817 -190.7736034205556
-964.5089421409368 -188.86155746489763
-963.8216527837515 -187.91722873955965
-964.6266780632734 -186.96548990517854
-965.0483611959219 -185.24952487260103
-965.2927298980951 -184.31037179738283
-966.0275969940424 -182.5190666130185
-965.9847170400619 -181.95724872857332
-966.8969048547744 -181.8007062485814
-967.1125163125992 -180.9128700903058
-967.800789861679 -180.68456683665514
-968.2083173680305 -178.76679966956377
-969.0257899451256 -178.8836811593175
-968.2310819911957 -178.35091434031725
-968.033221720457 -177.8517525306344
-967.1109709131717 -176.16577936321497
-967.084266154766 -175.1336323133111
-967.3588747966289 -174.530934702456
-966.6454536902904 -172.89979256302118
-966.5376839625835 -171.90181012064218
-966.0352330195904 -171.621957372725
-965.5517782855034 -171.02933509260416
-966.4704743313789 -170.60813288003206
-965.6892880487442 -169.4555888584256
-966.2442487764358 -169.21242509394884
-966.6636457431316 -168.32440988332033
-965.9211966383457 -167.8350812008977
-966.351814596653 -167.00916663914919
-965.5909146356582 -166.23512486726045
-966.4817396092415 -164.6973853519559
-967.0126799631119 -164.15624425917864
-967.080853125751 -162.3991598895192
-967.2184334906935 -162.20933936148882
-967.4259303721785 -161.6352538278699
-966.7613290461898 -160.51750532895326
-967.2241732987761 -159.79006103783846
-967.9839586529135 -158.63971380501985
-967.7187792274356 -156.81976262837648
-967.600775412023 -155.74265412598848
-968.2278671774268 -154.76060132294893
-968.3497501599788 -153.04731706887483
-968.4669984641671 -151.30596069604158
-968.623823812902 -150.1432990244031
-969.0627341482043 -149.13117687016725
-968.5537575694918 -148.9500490835309
-969.0046842905879 -148.49159629255533
-968.593680820167 -147.07233221441507
-968.6549390617013 -146.18848962694406
-969.1598230066895 -145.16205389410257
-968.7516351404786 -143.9310611000657
-967.8103852930665 -142.02567155271768
-967.4882304432988 -141.67792118698358
-967.2092295649647 -141.51696802288293
-966.8145438793301 -141.61331517606973
-967.7328545811772 -141.47813464313745
-967.099252975285 -139.51328827053308
-967.5815549555421 -138.02126456409692
-967.3335465553403 -136.8528523555398
-967.4437006625533 -135.65060640484094
-967.9843145522475 -134.67305339485407
-968.483677855432 -134.30807925373315
-968.8886201295256 -134.18606204897165
-969.1672596547007 -132.50683207422495
-968.968819207251 -131.4816791525483
-967.9242957296967 -130.9112127533555
-968.3654924693703 -130.9270898810029
-968.3896007525921 -130.90010268598795
-967.573083101511 -129.77405328661203
-968.0433540928364 -128.68685622125864
-968.1445782023668 -127.3108379355073
-967.5850970584154 -125.90678579717874
-966.5230973798036 -123.99688477426767
-965.9128825503587 -122.94454426676035
-965.8884754168987 -122.22605646759271
-966.1301532971859 -121.69375337272882
-965.7314183104038 -121.28605691701173
-965.3923766601085 -120.00770084172487
-966.3442389953136 -119.21000848323106
-966.0501674103737 -118.32466099768877
-966.807243077755 -116.91749809294939
-966.9584549951553 -116.4141952803731
-967.3744356918335 -115.56947581082582
-967.6531970191002 -115.30530105143785
-966.8751823592186 -113.62558315306902
-966.5818271028995 -112.61824236422777
-966.3131611335277 -111.57980142146349
-966.6298569726944 -111.05927215129137
-966.4584539073705 -109.74502072840929
-965.6192916172743 -108.07983742266893
-966.492678655982 -107.50046489745378
-965.8634201425314 -106.55224440604448
-966.0750708121061 -105.75931231290102
-967.0681014794111 -104.14560930043459
-967.5913429993391 -102.44152049332857
-966.9034078854322 -101.69742868453264
-966.0813418763876 -101.17473999768495
-966.5859322088957 -100.12567214280367
-965.814427985549 -98.49216846734285
-966.0628501909971 -97.50401524811983
-966.4555619496107 -96.4923812559247
-966.4133679966628 -94.68358258515596
-967.0301590065658 -94.24683372288942
-966.9804510387778 -92.4087847879529
-966.1745068344474 -91.1454220226407
-966.7154648217559 -89.55924467355013
-967.2807581338286 -89.53505442649126
-966.9390074822306 -88.24618552237749
-967.3080371531844 -88.15117989093065
-967.8807903441786 -86.66007409602403
-967.4788214477896 -86.1697813680768
-966.4837754282355 -85.8036680033803
-965.5519236835837 -84.59619949370622
-966.1295845422148 -83.0812889149785
-966.7621310862899 -82.38265613824129
-965.9548439893126 -81.59246025592088
-965.6677236172557 -81.17495275646448
-965.8095600667596 -79.30961276203394
-966.0102860692143 -78.90994329363107
-966.4981014493108 -77.57401890665292
-966.9627481165528 -76.06752128511667
-966.675942248404 -74.47777445226907
-966.454558006227 -73.68814427763223
-966.1016617330909 -73.25989092499017
-965.7506703051924 -72.58446497827768
-965.4786412033438 -70.68997282892465
-964.798638394773 -70.33068580538034
-964.2604583415389 -69.95826406389475
-964.8620307955146 -68.0794815531373
-964.8035204622149 -67.66654885917902
-965.8121503803134 -67.1942767611146
-965.2138950440287 -67.02897537857294
-964.5813802692294 -65.68597258239984
-964.8575853917002 -65.58571321874857
-965.5942002150416 -64.21461374670267
-965.0620046469569 -62.700446437895295
