-1074.53 -218.16
-1072.9850676345825 -217.80212885499
-1072.3251986193657 -217.35033193588256
-1070.453180282116 -216.65351304769516
-1069.9065848279 -216.6554458773136
-1068.232704489231 -216.7707790619135
-1067.0361357617378 -217.3340016490221
-1065.2053337979316 -217.07299499571323
-1064.976422457695 -216.9495930558443
-1063.2386080312729 -217.2031828647852
-1061.7609936285019 -217.2728218099475
-1059.9064065504074 -217.1315104624629
-1058.1141377973556 -217.10482924044132
-1057.1384720492363 -216.67549251377582
-1056.1078520703315 -217.36997519791126
-1054.157156317234 -218.10491310417652
-1052.5498011994362 -218.18531963586807
-1051.2139436888694 -218.10276203215122
-1050.596867828369 -217.99485631644725
-1049.5142723608017 -218.09033404648304
-1048.3503901052475 -217.4962176567316
-1047.7022071170807 -217.4400327539444
-1046.0625515270233 -216.84795955181121
-1044.5017832803726 -217.15983775615692
-1043.8851619052887 -217.4001923686266
-1042.6040143060684 -217.44259444981813
-1042.5781281876564 -217.49124981448054
-1040.972933499813 -217.07025264188647
-1039.5286659884453 -217.0408925114572
-1038.713937728405 -217.3698416648805
-1036.8372467446327 -218.2468228636682
-1036.49349298954 -219.04912123069167
-1034.6551164674759 -218.36117580518126
-1033.275018839836 -219.28444358691573
-1032.800658582449 -219.1137185691297
-1031.434580205679 -218.75670588001609
-1030.8510807740688 -217.72116184219718
-1029.7447062718868 -218.45752572998404
-1028.3896681058407 -218.46220206314698
-1026.6664105641842 -217.9454104214348
-1025.3612172591686 -217.43469505602494
-1024.8439398396015 -217.21191497737541
-1024.0807755577564 -217.40417981738224
-1022.6991867411136 -217.79016933435574
-1020.8588442194462 -218.8239900826849
-1019.2688052046299 -219.24497804636135
-1017.5740719425678 -219.55166751736775
-1015.843879519701 -218.9769164978899
-1015.4117722201347 -218.80730686182156
-1013.4632858920097 -218.7758479587175
-1011.8414585280418 -218.90954368034377
-1011.0882433342933 -218.35944585720077
-1009.864008872509 -217.40677540222183
-1009.3684174704551 -216.6977880469896
-1009.4639405298233 -216.2963488570787
-1007.8809269952774 -215.80563469449058
-1007.4024371492862 -216.45099242249503
-1006.9156647014618 -217.00539471426978
-1005.7636463928222 -216.8561199925281
-1004.4337885665893 -216.85442881504073
-1003.643127887249 -216.63217582026496
-1002.4602219748497 -216.51285663465038
-1001.284738509655 -216.5450067690946
-999.8423599886894 -216.87272967616096
-998.0022706675529 -216.82266706446185
-996.1539547133445 -216.36860183099284
-995.4521733808517 -216.81268215397373
-993.6960221815109 -216.93432938525453
-992.5901861476898 -217.7539404577948
-990.7171042251587 -217.3351709789969
-990.4001617717743 -218.06383865544572
-990.0472360539436 -219.03084319302812
-988.7140255856514 -218.983457068298
-987.7416317152977 -217.97623978028074
-987.427254049778 -217.4523600138165
-986.5649020957947 -217.06932703623548
-985.2011249351501 -217.65823117861524
-983.6661449956894 -218.30208728680387
-982.7358919668197 -218.1969411543943
-981.6757537412643 -218.53765748659148
-981.1578816461563 -217.72667245784774
-980.5648487496376 -217.64000705102458
-979.9132331299782 -218.49134865621104
-978.6844898152351 -218.36282950857654
-977.29439255476 -217.9487126491405
-975.8450355219841 -217.56056133130565
-974.2008082556724 -217.9101932666637
-973.4662062811851 -217.55531347015872
-973.0759903478622 -217.84216252187267
-972.8173970866203 -217.92145900646224
-971.7536465811729 -218.80190329471603
-969.9262860703468 -218.34113164464011
-968.8865784096718 -218.50261979022994
-967.9570317554474 -218.26104954103008
-967.4101117539406 -217.4254803977348
-965.659593193531 -217.2810482106544
-963.9308418917656 -217.72321978429332
-963.2963843035698 -217.72975197279825
-961.9101169991493 -218.49941029990092
-960.6301104712486 -218.72934524560347
-959.6913296866417 -219.3513027265109
-958.060983030796 -218.6250763371028
-956.8109086441993 -219.33610252881422
-956.6492687749862 -219.0151214733161
-955.9073022294044 -218.16887022400275
-955.3981892156601 -217.51510347271338
-954.6357047247886 -217.928396446947
-954.2218084919452 -218.1699654593505
-953.1121644365787 -218.0605258330144
-952.8742948758602 -217.69969048941508
-952.3058123576641 -218.19992515290156
-951.159118412733 -218.8080671116151
-949.8053163278103 -218.77915901722386
-948.6777992236614 -218.9359537738748
-948.0704057204723 -218.5665723461099
-947.8116604673862 -218.4036711830087
-946.5634979593754 -218.4648466523178
-945.6081699717045 -217.73102514104917
-944.2207595694065 -217.59734499113634
-943.9464787232876 -217.6071274842508
-943.7402377712726 -217.7822579111345
-941.9785611021518 -216.81252598421648
-940.5875775206089 -216.53593283550813
-939.5157957661152 -216.10222142593935
-938.2535052883625 -215.66298994081095
-937.5340365755558 -214.69903823392465
-936.5768081533909 -214.1934932138212
-935.0909484016895 -213.06448611276224
-935.2604362654686 -212.09471746938303
-935.1534766840934 -210.6428990031965
-934.3945305633545 -210.1940350200422
-934.6374538230896 -209.9132635857351
-934.4116207796335 -208.36485710399225
-934.2398631411791 -207.90461060063913
-934.1655850696563 -206.47866817967966
-933.4280183005333 -205.12535676019266
-932.819201438427 -204.16352030294016
-931.9484548854828 -202.72417685048654
-931.3736170220375 -202.1399854089506
-931.5067452925443 -201.03754958169534
-931.4266382443905 -199.45451971547678
-931.3528500187397 -199.62306257741525
-931.3220041568577 -199.65230539100244
-931.5419060464203 -198.48484900252893
-931.4417654450237 -198.3640538121946
-930.6616379196942 -196.63807591455057
-931.2310745890438 -195.82663860576227
-931.7737335141003 -195.24533345954492
-931.2732754524052 -194.13361218230798
-931.2435589569807 -193.78471544044092
-931.099689437747 -193.19177761333063
-930.9205282765627 -191.72153094070032
-930.1924516993761 -191.27922948854044
-930.4148507255316 -191.0403872396238
-929.6355629104376 -189.82614287393167
-929.0401272314787 -188.95782473342493
-930.0025017994642 -188.15374925391748
-929.1544434565305 -187.7519842054136
-929.7675616878271 -186.90698399798944
-930.4838485258817 -186.45535754816606
-931.21353228271 -184.82992863314226
-930.9743905055523 -184.2694909538515
-931.517574070692 -182.897161480356
-931.7035902875662 -182.41196146266535
-930.6746537822485 -180.9895177151449
-930.2324929672479 -180.63159897582605
-930.3650231796503 -180.22203176872804
-929.8884329932928 -179.13213687794283
-929.0186904209852 -177.98999291317537
-929.2980093497038 -177.7266867722757
-929.5522191959619 -177.31086811082437
-928.9982105928659 -176.6168467666395
-929.4794801014662 -176.41009047286585
-929.7525089818239 -176.1050663854368
-929.0790457564592 -175.5076816941984
-928.9743755000829 -174.80793425099924
-929.5243380206823 -173.78194304959848
-929.9609904426336 -173.56028529660776
-929.9459477353096 -172.71224608676508
-930.1733088928461 -171.65117433326319
-929.5759049493074 -171.05807032840326
-929.2532107669115 -170.821348097492
-930.4251853066683 -169.25719347255304
-931.3194089370966 -169.3681220676191
-931.7348309594393 -168.1177570487745
-932.1653085786104 -167.26589712159708
-931.8564958411455 -166.0247097875364
-931.1606927353143 -164.985208239723
-931.0911815080046 -163.6516583825834
-930.667446783483 -161.78317674653604
-930.1499645623564 -160.7642779018171
-930.4039084228873 -160.142723407913
-930.4413287627697 -159.5938220884092
-931.1955298769474 -159.55082180755213
-931.9478964793682 -159.4669746424444
-932.3539888250828 -158.25577559726312
-932.9355014550686 -157.56139978425577
-933.0488432112336 -157.4894652630575
-933.2339431706071 -156.09137943046167
-934.0654152694344 -154.64664223449304
-934.2207629594207 -154.2294145192392
-933.2875670108199 -153.52136462586
-933.682897618711 -152.74822914259508
-933.5268025609851 -151.0339647497423
-933.6261406007409 -149.37847292082384
-933.9689860406518 -148.67415761606767
-934.5094197455048 -147.33350848810747
-934.1018438401818 -146.86917575852945
-934.2548864546418 -146.47119927065447
-934.1130027833581 -145.20225786821916
-933.5523847404122 -143.7731151546724
-934.1449472370743 -143.80884390728548
-933.4967488709092 -143.84156441347673
-933.3261805686354 -142.88468098299577
-932.7537227782607 -141.32011174814775
-931.7447771939635 -140.51289528267458
-932.5154867681861 -139.2940208281763
-932.5526155295968 -138.28567927734926
-933.0320639672875 -137.18044298546388
-933.6079430642724 -136.50049745695665
-932.686679905951 -135.2805579866655
-932.9092163208127 -134.7194369401224
-932.4967230322957 -133.98177539961412
-932.2871354135871 -132.09894239561632
-932.0833025339246 -131.85057878153398
-931.7586860123276 -131.47207265751436
-932.3735430303216 -130.03685110466554
-932.3527065913379 -128.11360150234773
-932.5354992102086 -127.025723751951
-933.0353116939962 -125.66555875198915
-932.5521256576478 -125.12581920282915
-933.3004482041299 -124.2939059700258
-932.5046862612664 -123.20998525278642
-931.8053939591348 -122.84971755402162
-932.214474285692 -121.11720150368288
-932.779682482332 -120.61955943362787
-932.3794010828435 -119.5477704073675
-933.2246593187749 -118.09152069346979
-933.2519383381307 -117.30519869582727
-932.9784691284597 -115.89605024116113
-932.3517204473912 -114.97204818980768
-931.4417185138166 -114.70334681527689
-932.2977039764821 -113.4023908044584
-932.3808805148303 -112.49083754079416
-932.4189726810157 -111.22409388082102
-932.7878556351363 -111.32574942367151
-932.6789592455327 -110.26657810466364
-933.247716243118 -108.33493342654779
-933.0760148267448 -107.89868601815775
-932.9233985196054 -106.65093645112589
-933.0660460095107 -106.15907382624223
-932.608677188605 -106.17884343521669
-932.4866179476678 -105.16778772728517
-932.76389589414 -103.55433195488527
-932.5533634375035 -103.4758883084543
-931.8455760429799 -103.29165041105821
-932.053122753948 -102.13617610590532
-932.5143266271054 -101.5813735689409
-932.3411699037254 -101.15599915044382
-932.1464853833616 -100.49676081197336
-932.1170079696178 -99.51782509343698
-931.7349085199833 -98.14659449117258
-931.1387970435619 -97.32362541215494
-930.9421935367584 -95.5364776517637
-931.7862221288681 -94.07969888703897
-931.5812787997722 -92.58573922174051
-932.3407199966907 -90.8659728433378
-931.3920551526546 -89.6377219821699
-930.8716237533092 -88.19652720944956
-930.862557938993 -87.15843340413645
-931.0811919483542 -85.5392419959791
-931.0991404417157 -84.6239518787153
-930.5242281320691 -84.55769666688516
-931.1583439472317 -84.33609899537637
-931.9735185864567 -82.95929368989542
-931.7335588398576 -81.36709352986887
-930.8147186103463 -80.80692037599161
-930.6988990667462 -79.35377975957468
-930.7796608123183 -78.41016181962564
-931.3154360565543 -77.44449397580698
-930.5120576533675 -77.51447012679651
-931.0638240489363 -77.48573985354975
-931.3940496060252 -75.85036745326593
-931.8656523439288 -74.71788969295099
-932.3760721895098 -73.04755535380914
-932.1901654961705 -72.0191180969961
-931.263461804688 -71.3522799278982
-930.951958334744 -70.51602735774591
-931.4896269205212 -69.46949520366266
-931.3763960215449 -68.1612592007406
-931.0247698935866 -66.70017316596582
-931.3359992417693 -65.88568678157404
-931.1167220088839 -65.50193142550066
-931.821725449264 -64.34709143297746
