-1074.53 -218.16
-1072.8262005138397 -217.1616320347786
-1070.9659848499298 -216.65487262964248
-1069.05823138237 -216.1782822048664
-1067.2064011383056 -215.6734381353855
-1065.3972106266021 -215.50476879239082
-1063.7361023712158 -216.05171954989433
-1062.371933965683 -216.01864354670047
-1060.5919155168533 -215.30013804495334
-1059.250267176628 -214.68764220535755
-1057.9655744123459 -214.46518229305744
-1056.784871726036 -213.8241126424074
-1054.8836239862442 -213.13304852306842
-1053.0399872350692 -212.8365504926443
-1051.6524955320358 -212.79187511265278
-1049.8143956947326 -212.9988261795044
-1048.048726348877 -212.45082351922989
-1046.2494695472717 -212.94162497282028
-1044.45733836174 -213.17228845119476
-1042.7721712875366 -212.80817443490028
-1041.1570940303802 -212.34885952234268
-1039.5751502799988 -211.80312207698822
-1037.7794447231292 -211.48026731967926
-1036.2126705932617 -211.26197067260742
-1034.82902780056 -211.35107601046562
-1033.6838633108139 -212.02176946759224
-1031.882599143982 -212.54610062003135
-1030.2680583286285 -212.55722114801407
-1028.8488037872314 -213.2198490834236
-1027.136332540512 -212.73357501983642
-1025.294570593834 -213.4173183774948
-1023.5561470079422 -213.07450214385986
-1022.4717979717254 -212.7949663734436
-1021.1302476215362 -213.32400599479675
-1020.906699924469 -213.12689847111702
-1019.2556453037262 -213.35372317194938
-1017.4129882144928 -213.77870309710502
-1015.9653263378143 -213.11554158091545
-1014.2182138252258 -212.7557742333412
-1012.7746448802948 -213.17643016934394
-1011.5664590883255 -212.53107947468757
-1009.7590461063385 -212.74199724555015
-1008.7027122068405 -212.80771264791488
-1007.6159990119934 -213.34491852283477
-1006.0583274650573 -212.82301703453064
-1004.4982421684265 -212.27693680286407
-1003.1582272338867 -211.82116219758987
-1001.9674814033508 -211.71284985899925
-1001.9531532812118 -211.24781918883323
-1000.7123859214782 -211.05362254738807
-999.0028744029999 -211.0672204530239
-997.6427231121063 -211.88132262587547
-996.2432499217987 -212.5299212372303
-994.411404876709 -212.07207247972488
-992.9391320037842 -212.90862545728683
-991.5645193147659 -212.95651728272438
-989.8019563245773 -212.50421569108963
-988.5158858585357 -213.62291714906692
-987.3534252929687 -214.45290735721588
-985.498712568283 -214.0694285070896
-984.5243861961364 -213.87733278036117
-983.1757507610321 -213.99060246706009
-981.5359311389923 -214.6960878109932
-980.2015234518051 -215.2757869696617
-978.8969909238815 -215.156666431427
-977.6021184015274 -215.55406010508537
-976.2723807382583 -215.0074150598049
-974.7535914468765 -214.896476033926
-973.3795911359787 -214.28925198674202
-973.1041468667984 -214.81386906266212
-971.4844376134872 -214.20544886946678
-969.6940104055404 -214.09212804198265
-968.7610619950294 -213.85170016050338
-967.0763631749153 -213.36247295498848
-965.2939173865318 -213.67232859492302
-963.6033254551887 -213.0236728823185
-961.7813113617897 -212.4226077234745
-960.3679417061805 -212.0213968193531
-959.1879607129097 -212.0357727742195
-957.6321099686622 -211.75901416301727
-955.8616174149513 -211.38778993844986
-954.6418583083152 -211.36184624195099
-953.2126593279838 -211.13946459054947
-951.4352221179008 -211.82458946466446
-951.3178375053405 -212.91920635461807
-949.5754108715057 -213.02805203557014
-947.8373678016662 -212.53755918502807
-946.3688029336929 -212.47858375668525
-944.5713327217102 -212.2804742193222
-942.8986153888702 -211.88953566908836
-941.3396070289612 -211.38362259030342
-939.3638590860367 -210.92830795407295
-937.72466817379 -209.5642401611805
-936.6578713941574 -208.16424841046333
-936.2615181791782 -207.52522808670997
-934.8001595127582 -205.69349485993385
-933.5346081840992 -204.49711567521095
-932.3932264435291 -203.52128070950508
-931.5213429319858 -203.1451066172123
-930.8014261114597 -202.6707484459877
-929.9247015702724 -201.61004469156265
-929.27454626441 -200.0495567059517
-928.4318846452236 -198.12469861268997
-927.7259218084812 -196.41482708215713
-927.732959626913 -194.87237951517105
-927.871860756278 -193.06202397108078
-927.2438891071081 -191.6776517367363
-926.6288159626722 -190.15829894304275
-927.4045876401663 -188.35924598932266
-927.4252220827341 -187.4384852385521
-926.959848626256 -186.6074320411682
-926.7925796049833 -184.78718093395233
-927.5906755465269 -184.07753524541855
-927.0381031173467 -183.00569650888443
-926.788718535304 -182.43883929014206
-927.6764677304029 -180.99264058828354
-927.0052083867788 -179.49917981386184
-926.3544244903326 -177.78985783815384
-926.3059902328253 -176.74752423524856
-926.0447453993559 -174.92408594846725
-925.598015024066 -173.28010353803634
-925.0193660992384 -172.14751586675644
-924.9926933187246 -170.83890852689743
-925.3431577223539 -169.18716356515884
-925.0122374433279 -167.8133129811287
-924.5854317981004 -166.97846290826797
-924.3648453789949 -165.72464058160782
-924.1781653004884 -164.5723198390007
-923.7372778493166 -163.47254905462265
-923.6076043087244 -162.38401279211044
-923.367591484189 -161.43685409784317
-924.0616834598779 -160.0837454533577
-923.7470779854059 -158.53652212381363
-923.6619801360368 -156.89892706632614
-925.0554615098238 -155.51981863737106
-924.7263160783052 -155.086587164402
-924.2087762790918 -154.04104659318924
-924.0436184841394 -152.85730287790298
-923.6022770839929 -151.47087166070938
-923.5237792569399 -149.7821266388893
-923.4854646164179 -148.63729045152664
-923.1682860094309 -148.19724414110183
-924.2230514723062 -147.91962203741073
-924.6384492355585 -147.15459254741668
-925.2765736418962 -145.71671870708465
-925.2356766599416 -144.7308646774292
-924.6970428961515 -143.49515775203704
-924.4040061968565 -142.87500611305236
-923.8767606753111 -141.25785032272339
-925.0247740286588 -140.112761054039
-924.6091341513395 -139.20001307487487
-924.12785823524 -137.74576583862304
-923.6619213956594 -136.22158304214477
-924.3955376285314 -135.901093814373
-924.1565915483236 -134.5230273938179
-924.0650284427404 -134.19452742099762
-924.0824110645055 -133.91751867890358
-924.9049530166387 -132.17500430703163
-926.0501446861028 -131.01591688752174
-925.4639083284139 -130.48015427947044
-924.9004843968153 -128.73130298018455
-924.4604473549127 -127.39379895091056
-924.2963074284792 -127.64590365052223
-924.7079496818781 -126.83808046936988
-925.6362309294939 -125.95453119635582
-925.9813225704431 -124.83775210738182
-926.0180631119013 -123.5599008834362
-925.5340740519762 -123.53308731675148
-925.1375721234083 -121.97164863705635
-925.4203088718652 -120.9319524204731
-925.2014762002229 -120.94367552161216
-925.3732091623544 -120.10736614823341
-925.1429570454359 -118.6740109360218
-925.1800034481287 -117.6029147541523
-925.8182052809 -117.36453813672065
-925.8275405305624 -115.81019252896309
-925.3077756899595 -115.9881327188015
-925.0475906270742 -114.31494951605796
-925.1036574083566 -114.30094099402427
-925.2545181053877 -112.60728001952171
-925.2474750715494 -111.86246383547783
-924.671758158803 -111.98237896323204
-925.1789582806825 -110.62114167571067
-924.7630380231142 -109.30661511778831
-924.7412489491701 -108.83895579338073
-924.6626933056116 -108.00202092885971
-924.9099556344747 -106.6301115489006
-925.1241212326288 -105.3152295088768
-924.8088875252008 -105.40821132421493
-924.6037503319978 -104.92924785971641
-924.1567153769731 -103.53089070677757
-923.993267698884 -103.52113765835762
-923.809314354062 -102.20713848233223
-924.9234548646211 -102.02758610606193
-925.8916649061441 -100.64217615485191
-925.3457646805048 -99.83890509963035
-924.894853605628 -98.16841149687767
-925.1280598479509 -97.92903972029686
-925.3879232245683 -96.50041747450828
-925.4569713908434 -96.48390889525413
-926.4487613278627 -96.17160329580307
-926.2609861034155 -94.57202467679977
-926.0034019786119 -93.64319178819656
-925.7753424781561 -92.59075543642044
-925.2297094601392 -92.34217158317566
-924.7971786993742 -91.40512952566147
-926.0369221705198 -90.87480357646942
-925.7740037876367 -89.56393602848053
-926.3362792569399 -89.52454033851623
-927.4783673125505 -88.97359565258026
-927.1379408675432 -87.63769749164581
-927.3121502536535 -85.99797919750213
-927.2387125331163 -85.28330901622772
-927.4245287466049 -84.34448948860168
-928.1553234744072 -82.73328641414642
-927.7141623485088 -81.28223970890045
-928.2137821900844 -81.15083298444748
-928.105923025608 -80.8387160038948
-929.0141073751449 -79.48553344964981
-929.5438936638832 -77.79665920495987
-930.1068073201179 -76.73556730508804
-929.8771065163612 -76.16230395793914
-930.6878016877174 -74.27655056476593
-930.1253586697578 -73.43660769224167
-929.888621969819 -73.39621296882629
-929.5225550371408 -71.50370279312133
-929.1040479081869 -69.97684327125549
-929.2641870516538 -69.20430937767028
-929.7039271134138 -69.10342464208603
-930.2957182067632 -68.69933942317962
-929.8431776899099 -67.82083514690399
-929.4003991025686 -66.35938719272613
-929.4135016936063 -65.17494300365448
-929.5470207470655 -65.13123201191425
-930.5481727856397 -63.91382168591022
