-1074.53 -218.16
-1073.1655224847793 -218.0232592111826
-1071.440483956337 -217.16557334721088
-1071.2441833901405 -217.18512178570032
-1070.9251479792595 -217.5529661884904
-1068.9550916838646 -216.73036075741052
-1067.294478623867 -216.3595107010007
-1066.3482104229927 -217.10777972251176
-1065.2686611104011 -217.95517752677202
-1063.5898207116127 -219.03883419543504
-1061.9060493397712 -219.76392183810472
-1061.2776454377174 -219.25008092433214
-1060.43231436491 -218.8467747977376
-1058.8226835417747 -218.78721678242087
-1057.9065423893928 -217.89151668533682
-1057.9329912948608 -217.0945593713224
-1056.487767367363 -216.56241685137152
-1054.714155702591 -217.26688915476203
-1054.5277760910988 -216.50902277216315
-1053.4726923394203 -216.95436400160193
-1051.9389578986168 -216.27496355757117
-1050.3021337676048 -215.79184597715735
-1048.7280268359184 -216.02621263250708
-1048.7905504393577 -216.07471320018172
-1046.947282640934 -216.92584034785628
-1046.4585265803337 -216.8739690183103
-1044.6631259608268 -217.70903116449713
-1044.0335017132759 -217.27414816603064
-1042.2109075474739 -218.2996429799497
-1041.3700323987007 -217.9205016194284
-1041.2246678757667 -218.1342025397718
-1039.769524424076 -219.01148605331778
-1038.6359780716896 -218.56289029106497
-1036.9406714129448 -218.08215153202414
-1035.9218915390968 -217.36385285839438
-1034.5688501286506 -217.6876095829904
-1033.2436810421943 -217.41364583358168
-1032.0205641674995 -218.10063657149672
-1031.2374236273765 -217.8170337973535
-1030.2125080513954 -217.3456028996408
-1028.7017620491981 -217.97244706735015
-1027.6947320389747 -217.72132006272673
-1026.207042067051 -217.61224304124713
-1026.144950299263 -217.5381999014318
-1025.3698920893669 -218.47460854038596
-1024.4998261618614 -218.49804716728627
-1023.0151798415184 -218.6049630137533
-1022.5330230879783 -218.7319250049442
-1021.928659825325 -218.32835804842412
-1021.2957642960548 -217.6314378323406
-1019.7155712532997 -217.4433710964769
-1018.0521295952797 -216.5476546677202
-1017.1001488852501 -215.70422313533723
-1016.6820006656646 -215.99940491639077
-1014.9213693428039 -215.53678352557122
-1013.3058407592773 -215.06701744519174
-1012.8614602673053 -214.75570447169244
-1012.822329877615 -214.14797241412103
-1012.26240634799 -214.75565666876733
-1010.6428625571727 -215.79038018904626
-1009.7730941164493 -215.19670767508447
-1007.9629737722873 -214.6012916060537
-1006.4673003542423 -214.64475099168718
-1004.9714104521274 -214.08866480909288
-1003.6142289030552 -213.98034704647958
-1002.2496575701236 -214.35648209773004
-1001.2144424307346 -214.16631297193467
-1000.7746012794971 -214.74945346437394
-999.7399696695804 -215.20983014427125
-998.6565354454517 -215.51689470730722
-996.9743929493427 -215.05618900977075
-995.7913287270069 -214.63197008691728
-994.5657476770878 -214.3688188584894
-992.9172944414615 -214.88481257282197
-991.0862776625156 -214.1174121888727
-991.0077949154377 -213.66670978985726
-989.8634508240223 -213.16579819642007
-989.6630686509609 -212.98477138005197
-988.5022716510296 -213.02530373059213
-987.2999861228466 -213.1123934777826
-985.4455317246914 -212.62430340968072
-984.9982161211967 -212.18040041051805
-984.6984045493602 -213.15972737394273
-983.1069002139568 -212.87969703398645
-982.6142160582542 -212.71573180876672
-982.6122857022285 -213.21038834176957
-982.2632344055176 -213.49168399892747
-982.0415348696708 -214.33592913471162
-981.051510541439 -214.3013677688688
-980.8059543061256 -214.88947183810174
-980.0884605932235 -215.76241237841546
-979.9166299390793 -215.52062530241906
-978.7337607431411 -215.7735763283819
-976.9670492696762 -216.94378156386315
-975.5869207668304 -216.5044340582937
-975.6806314873695 -216.52018881760537
-973.8421102452278 -216.30296943508088
-972.8490435767173 -216.28868096493184
-972.8227503585815 -215.83519625090062
-971.7417540836334 -215.22498273275792
-971.193138628006 -215.03548821233213
-970.1915880727768 -215.32197090409696
-968.9919458913803 -215.35844757579267
-968.9725235390663 -214.76816734097898
-967.2031846928596 -214.85342366419732
-967.0161024022102 -214.8544964583963
-966.1083760547638 -214.7416801842302
-965.3899622249603 -214.5347927006334
-965.4656570839882 -215.05690852724015
-964.7840389895439 -215.2443211468309
-963.2022785830497 -215.4206142219156
-962.8078320610523 -215.3029405566305
-962.4963368165493 -215.5438396128267
-961.5649126756191 -214.81477490983903
-959.9326661813259 -215.66242835842073
-958.7442216861248 -215.96573425255716
-957.5087667691707 -215.20206446371972
-956.3726800668239 -215.1098181398958
-954.5411082494259 -214.35139957986772
-952.839483140707 -214.59397507630288
-951.7743794906139 -214.11166430436074
-949.9143514621258 -213.50183869324624
-948.5739710319042 -213.24276573382318
-947.2441823470592 -213.92476720534265
-946.0719591367244 -215.10550911150872
-944.9433085906505 -214.5461551042646
-943.2719936358928 -213.837490985021
-943.1108919966221 -214.81862909518182
-941.6093404877186 -214.06719166956842
-941.0890795576572 -213.239708551988
-939.2724861490726 -213.28569210492074
-938.0697432148456 -212.0716692300886
-937.7285471844673 -211.56388742648065
-936.2528545546531 -210.05432243071496
-935.4551522421837 -209.37059981547296
-935.4580120134353 -207.73812062464654
-936.0130417633056 -206.35113150797784
-936.115566073656 -205.2404528351873
-935.9399334776401 -203.910143205747
-935.9975625562668 -203.5049397739023
-936.191383330822 -201.7015789540857
-935.9695114183426 -201.49117801509797
-935.4042659687996 -200.24294398151338
-935.098696975708 -199.28594825588166
-934.081813006401 -198.24433014713227
-933.9442011404037 -197.59777531944215
-933.1887238311767 -196.5629540475458
-933.0198764342069 -195.16265306793153
-932.926301575005 -193.98495278678834
-931.8833579781651 -193.29846034370362
-931.6570707473159 -192.26108918510377
-931.5660512584448 -190.97920952163636
-931.2229497569799 -189.83786354385316
-932.1056844133138 -189.36306087099015
-931.9997809591889 -187.57637278161943
-931.1174752774834 -186.22191778741777
-931.3809696796536 -184.8316643627733
-931.494464507997 -183.46667687021196
-932.333987108171 -182.1333344372362
-931.9118208798766 -180.38988784871995
-932.0684819582104 -178.73718051038682
-932.4034189942479 -177.34415403924882
-931.5303792122006 -175.65705100618302
-930.7552695634961 -174.7650006803125
-931.0724063280225 -172.90752969108522
-930.4872045877576 -172.45118776880204
-931.0630697372555 -170.93326655946672
-932.0009360077977 -169.4102217348665
-931.8002788040042 -168.36573640428483
-930.868399104774 -167.5224420221895
-931.5923538419604 -166.72285536848008
-931.124052515924 -165.80808464609086
-930.7005304905772 -164.31264964662492
-929.8471076104045 -162.52889815889299
-929.9657901141047 -161.79984972797334
-930.4811341378092 -160.9536198171228
-931.1394298884272 -160.84837142549455
-931.2569086167216 -159.59065369687974
-931.9766438814997 -158.71520552955567
-931.26623573035 -157.49308345638215
-930.7469485613703 -157.51767871700227
-931.4026745173335 -156.325021603927
-932.2316374990344 -155.9547596963495
-932.6871646854281 -155.3820538314432
-931.5149098846316 -153.91958568416536
-931.3797430160641 -152.42654702983796
-930.9142707648873 -150.6809227260202
-930.3359136644006 -149.50972388111055
-929.65241397053 -147.93241570316255
-929.0768770638108 -147.07434032283723
-929.0426501843333 -145.50151584468782
-929.2273478272557 -144.08454630695283
-928.9021347823739 -142.8536536487192
-929.3270987930894 -140.93397496066987
-929.5441040310263 -139.3168294223398
-928.7520096811652 -139.01738236270845
-929.070134511888 -137.40151689372956
-929.1896530973911 -135.73701880298555
-928.6586689937114 -135.7445784600824
-928.2070421564579 -135.22403410993516
-927.5421481716633 -133.79773739896714
-926.9211489546299 -132.61775175653398
-926.7065391826629 -130.8791920336336
-928.1379568862915 -130.64597062192857
-927.5526185917854 -128.8992764147371
-927.0695921766758 -129.06849268995225
-927.4323409187793 -128.21433422885835
-927.6910123217106 -127.45956007562577
-927.8784144806862 -126.1096412333101
-929.2118230748176 -124.88097349725663
-929.458247064352 -123.43271485887468
-929.3926503199339 -123.50609807096421
-930.1693670290708 -123.03328073941171
-929.2638170856237 -121.23136032544076
-930.2196098703146 -119.55118192158639
-930.1314185398817 -118.41311717949807
-930.2646576601267 -116.97265077553689
-929.5813562709093 -116.4801690968126
-929.4210274356603 -115.30408374391496
-930.1738465565443 -113.91251627527177
-930.5302922266721 -112.17068723760545
-930.1427829402685 -111.19888059221208
-930.8822748798132 -109.65470949731767
-930.2961310881376 -108.17764226518571
-930.0780709671974 -106.80183283410966
-930.5662558662891 -106.13974551282823
-929.9582702505588 -105.07050601564347
-929.657410620451 -104.38544968686998
-929.2043248105049 -103.09635094724595
-928.5361766505241 -102.27093521676957
-927.9318401503563 -102.32525894962251
-928.0625234085321 -101.52460751853883
-928.4948059159517 -101.0845651718229
-928.136070920825 -100.79296852074563
-927.5602744954824 -99.9580963345617
-927.0576492089033 -98.95411152563989
-926.876915051341 -98.71911920033395
-926.7498659032583 -97.6514391990751
-926.497663243413 -96.15897549115121
-926.7454394835233 -94.77302206479013
-927.3491174119711 -93.29609812222421
-928.2046567934751 -92.53345526181161
-927.9931177037954 -90.79639018498361
-928.8025651115179 -90.49535072766244
-928.080635561347 -90.32196457110345
-927.4972621339559 -89.25960166178643
-927.2674022454023 -88.33098472081124
-927.4422656136751 -87.37777830086648
-928.1434825497865 -87.19092310391366
-929.2521908122301 -86.16846335850656
-930.1826202708482 -85.60277117215097
-929.9860768604278 -84.88612891159951
-930.7666160154342 -83.3050367923826
-931.4282130885124 -82.75560993872583
-931.8460156309604 -81.95336169920861
-930.9125236260891 -80.23635430060327
-930.2199230182171 -79.05636830054223
-929.5843929636478 -77.85043735228479
-929.9325532603264 -76.22320146284997
-930.4903434801101 -74.33032626830041
-930.8736095416546 -72.78301543913781
-930.4554737198353 -72.26904351435601
-931.2960654485225 -71.41279471836984
-930.7399321186542 -70.12552011929452
-929.9922769653797 -69.9086123200506
-929.9379297184944 -69.69336611948907
-930.5838292527199 -69.82234502755105
-931.1584818053245 -69.13073767147958
-930.606504766941 -67.94443119488656
-930.1142520296573 -67.34776092492044
-930.9497235405445 -66.74476910553872
-931.4365611362457 -66.85102445803582
-932.0575282859802 -65.2666102143377
-931.2245323944092 -64.08227569781243
