-1074.53 -218.16
-1072.548147945404 -217.61435220003128
-1070.9765153217315 -217.436426166296
-1069.9274361419677 -216.9248049890995
-1068.1775509405136 -216.48902279496193
-1066.272025256157 -215.63986587882042
-1064.621386437416 -215.69654478490352
-1062.900066523552 -215.69774155676365
-1061.1611246156692 -216.18741335332393
-1059.7154835748672 -215.95323942959308
-1058.0755902814865 -216.55796175062656
-1056.408004670143 -217.3018496519327
-1055.1593122768402 -216.6031950598955
-1053.8799217033386 -216.92809819042682
-1051.9051007318496 -216.35193245470523
-1050.0345064687729 -217.16732685625553
-1048.5736611175537 -216.5856302267313
-1047.0504932689666 -216.97716538965702
-1045.355293302536 -217.1931521630287
-1043.6072377252578 -217.28243381887674
-1041.79520550251 -217.54715890794992
-1039.884103922844 -217.216609518826
-1038.116852312088 -216.66842828303575
-1036.2423444080353 -216.4103042295575
-1034.4220805454254 -216.33368901520967
-1032.5023018407821 -215.65189472943544
-1031.8991486120224 -214.8956799915433
-1030.0216583299637 -215.62881652623415
-1028.0669199514389 -214.85352401047945
-1027.003193526268 -214.24709187060594
-1025.5686954545974 -214.4896980932355
-1024.606255917549 -214.20472393542528
-1022.8603204774856 -214.32156771034002
-1021.1738142061233 -214.84394120782613
-1019.3729651260376 -215.75772392362356
-1018.1570020008087 -216.3264158925414
-1016.6369951057434 -217.3896700105071
-1014.7700858402252 -216.91225730985403
-1012.8616686153412 -216.843858089149
-1010.9011428642273 -217.17007198542356
-1009.0136328029632 -216.93824889868498
-1008.5770981895923 -216.42987647265196
-1007.2972752439975 -215.63885327786207
-1006.1517171251774 -215.13613572329282
-1004.4042858469486 -214.7936378082633
-1002.6239817726612 -214.18747382968664
-1001.5793306219578 -213.8419438263774
-1001.0284656274318 -214.87197109669447
-999.4612923848629 -214.88994615882635
-997.5674840199947 -215.61115926116705
-995.9738010156154 -216.59259849399328
-994.8745582091808 -216.32700794547796
-993.397554873228 -217.37920528262853
-991.8045587527752 -217.9442966541648
-989.9634438741207 -218.8934457859397
-989.2006527173519 -217.94738059848547
-987.9058535087108 -217.01020174831152
-986.9722698915004 -216.37655508130788
-986.1542925226688 -215.99986910432577
-984.6648681747913 -215.145399864614
-983.1606609213352 -216.40475397914648
-981.3270644533634 -215.87868117898702
-979.7117356646061 -215.70830124229192
-978.0516951668262 -215.2363269290328
-976.8909798252582 -215.06256690233946
-975.5567167389393 -216.28411402910947
-974.749724804163 -216.3920190295577
-972.8573766338825 -216.5235358735919
-970.9479883301258 -216.2643305620551
-969.3044684517383 -215.430626924932
-967.4450022566318 -216.02034657806158
-966.6980450737476 -216.5083039662242
-964.8505261528492 -216.49018776029348
-963.5663794863224 -217.32675098985433
-962.1130183327198 -218.34995555490255
-960.3075953114032 -218.73906430214643
-958.6016607868671 -218.68405607700348
-956.8180111038685 -218.40025186896324
-955.3391376125812 -218.83195668816566
-953.4942093479633 -219.27967268586158
-951.8063278782367 -220.0884464418888
-949.938603221178 -219.63339823842048
-948.1962235558033 -219.2967076933384
-946.6030459988117 -218.78719276547432
-944.9388216125965 -218.59336549401283
-943.1741248953342 -218.0305925643444
-941.4247644531727 -218.41788846611976
-941.1349366891384 -219.02826542019844
-939.5950263726711 -218.63481229901313
-938.8281815040111 -217.07367462277412
-938.1716410505771 -215.72622818112373
-937.1060847628116 -215.7385634815693
-936.101074038744 -214.48294204831123
-935.0896351921558 -213.05563539624214
-935.3047835218906 -211.20565766453743
-934.1754298794269 -210.6391656434536
-934.5408802318573 -209.3539031779766
-933.4530427742004 -209.12495881676674
-933.4123714703321 -208.50720399975776
-932.6597104805708 -207.96358508229255
-932.5590564149618 -207.3653270637989
-932.1274082797765 -205.5153057014942
-931.3222497838735 -203.9464480316639
-931.1661903399229 -203.16328055024147
-931.4068794387579 -201.72931355595588
-930.9729645985365 -199.92092007756233
-930.4591530102491 -199.48838717103004
-930.2230824965238 -197.76189297795295
-930.3442541348934 -196.71241897702217
-929.8547730433941 -195.0789992249012
-929.0459623324871 -193.93224376797676
-929.8387470829487 -192.7609673178196
-930.653840123415 -191.71080905556678
-931.2787711012363 -190.35431582093238
-930.8655274796486 -189.30691856503486
-930.0579964208603 -187.69916123509407
-929.3380215454101 -186.32281834244728
-928.7876186656952 -185.07249957680702
-929.8415417957306 -183.68016153931617
-930.2358770656585 -183.07035118699073
-929.3842922139168 -181.63455945611
-930.1486655163765 -181.39543068766594
-929.2295949149132 -180.4573447740078
-929.5101745712757 -179.72733044981956
-930.2020390617847 -178.2168936765194
-929.4062624561786 -176.72263813376426
-928.6854785072803 -175.5246566569805
-929.489877282381 -175.45409006237983
-929.5989112022519 -175.27760094761848
-929.3082276347279 -174.68850356698036
-929.3640101763606 -174.36562252402305
-930.1000303837657 -173.6242644226551
-930.0440704736113 -173.35668206572532
-930.2158179047703 -171.40991449713707
-929.6110300782323 -169.95084357619285
-930.4371722701192 -169.5455008482933
-929.8700831893086 -169.1605122423172
-929.743442273438 -168.6976124382019
-929.4389406505227 -168.8126130437851
-929.1450468066334 -168.40125266075134
-929.186605951488 -167.01515975952148
-928.8256431433558 -165.86363926887512
-929.0309653642773 -164.00854817390442
-928.7601544621587 -162.56825736522674
-928.2450227501988 -162.56558671951294
-927.6268928411603 -161.95134345054626
-928.1978418591618 -160.19213334083557
-928.5583359959721 -158.9406248664856
-927.9856509926915 -157.43948141098022
-927.2459866765141 -157.28011122703552
-927.0154205921292 -156.98700395584106
-927.0543948176503 -155.4245239830017
-926.4636512759328 -154.62302711963653
-926.4564432564378 -153.0476086473465
-926.0579671326279 -152.3733697271347
-925.7461789312958 -150.50370601177215
-926.330255574286 -148.77462879180908
-926.1880097451806 -146.94386628627777
-926.1856005850434 -146.34540769815445
-927.171498722136 -146.28030118703842
-927.5018060269952 -145.1907587981224
-926.9253411951661 -144.17726919412613
-927.0988513889909 -143.0323264336586
-926.6372942987084 -142.81632599592209
-926.37496871382 -141.87124935150146
-926.5466309997439 -141.3223319387436
-927.19141795367 -140.255698595047
-928.0858102056384 -140.0951933002472
-929.2253145191073 -138.54759851455688
-929.2789908710122 -138.2234395480156
-928.7594379249215 -138.28058687210083
-928.907958111465 -136.59208646774292
-929.5595796915889 -136.32867780685424
-929.8489757093787 -136.01479831695556
-929.4280417475104 -134.21361711978912
-928.8765965613723 -133.1233024930954
-928.1931053909659 -132.45889518022537
-929.234773209989 -131.33983227968216
-928.4650848421454 -130.1408469414711
-927.8640055570006 -129.2385517692566
-928.616442194879 -127.73231044769287
-928.8224245819449 -126.98456880807876
-928.1867040905356 -126.91543010234832
-927.7566071364283 -126.34554949760437
-928.0038023206591 -125.71546826124191
-927.7607568714022 -124.16590831041336
-928.8359148713946 -123.50029072523117
-929.7867830011248 -122.67757824420929
-930.1291375371814 -120.819836769104
-930.0147200289368 -119.43896404266357
-929.1253627005219 -119.06871435403824
-928.9311746719479 -117.45693049192428
-928.6819894525408 -117.21022972822189
-929.8526327821612 -116.92761162281036
-929.2449823233485 -116.39880875110626
-928.4483695241809 -114.86999729633331
-929.0850285503268 -114.28513136863708
-928.3926834079623 -114.25360235929489
-927.7087916347384 -113.166527364254
-927.771426192224 -111.56781658887863
-927.8339201125502 -111.50518402814865
-928.0953334185481 -111.42654863357544
-927.8887090298533 -111.44038161993026
-928.0058214429021 -109.63922939062118
-929.1784695151448 -109.84137091398239
-928.412763274014 -108.56304976701736
-928.6735421183705 -106.82538578271866
-929.3890463474393 -106.94434932231903
-928.6009441378712 -105.78240087985992
-928.2300347152352 -104.05930975437164
-929.1433662238717 -102.37800529956817
-928.4274158540368 -102.28712091207504
-929.2415940824151 -100.74471316099167
-928.9079349401593 -100.33202520370483
-928.3961382868886 -99.51618060827255
-929.17255977422 -99.11963984727859
-930.3677231433987 -98.71216801166534
-930.336075014174 -97.28379419803619
-930.0972369673848 -96.1417943572998
-930.397248006165 -95.52987000703811
-930.2052318367362 -95.51311627388
-930.7537502560019 -94.5668220257759
-930.627859583795 -93.21855959653854
-931.4387558016181 -91.95290038347244
-930.9222614082694 -91.61408201217651
-931.8231107506156 -90.58113947868347
-932.3399733814597 -88.74157229423523
-931.3112282070517 -88.69429526090622
-932.0363203796744 -88.2432853615284
-931.0990119490027 -86.96061224102974
-931.8411601099372 -85.12796920895576
-932.6176932367682 -84.96402287840843
-931.7089987906813 -84.37596547961235
-930.9927387151122 -82.57319414973259
-930.6919696840644 -81.66585082173347
-931.1466864857077 -81.74300939202308
-931.6988979491591 -80.97964603066444
-931.8813214364648 -79.24961966633796
-931.2184157434106 -78.49059313893318
-931.8100440564751 -77.69742149472236
-931.0435369077325 -77.70233464598655
-930.5686259034276 -76.01090646147728
-929.8654230597615 -76.00035059809684
-929.152707016766 -75.59647441267967
-929.2179540756345 -75.58256167531013
-929.8258371713757 -74.96902513861656
-929.8960437986254 -74.15188616871833
-930.1338949713111 -72.63228315472603
-931.1817526134848 -72.18674320340156
-931.991655639112 -71.8748046195507
-931.9449177744984 -71.56288451313972
-932.8583555582165 -71.23153704762458
-932.6671610835194 -70.26645487904548
-932.9903863731026 -69.36875772833824
-932.1796449485421 -69.34548402190208
-932.6270068350434 -69.27504939198494
-932.21846616894 -69.35153091311454
-932.5932769539952 -68.8370153939724
-931.9674889805913 -67.8753418958187
-932.3416638734936 -66.60589647650718
-932.1902881029248 -66.58921701073646
-931.3790995839238 -65.2996646797657
-930.9897975388169 -63.66518563389778
