-1074.53 -218.16
-1073.7144688653946 -217.90265772104263
-1071.7508276987076 -217.34274492025375
-1070.30687561512 -217.14438280820846
-1068.5688296842575 -216.61123571157455
-1066.6073198604583 -216.5764868593216
-1064.8372752952575 -217.68681863307953
-1063.2645235347748 -218.19349858522415
-1061.4900777626037 -217.45688835144043
-1059.677378206253 -217.96474251508712
-1057.7743624734878 -218.72987512111663
-1055.8046102809906 -219.4079937672615
-1053.8952122020721 -219.13250324487686
-1051.937911658287 -218.8712385034561
-1050.2269414949417 -218.55705273509025
-1048.293030409813 -219.46415508151054
-1046.4832269239425 -218.9820180273056
-1044.7145153570175 -219.5524686908722
-1042.8272148656845 -219.89702630400657
-1040.8390764284134 -219.58375284433365
-1038.9255217599869 -219.01691571235656
-1037.4493185567856 -219.26259705781936
-1035.7436212587356 -218.75585416316986
-1034.111670165062 -218.58688956856727
-1032.2044281053543 -219.16639554858207
-1030.2394877958297 -218.97252327561378
-1028.455265789032 -219.76551264882087
-1026.5748036193847 -220.0301025545597
-1025.0037131595611 -219.71588632822036
-1023.1034047889709 -218.73579153776168
-1021.3947201061249 -217.9679218864441
-1020.5916258382797 -218.7488162255287
-1018.6681212472915 -217.6899134850502
-1016.9166618871689 -218.16208377838134
-1014.9432914543152 -217.86028072595596
-1013.4299691009521 -218.51848236083984
-1011.4522909212112 -218.03567096948623
-1009.6118754434585 -218.23901754975319
-1007.7972733068466 -218.1504863834381
-1006.2326151418686 -219.0887794828415
-1005.0418820667267 -219.38409829497337
-1003.3901231575012 -219.66549229979515
-1002.2119707155227 -219.41239023566246
-1000.5880427646637 -219.0738730764389
-998.640957622528 -218.2416336274147
-996.75021651268 -218.69846848011017
-994.8980505752563 -218.38019550204277
-992.9184305953979 -218.51353249311447
-991.6666558074951 -218.60243056327104
-990.6132743644714 -218.5526752358675
-988.6194278287887 -217.9415867215395
-987.2280724334717 -217.24494855463504
-985.6556165504455 -217.09465648591518
-984.0666885662079 -217.48862554490566
-982.4559812831878 -216.80979170262813
-980.5156441020965 -216.73367810606956
-978.5752003479004 -216.29269957900047
-976.7174086856842 -216.20978588223457
-975.1455462265014 -215.80566886425018
-974.8337652373314 -215.81028612315654
-972.9413692641258 -216.4594783371687
-971.4557709383964 -217.04914243876934
-970.375497906208 -217.67138661801815
-968.4839077877998 -217.2727862483263
-966.608890144825 -216.98387180626392
-965.609898416996 -217.3771752601862
-964.5472979235649 -216.9894581323862
-963.8199142503738 -216.71858393013477
-961.9350377607345 -216.44020794689655
-960.4218161392212 -217.6383582240343
-958.6696627426147 -218.6798369771242
-957.2195205974579 -218.93280761301517
-955.3027971076965 -217.9780555254221
-953.3757762002945 -217.5013214534521
-951.7817615556717 -217.5618204510212
-950.0666913080215 -217.35087933003902
-948.8937537956238 -217.42413949579
-946.9472947406769 -216.72774237006902
-945.6762045907974 -216.20236706346273
-945.6261285829544 -216.06796153992414
-943.8144165563583 -215.77310648173093
-943.269816904068 -216.3086989185214
-941.4102604675293 -217.3028201124072
-939.5273812103271 -216.03906800955534
-937.824776558876 -215.06619157999754
-937.1546426105499 -213.44168224543333
-935.5665517139435 -212.5310459396243
-934.1677116441726 -211.1460635921359
-933.71364995718 -209.6383984348178
-932.8076386737823 -208.53313997000456
-932.0871716427803 -207.32573082655668
-932.4072051334381 -206.81766667574644
-932.0785492348671 -205.97129371374845
-931.6199460315704 -204.32017758101225
-930.8593684720993 -203.406018640697
-930.4583086061477 -202.8601315280795
-930.5639475944638 -201.94339283913374
-930.0322033527493 -201.156209256351
-931.0705174568295 -199.37397434920072
-930.854094183743 -197.83723619192838
-930.226415014565 -196.15871813505888
-930.3746261510253 -195.92701604574918
-929.8057694348693 -194.851495411098
-929.309787145555 -194.34063651770353
-930.0783731254935 -194.20627250880003
-929.5415661844611 -192.7000278493762
-929.2302893313765 -191.2173458597064
-929.9037457618117 -189.8186950942874
-930.3052906307578 -188.44239273279905
-930.459189287126 -187.13542833536863
-930.1912065657973 -185.92664423197508
-929.7672998818755 -184.24066605776548
-929.7946656259894 -183.41705950707197
-930.1996155890822 -182.2831136843562
-929.7941966566443 -180.60375544041395
-929.6934850427508 -179.85026082009077
-928.9059126588702 -178.21713170021772
-929.224002084434 -177.27198150366544
-930.1541764351725 -175.7122633716464
-929.3983120533824 -174.29386940211057
-929.3635141167044 -173.39599153012037
-928.6423222336173 -171.953340139091
-929.4168915066123 -170.07834800690412
-928.6463307055831 -168.81724056214094
-929.7029586943984 -168.08104171961546
-929.427910438478 -167.5186312457919
-929.6265363457799 -166.58408107966184
-929.2286653581261 -165.69453206270933
-930.4108729425072 -165.83193888872862
-929.592746681273 -165.4546694418788
-929.6276062938571 -164.56539424866438
-928.8681714746356 -164.60444834440946
-929.1294239076972 -164.20509749263525
-930.0253137859702 -163.91298257917165
-930.7328994187712 -163.00714218229055
-930.9500494512915 -161.45007943719625
-930.9143784108758 -161.11901235193014
-930.9014362233877 -160.57556914895773
-930.1569799917936 -159.5808616837859
-929.9845686990022 -158.18438946813345
-930.7169374066591 -157.12641656011343
-930.3128391939401 -157.1230497917533
-930.9108987289667 -156.57551771014928
-931.4474023419618 -155.81119459480047
-931.4315351273119 -153.86988204330206
-931.4197840138524 -153.8675623497367
-930.6732239767164 -153.3026503881812
-931.0016138299554 -152.19210666030645
-930.2745554789155 -150.2283129057288
-930.6869084580987 -149.95289188235998
-930.7361075437814 -149.5847242435813
-931.3771416700631 -149.59120630830526
-931.8057528889924 -148.80273860305547
-931.7541910975426 -147.52989250034094
-931.7561101456824 -146.3041120132804
-931.9427479495946 -146.06977885574102
-932.7659096112195 -146.19312631696462
-932.3960528960172 -145.48282712310552
-932.0148418834153 -145.48256182283163
-931.8999293883983 -144.9288284739852
-932.7544524511043 -144.29857527822256
-931.8743457635585 -143.47522580236196
-931.2148922523204 -143.22607612222433
-930.5418725451175 -142.57938611119985
-929.7673945864383 -141.06154572576284
-929.3203061064426 -140.38955175489187
-929.7592047592345 -139.18521046251058
-930.2299116095248 -139.09711402267217
-929.650743409032 -138.13157230228185
-929.9644733508769 -137.54008501380682
-929.5791208883468 -136.11430471748113
-929.0559637685958 -135.9585240444541
-928.3173980852309 -135.89192390054464
-927.7887832065765 -134.77123021692037
-928.7555455108825 -134.2007964810729
-928.5741831501666 -132.57959520429372
-928.481585665578 -131.95463478177786
-928.8499016007129 -131.29035365194082
-929.0089209368173 -130.6331734022498
-928.2978412201348 -128.9711918196082
-927.6618435671273 -128.70491468518972
-928.4169578840676 -128.35055514782667
-928.217154561514 -127.08703156918287
-927.6940203895513 -125.50405320137739
-928.7456480255071 -123.98115357369184
-928.5765506615583 -123.46891602486372
-928.9635538449231 -123.10157042354345
-928.9803494503442 -122.30114864915609
-928.4862802913133 -122.12711768954992
-928.8672042777482 -121.6037054619193
-929.9103172709886 -121.14395707458257
-929.2291942527238 -120.37590562909841
-929.9543456723634 -119.11068605989217
-930.1303934743348 -117.70443415254354
-930.6652465155069 -115.9729847869277
-930.1911689927522 -114.27665447801351
-929.6432515075151 -113.5843453964591
-929.6003455361072 -112.66698485225439
-930.347034140462 -111.57414537280798
-930.0950889428798 -111.02819746345281
-931.1116484245006 -111.07598757356405
-930.6387570937816 -109.9776930770278
-931.0030845841113 -108.65820014089346
-930.8840562617127 -108.33363216727972
-930.936219858909 -106.80748146384954
-931.3106127259973 -106.07720928996801
-930.6414528367761 -106.0805702766776
-931.1158422706369 -104.65341168254614
-930.1427228329424 -103.41663032382726
-929.4030277607683 -102.20409851878881
-929.1988939223531 -101.59820067495107
-929.5911376354936 -101.7184202632308
-929.0975697515253 -101.1080834826827
-928.8298451779131 -100.27628177016973
-928.7213472602609 -99.49014490455389
-928.891664612079 -98.9075094422698
-928.824421021128 -97.277113314569
-928.9076467482093 -95.59032117933035
-928.2474645105842 -94.74102943748235
-928.2155133215431 -93.93128847688436
-929.4034927813057 -93.11420791953802
-930.0136369196418 -91.84895628303289
-930.8760297028068 -91.14955472558736
-931.4704663483146 -90.38145124524831
-932.1860462752823 -89.3089040479064
-931.8312720386032 -88.47388928741216
-930.8835984794143 -88.09237664550542
-930.4359880415443 -86.80689078181982
-931.3571436134819 -86.61434000343084
-931.3202053224388 -85.75385093301534
-932.2277313386742 -84.83486932128667
-931.8441512798611 -84.26984196513891
-931.4463274394814 -82.3433535656333
-930.9981427108589 -81.73627942413091
-931.7941291248146 -80.34101146072149
-932.5427741324249 -78.51819043964147
-932.1332560097519 -76.8094783386588
-932.7164531266037 -75.57173889487981
-933.0350304757897 -75.43942427247762
-932.5936285173241 -74.342845197618
-932.3317920481506 -73.16226207822561
-932.7781189297978 -72.03430699914693
-932.4373213564697 -71.51631939023733
-932.4234112193528 -70.7633398732543
-932.4354359870497 -70.0206286868453
-933.0168846612517 -68.85175621122121
-933.412557697827 -68.0326166114211
-932.7009038692061 -67.6271039506793
-932.8417435949389 -66.45177295416593
-932.8668048744742 -65.07384565085172
