-1074.53 -218.16
-1073.9296347784996 -217.764423224926
-1072.1783522057533 -217.0731293296814
-1070.7874608922004 -217.46005705356598
-1070.1367579388618 -217.13212925553321
-1068.464597313404 -216.91799602270126
-1066.5773802685737 -216.94933879733085
-1065.695516078472 -217.07702964901924
-1064.291376798153 -217.3619020318985
-1063.2535257029533 -216.22806230545044
-1061.3912164855003 -215.4618044233322
-1059.9751569914818 -214.72423020362854
-1058.1006625580787 -214.55669190347194
-1057.0815589118004 -215.27989860236644
-1056.1248024392128 -215.93153109014034
-1054.3475817131996 -216.30076147973537
-1052.4148890662193 -216.64020009696483
-1051.2298420357704 -216.35138227403164
-1049.3256317067146 -215.96557154119014
-1047.5549965786934 -216.03932236492633
-1046.4849072384834 -215.78845303118229
-1044.7969532895088 -216.2604385203123
-1043.1285978245735 -216.42517869532108
-1041.369396059513 -215.77864365637302
-1039.6249143767357 -216.10756992161274
-1038.0138046431541 -215.4835218077898
-1036.496785132885 -215.7347407823801
-1034.871781079769 -216.0290467327833
-1033.0404989409446 -215.59679277598858
-1031.3618881392479 -215.24199690282344
-1030.101191251278 -214.97898455321788
-1028.501849501133 -214.56208066999912
-1026.623888580799 -213.674985576272
-1024.760608165264 -214.27727495491504
-1022.926891772747 -213.4928926116228
-1021.1738784003257 -212.78995286285877
-1019.2423519778251 -213.64992164433002
-1017.5126456904411 -214.1898456698656
-1015.7690015721321 -213.792038757205
-1013.9322288918495 -214.05788694679737
-1011.9967845368385 -213.96497740209102
-1010.4122962641716 -213.88469128668308
-1008.7642618107795 -213.99045716583728
-1007.2313956904411 -214.62643562614917
-1005.9566992211342 -214.33069129645824
-1004.7962234902382 -213.55362959563732
-1002.952867000103 -213.97206740438938
-1001.2222975182533 -213.71521719157695
-999.9162128853798 -213.99591367304325
-997.9803074288368 -214.55738304913044
-996.34422072649 -213.9571807271242
-994.4423850464821 -213.4046074038744
-993.4234388756752 -213.92484961807727
-991.6970816540718 -214.56863068401813
-989.8453403401375 -214.86812563598156
-987.9887423205375 -215.18209635078907
-986.5098277020454 -215.13568263113498
-985.8728602814674 -213.93460910379886
-984.9175661492347 -212.94051187098026
-983.1187497067451 -212.02776019632816
-981.3133018898964 -211.39264034092426
-979.780667154789 -210.14275645077228
-978.2015543866157 -210.25737898409366
-977.8918556857109 -208.89212052881717
-976.3843412089348 -207.7405123001337
-974.8184306311607 -208.03138964235782
-975.0262949752807 -207.38752000391483
-973.580718665123 -206.64509903252124
-972.2511476564407 -206.7653586155176
-970.9896368074417 -205.91589288771152
-970.674246995449 -205.70380674660206
-970.6251070040464 -205.1705073004961
-969.4149269598722 -203.58448611557483
-968.4977729457617 -203.46692394077778
-967.5071412461996 -203.18777786552906
-966.579759671092 -202.84707098066806
-965.6408207553625 -202.674352992177
-965.3451068538427 -201.9680793172121
-964.5434776085615 -201.9716212040186
-963.9572204488516 -200.60171930849552
-964.2849978345632 -199.6804057842493
-964.2873614269495 -199.25060667455196
-964.4695837932825 -198.74266340196132
-963.9581663447618 -197.87473328769207
-963.4322211581468 -197.3971992021799
-962.9776800709963 -196.12255053579807
-963.9699567991495 -196.20818154871463
-964.4891306000948 -195.8949107414484
-964.5001196104288 -195.24381344377994
-964.8370704191923 -194.71144472420215
-965.5111031669378 -194.36442827045917
-964.8862762588262 -193.30063616096973
-965.1306168723106 -191.51622020065784
-964.8629367637634 -191.43999772131443
-964.2328473615646 -190.55411510527134
-963.6855079817772 -190.0711485928297
-963.1336356091499 -189.85884161651134
-962.5701392579078 -188.37035794913768
-962.4228198218345 -188.0294837540388
-962.4186324167251 -186.66878386199474
-962.8911759841442 -186.32846047341823
-962.9104898262024 -186.49918605744838
-962.406287817955 -185.16623093545437
-961.799147157669 -184.6454156821966
-961.936871587038 -182.94314970433712
-963.0238314259052 -182.6714317983389
-964.4100342381 -182.20142136871814
-963.892863689661 -182.16594998896122
-964.0932760822773 -182.2540702110529
-964.1980590957403 -181.5625348573923
-963.8251272577047 -181.36257838070392
-964.1657858330011 -181.20989577829837
-963.4501694875955 -180.94911031782627
-964.4447559553385 -180.4735219067335
-964.0604452329874 -180.3550716227293
-963.4852695900202 -180.4908553546667
-963.6945428091287 -180.66151596963405
-963.1995346683264 -178.93632127702236
-963.6979703444242 -178.88339545190334
-963.0614794033766 -178.02639527976513
-964.3196161526441 -178.02796401441097
-964.4642942982912 -177.9228525942564
-963.6781377631426 -178.0232604330778
-964.244876666665 -177.8136316126585
-965.2307337361574 -176.57926746070385
-964.5166098314523 -175.55891736209392
-964.7028556007147 -175.74966045081615
-964.2623505431413 -174.7511622494459
-963.6406711179018 -174.71747728049755
-963.0695522862673 -174.89094908893108
-962.9430675047636 -174.02287240684032
-962.6134530740976 -173.88385077178478
-962.3234045046568 -172.87332828700542
-962.3964303272962 -172.48528348267078
-962.3691050249338 -171.60757993519306
-961.9589556592703 -170.27265309154987
-961.7929985064268 -169.53971885502338
-961.461175455451 -168.0000239497423
-961.2396565812826 -167.95454065859317
-961.3125814038515 -167.225362945199
-961.1236031192541 -167.2630007749796
-960.5621134775877 -166.32137839853763
-961.2289458054304 -166.55725847542286
-961.6954682606458 -166.8074878937006
-961.4858298140764 -166.55747662842273
-961.0044077771902 -166.03201084196567
-961.0460101503134 -166.0552112942934
-960.5303149360418 -165.8626230841875
-960.0393178600073 -164.83602618038654
-960.0737995642423 -164.09867899477482
-960.0561304825544 -163.97433440744877
-960.6230265635252 -164.11457430183887
-960.1723109620809 -163.7334779983759
-959.9164296525717 -163.56929348766803
-959.7917413848638 -162.5847248917818
-961.0680951017141 -161.3881071692705
-961.9065262812376 -161.14832304775715
-961.4769088464975 -161.33979909479618
-961.705151899457 -160.51086633265018
-961.8872014123201 -160.75903325140476
-961.9549859601259 -160.6710719949007
-961.6800395387411 -160.4816359168291
-961.3486673671007 -160.77977256834507
-960.897025271058 -159.81110804140567
-962.0335739094019 -158.54178707659244
-961.5415719288587 -157.68740694582462
-961.2859054940939 -157.0129291898012
-961.2364494937658 -155.96807538330555
-960.9535392659902 -156.23592071592807
-961.8095813530683 -155.40470110237598
-961.3545109468698 -154.13808964550495
-961.2701366978883 -154.37832586824894
-961.2221185404062 -154.61368172228336
-960.6868812280893 -153.18675034105777
-960.2938307362795 -152.3840800410509
-960.069448454976 -151.96298532545566
-959.6427428561449 -151.7037980145216
-959.7321902948618 -150.6674518173933
-960.6106549936533 -149.03639980018139
-960.6555111247301 -148.9718564337492
-960.2674283224344 -147.97601808965206
-960.2958729106188 -147.17181416213512
-960.9038101869821 -146.70273582994938
-962.0040593582391 -146.92297570765018
-961.8528328377008 -146.13114707529544
-962.1403930026293 -145.080569434762
-963.3965945082903 -143.47026484072208
-963.7659195202589 -143.15002827703952
-963.9176762986183 -143.10239290058612
-963.6238727855682 -141.99924086391925
-963.5662640023231 -142.0751236563921
-963.0258500862121 -140.93030856907367
-963.9577230501175 -140.6566746121645
-963.8617005932331 -140.33791624367237
-963.4728454339504 -139.25178741276264
-963.2393037068844 -139.10139190018177
-963.5400988447666 -138.43036018669605
-963.0891134727001 -137.4235522633791
-963.7242642629146 -137.24320124447345
-963.0291150200367 -136.45149974882602
-963.1967477935552 -136.52556370556354
-963.9365178483724 -135.1000785714388
-963.4010840791464 -134.0543271189928
-963.2989110785722 -134.17060689985752
-962.6669074136018 -133.93513410151004
-962.1293086248636 -133.53496300041675
-962.2704534369707 -133.1058708614111
-962.9034527379274 -132.77204190552234
-964.1763605910539 -132.80349479973316
-964.4979410606622 -132.1288676148653
-964.0736720401048 -131.8574042803049
-963.7061902719736 -130.6293211466074
-964.6174452143907 -130.07249991953373
-963.8918377000093 -128.41786425173282
-963.6854431468248 -128.19580482304096
-962.9619518357515 -127.68590312063694
-963.1586922544241 -125.90422062933445
-963.1133444148302 -125.71858226120472
-962.6412205535173 -125.82664101183414
-962.7810498911142 -125.2618489152193
-962.5497743922472 -125.52383201181888
-962.2898144263029 -124.48459296286106
-962.255928530097 -123.83393185198307
-962.064032061696 -123.32281177103519
-962.2123679953813 -122.24941639959812
-962.1284179228544 -121.99502830564975
-961.8095111387968 -121.71581320822239
-961.5499433714151 -121.11298720896244
-961.3563680785894 -119.24720518648624
-961.9208594697714 -119.013310957551
-961.5573049920797 -117.95337085783481
-961.2167249757051 -118.0102683788538
-960.7737177151441 -117.29234211504459
-960.2474427360296 -116.76213120281696
-960.0637681621313 -115.68325589954853
-960.3168827432394 -114.41824911892414
-961.6361712354421 -112.80461608231067
-961.1040390270948 -112.75143425524234
-961.7177841800451 -111.99837743103504
-962.1087644833326 -110.20825492203235
-962.9266210335493 -109.42396305859089
-963.9168240565061 -108.2233111745119
-963.3189441102743 -107.05482660591602
-964.5227226155996 -106.71607177317142
-963.9009137886762 -105.62078468859195
-963.7294171887636 -104.78376923859119
-962.9797978836298 -104.15376519024372
-963.9068531233072 -103.02230571568012
-964.4096562701463 -103.16093431770801
-963.8726891118288 -102.30902491867542
-963.8999513375759 -102.42049907505512
-963.937893165946 -102.1655937319994
-963.2456293839216 -101.51338075459003
-963.5168765622377 -101.17630218327045
-964.0676979857683 -100.26135181248188
-963.3644475775957 -99.65370880424976
-962.7598388034105 -97.72205840408802
-962.5484770673513 -96.15329896271228
-963.4757273334264 -95.30422805607319
-963.2375461894273 -93.39740918934345
-963.0241951185465 -91.54441725075245
-963.0056903797388 -91.21077899992466
-962.8740957218408 -91.06826804935932
-963.1438159185648 -91.03503011524677
-963.5747057932615 -89.22421978771686
-963.0833177703619 -88.19784616291523
-962.5412730711698 -86.65336977303028
-962.6467401969433 -86.65969173967838
-963.4338270413875 -86.78476529181003
-962.800495980978 -86.35208545982837
-962.1128066170215 -85.16804324448108
-963.0244263994693 -85.17088239252567
-963.1823984670639 -85.07822250187397
-963.3287529039383 -84.76246773064136
-962.8930656301975 -83.23402534782886
-963.3694799232483 -81.88929818928241
-962.6277784991264 -80.4084256774187
-962.7651460754871 -78.69445167839527
-963.7157923567295 -77.63457773983478
-963.1367675054073 -75.96017395317554
-963.9520899045467 -74.57622979938984
-964.0158742654323 -74.18925796806812
-964.8784280407428 -72.72985934078693
-964.2964126455784 -72.72017757952213
-963.4494622933864 -72.36143945515155
-963.5912285882234 -70.93001769840717
-963.6170492756366 -70.61853020250797
-964.7849294531345 -70.09680061399936
-965.3457419264316 -69.93231694757938
-964.8076583731174 -69.6045926696062
-965.5713852035999 -68.14286195099353
-964.5729053604603 -66.6310888415575
-964.1545971024036 -66.59879307806492
-964.0222142922878 -64.9106224066019
-964.0116569983959 -63.79216365873813
