-1074.53 -218.16
-1072.6731920528412 -217.73048386335373
-1071.1552553462982 -217.6020894831419
-1069.3424047517776 -216.59479351699352
-1067.4012958097458 -216.2050136512518
-1065.5334483671188 -215.94031404316425
-1063.743942170143 -216.6299706584215
-1062.0879444169998 -216.02855466663837
-1060.3251023578644 -215.4942583924532
-1058.4831486034393 -214.86753701031208
-1056.593889503479 -214.74517418801784
-1054.9736695575714 -214.98584919035434
-1053.1589726495743 -214.51034634172916
-1051.2724513101577 -214.7231439089775
-1049.4514180707931 -214.22631115078926
-1047.6048761892318 -213.63178438305854
-1045.8690918970108 -213.56472954511642
-1044.5342465925216 -213.06730133652687
-1043.0960072565078 -212.53415662407875
-1041.2520577001571 -212.82656279563903
-1039.3138147878647 -212.52652752757072
-1037.4342439460754 -213.56580305457115
-1035.6369796085357 -213.4666330552101
-1033.759763507843 -212.9300966000557
-1031.9963298130035 -213.84715184926986
-1030.130801229477 -213.65254077672958
-1028.2432263183593 -213.4772850906849
-1026.319930343628 -213.4109732246399
-1024.4032113838196 -213.01013395547866
-1022.5436482715606 -213.10864466786384
-1020.6036622810363 -212.73372760772705
-1019.3840692329406 -212.6733379995823
-1017.4885189819336 -212.1497439777851
-1016.0762279319763 -211.61924988389015
-1014.5530460166931 -211.4456831550598
-1012.7198417472839 -212.01308587551117
-1011.303188829422 -212.85969445466995
-1009.6264472293853 -212.65930027127266
-1008.2799387264251 -213.61230129361152
-1006.3470866966247 -213.42159369945526
-1004.3951640415191 -213.2307110464573
-1002.4467544841766 -212.93226385474205
-1000.5350717592239 -212.58631223797798
-998.6381233024597 -211.90261119961738
-997.1057505893707 -211.95077249765396
-995.35896900177 -211.78080547213554
-993.486651687622 -212.90431297183036
-991.7144775676727 -212.67413065195083
-990.0385005760193 -212.13010958194732
-988.258307723999 -212.89507905006408
-986.5815713691711 -212.25077370166778
-984.6839461612701 -211.5852420067787
-982.878358631134 -211.37596866846084
-980.9499957847595 -212.2351364827156
-979.3226495075226 -212.0691554582119
-977.3793008613586 -211.6619292831421
-975.501484541893 -211.96913388729095
-975.071559189558 -212.24756598830223
-973.5210534322262 -211.42661118865013
-971.7934945809841 -210.02183699965477
-970.0542544114589 -208.66343522429466
-969.8807312834263 -208.12741583943367
-968.8609189379215 -207.0899695789814
-967.6823801386356 -205.49930698037147
-966.3830798256397 -204.98188430428505
-965.0480291235447 -204.00163442254066
-963.8570983994007 -202.28201192975044
-962.6052011835575 -201.14241105675697
-961.8446821558475 -199.97700184941291
-961.6500791895389 -198.2957605755329
-960.7106549727916 -196.81200355648994
-959.8050631272793 -194.9381504690647
-960.5972272145748 -193.75605422616005
-960.3276166307926 -192.76122284293174
-959.5739869463443 -191.15834236502647
-958.717068015337 -189.5703852212429
-957.9170013654232 -188.45134568572044
-957.417448400259 -188.3006156718731
-957.1955130684375 -186.74687993884086
-957.9934220898151 -185.10565817713737
-958.1077412354946 -183.19182050585746
-957.6728619325161 -182.36369789004326
-956.9467220890522 -180.732919100523
-957.4030837404728 -179.795048776865
-956.6899235236644 -178.68944496273994
-957.4098588216305 -177.75474584460258
-957.7756797361374 -177.21175438523292
-957.8778223085403 -175.6576135790348
-957.6976671802997 -174.497747246027
-957.1901864397526 -172.99236721158027
-957.0830475378036 -171.7173184788227
-956.5011173772812 -170.12819546818733
-956.3362006533146 -169.1386356985569
-955.7576330888271 -168.4237359201908
-955.52713742733 -168.08673763632774
-955.4951924371719 -166.41101432204246
-955.1231277573108 -165.0882018840313
-954.5654823172092 -164.45488226771354
-955.8851851809025 -163.4456111228466
-955.617852358818 -162.22075963377952
-955.4922805714607 -160.94982910513878
-955.4091283369064 -159.30667305350303
-955.0797063696384 -157.7195837533474
-954.8803641784191 -156.1134645974636
-954.8308055388927 -154.87809801459312
-954.9069627809524 -153.34995770812034
-954.401648967266 -152.44321161866188
-953.8954755949974 -152.40326965212822
-954.0994386661052 -151.27554262042045
-954.2397036540508 -150.7588018810749
-954.673434792757 -149.621788803339
-954.6418192374706 -148.20187551140785
-954.4803966271877 -146.60177547097206
-955.031196116209 -146.03540903687477
-954.8808107364177 -144.35781365990638
-954.5271453249454 -142.85072237610817
-954.0949762451648 -142.90911865592003
-953.783211826086 -142.44961274027824
-953.9387200462818 -141.7214986717701
-953.6700277912616 -141.44753274679184
-953.3484635937214 -140.40799865484237
-953.0440344798565 -138.8127549624443
-952.879485963583 -138.11349711179733
-953.3470444667339 -136.84127077817917
-953.5060373830795 -135.2635686135292
-953.1460876154899 -134.39834896087646
-952.8876866388321 -132.89466634750366
-952.9438448834419 -132.47605115532875
-952.7264097619056 -132.3605641758442
-952.76120033741 -131.38620728611946
-953.0015173840522 -130.08043951153755
-952.6548925924301 -129.32703262925148
-952.4619543242454 -129.38367444634437
-952.5282256889343 -128.03664952874183
-952.343120663166 -127.41186571478843
-951.9156518268585 -126.4413877761364
-951.8498681473732 -125.10626089930534
-951.8626489329338 -123.56312799811363
-951.7188656616211 -123.34539813160896
-951.6620196986198 -122.3213897383213
-951.1534996914863 -120.89360362648964
-951.0405642080307 -120.04682940602302
-951.2048047471046 -119.6135516500473
-950.9053217458725 -118.46689561367035
-951.4272029089927 -117.73776874303817
-951.5377575445175 -116.28601560354232
-951.5099310564995 -114.72150501966476
-951.5134261536598 -113.29727229833603
-951.4286545801162 -112.1843267416954
-951.1733650851249 -111.93495881915092
-951.1143714475631 -111.20399833083152
-951.3207664179802 -110.766041431427
-951.4181565928459 -111.01749870538711
-950.987880795002 -109.48744747400283
-950.7826860833168 -109.12824878454208
-950.8111583280563 -108.99254334330558
-950.7562662053108 -107.47628689169883
-951.7709072518348 -106.28074348330497
-951.332088201046 -105.33445132136345
-951.8907324957847 -104.88467947006225
-951.709898738861 -104.76751563310623
-951.7658614206314 -103.11738345384597
-951.3838103699684 -103.04051670789718
-952.0711450862884 -102.21691337585449
-952.6965042042732 -101.43267360687256
-952.3518461871147 -100.3067182636261
-952.1972012209892 -99.58866498231887
-952.3643428075313 -98.84454599380493
-952.0713984954357 -97.70434633255005
-952.6719436633587 -96.21188608169555
-952.5199387061596 -94.75351289272308
-952.6098709392547 -93.37778738498687
-953.0163794744014 -92.40202382564544
-952.9822705376148 -91.8491570687294
-953.5136759269237 -90.98213461399078
-954.4010959851742 -90.84252670764923
-953.9063535320759 -89.62472299098968
-953.6517876970768 -88.6248253917694
-953.2914823877811 -87.21015230178833
-953.5342634606361 -86.16223970413208
-953.2277949738502 -84.47567668914795
-952.9184001970291 -83.0152508354187
-952.9088133263588 -81.59109023571014
-952.5047704863548 -80.44622269630432
-952.7043340194225 -79.6746449804306
-952.2776335465908 -79.19754943609237
-951.9329818475246 -77.89347061872482
-951.7918891298771 -76.687372777462
-952.1305040109157 -75.56537267923355
-951.9819228041172 -74.3359791970253
-952.1153783786297 -73.82026335954666
-951.7225145089626 -72.49159893751144
-951.4839368450641 -72.28572261691093
-951.19241684556 -71.30005598425865
-951.031585572958 -70.0042802131176
-951.0587842452526 -68.67593455672264
