-1074.53 -218.16
-1072.5682254123687 -217.67542168855667
-1070.7288072395324 -217.19884100914
-1068.742876677513 -216.67018381118774
-1066.902925877571 -217.01305979847908
-1064.9348418998718 -217.21810160934925
-1062.9682846355438 -216.88886230051517
-1061.1178055095672 -217.12899072825908
-1059.1603877830505 -217.51350294411182
-1057.2056749153137 -216.6915330773592
-1055.855610280037 -217.41981737673282
-1053.8894928979873 -216.95663486778736
-1052.327349333763 -217.15477368593216
-1050.4584634590149 -217.34137703835964
-1049.5228332567215 -216.71071149766445
-1047.659217505455 -216.45665921628475
-1045.6894816446304 -216.0492278522253
-1043.706921725273 -216.42654295623302
-1041.866744070053 -215.57323153674602
-1039.882791905403 -215.80541779458522
-1038.1114009904861 -214.98987968623638
-1036.1610750246048 -215.2026353663206
-1034.1850557613373 -215.216854814291
-1032.2316090154648 -214.4369623696804
-1030.3831874418258 -215.106397036314
-1028.5115477132797 -215.35640871882438
-1026.5350703287124 -216.19976544737816
-1024.6155637788772 -216.50410992264747
-1022.6421711730957 -216.28265713512897
-1020.6635254907608 -215.85200076162815
-1018.6907505083084 -216.51487313568592
-1016.7078646707535 -215.91931014120578
-1014.7610149669647 -215.45583518207073
-1012.9332996892929 -215.78539108097553
-1011.0172986078262 -216.14070634901523
-1009.6037960338592 -216.11488333888352
-1007.6155206251144 -215.99080759830773
-1005.7523070859909 -216.0200905444473
-1003.827989487648 -216.32790749691426
-1001.8722833681106 -216.12407746337354
-999.8906790304184 -215.72209563277661
-998.0333768415451 -215.55842977188527
-996.2245819854736 -215.11827361010015
-994.2654333400726 -215.09767056427896
-992.3005497741699 -214.63945717535913
-990.4624769973755 -214.3477568718046
-988.4982612419128 -214.8293463679403
-986.6355879592895 -214.39238942585885
-984.6698594379425 -213.51943064652383
-982.7165627765655 -213.70993427358567
-980.7419837999344 -213.65133654497563
-978.8008927392959 -214.25769018553197
-976.937049536705 -213.83497183941304
-975.0218323755264 -214.4088643731922
-973.3323225069046 -213.77473085545003
-971.807037024498 -212.2949573340267
-970.1411153364181 -210.6801711859554
-968.4568705844879 -209.48389964722097
-966.9054093647003 -208.7640534581989
-965.4803003358841 -207.0522750558704
-964.3445452737808 -206.10128545187413
-963.2245449113846 -204.77877699755132
-962.0827936220169 -203.42335557363927
-961.0575359153747 -202.18907808683812
-960.0943932819366 -201.29135214708745
-959.2403322744369 -200.20494901560247
-958.4209441828727 -199.9201763214916
-957.7282578635215 -198.08291273735463
-957.2608508753776 -196.4747167172283
-956.7083276796341 -195.40947609566152
-956.4290772664547 -193.94764965198934
-955.8054999101162 -193.36653386972844
-955.1951506721973 -192.26731478594243
-954.7777511465549 -192.22042941473424
-954.2187262761593 -191.2566384615749
-953.7091032850742 -189.8753628077358
-953.2238801705837 -188.37396960876882
-952.7230239498615 -187.30874496124684
-952.4120290863514 -185.8481615128368
-951.9512450683117 -184.57922523640096
-951.518177627325 -183.57194929741323
-951.2000039207935 -182.72645031832158
-950.9608432042598 -181.56425499342382
-950.5597166407108 -180.96805661343038
-950.1762582051754 -180.1837649884075
-949.8484231221676 -179.55874138496816
-949.6842004048824 -178.87257444284856
-949.3177877056598 -177.41989480875432
-949.3643804776668 -175.80407583139836
-949.0200270998478 -175.44387676738202
-948.6971960055828 -175.08051263712346
-948.408617554903 -174.93740730904042
-948.0256021606922 -174.49328535221517
-947.9387395966053 -174.18854498289525
-948.2317769217491 -173.23652851007878
-947.9105599808693 -172.40005373381078
-947.5969897198677 -171.9063258113712
-947.4340925502777 -171.0385121049732
-947.1027615356445 -171.24954938314855
-946.8525864768028 -170.27685629747808
-947.3200599837303 -169.6597090306133
-946.9720792460441 -168.51046662949025
-947.3679214406013 -167.3963521065563
-947.2477456617355 -166.00565939567983
-947.4727497386932 -165.03381591461599
-947.1987204837799 -165.18486272715032
-947.0169205355644 -165.20008110426366
-946.7087666082382 -163.87961208246648
-946.9504048514366 -163.9665254893154
-946.703314511776 -163.98554032467305
-946.3741566228866 -163.4084313454479
-946.2128147172928 -162.5978216471523
-946.5072151112556 -162.2607399763912
-946.7883439052105 -162.39509936593473
-946.5089963662624 -162.41160708092153
-947.8474684941768 -161.25059073589742
-947.533755480051 -161.05357553981244
-947.2456631052494 -159.7636965753883
-947.0413314688205 -158.78464880011975
-946.9298768031597 -157.92248227618634
-946.6085907208919 -157.11246433280408
-946.3726593244076 -156.13662054561078
-946.2646410453319 -155.77422567628324
-946.1726411569118 -154.90611704610288
-945.8358520257473 -153.55801399968564
-945.6902713167667 -152.1939869763702
-946.0598216640949 -151.12874265931546
-945.9419547903537 -149.8527103307098
-946.1741369354725 -149.46586959980428
-945.9050508725643 -148.7807479443401
-945.6003808963299 -147.69734113834798
-945.5017702567577 -147.813303315863
-945.2732619035244 -147.09216865323484
-946.074660359621 -146.77100297234952
-946.7914632546901 -147.12550225280225
-946.5593126404285 -147.05733072184026
-946.4226459252834 -147.26171087644994
-946.9700226771831 -146.35269069097936
-946.7000040996074 -146.1959000172466
-946.6990354049206 -145.74849736116826
-946.5132538068294 -144.92580228470266
-946.5500886428356 -143.7100135626644
-947.1008712041378 -143.9367197098583
-946.7574278104305 -143.16103869102895
-946.878833233118 -141.86344187878072
-947.0045443165302 -141.59342491053044
-946.7096678602695 -140.9829345884174
-946.753868638277 -140.51353808663785
-946.5373256790638 -139.7861272933334
-946.759181677103 -139.64156734369695
-946.7081807243824 -138.49635707758367
-946.608959017992 -138.42183589361608
-946.4342656123638 -137.18617200277745
-947.6776350724697 -136.76085841082036
-948.167440174818 -135.46826087854802
-948.0477848637104 -134.8836339058727
-947.8446793544292 -133.7584957423061
-947.6417344796657 -132.33654301784932
-947.376418172121 -132.20136168025434
-947.0609674441814 -131.3564284684509
-946.9138860094547 -130.57497235558927
-946.7276002752781 -130.9893322827667
-947.3659020650387 -129.79954322598874
-947.3246475446224 -129.86124053023755
-947.068544088602 -128.80194821380078
-946.83728957057 -127.48944714091718
-946.5874775636196 -127.28881206534803
-946.3540419924259 -126.53431096099317
-946.3619638073444 -126.3904643895477
-946.4106164562702 -125.1627360226959
-946.0698068726063 -124.7916779460758
-946.0538398015499 -123.32828735731542
-945.6731133449077 -123.31247168205678
-945.4971629369259 -122.53683053873479
-946.3480501163006 -122.47926771067083
-947.3297612655163 -121.16179453752935
-947.3479729282856 -120.25126790426671
-947.0266259300708 -118.76881551168859
-947.1830751883983 -118.71984704755246
-946.9424966561794 -118.561262184605
-946.5841177690029 -118.41516029261052
-946.9046955692768 -117.15769636057317
-946.9664542663097 -117.02838521622121
-946.9916408646106 -116.99934863470494
-946.9005596625805 -116.2151249589771
-947.4579632270336 -115.59399496935308
-947.199088512659 -115.16941892527043
-946.9920807468891 -114.82634311340749
-946.8955323684215 -115.22171657703817
-946.6361640679836 -114.04787796162069
-946.9809161114692 -113.94347813151776
-946.8257053780555 -113.01466050170362
-946.576888589859 -113.1378519179672
-946.248264222145 -112.11072441361844
-946.1107656645775 -112.25717734716832
-945.8789928245544 -111.48116230390966
-945.860623626709 -111.26472439788282
-945.6734723734855 -110.17229988597333
-946.5505464959144 -109.99849452994764
-946.7189175772667 -108.99518861792981
-947.7409739184379 -108.41226764939725
-948.0263233470916 -108.15972688220441
-948.0191521930694 -107.08250834964215
-947.66258010149 -105.89538755439222
-947.3098014879226 -104.95564838670194
-947.8190222072601 -104.05605622552335
-947.6699689912796 -104.0544613840431
-947.3590667533874 -103.10360171817243
-947.1940429496765 -102.33847888730466
-947.0434392380714 -102.2668662609905
-947.2270447897911 -101.09508686684072
-947.8442989277839 -100.61689027570188
-948.005652039051 -99.8722906949371
-948.1845451283455 -99.18668957971036
-947.9697578239441 -97.98632308267057
-947.659755795002 -97.77475806497037
-947.6230948257446 -97.10413357041776
-948.3698896455764 -95.97378512643277
-948.0662417697906 -95.71085857771337
-947.7599037575721 -94.68749117277562
-947.5791248369217 -94.74516254089772
-947.9502566742897 -94.81910275839269
-947.7446225571632 -93.82910179518163
-948.2858176517486 -92.76880406759679
-948.0278260397911 -91.73325204275548
-947.8800115275383 -91.07008957289159
-947.6977196621895 -90.99824016712606
-947.4759114074707 -89.52245777271688
-947.18371966362 -88.36451595447957
-946.8475600767135 -88.49653446100652
-946.5044467139244 -87.91944568775594
-946.5080244231224 -87.1872398199886
-947.7441935229301 -87.49116849325597
-947.4662686872482 -87.3484642150253
-947.5353018927574 -87.1123759689182
-947.2787547397613 -85.96814202688634
-946.9984092998504 -85.23124998234212
-946.7157491135597 -85.26286076925695
-946.9425588536262 -85.0862078013271
-946.5971085715294 -83.67210286282003
-947.653714864254 -83.36371319912374
-947.429034500122 -82.4305099787563
-947.2073319840431 -82.45620226286351
-946.9108322548866 -82.0789715590328
-946.5882602024078 -81.7245580496639
-948.0570733833313 -80.91044920109212
-947.8669063735008 -80.46173053406179
-947.4842609453201 -80.23273926399648
-947.64488032341 -78.8293297829479
-947.3743577289581 -78.49786173723638
-947.4026703524589 -78.08542605660855
-947.4836908864975 -77.68701615355909
-947.2525679159164 -76.80032887481153
-947.5844541180134 -76.16877778790891
-947.627331315279 -74.68504484914243
-949.1630224573612 -74.02155652068555
-949.6162299203872 -74.47436633132398
-949.9681410181522 -73.665265166983
-949.7266900527477 -73.94972922824323
-949.895261465311 -72.98619356177747
-950.6150690305233 -72.41364278815686
-951.2906248557567 -71.41205420516431
-951.0478010761738 -71.05510833285749
-952.338541804552 -70.81291070006787
-952.0998661506176 -70.36266162417829
-952.356190084219 -71.00501796029508
-952.2422379243374 -70.55851503632962
-952.3416854727268 -70.632661068663
-952.8682295668125 -70.20482929967343
-952.7485716331005 -69.42797204278409
-952.9601873147487 -68.43641325257718
