-1074.53 -218.16
-1073.3733363437652 -218.7518995141983
-1071.490923075676 -219.24597156405449
-1069.6424379634857 -219.9945569074154
-1067.7145335960388 -218.92892563700676
-1067.5234043884277 -217.9831231868267
-1065.912817029953 -218.4991496837139
-1064.140432267189 -219.29504549860954
-1063.2620601344108 -218.6277337706089
-1061.273857562542 -217.83014309763908
-1059.630948035717 -217.9988337790966
-1058.5319860863685 -218.922003749609
-1056.6360368418693 -217.96142858624458
-1054.8431241202354 -218.7181690967083
-1052.9720990347862 -218.48482916116714
-1051.5894343543052 -217.5443201994896
-1050.3382100749016 -217.05846900105476
-1049.0855989146232 -217.8773477113247
-1048.5556611704826 -218.81423914790153
-1046.6724724459648 -218.63663947939872
-1045.8057778167724 -218.31927362442016
-1044.9213859724998 -219.11096123218536
-1043.4495694327354 -217.98619655132293
-1041.7265991854667 -218.00924117475748
-1039.8589114832878 -218.71387107282877
-1037.9992930579185 -217.72219659000635
-1036.205323665142 -217.54559978455305
-1035.061679213047 -218.28803076952696
-1033.2464424061775 -218.3556463754177
-1031.9560118603706 -217.85147697091102
-1030.323560564518 -217.46124044418335
-1029.302966682911 -217.93930617332458
-1027.5662089276314 -217.18907502651214
-1025.6850983786583 -217.55848095178604
-1024.8893977689743 -217.51760043561458
-1023.2037922430038 -217.78307028472423
-1022.9455619740486 -218.57047601401806
-1021.5491240906715 -219.1522216385603
-1019.8738457846641 -219.4567306524515
-1018.1386966395378 -218.4397904163599
-1016.433304040432 -217.90441911280155
-1015.8785295176506 -217.51406364500522
-1014.691440551281 -217.3687328583002
-1013.8125575470924 -216.79226462900638
-1012.5018163609504 -217.62925945580005
-1011.0369915652275 -217.0091684347391
-1009.9367921042442 -217.64304034769535
-1008.9751484084129 -218.15989046156406
-1007.582151620388 -218.25368854761123
-1005.8520970034599 -218.51945588350296
-1004.1237203764915 -218.6882344073057
-1002.8544982361793 -218.90535615742206
-1001.6074710774421 -218.57092504560947
-1000.7277632641792 -218.90142996966838
-999.6489784407615 -218.9449322706461
-998.6688360261917 -217.95630751907825
-997.6596402215957 -218.0275777465105
-996.1734359550476 -218.85680197536945
-995.392828373909 -218.99782650530338
-994.007433681488 -219.61043237507343
-993.3846743392944 -218.45877288639545
-991.7306013393402 -219.09914897739887
-991.5738691973686 -218.73634733617305
-990.0359494376182 -218.78023128569126
-988.2688157248497 -217.77686147749424
-987.4233668732643 -218.49282049000263
-985.5604191708564 -217.24442635834217
-984.0200193810463 -217.42962612569332
-983.9111882138252 -216.60643764197826
-982.6335032868385 -216.79947370648384
-980.8542151141166 -217.0399968957901
-980.0179959821701 -217.3967751598358
-978.2595926809311 -217.622707310915
-977.2963922309875 -217.48993659377098
-976.3485360431671 -217.10635713100433
-974.9793947029113 -216.68024301886558
-973.5914666938781 -215.5428065097332
-972.9470796871185 -214.22019744277
-972.9033221888542 -213.0293707883358
-971.7874051022529 -212.8649721479416
-970.534543364048 -211.96448520183563
-970.1207174944877 -210.64434913158416
-969.0810703921318 -209.97761264801025
-968.1891011881828 -209.66627598166465
-967.3780048775673 -207.90038752913475
-965.99518856287 -206.36973548293113
-965.3434127259254 -205.09073055148124
-964.8964492368698 -203.6577190196514
-964.2205381679535 -202.68181711792946
-963.6365117120743 -201.34873956799507
-963.526089451015 -199.87517851948738
-963.3816198918223 -198.30533403515815
-963.8431486698985 -198.2046915924549
-963.110661945045 -196.43930310368538
-962.4146023008227 -195.54363537192344
-962.4093798089027 -194.72667014956474
-962.6668232667446 -193.93413168549537
-962.1623306262493 -192.22486538052559
-962.5638424444198 -191.7036477959156
-962.1491037893295 -190.2452966606617
-961.5429553079605 -188.93944388985634
-960.5456006813049 -187.05544132351875
-960.9554083037376 -186.13558799386024
-961.1168782103061 -185.8292232787609
-960.8478926408291 -185.15898180365562
-960.0898600208759 -185.03617191672325
-960.0651125597954 -184.31554425120353
-960.0744322824478 -182.75274777770042
-960.1563827681541 -182.1658315694332
-959.4869687247276 -180.97222173571586
-959.0270710873604 -179.73298728823661
-959.548563568592 -178.81420964360237
-960.0275526928901 -178.0532732641697
-959.7797142702341 -176.73906571030616
-960.3726513820886 -175.86567867159843
-960.4118873539567 -174.29809034228325
-959.8034673395753 -173.23055994868278
-960.4411713543534 -172.6836494243145
-959.5233423176408 -171.49653518557548
-959.5122008386254 -171.3962553179264
-959.0988122585416 -170.1805900967121
-958.9971162441373 -168.96716648697853
-958.9028308603167 -167.09528154492378
-959.0820670637488 -165.3454112446308
-960.0742174896598 -163.52800935864448
-959.5763518425822 -162.30325585961342
-960.2332858654856 -161.01164645314216
-959.427069863975 -159.82466465592384
-959.9481349799037 -158.55533892273903
-959.5829045388102 -156.91388446450233
-959.6801283943653 -155.36643559098243
-959.4718938457966 -153.60536724686622
-959.8417960989475 -152.68256181836128
-959.083430467844 -151.65496510624885
-958.919338105917 -150.94931042551994
-958.7103453713655 -149.39630544543266
-959.0268641251325 -148.79125666975975
-959.1228524434566 -148.4819658434391
-959.2263486000895 -146.99644142746925
-958.6981788489222 -146.55662638306617
-959.4303860279917 -146.29178232312202
-959.4624274584651 -146.29339707255363
-958.730331620872 -145.90687245488166
-959.2641062352061 -145.90812492728233
-960.0500593993067 -145.3963015115261
-959.5129052016139 -144.91000444054603
-959.9115740272402 -143.83692402005195
-960.4323368284106 -143.12040335297584
-959.7964061710238 -142.61274737477302
-960.1424560162425 -142.22166675686836
-961.1303404781222 -142.26175815224647
-961.431871137321 -141.8357602095604
-960.7569311472773 -141.2852811551094
-960.4708704265952 -139.85901329278946
-960.5805029484629 -138.7605648970604
-959.7302078220248 -137.94206253051757
-959.8292259562015 -137.28724077701568
-961.0287801611423 -135.95923915863037
-961.3316571104526 -134.88832012176513
-961.9618517148494 -133.28500834465027
-961.5566415178776 -133.10620394706726
-960.9345546352863 -131.71272603034973
-960.0677506315708 -130.56522682666778
-959.5716574180126 -129.3866309261322
-959.8622795927524 -129.31619093179702
-960.5988498318195 -127.66041514635086
-960.0822390902042 -127.23408168911934
-960.1287409725785 -125.68603355050087
-959.9062061223387 -124.03889078259468
-959.4841153237223 -123.95596748948097
-959.6215124043822 -122.80134255051613
-960.0625010642409 -121.86153275132179
-959.553240827024 -121.20847183823585
-958.6891414436698 -121.06399685502052
-958.6433932843804 -120.9603953397274
-958.4521053346991 -120.25298345446586
-958.8985105368495 -119.51030552744865
-958.4519616577029 -118.50344837069511
-957.8591160389781 -117.27495050787925
-957.3525601240992 -116.76266444087028
-957.0797727021575 -116.43187636494636
-956.7566222164035 -115.76016313195228
-957.1791218730807 -114.62564510464668
-957.7222578737139 -113.03219956517219
-957.241193524301 -112.70134032130241
-958.1259419831633 -110.94306409716606
-959.0289726170897 -110.43879157662391
-958.6938354584574 -109.6782217657566
-959.1626681300997 -108.23472494244575
-958.7727537068724 -106.76397508740425
-958.2028505119681 -105.39737874627113
-958.2062850061059 -103.86924559235572
-958.5657606485486 -102.91404521822929
-958.2543627086282 -102.06388831496238
-957.9271788361668 -101.84961402773857
-957.8959424558282 -101.9416677391529
-958.546396023333 -100.83636480927467
-958.9107912841439 -100.14734590411186
-958.537259465754 -99.28360528111457
-957.7850536170602 -98.92017126441002
-957.3531780305505 -98.95755368828773
-958.4810367885232 -98.09775889277458
-957.7453285518288 -97.20913917183876
-958.2493345800042 -96.44438106179237
-958.345417073667 -94.78519624829292
-958.0413781318068 -94.42304778456688
-958.4937148305773 -92.87522638201713
-958.0194714280963 -91.17386973261833
-957.5681811782717 -90.70931274056434
-957.7535424146056 -90.03479457259178
-957.4731756362319 -89.03878760695457
-957.3513469907641 -87.15567863345146
-957.0388559016585 -87.06337416529655
-957.0418434950709 -85.69609463572502
-957.9611019703746 -85.04622227311134
-957.404300532043 -83.95809871315956
-957.5650227877497 -82.13133401036262
-957.9061606439948 -81.68539387345314
-957.7201471242308 -81.16422850251197
-958.2487284454703 -79.77190405488014
-958.7742932352423 -79.36772406458854
-959.82127433151 -79.17856753230095
-959.7816045942902 -78.46141124129295
-959.910096592009 -77.57828808188438
-959.5892466071248 -77.37843442320823
-959.9011610510945 -77.26092464089393
-959.0101186993718 -76.19511109948158
-959.5185101988911 -75.50072735905647
-959.9315003219247 -74.18883306145668
-960.0622741642594 -73.20995366930961
-959.4349362912774 -71.3526483809948
-959.8335776391625 -69.61352646708488
-960.6508460107445 -68.96310985445976
-960.3029435041547 -67.12355482935905
-960.0275897446274 -67.03498942017555
-960.7076508465409 -65.69094354271888
