-1074.53 -218.16
-1072.6310979413986 -218.3258131480217
-1071.0970791864395 -217.9175899362564
-1070.7555401015281 -217.01062766075134
-1069.3389115023613 -216.44010988235473
-1067.6611569809913 -215.79095939159393
-1066.2031730103492 -215.06818923711776
-1066.141442565918 -215.54599064946174
-1064.2880720186233 -215.73396411895752
-1063.357332854271 -215.42740980148315
-1062.5163059520721 -215.00749057888984
-1061.0825413751602 -214.64830166459083
-1059.8225678491592 -214.45124656319618
-1058.5795318174362 -214.15035280942917
-1058.1515833127498 -213.74352753520012
-1057.8485553252697 -213.59779373168945
-1057.820715008974 -213.6728822028637
-1056.4069165575504 -213.17992535591125
-1055.6687239992618 -212.64886263370514
-1054.2185829269886 -212.2138294315338
-1052.762624322176 -212.06817287564277
-1051.9367557752132 -212.0125121808052
-1050.3113605964184 -211.5556662118435
-1049.4447630631923 -211.96324670672416
-1047.8486119496822 -212.5100768840313
-1047.2333671438694 -212.32376841068267
-1045.9723257410526 -212.509150121212
-1044.730737863779 -212.21176147818565
-1043.172517477274 -212.05658212661743
-1041.8484258043766 -212.2365165388584
-1040.2436248648166 -211.73745671272277
-1038.815068899393 -212.22137001514434
-1038.00386392951 -212.58759335041046
-1037.331560074091 -213.72920278072357
-1036.974335013628 -213.29278245925903
-1035.2874559748172 -213.05195895195007
-1033.669257222414 -213.8897168970108
-1033.2869271028042 -213.96504500865936
-1033.0076366055011 -213.89093551397323
-1031.7356730091572 -213.75961268305778
-1030.4897211182117 -214.1014069354534
-1030.3909416782856 -213.41519648194313
-1029.040384351015 -213.35078740477562
-1027.7485268700123 -213.04502433896064
-1026.8769242751598 -213.78793985009193
-1025.645096181631 -214.05486768841743
-1025.4443665730953 -213.7626599407196
-1024.2838939416408 -213.29847941160202
-1023.0635110127926 -213.26576888918876
-1021.9728214728832 -214.36484003424644
-1021.4973714339733 -213.98955184578895
-1020.3679728496074 -214.4655113852024
-1018.9941570746898 -213.95704484343528
-1018.3089532840252 -214.3703979587555
-1017.0514545428753 -214.03018918991089
-1015.6565537440777 -213.5144968366623
-1013.9941912877559 -212.91610864162445
-1013.6331193435192 -214.16255393981933
-1012.1550133216381 -214.15034440517425
-1010.8571259963512 -213.85828847050666
-1009.069258569479 -213.843867841959
-1008.6575344789028 -214.8448136484623
-1007.8848054397106 -214.66189644098282
-1007.0090458977222 -214.44287133574485
-1006.4291948664188 -214.13974812984466
-1005.7958136188984 -214.70418730735778
-1005.6967577922344 -214.86520395040512
-1005.1518218505382 -215.10017700850963
-1004.8729379165172 -214.35423620402813
-1003.6599183070659 -213.8864070957899
-1003.1007258284092 -214.2948194628954
-1001.7654845106601 -214.40204581975937
-1000.6015270340442 -214.182048920393
-999.4449951040745 -214.09405982851982
-997.8749019491672 -213.75417182207107
-997.6582296478748 -213.19483909368515
-996.307281075716 -213.90780124425888
-995.5575714099407 -214.1329552268982
-993.8058482396602 -214.1810361778736
-991.9585326898098 -214.13650855779647
-991.216198323965 -213.70068052768707
-990.531557379961 -213.22549122929573
-989.0737674820423 -212.73682818174362
-987.4200461494922 -213.00845113754272
-985.8504528391361 -214.1689340209961
-985.2952597725391 -215.04212931156158
-983.6656263458729 -214.77054608225822
-982.600920497179 -215.70396268725395
-980.993822633028 -215.34535700440406
-980.1765742886066 -216.44018513321876
-979.1523022043705 -217.03935903668403
-977.9468129265308 -216.5625687277317
-976.0491967785358 -216.11083716511726
-974.492041169405 -216.4103503859043
-974.5291506040096 -216.1689040696621
-972.9262715566158 -215.9108092224598
-971.2973564851284 -215.3730586206913
-971.2584843623638 -215.0471458172798
-969.5668780791759 -214.3218360877037
-968.6293898808956 -215.21328440666198
-967.1046253430843 -214.50194362163543
-965.7148271787166 -215.0238972043991
-964.8999567019939 -214.71079472064972
-964.7439048874378 -215.9533371067047
-963.8021702754497 -215.57545695066452
-962.8364568936825 -215.8297400212288
-961.3428221929073 -215.52207234859466
-960.5640719521045 -214.91645899772644
-959.0793135750293 -214.4945996439457
-957.3878090965748 -214.61897720754146
-956.3280524599552 -214.6593592351675
-956.1260054695606 -214.91297971069812
-955.9082270848751 -214.82750417649746
-954.9748975622654 -214.98970401644706
-954.1163517224788 -215.38175404429435
-953.3061285603046 -214.88071239352226
-952.7822774636745 -214.45268208146095
-951.0549198377132 -214.82673955321312
-949.8972295510769 -214.6677928006649
-949.1466959702968 -215.30392015337944
-948.4609678375721 -214.5881412065029
-947.173058925867 -214.8893425798416
-946.7594828891754 -214.7009518778324
-945.1145110416412 -214.27864557862281
-944.0693509864807 -213.7596700823307
-942.3136475372314 -213.3483421242237
-940.4758038806915 -212.7488194143772
-938.9682576942444 -212.38347286343574
-937.3088925170898 -211.27498776078224
-937.2694706606865 -210.51964527726173
-936.7752892661094 -209.7091373836994
-936.1069813656807 -209.0494358575344
-934.715520350933 -207.34008479475975
-933.9655171322822 -206.46361875891685
-934.4136417794227 -205.2107044494152
-933.737320690155 -205.24572974801063
-933.3347921359539 -203.59516889214515
-932.6323753583431 -202.58599526047706
-932.459416552186 -200.77621060967445
-931.7393613892793 -199.69957071900367
-931.2675942617655 -198.45881730675697
-931.217917150557 -197.44580084443092
-931.2702290664613 -196.5491380727291
-932.0970325122773 -195.08784544825554
-931.2128108392656 -193.13379657626152
-930.7812537799775 -192.40040099978447
-930.2468970666825 -191.46734631419181
-930.1218276421725 -190.00967443346977
-929.2090962927043 -188.57903421282768
-929.4005134950578 -188.10038236141204
-930.2321128498018 -186.78555372714996
-930.7153201948106 -186.52107140779495
-931.2894703398645 -184.71672305822372
-930.4904539237916 -183.96108380317688
-930.906545663923 -182.27681270599365
-931.4922969590127 -180.43535939216613
-931.233925576061 -179.72145524978637
-930.8919775436818 -178.83396581172943
-930.7085871349275 -178.23385635375976
-930.7740385334193 -178.10919681549072
-930.5558850865066 -177.6517688369751
-930.038176010102 -176.11339035987854
-930.3476271133125 -174.3779820537567
-930.9439011316001 -172.8930275774002
-930.215439389199 -171.912768099308
-929.811049977988 -170.39985677957534
-930.6482079426944 -168.60996148347854
-931.765548030585 -167.9601296520233
-931.7992336961627 -167.03937581539154
-931.6356792810559 -165.62500074863433
-932.4198105099797 -163.68918338775634
-931.9052227500081 -163.52134159564972
-932.0659039232135 -162.36614874362945
-931.5167350980639 -161.58625921964645
-931.4300348001718 -160.4712125992775
-931.8419765371084 -158.6663846707344
-931.5188174980879 -156.83587357759475
-931.0433224278688 -155.59814641237259
-930.1678407627344 -153.94504365682602
-929.5429601508379 -152.7852858042717
-930.0992197829485 -151.8832192158699
-930.1825185406208 -151.21197584629058
-930.7566725599766 -150.8071529006958
-930.518553404808 -149.42491034030914
-931.6192376899719 -147.91066101551056
-931.4981325778365 -146.7683937883377
-931.0232989999652 -146.32154497861862
-930.9419117408991 -145.08376619577407
-930.9685301098227 -143.15798518419265
-930.6499669465422 -142.76872089862823
-929.7597008857131 -142.3670806324482
-930.3660734805464 -140.5224122440815
-930.5869066628813 -139.6617269551754
-930.0157487902045 -138.82958519816398
-929.7352494511008 -138.06779688954353
-930.3145834717154 -136.31469244122505
-930.0252223524451 -134.99624151349067
-930.2518798920512 -134.2787335550785
-930.2498628410697 -132.6660545504093
-930.2819598454237 -131.84847557902336
-930.7920145529508 -130.52066183447837
-930.8045914086699 -130.32576746106147
-930.3521879228949 -129.69443643450737
-931.3474692615866 -129.19854876756668
-931.2513749662041 -127.87483451128006
-931.691600060761 -127.45623088240623
-931.0084182980656 -126.57149333119392
-930.8839280965924 -126.11491588115692
-930.8821108850836 -125.11892530679702
-931.0391719850898 -123.27183089017868
-930.3990341934561 -121.44844374418258
-931.0211681041121 -121.06462726354599
-931.5902474436164 -119.75970766305923
-930.6096959623694 -118.0348282790184
-930.5409784603119 -116.90045091867447
-930.3182671654224 -116.5371253824234
-931.107447026968 -116.38733902931213
-931.233984990716 -115.34992269039154
-931.1680191072821 -114.0270744895935
-931.3524133774638 -112.70484355449676
-930.7013436767459 -112.42482009887695
-930.1416719171405 -111.01800337791443
-930.1814080613851 -110.2965293264389
-930.791428579688 -109.48073748111725
-930.9494490164518 -109.22657618284225
-930.8425955536961 -107.9680431818962
-930.0587616923451 -106.61532602071762
-930.678095138371 -106.51138988494873
-930.9018701377511 -105.15535012245178
-931.8400090399384 -103.34024206161499
-932.7961461606621 -101.71935382843017
-933.1608106854558 -100.086194190979
-933.7289384368062 -100.00349906444549
-932.9276724818349 -99.85944989681244
-932.9086662518978 -98.614314827919
-933.7550345647335 -96.9685378408432
-933.6393602925539 -95.47351840496063
-932.7324153023958 -94.47797856092453
-933.0690226393938 -92.92500409841537
-932.233360453248 -92.24194881677627
-931.6792877751589 -91.79409230113029
-932.5237892705202 -91.02154714226722
-931.8323415356874 -90.29871398568153
-932.4893556076288 -89.04445690274238
-932.6427940565347 -88.3948726093769
-932.573566390872 -87.26532882809639
-932.0474591988325 -85.64760131001472
-931.9850931751728 -85.31485885739326
-931.3876317131519 -84.07332533955574
-931.0698100316524 -83.5332673227787
-930.4354735004902 -83.54921889662742
-930.62924441576 -82.61500567555427
-930.7102994608879 -81.62794012188911
-931.0278542625904 -80.8525622522831
-930.2104321706295 -79.77389937996864
-930.6912951755523 -78.70929319024086
-931.4215195465088 -77.05965537190437
-931.6059434551 -76.69864273428917
-931.217453046441 -75.65624618887901
-931.2720205324888 -74.31520712733268
-930.4842565792799 -72.78192913889885
-929.7335236805677 -71.06591511130333
-930.0289736825227 -70.79303372263908
-929.7526087898016 -69.96131736397743
-929.1097571986913 -68.43412465214729
-930.0158320206403 -67.33844012379646
-929.9827861624956 -65.93950456738472
-931.5620367366075 -65.82353631019592
-931.9193556147814 -65.75784817695617
-932.1394891428947 -65.49962154388427
-930.791588871479 -64.65058610200882
-930.9013538646698 -65.23146537303924
-930.8666841673851 -65.30370959997177
-932.0193543124199 -64.65103450775146
