-1074.53 -218.16
-1073.983229188919 -217.96588476359844
-1072.0766799736023 -218.7219556158781
-1070.1396061468124 -219.25056042134761
-1068.4958697843551 -219.47228518486023
-1066.8688892412185 -218.61757281780243
-1065.308261065483 -218.81752416849136
-1063.9076255846023 -219.780588183403
-1061.9517500686645 -219.42864844560623
-1060.1992962646484 -219.15373191595077
-1058.7717769432068 -218.33695903778076
-1056.9367542552948 -218.62095901727676
-1056.2859201717376 -219.13256553173065
-1054.4613651323318 -219.3559607899189
-1054.011546163559 -219.48875548303127
-1052.7611544418335 -219.27328652501106
-1051.6675584602356 -219.66750681757927
-1050.2571181344986 -219.84274265527725
-1048.4901565599441 -220.28820622324943
-1047.0242029714584 -220.7015844619274
-1046.9288670706749 -220.70048246145248
-1045.3192753481865 -220.92447701454162
-1043.5184669184684 -221.24349043130874
-1043.0334357011318 -220.33964655160904
-1041.1506692159176 -220.5451506114006
-1039.534557698965 -220.43229791879654
-1037.8346220242977 -219.71286079645157
-1035.985760449171 -219.46743284523487
-1034.0482139575481 -220.07899932920932
-1032.456273792982 -219.99111226558685
-1030.6579377639293 -219.2114611005783
-1029.1072137343883 -219.84062764406204
-1027.9880501019954 -220.02266914010048
-1026.2811428296566 -220.1528251504898
-1025.2389897096157 -218.96262637138366
-1023.7660714375972 -218.67970049738884
-1022.4319677340984 -218.23811337709427
-1020.4629670369625 -218.28619414925575
-1019.6257333743572 -218.64787185549736
-1018.002104281187 -219.31258440375328
-1017.1119592773914 -219.86100286602974
-1015.5407331573963 -218.8410329258442
-1013.708068190813 -219.14743417859077
-1013.3899158227443 -219.2792664206028
-1011.582298516035 -218.52774852871894
-1009.702819584608 -219.13837123274803
-1007.9504866588115 -218.10763240218162
-1006.2672476756572 -217.08569825053215
-1004.2907187926769 -217.22617695093155
-1003.0505571353435 -218.03457782030105
-1002.2898287761211 -218.7365547156334
-1000.4769337165355 -218.5526911354065
-998.9411613929271 -217.98823860645294
-997.3998918521404 -218.5613465642929
-996.1235368239879 -217.87039289236068
-994.2562848317623 -217.31933471918106
-992.4779397237301 -217.53169986963272
-991.1668831098079 -216.94463834524154
-989.3391659247875 -217.31074822306633
-987.9719088065624 -216.8021079337597
-986.9542865741253 -216.13123274207115
-986.6029099214077 -215.70136139154434
-986.0014870154857 -215.6692957764864
-985.2240585672855 -215.17610971987247
-983.6307563173771 -216.06713669359684
-982.5530845510959 -215.95642682522535
-981.7945578086376 -215.43663110941648
-981.0721186983585 -216.05462696760893
-980.1282501208782 -216.20486795514822
-979.7191286373138 -215.90311094731092
-978.1377235937118 -215.58976223677396
-977.8683347988128 -216.18354203909635
-977.8113083529472 -216.47974007934332
-976.2475657153129 -216.87564369648695
-975.0877588677406 -215.84777721375227
-973.3978000569343 -214.89343162983656
-972.0145429062843 -213.87742682904005
-971.5532917964458 -212.56656977146864
-970.5934933412075 -211.14803513497114
-968.9277656066417 -210.30680641144514
-967.518824814558 -209.25684567898512
-966.5837948310375 -208.424382712543
-965.0871499764919 -208.0339143833518
-965.1333699214458 -207.1124404630065
-964.2496296155452 -206.74272867649793
-963.7503468978405 -205.27766570061445
-962.5426918256283 -204.25919910877943
-961.7206723678112 -204.12519231051206
-961.3042151021957 -203.00579514712095
-961.4883144783973 -201.71647265166044
-960.6075282382965 -200.65351727217435
-959.9062554526329 -200.2219903728366
-959.0768967556953 -199.74786868304014
-958.7978675353527 -199.00985160082578
-958.8627747434377 -198.36065676420927
-959.3991847771406 -196.98576643675565
-959.9775824087858 -196.41667201727628
-959.3024823206663 -196.2556998988986
-958.5679629582166 -194.77920665949583
-958.7645718592405 -194.485310818851
-958.3956890541315 -192.88889076918363
-958.2500021594763 -193.06196429938078
-958.3932020503282 -192.35105898588895
-957.6794000703096 -192.38933702915907
-956.9941111642122 -192.02358281224966
-957.5483204561472 -191.0241266450286
-957.8050068157911 -190.79094606250524
-957.0781278151273 -190.95988756030798
-956.9218002992868 -190.30879354089498
-956.2584182459116 -190.27590161174535
-956.0932909685373 -190.00750600904226
-955.5702505546808 -188.71307503789663
-955.4053708153963 -187.07385837644338
-955.562342210412 -186.61333405584097
-955.2687187629938 -185.53305792421102
-956.0636624532938 -185.27540304869413
-956.6480864721536 -185.0079821011424
-956.6319343286752 -183.56267913788557
-956.0541576582193 -183.70932074993848
-956.2643590408563 -182.27103992909193
-956.1683380740881 -181.65582796543836
-955.7468965190649 -179.92245325058698
-955.4698465007543 -179.2378171941638
-955.2956775265932 -178.84496023863554
-955.7449889022112 -177.61401298254728
-955.1490168410539 -177.6266241928935
-955.2468441265821 -176.79746934384107
-954.7314360278845 -176.8802498242259
-954.9607571202516 -176.4457864126563
-954.5266722279787 -176.004842068851
-955.2990663486719 -174.87320318430662
-955.9259201723337 -173.56166806429624
-956.1693608897924 -173.23326229661703
-956.1532585459947 -171.68629085630178
-956.3503200250864 -169.92086004823446
-955.9501285690069 -169.62909054368734
-957.3624575275182 -169.78144979089498
-957.6139874595403 -169.46598356574773
-957.1382781404257 -168.9986479243636
-956.7926678496599 -169.1981167754531
-956.4842343765497 -168.96633261054754
-956.995448692441 -168.7330898603797
-956.5484612721204 -167.0402073225379
-956.5837014752626 -165.6758785805106
-957.5052844125032 -165.0680586656928
-957.7630072671175 -163.97019999831915
-957.8162032204866 -163.14430594056844
-958.8854719239473 -162.5005054435134
-958.6110594707727 -161.31335186570882
-959.6631359297037 -160.23049246877432
-960.2923365670442 -159.54000043481588
-960.1876207727194 -158.64258062452078
-959.340669824481 -157.6417384108901
-958.6234998840093 -156.91911375135183
-958.4139144557714 -156.80591708034277
-958.2567947047949 -156.45632391780615
-959.0898006099462 -155.6824196538329
-958.2731820482015 -153.99734675496816
-958.6717813450098 -153.2481061181426
-959.3337862926721 -152.24046873658895
-958.6921311455965 -151.9155113658309
-958.2230296868086 -151.3487697800994
-959.2078072565794 -150.09540438264608
-959.4809544819593 -148.45199727624654
-959.1846976417303 -147.99655490726232
-959.6314935225248 -147.65143876880407
-960.3418598908186 -147.03433578819036
-959.9752846497297 -145.48836916297674
-960.7488036888838 -144.93331998199224
-959.9775696533918 -144.0659408530593
-959.7248942095041 -142.8145604094863
-960.517920537591 -141.82047295182943
-960.8902494746446 -140.27639865487814
-960.9960095199942 -139.1139759978652
-960.8155795398354 -137.22995483487844
-960.2306810083985 -136.5457159242034
-959.3771918478608 -135.04391944020986
-960.1721997323632 -134.44513082116842
-959.5814392629266 -134.40703624099493
-959.868871397078 -132.9668669065833
-959.255309588015 -132.3025705179572
-958.8947852912545 -131.58703285068273
-958.1439985695481 -130.34256106227636
-957.5268685284257 -130.49679201453924
-957.1645183029771 -128.91780680030584
-956.8732466760277 -128.20824080318212
-957.1588065090775 -128.29541211932897
-957.556860512793 -127.1906287035346
-957.8572306099534 -126.74898019045591
-958.5500475826859 -126.85201319664716
-959.6993561449647 -125.81377729386091
-960.290385967791 -125.27573361605405
-960.6505300763249 -125.12660571545362
-960.3339608374238 -124.4538359901309
-960.0942800107598 -123.96866595357656
-959.9107094469666 -123.36131810754537
-959.9902014794945 -123.30394476264715
-959.618086284697 -121.53449016422033
-959.2531293693185 -120.1254124006629
-959.9097802701592 -119.84815281242132
-960.006297840476 -119.69877498954534
-959.7290210860967 -118.25315802901983
-959.7828768479824 -117.37318467706442
-959.6773866477608 -115.94054495900869
-959.74904207021 -115.56358068794012
-959.4163279893994 -115.36192082971334
-958.8919414642453 -115.0928538402915
-958.1290177467465 -114.76740872472524
-957.3803940179944 -114.5948029717803
-957.125845349133 -114.55219131320715
-956.6763674381375 -113.70136439412832
-956.0027491214871 -113.46206467956304
-955.814263856709 -111.71535962432623
-955.829057342112 -110.70873218387365
-956.1165592733025 -110.47616904586553
-957.4597709241509 -109.49439823240041
-957.3841687205434 -107.93436693757772
-957.17217133075 -107.48927256077528
-958.0909331801533 -106.1647762915492
-959.1437202456593 -104.42115112751722
-958.7953448358178 -103.23509701699018
-958.3001891437173 -101.5952087303996
-958.6905166569352 -100.26142653435468
-957.8252950373292 -100.1977797409892
-957.4866487446427 -99.85221162050962
-956.8180061641335 -99.68784328907728
-957.9817817273736 -98.36133929699659
-958.2117326769232 -97.67836585253477
-957.7102464947104 -97.33786591500044
-957.9187250497937 -95.56745990723371
-958.2991193297505 -94.037639465034
-957.4750885728001 -93.12453290432691
-957.3168904545903 -92.76209264606237
-956.876343614161 -92.36378669351339
-956.48600990206 -92.25544899314642
-956.6399176332354 -92.06685292333364
-956.5856892380118 -91.01951312631368
-955.9991245779395 -90.11555003732443
-955.8464631053805 -88.51299309343099
-955.4274178656935 -87.62975179761648
-955.1945389720797 -86.76635944455862
-954.7604348871112 -85.92114263385534
-954.8370074543357 -84.59846931308508
-955.2888081285357 -83.8772821983695
-955.1476900789141 -83.60213422387838
-954.8323962303996 -83.01973461717367
-955.563327512443 -81.27391790956258
-955.0116309735179 -79.91518234819173
-954.9544437143206 -79.60869222491979
-954.9785073313117 -79.27720909923315
-954.9192359361052 -78.31341480821371
-955.7742484721541 -77.17931246370077
-955.4539388927817 -76.30221038669347
-955.3982961389422 -75.07544165462255
-955.7623117777705 -75.25125842899084
-956.2227310153842 -74.44853865712881
-956.0121147546172 -74.3044192752242
-955.5531109783053 -73.57004057973623
-955.727774104774 -72.08137917131185
-956.2224269720912 -71.42002319902181
-956.205616197288 -69.98479258626699
-956.4210888060927 -69.7428896984458
-956.7165921244025 -69.02993839591741
-956.845344594419 -68.46933668464422
-957.3758065018058 -67.21936720222234
