-1074.53 -218.16
-1073.0218279647827 -218.36511119067669
-1071.727122335434 -219.21761496722698
-1069.887651233673 -218.8374619668722
-1068.210061340332 -218.98157742977142
-1066.543622045517 -218.20583531618118
-1064.8426527071 -217.70329746961593
-1063.3221730279922 -217.0923192834854
-1061.7526413488388 -217.13541552037
-1061.0288262057304 -217.892348613441
-1059.53276440382 -217.2555738350749
-1058.0520443606376 -216.50632032364607
-1057.2480305719375 -216.61583229511976
-1057.0019893932342 -216.63902686148882
-1055.1367185401916 -217.28859720736742
-1053.7523764657974 -216.592395465672
-1051.7882556009292 -216.33934531718492
-1050.063609032631 -215.48228142768144
-1048.4292265462875 -216.24286911994218
-1046.6456381368637 -216.0421443542838
-1045.5405024576187 -215.44961738198995
-1043.7134223270416 -216.04993384689092
-1043.2248319673538 -216.06200532227754
-1041.371807961464 -215.4777088573575
-1039.4969214487076 -215.62573451906442
-1037.559691338539 -216.1583234182
-1035.721491484642 -216.82067454963922
-1034.1381329584121 -216.29444022089243
-1032.5302195835113 -215.53361816316843
-1030.6534720945358 -215.3565480223298
-1028.8237597036361 -215.56405905991792
-1027.8623370814323 -215.23265684753656
-1026.6870736765861 -214.58206463962793
-1026.352641134262 -214.2716061285138
-1024.5628233242035 -213.97057111173868
-1023.0015595245361 -213.46134896188974
-1021.7397879648208 -214.41295624881982
-1021.3663116681576 -215.54688609749078
-1019.896009324789 -215.33183477431535
-1019.0922285306453 -215.2404285481572
-1017.3436948049068 -215.28526788562536
-1015.7896746385097 -215.36280284434557
-1014.422504543066 -216.24802015334367
-1012.9933229672909 -215.89535776883363
-1011.381441591978 -215.60561589509248
-1009.5949590194225 -216.34555773049593
-1008.2094815957546 -216.50077606350183
-1006.9075816857815 -216.3546728155017
-1006.1861866700649 -215.83913519591093
-1005.2520556437969 -216.32426970809698
-1003.8590400207042 -216.54272538036108
-1002.1262929427623 -216.04485708087682
-1000.2776050555706 -216.4925472101569
-998.7306957232952 -216.24774518221616
-996.823848246336 -215.57468607634306
-995.5993225562572 -214.93666871994733
-993.8052710282802 -215.16706661492586
-992.2250925290584 -214.66865448266267
-990.9321011292934 -214.73483197003603
-989.3423763501644 -215.36384777337312
-987.7461127030849 -214.7994563987851
-986.5758020865917 -214.2281641176343
-986.6615362155437 -214.82633857041597
-985.4379007804393 -214.1841811349988
-983.676696537733 -213.65804139882326
-982.2002245175838 -213.03006247788667
-980.4069708573818 -212.70464472085237
-979.9634328174591 -213.87641541272401
-978.7330373811722 -214.5615415981412
-977.2578751134872 -214.00931267052889
-976.240901260376 -214.11926872640848
-975.6441883134842 -213.99377213031053
-974.5108552265167 -213.9372392705083
-973.6081161189079 -213.9905623307824
-972.1729724097252 -214.8651375284791
-970.6335243868828 -214.17944426447153
-969.2089031624794 -213.82739470511675
-967.4408672738075 -214.79660538941621
-965.8254991459846 -215.17104820519685
-964.3519068646431 -214.68493426948785
-962.6917758870125 -214.83923038452863
-960.9804542946815 -214.28972872704267
-960.5110054898262 -214.45012570530176
-958.7101164746284 -214.2985297551751
-957.6778316187858 -214.4233090391755
-956.3652372050285 -215.50583369642496
-954.7493806767463 -216.17765397936105
-953.0304580616951 -216.6466857305169
-951.4828384804725 -216.01404805094003
-950.703541367054 -215.49919844776392
-949.3133374142647 -215.76634637624025
-948.0488177227974 -215.56581250935793
-946.3412328648567 -215.55328438788652
-945.223250477314 -215.43908509224653
-943.6735896754265 -216.31650456398725
-941.9766997981071 -215.78245785444975
-940.5060367274284 -215.9780784806609
-940.3223957109451 -214.94272803872823
-939.560442237854 -214.42111694425344
-937.8404959726333 -214.13747053951025
-936.4927832174301 -212.78331464141607
-936.0500434029102 -211.18676894515752
-935.3768689620495 -210.33583157867193
-934.644674180746 -209.31698315948248
-933.6348503816128 -208.5004413089156
-933.0128697741031 -207.7571748456359
-932.6298066961765 -205.9724909028411
-932.324660270214 -205.86629408210516
-931.8170365381241 -205.33497124522924
-931.0102889823913 -204.62287747472524
-930.5028402495384 -204.04919576257467
-929.5873535561561 -202.49711560815572
-929.7346497911215 -201.80463271945715
-929.3532207149267 -201.2935520967841
-928.9519995588064 -200.1900013050437
-929.0949344474077 -199.48423462718725
-928.9518817353248 -199.0019591113925
-929.0457815366983 -197.44592955321073
-928.8676952558756 -196.99248253911733
-928.063730700612 -195.29425477594137
-927.9523541766405 -194.02168547719717
-928.8520799714327 -193.89154702037573
-928.8648581492901 -192.10081714004278
-928.6358372557163 -191.4642340502143
-929.0450581300258 -191.2105689010024
-928.7171053278446 -189.77857040971517
-928.5421510624885 -187.91858529657125
-928.8289031672477 -187.12553238481283
-928.5160033392906 -185.2745120486617
-928.0801329898834 -184.41620689243078
-927.626300303936 -182.71295791476965
-927.6603988695144 -181.6524788698554
-927.9507848906517 -180.5642105898261
-927.5980531561374 -179.72342139095068
-927.9945464122295 -178.56919747203588
-928.1503248947859 -177.88988983243704
-927.8604753154516 -177.28108620256185
-927.691753103137 -176.13217901796102
-927.1708302038908 -175.34226303905248
-926.7323064047098 -174.76782261937856
-926.3200414913892 -174.3239679595828
-926.697201384902 -174.25528099745512
-926.9147021907568 -173.8258305451274
-926.5743325191736 -172.8621263167262
-926.8245685535669 -172.55254247397184
-927.4393552976846 -171.44078757971525
-927.3946515458822 -170.53073325365781
-927.7385232585668 -170.40133639782667
-928.0081325906515 -168.94853362053632
-927.4283938544988 -167.26868125408888
-927.8585385519266 -166.0763072630763
-928.088796659112 -165.17094203442335
-928.7888086277246 -165.14515766113996
-928.4792434710264 -164.6168129107356
-927.9344992178678 -163.73016294449567
-927.2167229193449 -162.38117989510297
-926.9196364718675 -160.6166898867488
-926.2730151253938 -159.61036440342664
-925.624882979989 -159.40352323263883
-925.4226070779562 -158.7417097350955
-925.688946737647 -157.37848165243864
-925.1423015731573 -155.7115345260501
-925.1267395454645 -154.25239339083433
-924.7985735970735 -152.56745233744383
-924.4395215350389 -151.5495950242877
-923.9809295970201 -150.25635423868894
-923.6621723610162 -149.96166663974523
-923.9687115687132 -149.01643752664327
-923.7038160103559 -148.928567584455
-924.7825713890791 -148.5114784798026
-924.9311482745409 -146.83914011329412
-925.8176878529787 -145.5881661733985
-925.3549826878309 -144.53154188007116
-924.8272051948309 -143.023169811666
-924.5201428073644 -141.7720735630393
-924.2987904685735 -141.02546774953603
-923.9162142413854 -140.3204710444808
-923.7026480573415 -139.4936493000388
-923.3510657089948 -139.28674625962972
-923.3258821505308 -137.9832773169875
-923.8169484871626 -136.3881185016036
-923.9754984813928 -136.32927530616521
-923.7951797682047 -135.54312014192342
-924.8826488691568 -135.02748453229665
-924.5170261698961 -133.85600971788168
-924.8617169696092 -132.2692403754592
-925.320841653943 -132.08305936664343
-925.0852796572447 -131.6745883783698
-924.8858083623647 -131.514975245893
-925.1123946148157 -130.14632910102605
-925.0697274047136 -128.8742863497138
-925.3829435545206 -128.78624087184667
-925.0256468492746 -127.58242243140936
-924.6062884765863 -126.03969603389501
-925.8047807651758 -125.9561732968688
-925.5282687979936 -125.66688748806715
-926.799607976079 -124.76755305737257
-927.0282451796531 -123.3920986315608
-927.9530882525444 -121.8240849635005
-927.8268091070652 -120.18672629803419
-927.6565107095241 -119.90396919459104
-928.9775308358669 -118.96199282616377
-929.0878822642565 -118.7814937493205
-928.2734630542993 -117.75086375683546
-927.7370275694132 -117.33148771136999
-927.8690729874372 -115.80580621570348
-928.5136919754743 -115.70041328281164
-928.6745501595735 -115.19183581680059
-928.3221561449766 -114.11014967769384
-928.0468056935072 -112.55989425987005
-928.6267087000608 -111.17963903754949
-928.5348458129167 -109.81035416930914
-928.3941179949045 -109.15164368957281
-928.3336326318979 -108.20571851342916
-928.943728132844 -108.16473739951849
-928.857026873827 -106.62236028522253
-929.747445641756 -105.89429658263921
-929.6150698053837 -105.41630678981542
-930.7943953859806 -104.62770354360342
-930.6857049080729 -103.11510002225637
-930.9738709244132 -102.69159909695387
-931.2764789673686 -101.78509428709745
-930.4816792222857 -100.15560009688139
-929.7969123932719 -99.29465296477079
-930.5265152665972 -99.22834798306226
-930.5331270384788 -99.01588305443525
-930.1652629065513 -97.52421018093824
-930.9535642552376 -96.40020224064588
-931.6202534127235 -94.53140994518995
-930.9432443666458 -93.54679974526167
-930.4941732275486 -93.16979589670896
-929.729306577444 -92.66203727930784
-929.1761333930492 -91.61430540293455
-928.7538219678402 -90.6252334973216
-928.9051256465912 -90.49131396025419
-929.112136079669 -90.51233359783888
-928.400400711894 -89.81118484944105
-928.3584871131181 -89.17280122250318
-927.7550499278307 -87.74262854069471
-928.1952631312608 -87.33657753080129
-927.6698083716631 -85.63974999994039
-927.4835229951143 -85.71166085809469
-927.8980825382471 -84.22881376355886
-927.3631052809953 -82.50959384053945
-927.0874051886797 -81.22232949346304
-927.2635909456014 -79.48349940389394
-927.7786094087362 -78.37976228803396
-927.8416683810949 -76.55729519933462
-927.7475194770097 -76.11562546700239
-927.7273357051611 -76.29157706707716
-927.0187503832578 -75.09765049427747
-928.1189059752226 -73.36569282025098
-928.6422193783521 -73.15805092066526
-929.5166229742765 -71.8796252271533
-930.5924704807996 -70.98064961642027
-930.8107360887527 -69.22360291689634
-930.9007422837615 -67.374977376163
-930.6875301215052 -65.76775541514158
-931.6152180048823 -64.33098044604063
