-1074.53 -218.16
-1072.7469477939605 -219.33185950279235
-1070.9205487060547 -218.71143165588379
-1068.95760515213 -218.38155582904815
-1067.1125171470642 -218.54695469498634
-1065.2226159858703 -219.3599246776104
-1063.4585688400268 -220.30653250575065
-1061.7712626743316 -220.80810982346534
-1060.514487771988 -220.38582939267158
-1059.2167538690567 -221.1792977488041
-1057.4722816038131 -222.02057743430137
-1055.6565391111374 -222.28810572981834
-1053.837785630226 -222.58649602890014
-1053.0382902312278 -221.46182754993438
-1051.1340896773338 -221.95935997724533
-1050.1660058784485 -222.12062789857387
-1048.4979155349731 -221.89452554643154
-1047.4127121257782 -222.4982453173399
-1046.426902680397 -222.52088870465755
-1045.5766441512108 -222.0931276267767
-1043.8386646199226 -220.82198454797268
-1042.232242910862 -221.026741374135
-1040.5819259572029 -221.21990062654018
-1038.9244123387336 -221.5236887818575
-1037.1596816468239 -220.44592343628406
-1035.6681157040596 -219.9541843420267
-1034.380812613964 -219.97243316829204
-1033.7625857281685 -220.18822014689445
-1033.4254172730446 -220.9018479025364
-1031.9010138201713 -220.11739677548408
-1030.435384004116 -219.17105126738548
-1029.103095858097 -218.6636083161831
-1027.5605649638176 -218.72127274036407
-1026.2909722018242 -219.3667857980728
-1025.9068045306205 -218.40740755558014
-1024.039485900402 -218.44777474164962
-1023.3828231978416 -218.51614819824695
-1021.9217120099067 -217.851894069314
-1021.072374074459 -218.39878337442875
-1020.7110815930366 -218.22784816086292
-1019.521259753704 -218.22307344138622
-1018.2899355578422 -217.49056680858135
-1016.8217893528938 -216.99998151123523
-1016.1814337658882 -216.3785744792223
-1014.4534101176262 -216.9975428467989
-1012.5679888415336 -217.84975146114826
-1011.1912719893455 -218.62496303379535
-1009.7013034510612 -218.38486899793148
-1008.7553719568252 -219.13763226926326
-1007.4446966934204 -218.8178899770975
-1006.524065105915 -219.23008065283298
-1005.6909457731247 -219.38603511810302
-1004.8196971106529 -219.02886882781982
-1002.9561633753776 -219.71840396881103
-1001.2752184557914 -220.31035116672516
-999.6336509871483 -219.31980792045593
-997.7485472846031 -218.62269768476486
-996.9810704278946 -218.26726964473724
-995.9078712749481 -217.9370566344261
-995.3739148068428 -217.97742690503597
-994.1298738408088 -217.97011980772018
-992.2375524926185 -218.0176452434063
-991.7750005710125 -218.26599128901958
-991.3156703996658 -217.36337598025798
-989.7099567937851 -217.8877534455061
-987.7614211130142 -216.9657586401701
-985.9673627901077 -217.80941315352916
-985.9012112307548 -218.494455832839
-984.3114549803734 -218.37630296111107
-983.449404566288 -218.8202484881878
-981.6287759232521 -218.01753652453422
-981.6250371026993 -217.6382955944538
-980.6036039876938 -216.64819211125373
-979.4801913785934 -216.01386708378791
-977.6154272842407 -215.22591764092445
-976.7316419172287 -214.86292672514915
-975.3849250364303 -215.05592838287353
-974.1627723264694 -213.5122970676422
-972.5056143093109 -212.13909879684448
-971.2350564289093 -210.82887521743774
-969.843839673996 -209.1876106595993
-968.7605376529693 -207.85145572185516
-967.2726478862762 -206.80397966861725
-965.8054391431808 -207.03032639980316
-964.5031925725937 -205.77338937282562
-963.9881810235977 -205.7188542819023
-963.7140318143367 -203.98621210813522
-963.7613107997179 -202.32399496793747
-962.5495283442735 -202.2832922077179
-963.1285275059938 -202.26799872875213
-962.6877214151621 -200.8451247549057
-962.6641569125652 -199.079238448143
-962.7468461829424 -197.67077473163604
-961.6812907296419 -197.54994461297989
-961.4836116868257 -196.16456982851028
-960.6071045237779 -196.11284485816955
-960.7203935521841 -195.2968619799614
-960.2182163137197 -193.71130463838577
-959.3797728556394 -192.97067150831222
-959.3509821879863 -193.00315836429596
-960.1556894767284 -191.5372895336151
-959.5869885075092 -191.33553222179413
-959.0413417208194 -190.44050130605697
-958.7435847508907 -190.09458622694015
-959.3109383571148 -189.79993352651596
-959.3051082628965 -189.210921022892
-959.1317382293939 -189.36588624477386
-959.9098663765192 -189.29153690099716
-959.4835007029772 -188.73718861103058
-959.2847305077314 -188.54109815120697
-958.7674399155378 -188.0734168624878
-959.1116820114851 -186.63156143188476
-958.5442136067152 -186.28980580329895
-958.4302316743135 -186.10108426570892
-958.461307926774 -185.84833702802658
-958.4778601366281 -185.1149279808998
-958.5682844656706 -183.76523444414138
-957.8863869446516 -182.8134051299095
-958.8694146412611 -182.0890856719017
-959.9857652920484 -180.98581967115402
-959.2273416060209 -180.84054556846618
-959.1219829905033 -180.77179357767105
-959.728988109827 -179.6063604092598
-960.1507454800606 -179.6603091096878
-959.773388235569 -178.627178940773
-959.9607670593261 -177.08724990844726
-960.1679729360342 -176.15584078788757
-960.0129274564981 -175.21576920509338
-960.2757946687937 -174.86670825242996
-960.7490282791853 -174.77845690011978
-961.5079508560896 -174.22065863370895
-961.0431162256002 -173.63132539749145
-960.2543595570326 -171.97504487991333
-960.6844799059629 -171.82823053359985
-961.2195035356283 -171.22224709749221
-960.5019250053167 -171.06220248699188
-960.5911789152026 -169.52504209041595
-961.241323492229 -167.92668560504913
-961.7973920318484 -166.59025517463684
-961.8695178094506 -165.01744166374206
-961.2494902673363 -163.63084021568298
-961.5482080641389 -162.83868864536285
-961.1042558017373 -161.4720459318161
-960.7692368391156 -159.62725642681121
-961.1306828024983 -159.29509064912796
-960.4889206650853 -158.84734309077263
-961.2497430208325 -158.4383971428871
-960.8595651748776 -157.18067297697067
-960.0177493456006 -155.622572991848
-959.6901522043347 -154.1186927294731
-958.8938567402959 -153.75945422410965
-960.0602772000432 -153.29152566552162
-960.4468791845441 -152.34588057160377
-960.9625890019536 -151.8194013273716
-960.4939339521527 -150.52772575974464
-961.0156907203793 -150.24093109726905
-960.655720180571 -150.1033418214321
-960.9087194862961 -149.55318904280662
-960.4027375641465 -148.02250671744346
-959.568609303534 -146.63384747862816
-959.5239647987485 -145.62108004450798
-958.8394981983304 -145.46870500206947
-958.4017554882168 -144.6636722123623
-958.2364650729298 -144.76847279429435
-958.0712592068314 -143.16454434752464
-958.9745041194558 -142.98933363318443
-959.0309278282523 -141.3997604882717
-960.0297558817267 -140.47707271933555
-959.4478577885031 -138.7881770169735
-958.7668463501334 -137.6379505431652
-958.8549934092164 -136.83855808138847
-959.1411763194203 -134.8904157912731
-960.1239489677548 -134.76645708441734
-960.5150015714764 -134.542997661829
-960.9640847209096 -133.70554799199104
-960.1682038071751 -133.4195678269863
-960.7320675614476 -131.6926232612133
-959.8848699691891 -131.6552019751072
-960.7131415966153 -129.80783623814582
-960.9925035896897 -129.3133635854721
-961.4380986157059 -127.60341361522674
-960.4368909063935 -126.81119498968124
-960.6954224172234 -126.36039018988609
-960.3829048338532 -125.18714583277702
-959.4629886808991 -124.47871572136879
-958.7911534968018 -123.42604536175728
-958.7306313577294 -122.00170892834663
-957.9885027471184 -120.64912563920021
-957.5760291281342 -120.57156008839607
-958.4608522120118 -118.86392087101936
-958.2652539226413 -118.43049368619918
-957.8142202112078 -118.51908448696136
-957.5862531277537 -118.2076638674736
-957.0267223927378 -116.61192569494247
-958.283551416099 -116.41285637378692
-958.4919150236249 -114.73932031154632
-958.1865593555569 -113.00373664855957
-958.7909858587384 -111.97171488761902
-959.4074625137448 -111.26589450597763
-958.8195580604672 -110.22341248750686
-958.8570941898226 -110.20133814573288
-959.7225467178225 -108.32481965780258
-959.7095237064361 -107.27563128232956
-959.9479062545299 -105.92923328638076
-959.7541326123476 -104.47451660394668
-959.347416921258 -102.84043369054794
-960.0183171468973 -101.93620792388916
-960.7630913692713 -101.68568930387497
-960.4771239000559 -99.96962413549423
-960.7218273419141 -99.48419049739837
-960.7801991838217 -99.32474002599716
-960.0490560668707 -98.72260675191879
-960.6151942747831 -97.41873965024948
-961.134385599494 -97.28765657901764
-961.2215005519986 -96.64033088445663
-961.6989019277692 -95.79723945617675
-960.7164978149533 -95.28251162528991
-960.2596725586056 -94.36426380634308
-960.0290656748414 -92.82001164913177
-959.8218936684727 -92.07573542356491
-959.6618216100335 -91.53136656045913
-960.5649056497216 -91.6493239736557
-960.8563204172253 -90.7509411907196
-961.4946861031651 -89.20384124279022
-961.5269258680939 -88.82137397289276
-961.6465504157543 -87.68162706851959
-960.6069458711147 -86.09415594100952
-961.0752695190906 -84.59833255767822
-960.6333735573292 -84.22279522180557
-961.4475490438938 -83.29199144601822
-961.839284478426 -81.9690346455574
-961.192234455347 -81.09436336517334
-960.5316558468342 -80.966620657444
-960.3310494858026 -80.73116109132766
-959.5494891840219 -80.16304347276687
-960.0331300038099 -78.96985289812088
-959.2924457329511 -77.50342640638351
-959.4483230102062 -76.80837795495987
-959.5135816547274 -75.54757127523422
-959.0343845698237 -74.9922108387947
-958.9889760228991 -73.41736624002456
-959.797965786159 -71.81219360589981
-960.2633558127284 -70.8724457359314
-961.0072877022624 -69.98713139057159
-961.2730623993277 -68.22312656402588
-960.6589776787162 -67.85065833091735
-960.8255157980323 -66.29460147380829
-960.6013213011622 -66.6938491499424
-961.7791627261042 -66.42208308339119
-960.149499258697 -67.2040591275692
-959.7408113095164 -65.92897558569908
