-1074.53 -218.16
-1072.9379369306564 -218.24637395501136
-1070.9725905942917 -217.32560861468315
-1069.088482646942 -216.71911275744438
-1067.392778544426 -216.26746321082115
-1065.6978442955017 -216.60351521134376
-1063.7657165813446 -217.14916313052177
-1061.9756622600555 -217.25206029772758
-1060.1309030342102 -217.61829129219055
-1058.3216860580444 -216.81482366085052
-1056.7879684257507 -216.12472424268722
-1054.911187081337 -217.35856303930282
-1053.1132867622375 -217.4021908378601
-1051.25998380661 -216.9876794552803
-1050.2384345817566 -217.09814419209957
-1049.0965138959884 -217.4212628787756
-1047.3598481702804 -217.50980567544698
-1045.6317245054245 -216.92320888847112
-1043.8212539243698 -216.36687743276357
-1042.466919093132 -216.31196909755468
-1041.0581378030777 -216.58219730466604
-1039.375676779747 -217.3307573160529
-1037.9288550901413 -217.46287239700555
-1036.0092195558548 -216.55561716467142
-1034.476204304695 -216.99341512829065
-1032.5743495512008 -217.1748772969842
-1030.6481856393814 -217.04338045030832
-1029.1073421525955 -217.38280023247003
-1027.2926775503158 -216.34702862411737
-1025.4381217050552 -216.72536162644624
-1023.7242056417465 -217.20870829731226
-1021.935821442604 -216.24523616939783
-1020.2085883903503 -215.97628737598657
-1018.5439724016189 -215.6174057534337
-1016.7980929899215 -215.95840529710054
-1014.9921982574463 -215.44450114279985
-1013.1312288331985 -215.13623244673013
-1011.3905426549911 -214.51683283954858
-1009.8845042276382 -214.1379361858964
-1008.0333048391342 -213.94356987982988
-1006.511115937233 -213.59922830373048
-1005.5115152287483 -214.21851758271455
-1003.6065462517738 -213.46794704705476
-1002.2179685521126 -213.8497721067071
-1000.3941780018806 -213.2441070190072
-998.6010726380348 -213.62092868596315
-997.5006111550331 -214.6691413334012
-995.5908950257301 -215.26279119759798
-993.6866584706306 -214.76659287124872
-992.1554169344902 -214.91848450511694
-990.4897315192222 -214.63122632712125
-989.0394756484031 -214.7447932472825
-987.1299298691749 -213.8821963778138
-985.9950130867958 -214.6970106473565
-984.9169557976722 -214.97332729011774
-983.1014705586433 -214.82763658076524
-981.630538790226 -215.35828320294618
-980.3268438267708 -215.3877151569724
-978.4220393586158 -215.83429383844137
-976.7517844128608 -214.73957812398672
-975.3932298111915 -213.55519675821066
-973.9569409775734 -213.32247471421957
-972.6708341526985 -212.89084127157926
-971.1932818579673 -211.53617718428373
-969.4752866911888 -211.40753426760435
-967.9610254454612 -211.01119395703077
-966.6743385481834 -210.1533172389865
-966.3612647044658 -209.3598045966029
-965.1104979503154 -209.09827515095472
-964.0965790736675 -209.105051304996
-964.2407155770063 -209.152322973907
-963.1405649918318 -208.89943506926298
-962.9268630880117 -207.7364927789569
-963.2932952481508 -207.14353528231382
-962.8224667149782 -205.46602204054594
-962.5953012990951 -204.49318506926298
-961.862397699356 -203.73084154337644
-960.8832064557075 -203.46176406353712
-961.4429220843315 -202.97339504569769
-961.0034298586845 -202.15988391250372
-960.09499761343 -201.48752396911382
-959.8442122924328 -199.8078903517127
-959.1440567958355 -198.13882678359747
-959.7133437383175 -197.38526767104864
-959.3400052773952 -196.83993166297674
-958.842658905983 -196.64457428067922
-958.3832643318176 -196.05591237157583
-957.7604626107216 -195.1450296601653
-957.8361740994453 -194.24934529870748
-957.3166666316986 -192.51351117700338
-956.8476406919956 -191.8136631807685
-956.4378651666641 -190.76451485961675
-956.1313801693916 -189.33337825149297
-956.1208268988132 -188.83179014533758
-955.5097910749912 -188.23487150281667
-954.9339448797703 -187.2580137810111
-955.5579667675495 -187.12638920158147
-955.420128582716 -186.51558327287435
-955.4909261155128 -185.38147615998983
-955.1084155428409 -183.67658030599355
-954.8026238965988 -183.6308873257041
-954.4092379498481 -182.12313776820898
-954.7682375895977 -181.14921062797308
-955.0721056449413 -181.26794093459844
-955.0316920864582 -180.9556544086337
-954.4836693394184 -180.4375366231799
-954.7348341929912 -179.88998266667127
-954.5422871696949 -178.56471702069044
-955.4280800211429 -177.21782311409711
-955.3797823476791 -175.98792680710554
-954.8286518144607 -174.18801506966352
-954.2960006284713 -173.55021050184965
-954.0514146375656 -173.3625923654437
-953.6767960476875 -172.35061493128538
-953.5768080043792 -172.56402530878782
-953.5332329559326 -172.01212539881467
-954.7271096992492 -170.8579355737567
-954.2666712093353 -169.22513368338346
-953.8670199203491 -168.26355412214994
-953.5316584992408 -166.87359645575285
-953.6864940810203 -166.217413212955
-954.2270642805099 -165.16426184386015
-955.1265433120727 -163.9309847614169
-955.1055642056465 -162.2775345107913
-955.9589335608482 -161.66461529940366
-957.0521229195595 -160.62180450171232
-958.0479997086525 -159.82762017458677
-958.2087676215172 -158.2482594510913
-958.0611349630356 -157.94445141762495
-958.7503474640846 -157.78708484381437
-958.5103782254457 -156.42928757876157
-958.458106084466 -154.76849045962095
-958.1255675691366 -153.06333961695432
-957.649584903121 -152.59564712256193
-957.9458470779657 -150.97596695631742
-957.3057928520441 -150.9039473196864
-956.8407833713293 -149.32392009705305
-956.4960444706678 -148.585963871181
-956.9866145390272 -147.24553861826658
-956.9692250627279 -146.49588295429945
-957.3334391850233 -145.09611412495374
-957.1496342557668 -144.7923031708598
-958.1216496962309 -143.88398411482572
-958.0129253405332 -143.4042331239581
-957.9701211291551 -142.84231420964002
-958.0948427456617 -141.3725971838832
-958.0896406906843 -140.5317602416873
-958.2690358895063 -139.58753165215253
-958.8784396189451 -138.58192774266004
-959.1992582219839 -136.80896433800459
-958.8417231577635 -135.40722092598676
-958.9707200366258 -134.5670750400424
-959.2677649098634 -134.3439836165309
-959.3103932875395 -132.9985793492198
-958.5585580605268 -131.39521035164594
-958.3444129365682 -130.96523317307233
-959.1126001018285 -130.0936554929614
-958.3838389652967 -129.69361006826162
-958.7737175363302 -129.1776430568099
-958.4427901047468 -128.45366084188223
-957.8980035322904 -127.55544852823019
-957.340265764594 -127.2460349163413
-957.4270524519682 -126.4320855101943
-957.5114479351043 -125.32570385545492
-957.5119425344467 -123.88747715562582
-958.4622444200515 -123.63014423459768
-958.566780282855 -123.16665598362684
-957.9683376091718 -122.07479640454054
-957.971142603755 -121.9695304891467
-958.8631397622823 -120.10856356829404
-958.952616302967 -119.05828204363584
-958.107535033226 -117.9116189739108
-958.416925637722 -117.89466496914625
-958.5810644167661 -117.86363580435514
-957.7555832403898 -116.27868821829557
-958.3484155672788 -115.9051629564166
-957.6112763422727 -114.98215069979429
-958.3746593731641 -114.57152762621641
-958.2308651196956 -113.46814050883054
-957.8234471070766 -113.19126918524503
-957.8769538688659 -111.40557673186063
-957.5115046787262 -111.28330346554517
-956.8975848841667 -110.16101786106825
-957.4551551032066 -109.74374314755201
-956.8564455199241 -108.4881372115016
-957.821398525238 -107.04770657032728
-957.9158386725187 -105.31410404652357
-957.9500092554092 -104.6821308991313
-957.4374604511261 -103.17117949932813
-956.9469063270092 -102.01231798142194
-956.3655636298656 -101.20132198542356
-955.9133449482918 -99.88693299502134
-955.3637699174881 -98.66827752798795
-954.9695880401134 -97.74266650885343
-954.5454462754726 -96.9278367421031
-954.5270306456089 -95.92022892445326
-954.895001887083 -94.85465940445661
-954.8284925806522 -93.39353236168623
-955.8586220133304 -92.57581278294325
-956.1385989177227 -91.1819107195735
-956.0411812055111 -89.65288623780012
-955.5144474494457 -89.17178290694952
-955.2573586392402 -88.84570225685835
-955.0281297254562 -87.21529945343732
-955.2621180999279 -86.3926023504138
-954.9462086546421 -85.51990434139967
-954.7297333467006 -84.23358842343092
-954.5400108087063 -83.06929096192121
-955.022452532053 -82.16700437277555
-955.6105595815181 -80.9100332519412
-955.2534582901001 -79.72456481665373
-954.7570583510399 -79.44434251993894
-954.87159258008 -79.24816473931074
-954.4662995922565 -78.20355173557996
-954.578755556345 -78.12438389271497
-955.7851970779896 -77.26125624388456
-955.7313915777206 -76.65349861592054
-956.4371969389915 -75.18547245472669
-956.9634315657615 -74.4682637116313
-956.4458412218094 -73.3769492766261
-956.434756963253 -72.34440013378858
-956.5822237122059 -71.71376350134611
-957.1152008163929 -70.5113470813632
-957.1497762787342 -69.32805779188871
-956.8523333060741 -67.87114050596952
-957.3043906974792 -67.6081573626399
-957.916248588562 -67.24535125106573
