-1074.53 -218.16
-1072.9098966407776 -218.04556696474552
-1071.670268921852 -217.52982734501362
-1070.4168749141693 -216.62360053122043
-1068.6744615125656 -216.39943515121936
-1067.7585304069519 -216.24063884079456
-1066.186018257141 -215.54845874369144
-1065.9757739591598 -215.0845799034834
-1065.2958703923225 -214.5270149296522
-1064.2647876429558 -214.56563084185123
-1064.3332435774803 -213.97081552803516
-1062.9158268857002 -213.668634313941
-1061.7874663758278 -213.07895221173763
-1060.176296441555 -212.7123395985365
-1058.693512647152 -212.37515636146068
-1058.3356235611438 -212.00125690162182
-1057.847452788353 -211.85953505694866
-1057.19717928648 -211.46967746675014
-1056.9193868029117 -211.55019493758678
-1057.3169439423084 -212.13410397231578
-1056.0015290367603 -212.31159721672535
-1055.4548265326023 -212.75432063996791
-1053.9133283483982 -212.71673621594906
-1052.588373361826 -213.4250422900915
-1051.6120555388927 -212.95621191322803
-1050.5260334002971 -213.68117057144642
-1049.4331332433223 -213.077286708951
-1048.6951296317577 -212.49732874691486
-1047.2070009696483 -213.42540268957615
-1046.4808812725544 -213.1003645247221
-1045.7160334575176 -214.07796104609966
-1045.0275717365741 -214.57105537116527
-1044.0208821880817 -214.30949642121791
-1042.3277392971515 -213.63393475472927
-1040.646866260767 -212.89534344136715
-1039.721976815462 -212.70351951181888
-1038.8374426949024 -213.7276608234644
-1037.5872635233402 -212.94270389139652
-1036.6911202061176 -212.4468370860815
-1036.4089636790752 -211.90113462865352
-1036.0477159309387 -211.6357940918207
-1034.3856741476059 -211.16815822184086
-1033.2573806333542 -211.04518418371677
-1031.8062734889984 -210.724874663949
-1031.4889410424232 -210.83923440039158
-1030.3089190411567 -211.0325894242525
-1029.595194427967 -211.1999908274412
-1028.567396967411 -210.5935376471281
-1027.1158748555183 -210.72413055956363
-1026.875981001854 -210.7640753275156
-1025.2767688322067 -210.21541540682315
-1024.521282403469 -209.9592372661829
-1023.8771224308014 -209.70506842792034
-1023.291967420578 -209.2709872609377
-1021.9499185371399 -209.22534744799137
-1021.2296147632599 -209.1492275482416
-1020.4998927402496 -208.8635533338785
-1019.0653527069092 -208.47403298676014
-1017.7075343418121 -208.11853640139103
-1017.7379925537109 -208.8628528600931
-1017.8912171411514 -208.94687892854213
-1017.5453299570083 -209.54151954114437
-1017.4612794208526 -209.48503174245357
-1016.2209313201904 -208.9879035538435
-1016.1714141058922 -209.05330877363681
-1016.0640114235878 -210.2523746973276
-1014.6160140919685 -209.67623924076557
-1013.6884050655365 -210.22215406954288
-1013.5351718354225 -209.7103996759653
-1013.7228943395614 -209.49238978683948
-1012.5930755424499 -209.7903830295801
-1012.8475275325775 -209.5914708262682
-1012.0032693433761 -209.40268193542957
-1011.3222106981277 -208.9856706148386
-1009.7802056360244 -209.2540378755331
-1008.7841822195053 -209.29471253216266
-1007.6697994756698 -209.72939847767353
-1006.5540970849991 -209.3954555875063
-1006.2666717159748 -209.95073931276798
-1004.7569299328327 -210.8692560082674
-1003.6801212418079 -210.50736059606075
-1002.8037709581852 -210.06880949795246
-1001.7431012976169 -210.07071321070194
-1000.9072022426128 -209.5647265201807
-999.7170064437389 -209.42003415882587
-998.7262681114673 -208.96657120049
-997.3232455837726 -208.53045450508594
-997.2442166793346 -209.32955365240574
-996.6028441178798 -209.27893655359745
-995.690016387701 -208.7261982446909
-994.7759188997745 -208.85934104382991
-994.2554576385021 -208.68198342978954
-993.2887975561619 -208.7567778712511
-993.4505352962017 -208.99676575124263
-992.5501176702976 -208.87035854518413
-991.0472825157642 -208.7191752976179
-990.3363532412052 -208.3198371118307
-989.7694525706768 -208.06284387767315
-988.5510275352001 -208.03424962222576
-988.1013540017605 -207.8496515339613
-988.0033703434467 -207.7489519304037
-987.3690066325664 -207.50149287641048
-987.0199856448173 -207.7715158945322
-985.6914038348198 -208.24757539093494
-985.5056364822387 -209.24946104347706
-984.1238053131103 -209.10444401562214
-982.6689467716217 -208.67177622377872
-981.9824981379509 -208.12481563150882
-981.8633878517151 -208.1628637200594
-980.6923883247375 -208.17814706623554
-980.8648009586334 -208.00874738752842
-980.5838269281387 -208.31091527998447
-979.553252248764 -208.02839897930622
-978.8903703379631 -208.36329450070858
-978.05612221241 -208.08297215759754
-977.121999232769 -207.7100185340643
-975.7592516827583 -207.1599455064535
-975.4077799010277 -206.9493787175417
-974.070961921215 -207.34017922341823
-973.0158948588371 -206.25578727185726
-971.5473158049583 -205.834146220088
-969.7228018927574 -205.55178751409053
-969.6766839313507 -204.6329772657156
-969.0345874714851 -204.30550475776195
-968.3218577194214 -202.88171287238598
-967.4660412955284 -202.38834883630275
-967.4678370046615 -201.1503067201376
-967.3655020284652 -200.19481875360012
-967.4736902999878 -198.71454324185848
-967.4475726175308 -198.0430147832632
-966.9160278725624 -197.3984402602911
-966.0402900266647 -195.95142878949642
-965.7919468718767 -195.5554209536314
-964.729612095952 -194.18913539111614
-963.6743776637315 -192.59376831710338
-963.0381146508455 -192.61757775008678
-962.63971288383 -190.80924649894237
-962.5678341004252 -189.65581997096538
-962.9644934150576 -189.5604444926977
-962.3574806663394 -187.729340929389
-962.8756481620669 -185.9622019714117
-963.2074039492011 -184.68498172223568
-963.0383617195487 -183.6506878322363
-962.5520423564315 -181.7258440440893
-963.2319196972251 -180.0717275327444
-962.8500242146849 -178.25613285958767
-962.9653362992406 -176.4033538287878
-963.1533266070485 -175.17050446927547
-963.5962541463971 -174.65450789391994
-963.5779443892836 -173.44506682813167
-962.4614241036772 -173.20701291024685
-962.5970369192958 -171.5456662362814
-962.2021522733569 -170.8192256873846
-961.8269701215625 -169.4717211908102
-962.1182985517382 -168.87368704736232
-962.5502396735549 -167.33059861123562
-962.3488403770327 -166.14619113862514
-963.1843680950999 -165.51269306600094
-963.0948256391287 -164.67411835849285
-963.9834426778555 -162.939516980052
-964.4402539867162 -161.33444686591625
-964.0870691674947 -161.01885928571224
-963.0988103884458 -159.4407849496603
-962.8028050500154 -158.2661591953039
-962.6486470240354 -156.35083820283413
-962.2751589852571 -155.02013661324978
-962.12963054955 -153.81861974656582
-961.2626551824808 -152.63705529630184
-962.0559701162576 -152.09912629783153
-961.6899967330694 -150.33049603164196
-961.7746701079607 -148.49385209739208
-961.1338193851709 -146.87629337966442
-961.9115875202417 -145.52338119208812
-961.3396887618303 -143.89197083175182
-960.5109702187776 -143.00355829656124
-961.5078645187616 -142.85141279160976
-961.7845059174299 -141.20587279260158
-961.9308693546056 -141.26774414241314
-962.7180029886961 -140.74602921664714
-963.4218657749891 -139.07867892444133
-963.3709100919962 -139.04165132701397
-962.8377740818262 -138.6304346805811
-962.1849835950136 -137.2940305954218
-962.9518982607126 -135.98147158682346
-962.4561909872293 -134.65081481993198
-962.3237818020582 -133.50454108774662
-961.3229465025663 -133.31362085402012
-960.828972800374 -132.6617542988062
-961.8466416436434 -132.59931378424167
-961.3919362860918 -132.67987178623676
-960.8913745719194 -132.23736618816852
-961.8537714320421 -131.12797068417072
-961.0390350061655 -129.78781150639057
-960.4006390410661 -128.97699503958225
-960.5039778786897 -128.46407358705997
-960.5279883674532 -127.13017146646976
-960.9679097465425 -126.8612546211481
-960.2731712988764 -125.03851406633854
-960.026146345511 -124.56556977689266
-960.5471034578234 -122.86552633702755
-960.6665173850208 -122.71340366065502
-960.5750506079942 -122.18055190503597
-960.458295450285 -121.63133629024028
-960.2674643553048 -120.0520873850584
-959.9228561080247 -118.34163077533245
-959.7032570100575 -117.3804353660345
-959.956817016676 -116.60977121055126
-960.5552328086644 -115.32158430278301
-959.6245443678647 -114.96820535123348
-960.592520282343 -113.48069776952266
-961.1835836029798 -113.22655310094356
-960.9506737894565 -112.53976513803005
-960.6577086753398 -111.61903562009334
-959.8872875279933 -110.67115827262401
-959.8229445300251 -109.93029536664486
-959.2197979173809 -109.25372089803219
-958.7868094525486 -108.70933796823024
-959.1283039233833 -107.59459771573543
-958.6791354200989 -107.01625647008419
-958.1090655110031 -105.34484209477901
-958.8229696533829 -105.06815065801143
-959.7272366068512 -103.13627066075802
-959.4722261510044 -102.33743085324764
-960.494500406757 -101.19815148770809
-959.5925764522701 -99.57467188298702
-959.1474436304718 -99.47133542954921
-958.3486991903931 -98.64051278293132
-957.8041530630737 -96.78859551608562
-958.0635338804871 -95.91630168616771
-957.7329807362705 -94.89271314799785
-957.7135934910923 -94.02669687926769
-957.5901298306137 -93.70970143735408
-958.113657393232 -92.69409372270107
-958.8256808898598 -90.98076083123684
-958.5003804049641 -90.12804355084896
-959.2167053899914 -88.42812921464443
-959.705411561504 -87.91234036147594
-959.1142469725758 -86.6847047394514
-958.5814046940952 -86.42359705626964
-959.3905460319668 -85.75904609620571
-958.6011903367191 -85.59206392228603
-959.7567894539982 -84.45823695123195
-960.1413444361835 -82.97679616868496
-959.9204645238071 -81.68103577554226
-959.999939449802 -80.3184442704916
-959.688459642902 -79.02353956162929
-959.1881228170544 -78.57072495281696
-960.0702751360088 -78.73095684111118
-960.7009782276302 -77.60259788095951
-961.3725380978733 -77.28078566849231
-961.3540270521491 -76.78918372452259
-960.752172608599 -75.81636684000492
-960.1507749154418 -75.2100353127718
-959.9101049795001 -75.2882634884119
-959.2203411950916 -73.50815992414951
-959.9916890158504 -72.8182700163126
-960.1395060613006 -71.39221017420292
-960.4874418868869 -70.13815825045108
-961.3714225187152 -69.32172517836094
-961.1034563972801 -68.68019073069095
-961.4198696806282 -68.20668249189853
-961.0070224895328 -67.0522102600336
-959.7634210481494 -66.21811585485935
