-1074.53 -218.16
-1072.7287954378128 -217.88970414161682
-1071.843663303852 -218.1569124495983
-1070.9535506653785 -218.80310219883918
-1069.9907006907463 -218.75388048946857
-1069.7532520580291 -219.29006283342838
-1068.5202701377868 -218.92841102540493
-1067.1952119159698 -219.38429858148098
-1066.8080947685241 -219.86783783495426
-1065.9842969465255 -219.79311766088009
-1065.264401345253 -220.12666778624057
-1063.738423256874 -220.80256961643695
-1062.0282711076736 -221.12040140092373
-1060.9744208145141 -220.14456846177578
-1059.29533472538 -220.84444083631038
-1057.880051522255 -220.56405564010143
-1056.415113120079 -220.44214645385742
-1055.140740184784 -221.11137321949005
-1053.8838296222686 -221.03369395792484
-1053.5315956163406 -220.67461286842823
-1052.8346988844871 -219.6215057259798
-1052.0173645305633 -219.70752273857593
-1051.904379813671 -218.9042982941866
-1051.2882827806473 -218.19019984066486
-1049.697499423027 -217.95252029955387
-1048.6868746566772 -217.47175293028354
-1047.4383998203277 -218.61399571955204
-1046.8855215597152 -218.51674886405468
-1045.072841911316 -218.86941679179668
-1044.4086233663559 -218.21727426707744
-1042.6176936912536 -218.24222050964832
-1040.762646226883 -218.470832336545
-1040.6024301338196 -218.8583495503664
-1039.4013989257812 -218.3501764422655
-1037.982805519104 -218.0752443856001
-1037.322325258255 -218.69512148559093
-1036.076850681305 -217.82725067794323
-1035.2412035751343 -217.84212922289967
-1033.8356800365448 -218.81487333014607
-1033.5694243001938 -217.8334811849892
-1032.4962367105484 -217.59090042844414
-1031.7545550751686 -218.63042617574334
-1031.4946915197372 -217.76625610128045
-1029.860240368843 -217.05030948653817
-1029.9084883022308 -216.723790474087
-1028.2400669145584 -216.26139897838235
-1026.350373892784 -216.52812231317162
-1025.303246049881 -215.94017917647957
-1023.5568290042877 -215.71382158234715
-1022.1526007938385 -216.10337655976414
-1021.2589100289345 -216.66586708262562
-1020.0411728310585 -215.6893567366898
-1018.8957831549644 -215.74449133858084
-1017.7057062077522 -215.5629665850103
-1015.9539346385002 -215.8012279419601
-1014.2383632349968 -215.2568233756721
-1012.7043193268776 -214.75534446522593
-1011.7052131581306 -215.8382569102943
-1011.5463820385933 -215.82184628382325
-1010.504339902401 -216.56413159504532
-1009.6148823785782 -216.87765837445855
-1008.623376815319 -217.23832053676247
-1008.5205722737312 -217.57936567798257
-1007.2080462861061 -218.0189631654322
-1006.4247976231575 -217.22952265277505
-1004.5012197184562 -216.85365260377526
-1003.2743699240684 -217.6632514669001
-1001.6088804888725 -218.27850402131676
-1000.2038137602806 -217.41789222493767
-999.7817898380756 -217.84336764350533
-999.2985223221779 -217.25954712167382
-997.841516225338 -216.31449586883187
-996.0328511881828 -215.9834313763678
-995.4402559685707 -215.49691242709756
-994.8425222325325 -215.16749174132943
-994.5203263449669 -216.17614919677376
-993.1869809317589 -216.42569402590394
-991.829235522747 -217.45179609194398
-991.5733603525161 -216.81198493376374
-991.2249142813682 -216.69567956015467
-989.4699892687797 -217.44490756079554
-989.4001421022415 -217.55373933151364
-987.6908800888061 -217.0167872531712
-987.6518371987343 -217.24374047651887
-985.9663012909889 -216.42007265225052
-984.5679174351692 -216.49431651070714
-983.8048398184776 -215.57563035920262
-982.5048843312263 -215.24799846842885
-982.3547345685959 -215.6055720372498
-982.3417790222168 -214.54318659737706
-982.1740537571907 -215.25433283284306
-980.3406308579445 -214.94843804076314
-979.1524603056907 -215.2540073914826
-978.1199365544319 -215.01375829413533
-977.5974553513527 -214.42423098519444
-975.9092007565498 -213.8907031340897
-976.0486462402343 -214.21300744250416
-976.098898499012 -213.5527777595818
-974.7455802845955 -213.87533139422536
-973.2630414652824 -213.99759607747197
-971.7195408034324 -213.59112732842564
-972.0082413244247 -212.32887833550572
-971.9016114163398 -211.90498953297734
-970.5173216748237 -211.40797471240163
-970.7410327482223 -211.26740502551198
-969.1331671762466 -211.16167663767934
-968.9971406447887 -211.3076440615952
-967.658947943449 -210.67663329079747
-966.8507094371319 -209.12138371899724
-967.3956229674816 -208.13244264557957
-966.0551016318798 -208.3931811375916
-965.4665187585354 -207.62231277659535
-965.072295306921 -205.95538329318165
-965.270809649229 -205.43593084052205
-964.3773922908306 -204.39791082575917
-963.3164632308483 -204.36240499451756
-963.1825484025478 -203.43054377272725
-962.2070019233227 -202.4085727854073
-962.8310984957218 -200.9820889158547
-962.0516020643711 -200.17819141581654
-961.5595814871788 -198.4125726146996
-962.216671257019 -197.3691075964272
-962.881570725441 -195.5020147486031
-963.3104100215435 -194.76176642611622
-963.0085281717777 -193.4609510822594
-962.6101734030246 -192.8415640516579
-962.0936809170246 -192.1851212902367
-961.6374313223362 -191.19569211438298
-962.5581132161617 -190.3576786442101
-961.8500323283672 -189.35420190528035
-961.9653754967451 -188.96221178010106
-961.4230114358663 -188.09738742545247
-962.2481346267462 -186.4418419523537
-962.9208252567053 -185.38041888907551
-963.6115567225218 -184.255784265548
-962.5821444529295 -183.89844017460942
-961.6063478726148 -183.42488845422864
-960.876268042922 -183.1774140818417
-960.3605193632841 -182.26399030521512
-960.0155946451425 -181.11245872810483
-960.528086348176 -179.67686226204037
-959.853719099164 -177.99944569900632
-959.9343133333325 -177.1429469807446
-959.6173105600476 -176.33181407287717
-959.1420810881257 -174.5718119366467
-958.41911370188 -174.56853123739361
-957.7721207800507 -174.57596453264355
-958.8322727146744 -173.94275256231427
-958.9496374863386 -172.9551280362904
-959.8859627979994 -171.1721576078236
-960.4204961794615 -169.6600771768391
-960.863597317338 -167.9521230085194
-961.4302275019884 -167.79537280634045
-960.4718521672487 -167.0193175895512
-961.4241752463579 -166.9578193052113
-961.5789555001259 -166.9483406765759
-962.2286099481582 -166.7748877032101
-962.5427517580986 -166.190502486974
-961.9849281597137 -165.7592810614407
-962.2883005428314 -163.8800806029141
-961.7358235406875 -162.40049507454037
-960.849707930088 -160.81471147373318
-961.2379665660858 -159.95372130706906
-961.4875383216142 -158.66881062820553
-961.3896945405006 -158.09597315624356
-960.5835908341408 -158.2054493649304
-961.157895951271 -157.05427207782864
-961.3990283447504 -155.65889539554715
-961.8862836498022 -155.0096957309544
-961.5852715808153 -154.05378284290433
-960.9322555500269 -153.44377585485577
-961.1559191483259 -152.66676130130887
-961.6963477271795 -151.85389902427792
-961.2660475808382 -150.34327378109097
-960.9293697911501 -148.59346546962857
-960.9833520415425 -147.2167300207913
-960.1771516564488 -146.42995937898755
-960.451723254025 -146.10674079492688
-960.4270102891326 -145.07676406934857
-960.6709214958548 -144.88216265276074
-961.45108836025 -143.04272945955395
-961.0912109228968 -142.05465223625302
-960.2051035377383 -142.0733424051106
-959.6752271863818 -140.37662967279553
-960.2634058210253 -139.18014975622296
-960.2913708525896 -137.97866006925702
-960.4018132078647 -136.89261241987347
-959.6697514641285 -135.92368026807904
-960.4065016496181 -134.8474071843922
-959.6771714675426 -134.79319139555096
-958.8482920515537 -133.9918984992802
-959.1672266113758 -133.67955967023968
-959.120305224061 -131.91455217435956
-959.0827837127447 -131.65884175136685
-958.7205020624399 -131.39332541063428
-958.0003210741281 -129.79198833540082
-957.2410965400934 -129.383431635648
-957.1787250477075 -127.72303005293011
-957.553625805974 -126.78427489832043
-957.9064132708311 -125.34829195573926
-958.4708041685819 -124.7662596924603
-958.0328934329748 -124.60728349521756
-959.0172909635305 -122.71664919689297
-958.7217049735784 -122.07076992824673
-959.0329770582914 -122.1983422859013
-959.3949155348539 -120.9690110309422
-959.2040549653768 -120.93091579511761
-958.4173444646597 -119.37527485921979
-957.6951166528463 -118.00424691274762
-957.1148462432623 -118.21971156433224
-957.7998822468519 -118.19022127225995
-957.7746287721395 -117.86306991413235
-958.0990181404352 -117.55415835216641
-957.8848672050237 -117.31522550418973
-958.9945515531301 -116.53994341924786
-958.7215076524019 -115.16528912618756
-959.7784426051378 -113.72227200105786
-959.5448673057556 -113.28673150375485
-959.4769270333647 -112.51455756261944
-959.1473479184508 -111.39992889001965
-959.1224530550837 -110.60231228902936
-958.344057700336 -108.80833622053265
-958.2757577809691 -108.93956794574856
-959.0404021653533 -107.24159624412655
-958.8269826683402 -107.13005980089306
-958.681311211288 -106.15560074880719
-959.0707442376017 -104.9885913951695
-959.4350503894686 -104.12311633661389
-960.3156498882174 -103.63665126994252
-960.8969176027178 -103.47781281903386
-961.6983294698596 -101.57510607674718
-961.1197369906306 -100.11602871850133
-960.8340325865149 -99.02973168328404
-960.9720779421925 -98.42216937974095
-960.1767169597745 -98.35945849850773
-959.5904586079716 -97.77985679343342
-959.9594688478112 -96.00270091727376
-959.2551425758004 -95.74466782048344
-959.0897665831446 -94.06294911339879
-958.6912275168299 -93.08667253687977
-958.4927982601523 -92.50910674765706
-958.38228998214 -91.29554104045033
-958.8157471182942 -91.12493079140782
-959.1800183418393 -89.64245908692479
-959.9989897373318 -89.05451904967427
-960.2420630517602 -87.5706731005013
-960.5610171321034 -86.63218986228108
-960.8466703060269 -85.72700767949223
-961.747839486897 -85.11181222632527
-961.821876450181 -83.51226650908589
-961.3786955016851 -82.9602073355019
-961.699327661395 -82.50446196630597
-962.2225282925367 -80.69591995313763
-961.8591696459055 -79.28815897539258
-961.9357649224996 -77.88107164934277
-962.8252518910169 -76.85860034063458
-962.5912694770097 -75.67029090955853
-962.2043039041757 -73.98431058958172
-962.2412359553575 -74.0390707476437
-961.8852996367216 -73.79441704586148
-962.2410011130571 -72.86958803966641
-962.7735453683138 -72.66191699340939
-961.9125969845056 -71.83497943714261
-962.080234273076 -71.34228470161557
-961.8955758947134 -70.82031872108578
-961.4401800471544 -69.3283558113873
-961.6471575337648 -69.12496861055493
-961.3318947392702 -68.46143325403332
-960.9455753403902 -66.83040269449353
-960.1219215232134 -66.50504996612668
-960.9231804448366 -66.03978078797459
