-1074.53 -218.16
-1073.2569107103348 -218.79752591609954
-1071.669597773552 -219.37783101558685
-1070.6253600406646 -219.80440473914146
-1069.2785690116882 -219.74478347957134
-1069.2598167943954 -220.62896563470363
-1068.6872173833847 -220.67738759875297
-1067.4652796077728 -220.63613900899887
-1065.5714009094238 -219.6277512049675
-1064.1101017284393 -219.61635173935443
-1062.8691400575638 -219.05900104422122
-1062.0573631215095 -218.84395143467933
-1060.8551747488975 -218.9645066120103
-1059.4029420304298 -219.92193262357264
-1057.8817896533012 -220.3165460683778
-1057.5219019937515 -220.01143254417926
-1057.2223843622207 -220.0860362656787
-1056.798598794937 -219.96649780202657
-1055.467796831131 -219.5608498089388
-1053.8282602119446 -219.23202147413045
-1053.0784472513199 -218.761810564287
-1052.627300618887 -219.20792421031743
-1051.3602771747112 -219.39221028316766
-1049.7192344653606 -218.87930128801614
-1049.4346925008297 -219.5259469531849
-1048.6882807004451 -219.57935716290027
-1046.840474961996 -220.30438210148364
-1045.2184389817714 -220.5099663444236
-1043.5058954942226 -219.70838657099753
-1042.3813446748256 -220.31024566370994
-1040.95016980052 -220.82892587859183
-1039.4324145305156 -220.09261211831122
-1037.6624649751186 -219.75271421749144
-1036.4968812453747 -219.73246662396937
-1035.1869790542125 -220.24244271297007
-1033.6357918965816 -220.35453583378344
-1032.644870995283 -219.90890787620097
-1031.3019471156597 -219.57240177769214
-1029.9586850392818 -220.2748017467931
-1028.9737118470669 -220.57197244543582
-1028.0268228638172 -220.6235735573247
-1027.2444174277782 -220.19568710107356
-1027.1181851017475 -218.95781295079738
-1026.6955422747135 -218.92749272365123
-1025.1795517790317 -219.37103812474757
-1024.5764566648006 -218.45071630258113
-1023.0607548940181 -219.05982123393565
-1022.749796270132 -218.36777930039912
-1021.8267183291912 -218.7643134452775
-1021.407639055252 -217.92860816497355
-1019.7717411804199 -218.0763649501279
-1019.045594124794 -218.3213690080121
-1017.2007336902618 -217.97728915590793
-1017.0070456552505 -217.98055204827338
-1015.0668367433548 -218.53699800450354
-1014.1334742593765 -218.0127964921668
-1013.1219853448868 -217.76627630073577
-1012.5147453832626 -218.0778876550868
-1011.4093712854385 -218.43341851312667
-1011.1803208875656 -218.0702744134143
-1010.3540801692009 -217.14773446399718
-1008.9197271752357 -217.46791884381324
-1008.2626432466507 -217.82486713010817
-1008.1371020960808 -218.15559262115508
-1006.7643797087669 -217.54335588295012
-1005.1224507975578 -217.68669411618262
-1003.3214888262748 -218.14902624566108
-1002.7284990239143 -217.66492661911994
-1001.9847807574272 -217.95405477363616
-1001.5137389886379 -217.22749310810119
-1000.8858419644832 -218.03455078680068
-999.714573739767 -218.1441992529109
-997.9418236005306 -218.32820493061095
-996.7085515248775 -217.30694097358733
-996.294308989048 -217.9856569178775
-994.6997621941566 -218.35299176055938
-992.9054561543464 -217.55219078142196
-991.8173067259788 -216.806020677872
-990.6743096995353 -216.31539869386702
-990.4527971434593 -215.50989228565246
-989.5278784322738 -215.35772907812148
-988.2606472063064 -215.79444605190307
-986.8721010971069 -216.40916007835418
-985.4401505279541 -217.2060923584178
-984.5033963608741 -217.42343440730124
-983.1704705643654 -217.36652755815535
-981.5868054318428 -217.49274131733924
-980.1105142521858 -216.65342351872474
-978.670162050724 -216.74192240912467
-978.7945047307014 -216.11830392558127
-978.0384592700004 -215.92735448557883
-976.9187642025947 -214.8268350668624
-977.0768627810478 -215.0277284391597
-975.4314329314232 -213.80035734254866
-973.9210197615623 -213.12737917978316
-974.053696899414 -212.15222036916762
-972.751230506897 -211.14027512151748
-971.5677827882766 -209.99968445379287
-971.2349763202667 -210.28384697515517
-971.1791355299949 -210.39264208156615
-969.9198517489433 -209.64185136634856
-968.2117469000816 -209.26111260134726
-968.3538350749016 -208.29725101668387
-967.1922648835182 -208.45874545056373
-966.058229534626 -208.0186289556697
-965.1943943190574 -206.5835658319667
-965.4075441348552 -206.1280919321254
-965.8605714130401 -205.87059491951018
-964.794115691185 -204.99952626306563
-964.7257988739013 -203.50048017580062
-963.4745329904556 -202.9299738414958
-963.7470279622078 -202.29709386903792
-963.8039100009203 -201.72409701425582
-963.9806436437368 -200.3381998546794
-963.3710632461309 -199.8033729203418
-963.200094564557 -198.87978261787444
-962.1029406625032 -199.00490427095443
-962.0907990492135 -198.0949358351901
-962.3557166910916 -198.0805515058711
-962.2939472018927 -198.0455367572978
-961.4671386300772 -197.9445505150035
-962.083019894287 -196.27724623758346
-962.6041526614874 -196.20755690414458
-962.2723119079321 -195.68595188934356
-961.5637577592581 -194.40922898132354
-961.1266324936598 -194.02723401863128
-961.0958875424415 -193.50197869617492
-961.1062024801224 -192.76430893022567
-961.5745741992444 -191.8720745452121
-961.856837060973 -190.69859010059386
-960.9123276143521 -189.449854911156
-960.1682638197392 -188.37059086639434
-959.5835666327923 -187.38132345754653
-960.0356554060429 -186.8602499969676
-959.7301143675297 -185.51359760839492
-960.346692886874 -184.49155485708266
-960.5142937868088 -184.61107236225158
-960.0765609114617 -184.4745912559703
-960.1010185747593 -183.8472945697978
-960.310405787751 -182.18209767419845
-960.2245271920413 -181.4323652990535
-960.676059943363 -180.71787417013198
-959.7984143912047 -180.49791807014495
-959.4439794837683 -179.1843985923007
-959.4972028999775 -178.10872572738677
-959.9228092103451 -177.083794654198
-959.8491246222704 -175.33979779560119
-959.2129566787928 -174.25106352645903
-960.2183110832423 -173.24127525169402
-961.1203923939913 -173.2490644462779
-961.5331896363944 -173.2559711940959
-960.7770526825636 -172.33967512924224
-959.95145694606 -172.41184544641524
-960.2386253296584 -171.51860892850905
-960.7744327007979 -170.5124204166606
-960.4071439325064 -170.56433028060943
-959.9463886737078 -170.0449767120555
-959.252370011732 -169.58906343657523
-958.4651082276553 -168.69654950577765
-958.4998669444769 -168.01634618718177
-957.7438951551169 -167.21882644373923
-957.8985752581805 -167.3361609883979
-958.6833846091479 -166.49306657988578
-958.7682528167218 -165.49561831433326
-959.4819937615841 -164.69940713126212
-959.4275601028651 -163.88576629836112
-959.0867779373377 -163.7981000848487
-958.6843871294707 -163.29265734631568
-958.6901583193987 -162.0964843936637
-959.4473316191882 -161.69727230150252
-958.9917148470133 -159.8934451349452
-959.5332349657267 -159.1919386990741
-959.9467835544795 -157.6942043908313
-959.1800005554408 -156.3922936328128
-959.8582463382929 -155.75044345933944
-959.8082406341284 -154.5560293205455
-959.1136431514471 -153.84009671289473
-959.9674904166907 -152.4747302540019
-961.0199104367941 -151.67585307437926
-961.4139713763445 -151.4378474362567
-961.8337806283682 -151.09488719779998
-962.357380431816 -149.85861557800322
-962.461527627632 -149.51550054628402
-961.923776429817 -148.90250837881118
-961.8405569388717 -147.52355682928115
-961.9850893660634 -147.08912751156836
-961.7161780639738 -145.84146043736487
-962.2247607155889 -143.9203414626792
-961.3904285474866 -143.62628969628364
-961.4342494278401 -142.81956270415336
-961.2326313673705 -141.71622708518058
-960.7489610432833 -140.79700484950095
-960.6577428548783 -139.45609203059226
-961.7110589712113 -138.27764096934348
-961.4969954311102 -137.49763676602393
-961.1504030942172 -136.30107614476233
-961.1652754402905 -135.54836914021521
-961.6560531712323 -135.32134965140372
-961.3403328812867 -134.21489039141684
-961.5324848151952 -134.10273704010993
-961.5395312269404 -134.16340890605002
-961.749831761904 -133.4729990072921
-961.5872904171422 -133.38269713599234
-962.0943810452893 -132.0252826519683
-961.7627914657071 -131.0733533211425
-960.7686811794713 -130.58305460292846
-961.3800780286267 -129.48753899414092
-961.3587872420624 -128.67191219408065
-961.0621137057617 -127.02638137418776
-960.8416587148979 -126.76227098781615
-961.3834071194008 -126.11677092391997
-961.1356113289669 -125.50971305448562
-960.6402030621841 -124.96201133806258
-960.121867362149 -123.58237326223403
-960.9535831843689 -122.11507642347365
-960.8185734634474 -121.62087977010756
-960.7747286443785 -120.54181945402175
-960.8437221308425 -118.75408840257674
-961.0291521211341 -117.47926914770156
-960.101183678694 -117.30454629737883
-959.9796529372409 -115.69024628479033
-960.8878858645633 -114.3458098777011
-961.3113574941829 -114.12547063905745
-960.5338485201075 -113.268054545708
-960.5025746260956 -111.98305279094726
-960.7792209123447 -111.9787894495204
-960.9306009148434 -111.4908765264228
-960.4466984604671 -110.8699549146369
-961.2469507192448 -110.82959470231086
-961.5809187327698 -110.45960864502936
-962.4224039946869 -109.76691541153937
-962.4591793303564 -108.36816975552588
-962.6088260446861 -108.0420500941947
-962.8706057106331 -107.15770188052207
-962.3048273955658 -106.6699453004077
-961.456413510926 -105.81130158979445
-960.6448513900116 -104.84014612514525
-960.7028776665404 -104.35955607969314
-961.3693351407721 -102.62790834981948
-961.9232408066466 -102.15974164087325
-962.3244239648059 -101.36537379104644
-961.8028590043261 -100.77644962150603
-962.4105958302691 -100.61995768625289
-961.5000900586322 -98.72783219892531
-960.973585482426 -97.94203758317977
-961.7406557162478 -97.21557784158736
-961.4209202488139 -96.73808437664061
-961.5233664249256 -95.36119133312255
-961.8540951346233 -94.95597967583686
-962.2765212987736 -93.67011436898261
-961.5249694322422 -92.84116277176886
-961.0083507036045 -91.30392941910773
-961.0846912001446 -89.96943053681403
-960.409346315749 -89.83148202378302
-960.3788700063899 -89.0324848004058
-959.8682176430896 -87.87386253554374
-959.2088619430735 -86.12478879172355
-959.7781030495837 -84.99841645438224
-960.5293223221972 -84.57366529185325
-960.449879076071 -83.54764297682792
-960.020675506182 -82.68346968371421
-960.2840720971301 -82.57802859026938
-960.9060388763621 -81.58723595816642
-961.2445729335025 -80.63983181197196
-961.1971437332406 -79.56302335936576
-960.8761292693391 -78.7124831386283
-960.1845032570138 -76.99611136395484
-960.1764327694848 -76.32870361287146
-960.0845626478269 -75.89683923203498
-959.270431685932 -75.22592029053718
-959.0220442299917 -73.62149331051856
-959.3439381604269 -71.97355017144233
-959.7753032927587 -71.59981435615569
-960.7420362119749 -71.0920970447734
-960.8175117184594 -70.94975376207381
-960.7508684952929 -69.85613942224532
-960.5148648132756 -68.09079718668013
-959.9650040378049 -67.95826596099883
-961.053093146272 -67.4483626492694
-960.1645404805615 -66.2334173329547
