-1090.54 -312.31
-1088.9020471954345 -313.0072013115883
-1087.153129734993 -313.58877604961395
-1085.3387982034683 -314.10365211725235
-1083.7360431337356 -314.41154578089714
-1082.497050204277 -314.81497376918793
-1080.5989154958725 -314.6741363233328
-1078.9972736024856 -315.0833779400587
-1077.3507442855835 -315.7601252025366
-1075.3855550670623 -315.3749419873953
-1073.9364846134185 -316.48252384126187
-1072.6326711559295 -318.2599850124121
-1071.8973380112648 -319.3466376489401
-1070.9430423760414 -320.9077297872305
-1070.1240466618538 -322.88664512097836
-1070.3496591830253 -324.2489414638281
-1069.6329517745971 -325.8567943996191
-1068.995382823944 -327.831719917655
-1068.4437966132164 -329.17799870431423
-1068.8281013154983 -331.11406199395657
-1068.90981523782 -333.0354963964224
-1068.3283258536458 -334.8785824006796
-1067.985402957499 -336.74794248998165
-1067.649766818583 -338.62419156491757
-1067.8775201150775 -340.48373548448086
-1067.5468917796015 -341.8044351762533
-1067.1955800959468 -343.53119937837124
-1067.4216657438874 -345.05929462373257
-1067.4042697408795 -346.0091641372442
-1067.2629444757104 -347.19932333886624
-1066.914295629561 -348.54913441598416
-1067.6169859924912 -349.87931780278683
-1067.7309692510962 -351.3430333560705
-1067.7899429360032 -353.27041475236416
-1067.4907337585091 -355.2083170837164
-1067.3306327918172 -357.1132343238592
-1067.6311480858922 -358.0570832914114
-1067.2512166956067 -358.85636685550213
-1068.0161738851666 -360.7542254751921
-1067.5119817712903 -361.9742892807722
-1067.7349993893504 -362.8355051702261
-1067.0491925188899 -364.53144244611264
-1066.6673259148001 -366.4071445888281
-1066.2920002946257 -368.36685947835446
-1065.987256974876 -369.99395183980465
-1065.5540493437647 -371.2268647378683
-1066.2576527306437 -372.62174002587795
-1065.7670061597228 -373.8546517318487
-1065.253135086 -375.63075975835324
-1065.681012750566 -377.2211549705267
-1066.3389815101027 -379.13268188893795
-1065.7246475824713 -380.565646571517
-1065.1782742747664 -381.3444527810812
-1064.7723979064822 -382.39626244962216
-1064.2376939365267 -384.212641043067
-1063.7866240748763 -386.191180152297
-1063.282800913751 -387.39629356324673
-1063.069860176146 -388.11011390149594
-1062.482233003676 -389.34557024896145
-1062.4997360584885 -391.09612600266934
-1062.265141102448 -392.0223572677374
-1061.312189790383 -393.8439407771826
-1059.9249112335592 -395.56265215337277
-1058.4829495874792 -395.77555158495903
-1056.8207881180197 -396.5014210021496
-1055.236269923821 -396.88539001107216
-1053.291504117623 -397.5892775928974
-1051.984307738915 -397.3771710073948
-1050.5261107412725 -397.0438102757931
-1049.1898915497213 -396.55079778790474
-1048.1302275387197 -397.22760686039925
-1046.2666818825155 -397.42861419677735
-1044.374408218041 -397.13006949186325
-1042.6717878309637 -397.2701820707321
-1041.133635732308 -397.16756849497557
-1039.969735833779 -396.5436440011859
-1038.3329345909506 -396.1803180477023
-1036.5560633865744 -396.3591786673665
-1034.65265319027 -397.0604689767957
-1033.4209369150549 -397.0932136526704
-1031.6673379866033 -396.5335634699464
-1029.788812014237 -396.8981203189492
-1027.8077712980657 -396.3746056905389
-1025.85482177414 -396.4352487823367
-1023.8755521503836 -395.7665873667598
-1022.9484796253591 -396.3344772359729
-1020.9996955124288 -395.82966970413923
-1019.0210246769338 -395.91361843556166
-1017.1999181238562 -396.22611775010824
-1015.4027279344946 -395.7070474228263
-1013.6484111277014 -395.69243046216667
-1011.7476933924108 -396.16853156261146
-1010.0294562307745 -396.3377901571244
-1009.2519452301412 -396.79498201183975
-1007.3649193970114 -396.0987087445706
-1006.6488153664022 -395.75009500555694
-1005.679538699761 -396.19130903057754
-1004.0652031628042 -396.61597209744156
-1002.2103891102224 -395.9469239073247
-1000.3114464012533 -395.8949373359233
-999.3519376245886 -395.14239931054414
-997.3712011305242 -395.78085011191666
-995.5156428543478 -395.79962794803083
-993.6600234238058 -395.3747927429527
-991.7362903086096 -395.87480400823057
-989.9192243544012 -396.081584039554
-988.0275610414892 -396.45325148425997
-986.1786920753866 -396.28326998971403
-984.2249432531744 -396.4586299689859
-982.4725771871954 -396.6941452803463
-980.6120047298818 -396.1731749358028
-978.6423409906774 -395.5438111009449
-977.2050350634008 -395.1294053377956
-976.1510749784857 -394.7862672390789
-974.2202543941885 -395.02577846072614
-972.3881647316366 -393.88072364352644
-970.8311612335592 -393.5232202293724
-969.4469346729666 -393.07561563275755
-968.2751626697927 -391.32610522530973
-967.5022366968542 -390.72710983775556
-967.0686050383001 -389.4845809223503
-966.7781110731512 -388.27318887732923
-966.0781654445082 -387.0754430773109
-965.4892902699858 -386.41076545737684
-965.4393395064026 -384.6308892252296
-965.3093937215954 -382.8374300482124
-964.8201658902317 -381.78982429526747
-964.3579741892963 -381.0971600892395
-963.9918594834953 -380.37108956597746
-964.5237254378944 -379.4932379605621
-964.4870034930855 -378.8304653646797
-964.0689873275905 -377.16091351531446
-963.8845147071033 -376.50783442281187
-963.6468220231682 -374.6055242898315
-963.4321539578586 -373.6728365304321
-963.1415231702476 -373.06642590783537
-962.930184322372 -372.09899472020567
-962.7370478389412 -370.94693731091917
-962.697090941444 -369.82224999688566
-962.6878395555168 -369.0251506450027
-962.5066180107742 -368.18906687520445
-962.5195801136642 -366.89102827332914
-962.3246897039562 -366.1750165107101
-962.3399219689518 -364.69428740762174
-962.1578327593952 -362.9959577205032
-962.0481663522869 -361.27652727387846
-962.0409211692959 -360.5891605498642
-962.0177199421078 -359.3862225892395
-961.9644273100048 -358.72370492242277
-962.0720665035396 -357.4398455502838
-961.9334570942074 -356.4571620108932
-962.2605422315746 -355.04666792176664
-962.6780522046238 -353.2122080209106
-962.8323458311706 -351.9961185338348
-963.2297282693535 -351.375246572718
-963.3580486951023 -349.83983342669904
-963.1118091223389 -348.3048601629585
-962.9693443951755 -347.5321127655357
-962.7550058243423 -346.728682327494
-962.9294501719623 -345.22303693316877
-962.8068505404144 -344.6654864432663
-963.0880245444923 -343.0952960135788
-963.2082178173214 -342.1761454822868
-963.1586027023941 -341.1824252488464
-963.0316813168674 -340.437914538607
-963.1949663636833 -339.8378367307037
-963.0427945432812 -338.2677969815582
-963.5366469500213 -337.4267392041534
-963.8661290285736 -336.5748598458618
-963.6209370074421 -334.9796104314178
-963.4033766267448 -334.11909984372556
-964.3113651750236 -333.11012493394315
-963.9768908498436 -331.95320438168943
-963.5720949349552 -330.10093210957945
-963.3375213322788 -329.13442038320005
-962.9068933901935 -328.4398194434494
-962.5044557032734 -327.67083035729826
-962.6473982361704 -326.78431485913694
-962.0403398898989 -325.3328058602661
-961.7867601839453 -323.98342643998564
-960.6074553457647 -322.72365127824247
-959.1817432371527 -321.3325009229034
-958.2874324647337 -320.3554834010452
-957.078625234738 -318.9362552049011
-956.5696266023069 -317.9335402133316
-955.8573237983137 -316.2879629018158
-954.5130027858168 -315.4303374173492
-953.2548851100355 -314.402573216185
-952.2903285948187 -313.62523340009153
-951.1287934509664 -312.379789102301
-950.1830218759924 -310.7338476064056
-950.422882008329 -310.05879097007215
-950.029174792543 -308.8970692636818
-949.6244675395637 -307.9601755621284
-949.9975331900268 -306.03416709922254
-949.8137458292395 -304.2431450369209
-949.4757151929289 -302.52464346908033
-948.7251716581732 -300.7302204849571
-948.2276725498587 -299.15324728511274
-948.1822346550971 -297.35826354049146
-947.4391723377257 -295.37007813476026
-947.0539379817992 -293.9624948980659
-946.6096942526847 -292.38980107329786
-946.6449291957169 -290.650591898188
-946.1080260527879 -290.0541375758499
-945.6102730882913 -288.64564501069486
-945.9830932868272 -287.02506576798856
-945.6459454847127 -285.2505886437744
-945.4831839156896 -284.20740340970457
-945.2003196728974 -283.3436012747139
-945.0838137520104 -282.6416035773605
-944.7186800492555 -281.7511878492683
-944.5299753797799 -280.1283545973152
-944.2626298917085 -279.04119591735304
-944.1106952977925 -277.84505622409284
-943.917278374508 -276.57536952517927
-943.8406083834916 -275.16179530642927
-943.9052638662606 -274.35297511838377
-944.5825886381417 -272.43411766313017
-944.0890140188485 -271.3306692721695
-944.6497349394112 -270.54009132407606
-944.078994597271 -269.79541610501707
-943.4026087177544 -268.2431068303436
-942.5060811889916 -267.64915345929563
-941.4623082531243 -266.00033353589475
-940.3231861246377 -264.93135606072843
-939.3358624828606 -264.3231351258606
-938.2284584892541 -263.5262351515144
-937.474927271679 -262.7632010462135
-936.7594331753999 -262.15152262471616
-935.9373445165902 -260.7212743642181
-935.5332485092431 -259.3973522069305
-935.5711174560338 -258.54250835202635
-935.5380521518737 -256.96234797261656
-935.139258871749 -256.32107787154615
-934.188957522586 -255.22795634292066
-933.4166539413482 -254.64537673018873
-933.7037677866965 -253.71961437486112
-932.9434975487738 -252.8526348950714
-932.2628411156684 -251.41558228753507
-931.5740087134391 -250.01406382344663
-932.0793470842391 -249.10302405379713
-931.5749479634314 -247.45490126632154
-931.2609746856242 -246.57065455935896
-931.3640292537957 -245.00746517203748
-931.4719140631705 -243.06321077369154
-931.0357928676158 -241.2066290857643
-930.5797217888385 -239.4386662723869
-930.2343444032222 -238.34472327254713
-930.0859649283439 -237.70162146113813
-930.9039812786132 -236.8296491982788
-930.5515140993148 -236.1926860692352
-931.0853187543898 -235.20765315316618
-931.0552431000024 -233.90288637898863
-930.4958339584618 -232.1812264802307
-930.6949083460122 -230.73502551339567
-930.3534198654443 -229.3523678662628
-930.65244838126 -227.7187749030441
-930.6135067296773 -227.0946386935562
-930.7390172136575 -226.12401973031461
-930.4522488964349 -225.3054585339874
-930.0517231477052 -223.40259503148496
-929.7187026692181 -222.46989195369184
-929.7028376413136 -220.76686613582075
-930.2153071714192 -219.77143197081983
-930.657409305647 -218.31989519618452
-931.3032115650922 -216.7849011900276
-930.7687191916257 -215.50457553885877
-931.3613164377957 -213.9835803987831
-930.9744444144517 -212.63603155635298
-930.6083194566518 -211.7401710035652
-930.6483154398948 -210.3074532034248
-930.5795553130656 -209.09436838649214
-930.1734837097674 -208.00623672030866
-930.9183912081271 -206.5519795896858
-930.4069145125895 -204.6596616985649
-930.7025632066279 -203.35773353599012
-930.6650865478068 -201.6793536426872
-930.4090761644393 -199.926985430941
-930.1357968551665 -198.0566763164848
-929.6606461507827 -196.22023336909712
-929.3701085848361 -195.30738668464124
-929.15811039038 -194.6584192993492
-930.0572141510993 -192.87857644580305
-930.695757876113 -191.08196465991438
-930.4625671608001 -189.30987911246717
-930.4272269708663 -188.6637881281227
-930.7403096956759 -187.53001670859754
