-1090.54 -312.31
-1088.6389077091217 -311.1200553750992
-1086.6569403791427 -310.49363201618195
-1084.6660786056518 -309.69187235593796
-1082.6744352960586 -309.22458278894425
-1080.6834165239334 -309.25252445176244
-1078.68535343647 -309.0438586784899
-1076.6884023332595 -308.80252915754915
-1074.7117928647995 -308.27920133009553
-1072.7316910409927 -307.7387201203406
-1070.7681750440597 -307.2713114632666
-1068.8561181211471 -307.08256006374955
-1066.8930811071396 -307.45272356405854
-1064.9387330198288 -307.09457114472985
-1063.1460487031936 -306.75949117675424
-1061.1720818662643 -306.718667255193
-1059.2352883005142 -306.22914128139615
-1057.27226749897 -306.00366862252355
-1055.3294159555435 -305.7467674179375
-1053.6297344350814 -304.87813188269735
-1051.954691567421 -304.7535207732022
-1050.3426291131973 -303.20534424617887
-1048.7483891630172 -302.06264548137784
-1047.4326585912704 -301.29297177627683
-1046.9213560009002 -299.3754195435345
-1047.1997392559051 -297.47775523498655
-1046.502441444397 -295.7735958559811
-1046.1744082057476 -293.94650726154447
-1045.5212967479229 -292.6659185154736
-1044.9294639909267 -290.9543790085614
-1044.3318772399425 -289.06111662223935
-1043.8426009202003 -287.16681234672666
-1043.3956688427925 -285.3879071934521
-1043.1201125764846 -284.2329434616864
-1042.7938491487503 -282.78053657844663
-1043.6419967794418 -281.2695492966473
-1043.300062545538 -279.40027158096433
-1042.9703489923477 -277.7148017151654
-1043.0970077896118 -276.1313223107159
-1043.4881101334095 -275.00050382450223
-1043.0274841868877 -273.5861645205319
-1042.960910090208 -272.5240811569989
-1043.1770832920074 -271.2183155281842
-1042.995009073019 -269.41144578292966
-1042.6566771948337 -268.1026987297833
-1042.6527940416336 -266.3913006050885
-1042.4545774543285 -264.4847263558209
-1042.5759579622745 -262.66507630184293
-1042.366323956251 -261.5815747244656
-1043.3449284517765 -260.7469001276791
-1042.8774832570552 -260.0763718946278
-1042.5005349600315 -258.2319662435353
-1042.7550285243988 -256.87099920347333
-1042.6625136369466 -255.1645090444386
-1042.3878211909532 -254.00707577303052
-1042.1370992296934 -253.02381728723645
-1042.365294777751 -251.19138930872083
-1042.5495680952072 -249.60411356523633
-1042.2086824262142 -248.56515024736524
-1042.0293513023853 -246.70008097723127
-1041.999833830595 -245.98481844499707
-1042.6334441387653 -244.62002776697278
-1043.0684129679203 -243.0796737535298
-1042.6662163221836 -242.13237510755658
-1042.6305222594738 -240.5406249625981
-1043.2159616434574 -239.76194094255567
-1043.9840725147724 -237.81040571764112
-1044.0359588088095 -236.50091360643506
-1044.427643162161 -234.55891774728894
-1043.7293956698477 -232.69902943208814
-1043.0615514935553 -231.43520246580243
-1042.5517873586714 -230.58270214632154
-1042.0536490501463 -228.71923683717847
-1041.5783702851832 -226.84107087686658
-1041.1480996729433 -224.88791416719556
-1040.7705234409868 -222.95195470884443
-1040.3361727716028 -221.36660407617688
-1039.8671222747862 -219.44824455812574
-1039.1355435670912 -217.49563740327955
-1037.2237312616408 -216.49096249178052
-1035.2880637468397 -215.71051852539182
-1033.3330848039686 -214.72751300171018
-1031.3441874803602 -213.88108722999692
-1029.3639305652678 -212.97964631155133
-1027.4155360282957 -212.6821085973084
-1025.4834943832457 -211.663257317096
-1023.509720903784 -210.80265368655324
-1021.5104909957945 -210.70177638664842
-1019.5176771701872 -210.5026039941609
-1017.5236164154112 -209.83089850977063
-1015.5296040596068 -209.40532003477216
-1013.5446053566038 -208.9933969540894
-1011.5622244895994 -209.13506364956498
-1009.5864239753782 -209.60697454348207
-1007.5944791854918 -209.34144586458802
-1005.622083646208 -208.85582852497697
-1003.650571090132 -209.0774205340445
-1001.6716751874983 -209.26404750481248
-1000.064212423712 -209.4617041809857
-998.2355724395811 -209.53079818323255
-996.5289791645109 -209.19643359020353
-994.7114525856077 -209.78417794540525
-992.8101187767088 -209.27077512577176
-990.9607628406584 -209.12325668469072
-989.4993815244734 -208.997071505934
-987.944607001692 -209.37585032120347
-986.8672652067244 -209.4381613446772
-985.7717805923521 -210.18992480769754
-984.2769970716536 -210.21469405800104
-982.7162505210936 -210.2694935029745
-981.9628835143149 -210.94983587920666
-981.2059103669226 -211.1479175066948
-980.1452867211401 -211.40722381830216
-979.363204640299 -210.69219040632248
-977.8936685742437 -210.06535732507706
-976.0761558236181 -210.1781717067957
-974.739282053858 -210.40715081751347
-972.8903860272467 -209.45649464190006
-972.3186938585341 -209.0670190578699
-971.5742697538435 -209.26002304017544
-970.7677682460844 -207.9549036449194
-969.8512060464918 -206.81091694295407
-968.7310828985273 -205.74263684213162
-968.5833554090559 -204.3393942540884
-968.4862246038019 -203.58484284341336
-967.8322818996012 -202.54182366788388
-968.1807344974577 -201.87929264962673
-968.4771841289103 -201.24479047715664
-968.6626326562464 -200.64480148017407
-968.8727342011034 -199.64185295760632
-968.175712955147 -198.53706596553326
-967.9731370182335 -197.59784911334515
-967.9317063809931 -196.2964603728056
-967.3335639359057 -195.16385470092297
-966.7132305623591 -193.3477321690321
-966.9607026697695 -192.2384233301878
-966.5118657471239 -191.53869919240475
-966.9367292644083 -190.0051325982809
-967.4152456642687 -189.13502900063992
-966.9467788757383 -187.25586144387722
-966.3757077874243 -185.53547708451748
-966.1583849014341 -183.57975856721401
-965.645314258486 -181.72862045228482
-965.0227953614294 -180.67244402825833
-965.0750075140595 -178.94948856294155
-964.4950863876938 -178.1091422265768
-964.1269585648179 -176.84117583692074
-963.8987834313511 -174.8678687041998
-963.7433501341939 -172.89511374890805
-964.0344029524922 -171.0284550613165
-963.5085269072651 -169.8972614234686
-963.1069434443116 -168.78022496163845
-962.6144276717305 -166.86582056939602
-961.9504660227894 -165.28738467156887
-961.4925161460042 -163.41746704041958
-960.3996591427922 -161.5093092149496
-958.5044977524876 -160.54483930528164
-956.5968060353398 -159.87496869027615
-954.6899506905675 -158.87050692498684
-952.8177684405446 -158.19961862027645
-950.9127865889668 -158.55134774506092
-949.6544285872578 -157.96151663124562
-947.7271662810444 -157.85940621554852
-946.0086098769307 -157.1779655045271
-944.0328720667958 -156.45839647710324
-942.0655742743611 -156.46825517755002
-940.1091130831837 -156.30490320961923
