-1090.54 -312.31
-1089.4251432800293 -313.0123249268532
-1087.5522512578964 -313.48105662822724
-1085.7334469938278 -313.7769454097748
-1083.8012258195877 -313.4071072912216
-1081.9304682397842 -312.96271133184433
-1080.0119247817993 -312.3278463459015
-1078.127777376175 -312.60855903983116
-1076.2277040863037 -312.8864772593975
-1074.3188188457489 -313.49740329146385
-1072.6919045829773 -313.552346405983
-1070.750732460022 -313.0879695391655
-1069.0964333200454 -313.56061494112015
-1067.2837022924423 -313.4365019774437
-1066.5420560026168 -313.34904028981924
-1065.6070122504234 -313.06845574587584
-1063.7616607928276 -313.0338409742713
-1062.629732825756 -312.79527962714434
-1061.8648181343078 -313.1304832151532
-1061.0924151325225 -312.5118024995923
-1059.3380655431747 -312.6468262127042
-1058.3858008766174 -311.96095848590136
-1057.1415770435333 -312.04670653253794
-1055.3495191717147 -311.21864399820566
-1053.7663141870498 -310.60159120470286
-1052.1382381105423 -310.34392044454813
-1050.1886874818802 -310.32980970054865
-1048.4527575159073 -309.5622526755929
-1047.7992552304268 -309.247690295279
-1046.3340271496772 -309.063030218184
-1044.3795503163337 -308.84156124800444
-1043.2382988715171 -308.3278250595927
-1041.2980730319023 -308.1632267585397
-1040.171596505642 -307.9560783556104
-1038.8173422598838 -307.4544335654378
-1037.1849565291404 -307.1203861287236
-1035.416260817051 -307.9937696507573
-1033.7393854641914 -308.05782878905535
-1032.146626689434 -308.3268947055936
-1030.6043352866172 -308.5476649156213
-1028.6198847079277 -309.1381993046403
-1026.7695930981636 -309.8650107136369
-1024.8728242897987 -309.4423959901929
-1023.4577436232566 -308.64799857646227
-1022.2332052969932 -308.02626783162356
-1020.9590303683281 -307.38742208987475
-1019.283007004261 -307.3930204412341
-1017.5417006993293 -306.82516854017973
-1015.6689115548133 -306.55626841396094
-1014.4710140013694 -306.8310077390075
-1012.5625557684898 -307.0549005767703
-1011.0631143832206 -306.43858574837446
-1009.4335943245887 -305.7279695174098
-1007.975423195362 -305.2862855395675
-1006.8136638188362 -305.23348746210337
-1004.9434649729728 -305.05938007444144
-1003.197561480999 -304.8829968175292
-1001.9705116534233 -305.1537085673213
-1000.3566236281395 -305.9316289922595
-998.498868920803 -306.43323193997145
-996.5810124659538 -306.4382252892852
-995.3758501791954 -306.7110885283351
-994.4827456259727 -306.875654926002
-993.272235610485 -307.1338488957286
-992.3313650274276 -307.3711946955323
-991.0863443994522 -307.92837992817164
-989.4394047641754 -307.76866134017706
-988.0542226219177 -307.4741021296382
-986.3183017158508 -307.36544417351485
-985.575926759243 -307.02979530900717
-984.7745482707023 -306.7048617503047
-983.0671314978599 -307.5101404091716
-981.4026829981804 -307.833881547153
-980.2191548132896 -307.9662350317836
-978.3056576037407 -307.46539222210646
-976.8442919039726 -307.1249132952094
-976.1451506400108 -306.67708917468786
-974.2286689066887 -306.24555726855993
-972.460416533947 -306.1135800680518
-970.8405167841911 -306.0243936678767
-969.0767005467414 -305.81054224580527
-968.308011033535 -305.6646219691634
-966.4578603291511 -306.3953361710906
-965.0858357930183 -306.38465621083975
-963.2742416644096 -305.9523129364848
-961.4765529417991 -306.2583989402652
-960.2674741530418 -306.00406118243933
-958.5346388602256 -305.8231799504161
-956.9908833289146 -305.216606964767
-955.8216950678825 -304.7413138946891
-954.3831532979011 -304.40172477573157
-953.395365216732 -304.3507183095813
-952.1712547326088 -304.92826168745756
-950.8558927559852 -304.81679586082697
-948.933016397953 -304.68751703709364
-947.9755348348617 -304.27561496704817
-947.2299297237396 -304.6269533535838
-945.2945173168182 -304.4733598431945
-944.2098344945907 -304.5736830881238
-942.8061746740341 -305.1576091697812
-941.135722913742 -304.8351146033406
-939.8807380580902 -304.20561254531145
-938.7832144880294 -303.42084527522326
-937.1297483825683 -302.75602728635073
-936.2749807024002 -301.3697375705838
-935.422296025753 -300.1416159322858
-934.9532014513015 -298.59949881345034
-934.0376616501808 -296.83658892422915
-933.3938655638694 -294.8807457140088
-932.6494816327095 -293.4856724193692
-932.0571652436256 -292.5902254036069
-931.625611462593 -290.7106576612592
-931.7759318882227 -289.08200485020876
-931.6461857640743 -287.6502038887143
-931.1675216042995 -286.5250297239423
-931.8240404212474 -285.74445963412523
-932.1807712399959 -283.8771046450734
-932.1479696342349 -282.68927443534136
-931.8233724841475 -281.97525841504336
-931.6743775615096 -280.56239146500826
-931.2538175591826 -278.752625887692
-930.8113756486773 -276.95090383797884
-930.6287622460723 -275.6076584509015
-930.8466631481051 -274.90219790250063
-930.7679938459396 -274.18880892306566
-930.528939076662 -273.5068082860112
-930.5051551172137 -272.2483956864476
-930.4547247746586 -271.0661064437032
-930.0506930211186 -269.51515663176775
-930.1605509081483 -267.6655570319295
-930.546468810141 -266.49998093158007
-930.0181572595238 -265.54290998488665
-929.771074757874 -263.7154985716939
-929.9756691911816 -262.2965815117955
-930.4822289207577 -261.1925405314565
-930.4596000695228 -259.7821252396703
-930.2211706125736 -258.72416139155627
-929.5627153003215 -258.0239457538724
-930.1779871070385 -256.9566108635068
-929.5138595187664 -255.00053471833468
-929.5321746104955 -253.96803218632937
-930.1282006138563 -252.3695884397626
-930.650170289874 -250.46078366547823
-931.135506593585 -249.72012985259295
-931.4173413747549 -247.86262429267168
-931.1635377937555 -246.25396180659533
-930.309189491868 -245.36862898379565
-929.9514411026239 -243.77681494265795
-929.3586559230089 -241.7980647137761
-928.9759997957945 -241.01554132014513
-928.9478899770975 -239.9166635325551
-929.3198893004655 -238.79658198863268
-929.6046335631609 -237.25388825446367
-929.5289681264758 -236.34895712643862
-929.170033455789 -234.70053750783205
-929.0283706495165 -233.1893397024274
-928.4325316259265 -232.12138122826815
-928.9326529809832 -230.3006176403165
-928.955303863585 -228.71129006654024
-929.2317729750275 -227.05927056580782
-929.4494731733203 -225.7862040451169
-929.5010979296267 -224.47459584981203
-929.4417684012651 -222.60343081265688
-929.4131823004782 -221.9014622619748
-928.9313797475397 -219.95251614362002
-929.2322357417643 -217.99218732625246
-928.6499791266024 -216.82731944829226
-929.1710728527605 -216.0921095660329
-929.3262044610083 -215.44989842683077
-928.7459805430472 -214.18178338319063
-928.3195671261847 -213.14084834367037
-927.8614735426008 -211.4266511848569
-928.4335345448553 -210.41682023316622
-928.1941681177914 -208.91487473756075
-928.0907683344185 -207.08944064885378
-928.0340108098089 -205.80314404278994
-928.5748305739462 -203.99432570248842
-928.7015757830441 -202.2460555484891
-928.4015658767521 -201.39288467675448
-929.0272661121189 -199.9305779388547
-928.675754097253 -198.46425694733858
-929.286583212167 -197.56609273463488
-928.9363914103806 -195.92124677211046
-929.3566348822415 -194.64316475898028
-929.0543250711262 -192.74370420485735
-928.2840670616924 -191.0922509482503
-928.0180489690601 -189.13411212474108
