-1090.54 -312.31
-1088.6798174762725 -311.114962515831
-1086.7565398597717 -310.2134258723259
-1084.9602731847763 -309.44324731588364
-1083.0612618112564 -308.8736863708496
-1081.2419826173782 -309.20161413908005
-1079.473121085167 -309.0332087254524
-1077.9637773418426 -308.7106827175617
-1076.243221321106 -308.1707898056507
-1075.1169243240356 -308.08667996287346
-1073.6622964525222 -307.9452966427803
-1071.8306118631363 -307.7573265558481
-1070.2348140859604 -307.02568162739277
-1068.3072334909439 -306.73733527719975
-1066.3671626234054 -306.09942908346653
-1064.4358376646042 -305.47066981852055
-1063.0024247550964 -304.94472183048725
-1061.0433166408538 -304.5073603516817
-1059.1120574855804 -304.0838353461027
-1057.394896068573 -303.7859229272604
-1055.5069454097747 -303.4485029107332
-1053.6894958400726 -303.0454354709387
-1051.9929243707656 -302.49086604774
-1050.0481288814544 -301.5710637396574
-1049.0391581439972 -299.71873639285565
-1048.2635082387924 -297.83445571124554
-1047.5715784215927 -295.894661051631
-1047.0115030193328 -293.9552955454588
-1046.4939287090301 -292.17888782680035
-1045.7836857819557 -290.21335135161877
-1045.1486272001266 -288.4911601370573
-1044.6748972320556 -286.74537716567517
-1044.4261786276102 -284.7627096003294
-1044.7780732446909 -283.34628496825695
-1044.3018272155523 -282.17214677989483
-1044.2596226716041 -280.88027535140515
-1044.2803167784214 -279.30008648097515
-1044.200496354103 -277.588514072299
-1044.866159775257 -275.8462436026335
-1044.3003737711906 -274.02280197799206
-1044.4577332818508 -272.7577478712797
-1044.6564137125015 -270.9063168591261
-1044.4704653257131 -269.0528811043501
-1044.097413622737 -267.7275793379545
-1043.861468025446 -266.09027276694775
-1044.0702502959966 -264.29193614184857
-1044.127374061346 -263.0591498440504
-1044.6603648149967 -261.97479901969433
-1045.155502655506 -261.1171388453245
-1044.9823839747905 -260.4771791523695
-1045.2045918488502 -259.25643537700176
-1045.8217979454994 -257.83899162471295
-1046.3881313586235 -256.04942725360394
-1046.4052413263917 -254.18935058772564
-1045.6571323433518 -252.9469593590498
-1045.5503785172104 -251.64366076648236
-1045.1524069467187 -250.45674489200115
-1044.8065971294045 -248.719364387393
-1045.0776219525933 -246.7971300905943
-1044.9103102990985 -245.1348416632414
-1045.0526420333981 -243.32531068980694
-1044.4973057964444 -241.4005737131834
-1044.5813813963532 -239.84117482364178
-1044.356279567778 -237.93887947261334
-1043.8905368605256 -237.00975213706494
-1043.464129076302 -236.01814327895642
-1043.8049155929684 -234.5122214382887
-1043.6840363302827 -233.01814423263073
-1043.3065263786912 -231.06136403739453
-1043.0544766643643 -229.14714990317822
-1042.8193790772557 -227.31844006240368
-1042.849697277844 -225.53831277549267
-1042.5568157890439 -223.88625715434551
-1041.2789544323086 -222.09854398429394
-1039.3865002849698 -221.14978943526745
-1037.4110097149014 -220.2395532554388
-1035.4256687620282 -219.44382516801357
-1033.7182164648175 -218.7529964274168
-1031.7891316869855 -218.1514665311575
-1029.8169630029797 -217.6321839517355
-1028.3383185127377 -217.17959685385227
-1026.3755950191617 -216.70526005089283
-1024.4150184848904 -215.97782934963703
-1022.6878723362088 -215.39194716274739
-1020.7724982956051 -214.86456329882145
-1018.9845163086056 -214.39539824187756
-1017.6139376619458 -214.01971082150936
-1015.7126354435086 -214.25448560476303
-1013.8969344356656 -213.83960592508316
-1011.9519361713528 -213.4911165213585
-1010.8405564287305 -213.18372305989266
-1009.1203897455334 -212.91561832785607
-1008.303581700623 -212.99854254484177
-1006.4912135460972 -212.87724500656128
-1004.6112279751896 -212.65391152858734
-1002.8947075465321 -213.02998167037964
-1001.1570886233449 -212.76189970731735
-999.4969488242268 -212.9531901305914
-998.1796091654896 -212.78062669694424
-996.271691069901 -212.6022266572714
-994.7034096577763 -212.47014136373997
-992.9363636830449 -212.26149184763432
-991.7529127457738 -212.80820472300053
-991.0264507988095 -212.7033176547289
-990.1325362184643 -212.5022331005335
-988.7743217208981 -212.86507673323155
-987.8089476087689 -212.78462125122547
-986.3492033937573 -212.54281086981297
-985.4743721941113 -212.49897332251072
-984.2768006780743 -212.7554277008772
-982.5576010206341 -212.6589088267088
-981.3164245346188 -212.54561631143093
-979.6674522617459 -212.62869013607502
-978.8321700552106 -212.34187818825245
-977.2505802372098 -212.21180020034313
-975.432033226788 -212.94452188670635
-973.8532562711835 -212.68084244191647
-972.1667483308911 -212.42174465715885
-971.4296882012486 -212.9841769462824
-970.8292679050564 -212.69491787016392
-969.2426788070798 -212.47471157968045
-968.2253047683835 -213.0583078688383
-967.4002399900555 -213.22395132243633
-965.4904971578717 -213.9828399246931
-964.6987376669049 -213.80430367350579
-963.5392346838116 -213.2894932305813
-962.5445227482915 -213.1415408229828
-960.7184014180302 -212.97269844770432
-959.701163277924 -213.0559325119853
-958.5417272904515 -213.4717455109954
-957.034404502213 -213.37192626804114
-955.405669555962 -214.1528515419364
-954.0285825589299 -214.04041363805533
-953.3945451238751 -214.0492500154674
-952.1703564384579 -214.39043299242854
-950.5539838531613 -213.8266414193809
-949.0331843355298 -213.38116044685245
-947.9548556068539 -212.95863796159625
-945.9929166296124 -212.76031092688442
-944.3642343738675 -212.7460953234136
-942.7014514663815 -213.52776255592704
-940.7959845522046 -213.89087303861976
-940.0320426681637 -213.360705101341
-938.2687112548947 -213.59643038496375
-936.9135798671841 -212.5910395024717
-936.2911390522122 -211.18310722097755
-935.2087798574566 -210.00072427973151
-934.242867038548 -208.0537018416822
-933.7802116134762 -206.47238966211677
-933.1336380699277 -204.72611149534583
-933.0703268060088 -202.84553965315223
-933.0397554924339 -201.1199220059812
-933.6261441399902 -199.23472794279456
-933.9854635288566 -198.28326221689582
-933.2462901165336 -197.00047274813056
-933.0312130441516 -195.50386580213905
-933.1706149866432 -194.80527933821082
-933.4322107126563 -192.88131960615516
-933.4018837539106 -191.73038574442268
-933.5761643824726 -189.80670186266303
-933.2719144699722 -188.99993427976966
-933.5077872452885 -187.29968687281013
-933.0603330609947 -186.2516678212583
-933.1273441342264 -184.4228173135221
