-1090.54 -312.31
-1088.5486135864257 -311.68947845458985
-1086.8536233091354 -311.16411190986634
-1084.9659186983108 -311.03675113379956
-1083.304791727066 -310.7071490710974
-1081.4757752799987 -310.3918157941103
-1079.5990780973434 -309.9966924315691
-1077.6727177286148 -309.65609647095204
-1075.75695125103 -309.33635119855404
-1073.9265562677383 -309.59544495999813
-1072.4781009340286 -309.27024940907955
-1071.047024526596 -308.9889171844721
-1069.1488823080063 -308.7370664602518
-1067.833886065483 -308.4905986016989
-1066.4043498420715 -308.39536641299725
-1064.5376501464843 -308.9831040328741
-1062.6799273872375 -309.2224615639448
-1060.8288876199722 -308.8522071069479
-1059.1659202957153 -308.5500226145983
-1057.6357486629486 -308.0981976515055
-1056.1049762153625 -307.7664116150141
-1054.122741498947 -307.48061437666416
-1052.1557972812652 -307.33956849336624
-1050.4321160697937 -307.1813131248951
-1048.6689806365966 -307.34420928120613
-1046.8132707262039 -307.1547852432728
-1044.9738127374649 -306.8500038063526
-1043.7618717336654 -306.9679346358776
-1042.031707086563 -306.8472127890587
-1040.336930193901 -306.8325990116596
-1038.6080598020553 -306.9315415149927
-1036.7715834760666 -307.63300604879856
-1034.997258939743 -307.28930140793324
-1033.2177288913726 -307.0498631721735
-1031.9914133930206 -306.96383003652096
-1030.1841423892974 -307.58332459390164
-1028.4287820243835 -307.8106394982338
-1027.0029324674606 -308.593186852932
-1026.0796338701248 -308.25923955202103
-1024.2654650592804 -308.79023849725723
-1022.7841214323043 -308.96012580156327
-1020.999161400795 -308.86132227391005
-1019.4951908969879 -308.47909336298704
-1018.5010509872436 -308.2816187939048
-1017.3016680860519 -308.4683071127534
-1016.4476837301254 -308.23829190939665
-1014.5312213087082 -308.73519115656615
-1013.0331067228317 -308.4678423604369
-1011.1630517625808 -308.3604094287753
-1010.4025438809394 -307.88662170380354
-1008.570874311924 -307.41870849341154
-1007.4559515500068 -307.45389561861754
-1005.8450118088722 -307.1805206438899
-1003.9887131237983 -306.83869691699743
-1002.2699979329109 -306.82222341507673
-1000.6400844836235 -306.9812679937482
-998.8173229479789 -306.9377636960149
-997.204810359478 -306.63612404972315
-996.5034880423545 -306.9339382401109
-995.4573822999 -307.8908426514268
-993.5446407580375 -307.5692744603753
-991.6363581204414 -307.16491190105677
-990.0598614001274 -306.86023474246264
-988.2500297808647 -306.7014604857564
-986.9620672249794 -306.8904821625352
-985.3336769127845 -306.7414324632287
-984.1792551064491 -306.4405842772126
-982.7557543301582 -307.45503744989634
-981.4878787779808 -307.82090029627085
-980.5577460908889 -307.9750364473462
-979.0590207958221 -307.60382891207934
-977.390618481636 -307.9243647506833
-976.3756674909591 -308.05277586489916
-974.6873578214645 -307.98530734092
-973.6491547012329 -307.85271333664656
-971.6869378471374 -307.44517843931914
-969.7804072284698 -307.03787364572287
-968.1735532665252 -306.8819614252448
-966.6582425022125 -306.8021085163951
-966.0215254807472 -307.6817403933406
-964.4774955296516 -307.935729881227
-962.6224046730995 -307.78164607793093
-960.6968560004234 -307.3832468441129
-959.0547380232811 -306.9729898622632
-957.1305329585075 -306.48493046075106
-955.2219247603416 -305.65983540326357
-953.5294694685936 -304.6136539629102
-952.3680691504478 -303.8743385723233
-950.9840543055534 -303.1315195015073
-949.4679717803001 -302.34810478001833
-947.6816327357292 -301.4355750730634
-946.5299137616157 -300.9299749186635
-944.9323333287239 -300.09339917212725
-944.550557949543 -299.02994227916
-943.5779974842071 -297.5318272164464
-942.6569903874397 -295.99288034945727
-941.6942136073112 -295.06261456519366
-941.0726441526413 -293.5707267573476
-940.890505977869 -291.9603747180104
-940.7462346488237 -290.1019307425618
-940.8963110083341 -288.5709559968114
-940.2425156468153 -287.5591015866399
-939.7522589498758 -285.93989050894976
-940.1091020041704 -283.9781335642934
-939.6886610025167 -282.3379317572713
-939.3149684005975 -281.560600643456
-938.9623259538412 -280.3529359152913
-938.6148326927423 -278.65021753817797
-938.6164061659574 -276.8363826325536
-938.219165199399 -275.82385182887316
-937.9125665360689 -275.16155714303255
-937.8601803416013 -273.9040073803067
-937.788437359929 -272.050607149899
-937.5397184425592 -270.9912145784497
-937.8135329121351 -269.45235699921847
-937.5193560653925 -268.07454616338015
-937.3127021723985 -266.6281561306119
-937.3642641836404 -265.1915893009305
-937.6525515252351 -264.20343256503344
-937.7523549431562 -262.55698705226183
-937.7972132274508 -261.11300695449114
-938.5291075417399 -259.3546915104985
-938.0797024676203 -257.5341053059697
-937.2854063221812 -255.61700892955065
-936.1552161881327 -254.43236995249987
-935.6114680477976 -253.36363673716784
-934.6559875914454 -252.61546278506518
-934.307156176269 -250.87447143107653
-933.675491721332 -249.79092979937792
-933.1406511971354 -249.13382304221392
-932.5970186302065 -247.23864114791155
-932.3304765233397 -245.34120440989733
-932.47285638839 -244.28044260054827
-931.9959743776917 -243.1529414704442
-932.7414390006661 -241.9594475081563
-932.6108088949322 -240.0687245181203
-932.3809735783934 -238.7005990794301
-931.9189032325148 -236.77994895488024
-931.660417676866 -234.95029151946306
-931.4816880235076 -232.9828416159749
-931.7930927285552 -231.15753722697497
-931.9931800225377 -229.4199070981145
-932.4843995133042 -227.5879292538762
-932.0031169810891 -226.47542977839709
-932.4491889634728 -224.79449105769396
-931.962619767487 -223.1278932145238
-931.5616605141759 -222.18356669455767
-931.1862519541382 -220.79851234465838
-931.253909946382 -218.91107285529375
-931.5224216887354 -217.7510906508565
-931.13543287009 -215.99890840560198
-931.4130153664946 -214.3601495078206
-931.9410991677642 -212.4573838761449
-931.1801969417929 -211.00108433276415
-930.6997989425063 -209.56453705340624
-931.1637809285521 -208.05549026042223
-931.2911176392436 -206.38870406657458
-931.5950607070326 -205.4008228829503
-930.9820382007956 -203.8610452464223
-930.7394655802846 -202.70317817240954
-930.1164923766255 -201.7458690455556
-929.920499087274 -200.53251898795367
-930.4890885958075 -199.18342459708452
-930.4065348067879 -197.95793879538775
-930.1501460531354 -196.0928942015767
-930.5634609022736 -194.9555628350377
-931.0860353866219 -193.63080668956042
-931.1917616584897 -192.5170532515645
-930.803797648251 -190.85694540053606
-930.4623988726735 -190.22480977088213
-929.0931427338719 -189.51115996152163
-927.6710412362218 -189.02650487929583
