-1090.54 -312.31
-1089.1598592185974 -311.0184195613861
-1087.6815249109268 -310.5898493504524
-1085.8594924592971 -310.66173892974854
-1084.3638843679428 -310.7978332018852
-1083.2163726472854 -309.9148267483711
-1081.9362731361389 -309.69541039824486
-1080.258032836914 -308.70220425486565
-1078.4526871824264 -307.98294535040856
-1076.635671057701 -307.7677409029007
-1075.2359248781204 -307.3289690589905
-1073.487295665741 -306.8148435330391
-1071.9108698749542 -306.2539145922661
-1070.1167693519592 -305.7735491371155
-1068.4854278945922 -306.1777308857441
-1066.747272529602 -306.25018545001745
-1064.9940127515792 -305.75821973890066
-1063.2628281497955 -305.8342529064417
-1061.3819795036316 -306.1786997741461
-1060.4062889003753 -306.43748159468174
-1059.421213903427 -306.0537611967325
-1057.5975808286667 -305.7199451750517
-1055.8116337442398 -305.0460478490591
-1053.9468278074264 -304.26529244840145
-1052.4764989995956 -303.07273153722286
-1050.8337777042389 -301.7308006709814
-1050.2486275815963 -300.2262936061621
-1050.3243872904777 -298.431067032218
-1049.5035440707206 -296.60429672658444
-1049.5646905237436 -295.18758396565914
-1049.6002152198553 -293.2948580211401
-1049.3000917369127 -292.52629475057125
-1048.6561219626665 -290.85670701920986
-1048.2927136951685 -289.29355565965176
-1048.0960529828071 -287.52259151399136
-1047.6368912243843 -285.9278486198187
-1047.3491682195663 -284.85632256925106
-1048.0867444062233 -283.1321725076437
-1047.7146409535408 -281.1933172172308
-1047.643709027171 -279.758268994689
-1047.6087661767006 -278.417902392745
-1047.7973773115873 -276.4800180619955
-1047.760837984234 -275.4215807145834
-1048.0257271648943 -274.03072337567806
-1047.3116827727854 -272.2012460654974
-1046.9697004677355 -271.3281513875723
-1046.661082816273 -269.48823050916195
-1046.6000766055286 -268.2643357938528
-1046.175837327689 -267.0138817256689
-1045.904983331412 -265.1179966157675
-1045.7924036578834 -263.42668525636196
-1045.5849306331575 -262.2258449023962
-1045.6042595253884 -261.33176658809185
-1046.0334461079538 -260.1944802826643
-1045.9896844373643 -258.6575257605314
-1045.7120401905477 -257.4890416687727
-1045.8155501829087 -256.58070669829846
-1045.9708020882308 -254.965800268054
-1045.8157944129407 -253.5244111841917
-1045.5520910070836 -252.21340285003185
-1045.1690192566812 -250.32784448325634
-1045.1532110618055 -249.55495773017407
-1044.8924809740483 -247.93053374946118
-1045.5076865004003 -246.11215279757977
-1045.1660908208787 -244.968631965518
-1045.052264009565 -243.1809360808134
-1044.9146136687696 -241.47919581592083
-1044.7670965240895 -240.64900122344494
-1044.807978336662 -239.01372252166271
-1044.4978089676797 -238.27578101813793
-1044.3483990775048 -237.23515008151531
-1044.4020928786695 -235.60125754535198
-1044.9436641977727 -233.9715854948759
-1044.7084850864112 -232.48085759341717
-1044.7402417854964 -231.53561590373516
-1044.5079173342883 -229.82796083152294
-1043.9501153723895 -228.81130359828472
-1043.3603035108745 -227.5510215586424
-1042.9135400550067 -226.5485699003935
-1042.4769069449603 -225.07217429339886
-1042.032196392268 -223.67042265594006
-1041.506936480254 -222.10479365050793
-1040.4382356898486 -220.63067100703717
-1039.0466801421344 -219.9475014036894
-1037.3066667811572 -219.08530972659588
-1035.473637510985 -218.94456837832928
-1033.8941482798755 -218.0666168755293
-1032.0993236796558 -217.63128189504147
-1031.3869112031161 -216.86625794827938
-1030.1257437960803 -216.7555433189869
-1028.6737638013064 -216.24796375393868
-1026.7211781041324 -215.71375635027886
-1024.7636816994846 -215.4958552545309
-1023.4335811631381 -215.59894176334143
-1021.9164314763248 -215.40695851057768
-1020.823804308623 -214.9554353556037
-1018.9477669493854 -215.45402183145285
-1017.1812135474383 -215.12696467846632
-1015.363416840285 -214.6439240476489
-1013.8249897257983 -215.10713916033507
-1011.9251155154407 -214.87314965337515
-1011.0061766402423 -215.1698816022277
-1009.8697751061618 -215.50532533735037
-1008.4458358781039 -215.67607875674963
-1006.9614315526187 -216.00164838641882
-1005.5284548299014 -215.9484481601417
-1003.9194837109744 -215.42950312182307
-1002.48848312065 -215.80055249616504
-1000.9362668292224 -215.29140032216907
-999.8709527747333 -215.35325168952346
-998.2013351218402 -215.99900531157851
-996.2361361281573 -216.30753951653838
-995.4467269675433 -216.45684204384685
-993.8463573949039 -215.97330434009433
-992.595806171149 -216.3274222998321
-990.6566346184909 -216.55381203576923
-989.762925376147 -215.86003483220935
-987.870579470843 -215.67905555054546
-986.8435766594112 -215.94472662493587
-985.4223629133403 -215.76594618842006
-983.7452998058498 -216.09585765883327
-982.6937639610469 -215.64747152611614
-980.8664193050563 -215.83883971855045
-978.9777845041453 -216.18003434821964
-978.0713230268657 -215.8361422507465
-976.3490990297496 -215.9852544157207
-974.8967754738032 -215.86567306652665
-973.2099715368449 -215.44208264485002
-971.3675683633983 -215.30065521731973
-970.5594369070232 -214.79939064517617
-969.1740432874858 -214.2950105382502
-967.8504514591395 -214.50248316064477
-967.3048601643741 -213.61766508355737
-965.6630764500796 -212.84506580367685
-964.5430841939151 -211.94223258033395
-963.3226653830707 -212.1560501767695
-962.4954723016917 -211.41028234496713
-961.8037080661952 -210.82442310586572
-960.8295117513835 -210.16936734452844
-958.9748216764629 -209.48005214467645
-957.4578367368877 -208.76531884208322
-956.0787249700725 -208.63932465150953
-954.9725732700526 -208.09381012752652
-953.5222082035243 -208.2153008146584
-952.2699563400447 -207.5199028415978
-951.6290294425189 -206.72116638854146
-949.9410454528033 -205.79373057320714
-948.9918702737987 -204.97399337723851
-947.8590673105418 -204.27929778531194
-947.1971458093822 -203.4915090365708
-945.5243539707362 -202.6306678815186
-944.0225360290706 -202.15760968759656
-942.8326387302577 -200.3872370584309
-942.0913559095561 -199.35608135297895
-941.4611218468845 -198.3616604669392
-940.9230974809825 -197.2624733312428
-940.7195563213527 -195.89955543115735
-941.2236471669376 -194.3480560643971
-941.4363147960603 -192.50243638589978
-941.1188705311715 -191.22153805330396
-940.5544928656518 -190.15898870065809
-940.5794623465836 -189.22061859205365
-940.0827840538323 -187.75403295591474
-939.9214236707985 -185.97397421434522
-939.8787103416025 -184.02813409402967
-940.1248701782524 -183.38880442216993
-940.179847189188 -182.29084633424878
-940.337139018774 -181.52815733984113
-940.6002683126926 -180.02118562296033
-940.3351267063617 -179.313187764436
-939.9367950940132 -178.33783035114408
-939.7905877166986 -176.4994419081509
-939.9890544348955 -175.00009076431394
