-1090.54 -312.31
-1088.7084619188308 -311.34119826316834
-1087.2259346628189 -310.5571593618393
-1085.3635832452774 -310.5825210338831
-1084.013398566246 -310.29768778145313
-1082.145781674385 -310.35105470329523
-1080.7591569805145 -310.35034020006657
-1079.7751239323616 -309.6199548369646
-1077.9786103749275 -310.1421676403284
-1076.2014297032356 -309.8573568588495
-1074.277267076969 -309.566882712245
-1072.459930756092 -310.11804835259915
-1070.9352044844627 -309.4235343760252
-1068.9581624054908 -309.65380036592484
-1067.407655813694 -309.1307612633705
-1065.534090616703 -308.9839592552185
-1064.5469779753685 -309.26586919784546
-1062.6370448851585 -309.41828202962876
-1061.1015683197975 -309.5417165285349
-1059.1166897797584 -309.53781049110927
-1057.5883781695366 -309.9191467628721
-1055.8807858014106 -309.5355846748594
-1054.1114781880378 -309.0428794787172
-1052.7494393372535 -308.55042056896724
-1051.4570884490013 -308.6283085510973
-1049.9185559535026 -308.651065507615
-1049.1452565574646 -308.9923170299176
-1047.645696439743 -309.1393622697238
-1046.4079386377334 -308.5602005661372
-1045.097943701744 -309.142146104658
-1044.3272009277343 -308.7346021474246
-1043.0585245275497 -308.90146014996805
-1041.788201727867 -308.906154835308
-1040.2358781480789 -308.72959669836797
-1039.1382494354248 -309.4065951944236
-1037.5835888767242 -308.9416383446101
-1036.7461529755592 -309.4512302220706
-1035.3107279324531 -309.3943165295664
-1033.6054712319374 -309.55021992855706
-1031.6558564686775 -309.6694612556044
-1029.7439147019386 -310.20352095895447
-1028.5228833937645 -310.3620683156792
-1027.304675438404 -309.95065628522076
-1025.8319324040413 -309.9091014095489
-1024.0324502968788 -309.20224688732065
-1022.6166384005546 -308.9661432334129
-1021.3275475287437 -308.6013898380939
-1019.5579323554039 -308.25975145184435
-1017.8885185503959 -308.8877216705028
-1016.2832290911674 -308.77921869390644
-1014.3878388190269 -308.35294955008663
-1012.5540931010246 -308.92375462287106
-1011.2119254851341 -308.3824159406964
-1010.0192978167534 -308.6576218509022
-1008.2618499779701 -308.7540979512874
-1007.4801969909668 -308.4459574350063
-1005.8894524955749 -307.9903858431522
-1004.3869854593277 -308.13242405437865
-1002.5282599115371 -308.50765436672606
-1001.1055463933944 -308.09565505170264
-999.6548942708969 -308.3793996252958
-997.8676351690292 -308.0780164279882
-996.2506407880783 -308.80496880196966
-995.400611796379 -308.9279949196521
-993.5511693143844 -308.584818882579
-991.9770599985122 -308.7472506143991
-990.1330453538894 -308.3453143217508
-988.1788980150222 -307.9819484331552
-986.7310208463668 -308.0803471558634
-986.0944405579567 -307.9003049337212
-984.3887240672111 -308.75486763351597
-983.3037100815773 -308.8735193141643
-982.3943159365654 -308.4537122079078
-980.6579968714714 -308.0493782886211
-979.5678829932212 -308.0223508679215
-977.8721422934532 -308.48675860994496
-975.9749024891853 -308.86283417575993
-973.998158314228 -308.14656700723805
-972.1240695500373 -308.30200349324383
-970.3756754183769 -308.48173687391915
-968.9985425257682 -307.86998341017403
-967.2444065594673 -307.35497865610756
-966.0850873970985 -307.692300891215
-964.8405564808845 -306.9342169516627
-963.6353242182731 -307.3526892118994
-962.4974227929115 -307.2458958976809
-960.9932926678657 -307.0012865268532
-959.9308867239952 -306.6500844561402
-958.8553087496757 -306.2042815887276
-957.7355859065055 -306.0903918647114
-956.7594579839706 -305.38617824547924
-955.1776041173935 -305.6926995419804
-953.3385640764236 -305.7189327978436
-951.6314574861526 -305.84203656547703
-950.0580480480194 -305.3831155502144
-948.6535312318802 -305.104819139177
-947.5235402965545 -305.1702771090809
-945.6635437393188 -305.0526793205086
-943.8499917173385 -305.033249517614
-943.5735885882377 -303.5182887517754
-942.3251540446281 -303.3555157386605
-941.0103332781791 -301.89540567033924
-940.8802115404606 -300.7030233346764
-940.0330043518543 -299.07336487405934
-939.399919577837 -297.99438871973194
-938.9223567032814 -296.5636319124047
-939.0367514872551 -294.6771525346581
-938.65644500494 -293.32943870657124
-938.6361454883217 -291.71199764841236
-938.4956105658412 -289.94312717550434
-937.8931315848231 -288.8816063606087
-937.5579714486003 -287.2516929113213
-937.470531963706 -286.44020678632893
-937.8952268892526 -285.712340851957
-937.8822299409285 -284.77520181768574
-937.7144480216875 -283.66935302847065
-938.050884382762 -282.48214187257923
-937.545162098445 -280.7771529161278
-937.8849589991942 -279.2201312982384
-937.297350959815 -278.0707404815499
-937.3055959809199 -277.4796385371033
-936.6197231877222 -275.746115645105
-935.8130146134272 -274.16775878303685
-935.2177131045237 -272.54842551582493
-934.2236418593302 -270.75836022728123
-933.7190812695399 -268.9972272717301
-933.3116263020411 -267.2400754296128
-933.4914086330309 -265.98885293834843
-932.7649236786738 -265.3035057389084
-932.6627649832144 -264.2363022171799
-933.2396140265837 -262.2963920437638
-933.5496063399687 -261.06657703750767
-933.546607488729 -259.85177679889836
-933.4950948599353 -258.18417783611454
-933.6075145247951 -256.99095054500737
-932.7437563184276 -255.20103045337834
-932.5088204387202 -253.5523538195435
-932.81376009617 -252.25405224197544
-932.3678706232085 -250.42799802654423
-932.4732840153947 -249.12451048725285
-931.5315807554498 -247.6716107928101
-931.2354633602872 -245.7471599184815
-930.9090653154626 -245.10644092195668
-931.2353271040693 -244.1094928585831
-931.6053761932626 -243.0300867163483
-931.4930755514279 -241.55765779846348
-931.6598858702555 -239.8077259861771
-931.7499077934399 -238.37045570247807
-931.0535646099224 -237.3755195938889
-931.395240904726 -236.22705038421788
-930.761344971098 -234.70348687999882
-930.1422827262058 -233.55259927147068
-930.635531576313 -231.92855676048435
-930.7357300985232 -231.26611884468235
-930.3083843458071 -229.64267238014378
-930.3225803095474 -228.09650071495213
-929.8644196707382 -226.72158130043186
-929.4752377587929 -225.26729186409153
-929.7431358713284 -224.25248201721348
-929.5686487573757 -222.70061965816654
-929.6465969476476 -221.21371098392643
-929.3698973450437 -219.91741295688786
-928.9257481786981 -218.38851912849583
-929.4254114124551 -217.17525061004795
-929.111590394713 -215.5017677151505
-929.5057901236787 -213.91468425625004
-929.9627192709222 -212.2842931353394
-930.342789718844 -210.72776707046665
-929.9635919425264 -208.84597655170597
-930.138386616446 -207.0990873181168
-929.8161953780427 -205.98405977123417
-929.9958827886358 -204.9659235083405
-930.3529857489839 -204.12564524048008
-930.7895703408494 -202.68762083881535
-930.2146055791154 -200.76556678646244
-930.5561560783162 -198.99844284885563
-930.3786425534263 -197.828696926767
-930.8760416451469 -196.2945676647965
-931.4085189643874 -195.35069622629322
-930.8333708587661 -194.3958373271767
-931.5064125600829 -193.152735968763
-931.616188401319 -191.43575288885273
-931.5383771527186 -189.70231654279866
-931.4789922404661 -188.32476439111866
-931.5359605718031 -186.65056326025166
