-1090.54 -312.31
-1088.5727537059784 -312.9886173582077
-1086.6411941432953 -313.1832996284962
-1084.811112203598 -313.78635689377785
-1083.2311232471466 -313.48433020472527
-1081.336105980873 -313.51847798883915
-1079.9328191661834 -313.10411317408085
-1078.8716159248352 -312.73755050957203
-1077.9129109168052 -312.34129006922245
-1077.113044359684 -312.48101968824864
-1076.4047897839546 -312.4236805154383
-1075.5699773812294 -311.7964393211901
-1073.788091161251 -312.4087328030169
-1073.0657977247238 -313.0676492764056
-1071.1497856760025 -313.2800753428042
-1069.6170701169967 -312.628105135113
-1067.6578777217865 -312.8878084434569
-1065.9340467834472 -311.8492275489867
-1065.0162473106384 -311.46941363945604
-1063.4930792236328 -311.0130702866614
-1062.3560517215728 -310.41493624582887
-1060.5143146896362 -310.5108479870856
-1058.965844669342 -310.2952184690535
-1058.3793836021423 -309.81440577045083
-1057.1283420705795 -309.25437304511667
-1056.3095093154907 -309.07904859021306
-1054.8656962299347 -308.246553735286
-1053.2965190792083 -308.09763641789556
-1051.653116145134 -308.14874448016286
-1050.3314253473281 -307.83628930285573
-1049.8648437047004 -306.2670313282311
-1048.6938957953453 -305.9011097712815
-1048.1705783390998 -305.3366883559525
-1047.7149170720577 -304.6191151304543
-1046.6445826375484 -303.85566510394216
-1045.999343880415 -302.2263692779839
-1045.4841018402576 -301.6064677400887
-1045.3075429880619 -300.66085071995855
-1045.570141890049 -299.3965941233933
-1044.9955892944336 -297.9611388011277
-1044.7894208812713 -297.32249178126455
-1044.443173059225 -296.1875029964745
-1044.306403451562 -294.3368587656319
-1045.1738160187006 -293.6972642107308
-1045.4203496062755 -292.70100505784154
-1045.1533058965206 -291.86194975808263
-1045.4866833770275 -291.06623305514455
-1045.0515609765052 -289.5690800113976
-1045.2538338685035 -288.0549314184487
-1044.9857716941833 -286.84772469237447
-1045.0001466283202 -285.48594762519
-1044.868751169145 -284.7849270863831
-1044.7748628267645 -283.82829339936376
-1044.7977541097998 -281.9709633155167
-1044.2883874186873 -280.89749832585454
-1044.2450766721367 -279.01825423672796
-1044.6694781938195 -278.41581608489156
-1044.560442865789 -277.3152021332085
-1044.045089007318 -276.60397978261113
-1043.4543553003668 -275.77249916031957
-1043.7012371876835 -273.866098241359
-1043.9458160856366 -272.743863658458
-1044.1156549462676 -272.1087755127251
-1044.7683376082778 -271.1154820485413
-1045.0450381049513 -270.3270065946877
-1044.9924675235152 -269.161532895118
-1044.5805076369643 -267.2241058512032
-1043.9943522819876 -265.3858704729378
-1043.574568451345 -264.5872984094918
-1044.1942383655905 -262.8187902136147
-1044.0499148228764 -261.0462916059792
-1043.5182415702939 -259.3033111257851
-1043.4176756003499 -257.9671149416268
-1043.6549674132466 -257.2139367027581
-1044.415014849007 -255.54693998530507
-1045.0629336097836 -254.6174267692864
-1044.9411572524905 -253.14382960036397
-1044.9207876948267 -252.41124852135778
-1044.4402079013735 -250.70081360772252
-1044.3473230627924 -249.86641462281347
-1044.5730919269472 -248.20968695119024
-1045.0938012031465 -247.47769053414464
-1044.3740395931154 -246.32890863850713
-1043.77845484294 -245.1428567929566
-1044.292787316218 -243.5441646142304
-1043.8215995756536 -241.851667599231
-1044.5866661397367 -241.13314648106694
-1044.5271569592505 -240.27223529055715
-1044.1733574373275 -239.31652309134603
-1044.899884770587 -237.9663688106835
-1045.259387980178 -237.31251199677587
-1044.8033676547557 -236.40082986786962
-1045.2567658228427 -235.5483171506226
-1045.549810687974 -234.4097308678925
-1044.8216325444728 -233.20743258431554
-1044.638791675642 -231.43510921433568
-1044.9837486100942 -230.37536449864507
-1044.4066169214993 -228.4764442010224
-1044.3216196698695 -227.19418366387487
-1044.7083433074504 -225.96276290848851
-1044.5912480158358 -225.0152629776299
-1043.7360653085261 -224.48522879317403
-1042.2660781545192 -222.81266142562032
-1041.0841243667155 -222.61699636414647
-1040.3173317117244 -222.52634801104665
-1039.2633033198863 -222.16396145656705
-1037.540634552911 -221.31782369449735
-1036.4995540780574 -220.48319219186902
-1034.8877113265544 -220.8894021077454
-1034.2502479357272 -220.23038591578603
-1032.5274525684863 -219.91046439245343
-1031.26482711263 -219.4594970805943
-1029.5641563934832 -219.13058634236455
-1028.1783507866412 -219.2906348271668
-1026.8855665726214 -219.1404323144257
-1026.2810020846873 -218.6629924042523
-1025.2534735602885 -218.36742286518216
-1023.3028960628062 -219.10018627479673
-1022.5160004300624 -219.41665195062757
-1021.2565699023753 -218.77311419084668
-1019.481638590768 -218.700017721802
-1018.8064088029414 -218.15915551915765
-1018.1792695326358 -218.7827653004229
-1017.501330236867 -219.4235439015925
-1016.8893074793368 -219.52818037703634
-1015.0352864069491 -219.88486786320806
-1013.5289643806964 -220.41494138672948
-1012.5638306540995 -220.03533010318876
-1011.1274484796077 -219.80156350269914
-1009.4516152543574 -219.10591465368867
-1007.7037804526835 -219.72270560398698
-1006.8962617320567 -219.91177766159177
-1005.1442122859507 -219.42827858164907
-1004.4359929961711 -219.22628812626004
-1003.6170926494151 -219.74181126192212
-1002.9962373179942 -219.9713341756165
-1001.7561916512996 -219.41006602481008
-1000.5665879649669 -219.07679568365216
-999.5044002933055 -219.04720018565655
-998.4201103848964 -219.7990379756689
-996.5376353663951 -219.69245464861393
-994.9107504291087 -219.76912293344736
-993.7121150893718 -219.91036594420672
-992.3032032651454 -220.1499721905589
-990.5766312284022 -220.6320511302352
-988.6613489789515 -220.8454003533721
-987.8360820216685 -220.11053182691336
-985.8629481000453 -220.49081708997488
-985.1111406487971 -219.79156305402518
-983.6464966935664 -219.58497715502978
-981.6546338004619 -220.17361736804247
-980.3122713965922 -219.99403384834528
-978.6841760081797 -219.23874107509852
-977.8491746587306 -219.25729963690043
-977.2992502254992 -218.29512456566096
-975.9889501137286 -218.484321629107
-975.2503178519755 -217.47139052063227
-974.6186829013377 -217.9059411635995
-973.0494864387065 -217.49282363563776
-971.4585050744563 -217.37841384619475
-970.4773214263469 -216.7080796262622
-969.279882947877 -215.685138156116
-967.6263046664744 -215.93396632879973
-966.6199088496714 -215.2578762075305
-964.6836448115855 -214.61374532192946
-963.3047299785167 -214.39380114287138
-961.7229534787684 -215.04730396479368
-960.7971059484034 -215.0773228159547
-959.9447163743525 -215.5657875290513
-958.5131200952083 -215.09143290430308
-956.5553855103999 -214.85782924801111
-955.15985922046 -214.799055916667
-954.0142515105754 -214.77761597692967
-953.2908861441165 -215.10414866864681
-951.6815058989077 -215.05582076445222
-949.9567909044772 -215.47658163443208
-948.0400445265323 -214.75559640064836
-947.0062917274981 -214.78784665226937
-945.7876238626986 -214.02491023898125
-944.8465727371722 -213.64460876345635
-943.5884679359942 -213.12778618693352
-942.1014773649722 -213.38358106970787
-940.7181860012561 -212.79742905259133
-939.9689315361529 -212.46126368403435
-938.6375576061755 -211.13092759013176
-937.9298630160838 -210.4635013616085
-937.2664611143618 -209.60496815800667
-936.4026884836703 -208.6994229233265
-936.0281940502673 -207.55258878827095
-936.4556317133456 -205.62986322999
-936.5941292149573 -204.8300426876545
-936.2668565613776 -203.46809431672096
-935.5931038958579 -201.5431385910511
-935.1490932209044 -200.2360621368885
-934.7891363305598 -199.36425503849983
-935.0537013215571 -198.01711913704872
-935.0086789158731 -197.163963047266
-935.6435145167261 -196.3155711567402
-935.183341327086 -195.5978335416317
-935.5594086078554 -193.69872560858727
-935.1138404337316 -192.10421743750572
-935.1536572491377 -190.22250976920128
-935.1587932174652 -189.50026938080788
-935.214975125119 -188.8261911547184
-934.7757823532074 -187.93705764174462
-933.8485542600602 -187.2254055416584
-934.1003493433445 -185.61193176865578
-933.5958493118733 -184.143437114954
