-1090.54 -312.31
-1088.6340239429474 -312.5425365245342
-1086.6868822956085 -312.9559545791149
-1084.7519443416595 -313.0526459938288
-1083.2169670248031 -313.16596123337746
-1081.2904810094833 -312.8612354373932
-1079.4219262981414 -312.9985567754507
-1077.6119726085662 -313.63512371242047
-1076.0422827386856 -314.6225928491354
-1074.2366251134872 -315.89185993134976
-1073.0600153589248 -317.68239859998226
-1072.3436823272705 -318.3704727715254
-1071.525510110855 -319.39460204303265
-1070.7275145435333 -321.1515127247572
-1071.079817750454 -322.3552034920454
-1070.3248505973816 -323.7316399639845
-1069.941658207178 -325.2931669777632
-1070.2014052951336 -326.13858876883984
-1069.5943858110904 -327.3291773623228
-1069.233892121315 -329.190697414279
-1069.3080776789784 -330.022019726634
-1069.086550758183 -331.7137961214781
-1068.8225132384896 -332.80295322597027
-1068.3937620678544 -334.4447153633833
-1068.0810928204655 -335.6940413540602
-1067.8309586504101 -336.7630597180128
-1068.5073805311322 -338.23290799319744
-1068.420773819983 -339.5488962954283
-1067.9331042328477 -341.1855941838026
-1068.1328096994757 -341.8410539454222
-1067.7368744024634 -343.5205275839567
-1067.5045669981837 -344.68361089885235
-1067.1504028746485 -346.18560527026654
-1066.9744120845198 -347.4910209006071
-1066.999921978414 -348.54525147140026
-1066.768921584785 -349.8737459009886
-1066.916203559339 -351.66945968329907
-1066.9753640601039 -353.52429447829724
-1067.1399034121632 -355.0151272839308
-1067.2924429485201 -355.78824804484844
-1067.968082279861 -357.0422563380003
-1068.2922269710898 -358.4563795155287
-1067.8420746931433 -360.2389880245924
-1067.8346867346763 -362.0103813236952
-1068.1435074293613 -363.47384415328503
-1068.459574469328 -364.94184075057507
-1067.9440924608707 -366.30458257853985
-1067.306125589609 -367.42419193446636
-1067.1026837164163 -369.0182311362028
-1066.6598156923055 -370.4811265295744
-1066.697538369298 -371.9737404412031
-1066.1926397019624 -373.62049017608166
-1065.7435189419984 -374.7463637417555
-1066.1523553663492 -375.59621189296246
-1066.0222385758161 -377.0448744124174
-1066.2138869696855 -378.29953525722027
-1065.645489090085 -380.275813562274
-1065.1003715926408 -381.95240615069866
-1065.6150751644373 -383.15545831382275
-1064.845035367608 -384.1764710968733
-1064.613302835226 -385.59870837390423
-1064.0006661498546 -386.651205522418
-1063.7227197670936 -387.9432617253065
-1063.898811378479 -389.575543743968
-1063.6464712107181 -390.7387304133177
-1062.633313962221 -391.7987525290251
-1061.86792237401 -393.5755996531248
-1060.4237331831455 -395.07463954150677
-1058.6189839327335 -395.317092371583
-1057.0236592972278 -395.8778876787424
-1055.291754552126 -395.62841841340065
-1053.7834586584568 -396.4872864162922
-1051.9981225216388 -397.0040769851208
-1050.1823131525516 -397.0715069448948
-1048.202910848856 -397.74866470456124
-1046.716869302988 -397.14811524510384
-1045.5636239731311 -397.4552203691006
-1043.6244974815845 -397.08244251966477
-1041.870645352602 -397.6414483165741
-1040.1238966667652 -397.8188805258274
-1039.0919947111606 -397.79914220929146
-1037.1315688574314 -397.7977109080553
-1035.249486991167 -397.9684075689316
-1033.5018236124515 -397.9326898133755
-1032.1249768221378 -397.3990209376812
-1030.6919594490528 -397.3503213351965
-1029.175780364275 -397.35579688608647
-1027.9168650591373 -397.67731131374836
-1026.2872487986087 -397.13899029552937
-1024.493358322382 -396.6434534317255
-1023.0454866373539 -396.5717103904486
-1021.6787237608432 -396.46760672837496
-1020.0061177694797 -396.3669987744093
-1018.7535116159916 -395.7502817338705
-1016.9957129442691 -395.93871748209
-1015.3886477434635 -395.75742764532566
-1014.2272533857822 -395.6290734833479
-1013.1511516058445 -395.83578860521317
-1011.4538325750827 -395.8784186629951
-1009.7337337219715 -395.6007553128898
-1008.6803801739215 -395.6280930763483
-1007.6009010756015 -395.43431563436985
-1006.0556250298023 -395.4717424711585
-1005.2342428648471 -395.6477597555518
-1003.3743521654606 -396.18078323215246
-1001.4699049675464 -396.6571032604575
-999.695944019556 -396.88990773767233
-998.1291720354557 -396.8203101208806
-996.1731252157688 -396.07433742791414
-994.6750800096988 -395.6923748603463
-993.815373250246 -395.598029961288
-992.2641692841053 -395.85138996452093
-990.6197348320484 -395.98254956811667
-988.7873063766956 -395.8757073035836
-987.8545984709262 -395.697049369514
-986.1503524267673 -395.78234553843737
-985.2582770073413 -396.4151121428609
-983.4082089149952 -396.47717659682036
-981.9653585636615 -395.9631907245517
-980.8502116882801 -395.77434957534075
-979.318502613306 -395.00057060033083
-977.384150096178 -394.639338259995
-975.8114870274067 -394.5443232780695
-974.4256134712696 -393.84364481031895
-973.6580206239223 -393.4521394497156
-972.2089103543758 -392.4113054996729
-971.7205381178856 -391.95464239776135
-970.522044160366 -391.0433440631628
-969.8493330264091 -389.68354753911495
-969.0434762024879 -388.0429778522253
-968.1373733067512 -387.4164489930868
-968.0722239622473 -385.94714979588986
-968.3495833286643 -384.3107647126913
-968.443187341988 -382.446932477355
-967.9820588091015 -381.55686025083065
-967.3899569371342 -380.67007361114025
-966.7470694044232 -379.7305589145422
-966.5249176779389 -378.2908374494314
-965.9195091286301 -377.54928616940975
-965.7617435017228 -376.41055147111416
-965.6650304058194 -375.75927011430264
-966.1816583135724 -374.4003726667166
-965.8471223273873 -373.21004132688046
-966.1008961954713 -372.1093239015341
-966.4325978019833 -371.34685085475445
-966.1051454702019 -369.6565651720762
-965.7519916453957 -367.8528468436003
-965.3832398512959 -366.6195632046461
-965.1873442837596 -365.14495096862316
-964.856603295505 -363.2276694601774
-965.0358843663334 -361.965821248889
-965.0196649441123 -360.8514911955595
-964.9095103600621 -359.5174132412672
-965.4321685889363 -357.851800186038
-965.3701565870642 -356.651364428401
-965.3935772934556 -354.72110937297344
-965.6822886028885 -353.345585090518
-965.5733980545401 -351.53901575267315
-965.6389790931344 -349.57810567080975
-965.7164778271317 -348.3274661129713
-966.3655105391144 -347.5222483700514
-966.3687750221789 -346.8595179146528
-966.9924858929216 -344.97165904700756
-966.3612632276117 -343.5971821373701
-966.9809965611994 -342.43845127284527
-967.2163730533421 -341.17596612632275
-967.0730931134522 -340.4408261603117
-966.6533170314133 -338.81963144004345
-967.1435670228302 -337.6389875239134
-967.460485574752 -335.78911731898785
-967.6359504134953 -334.7510008639097
-967.4574978472292 -333.37669287383557
-967.1119264186918 -331.615218860507
-966.7049544872343 -330.0531742399931
-966.0161314429342 -328.6679212874174
-966.1201339186728 -327.9386223381758
-965.3259877385199 -327.31921730697155
-964.4850178183615 -325.61661837756634
-964.349653673321 -324.083950740695
-964.1849092961847 -323.4873899048567
-963.440424811989 -322.5816106623411
-961.9364019753039 -321.3072387999296
-960.5797139526903 -320.23071180045605
-959.8341590882837 -319.77277545392514
-958.7741488935053 -319.11341540277004
-957.4887375356257 -318.0056622451544
-956.1864780904352 -316.8926147645712
-955.7874006153643 -316.26671080052853
-955.7785841943323 -315.0438234037161
-954.5792643548548 -313.3950387662649
-953.5104773761332 -312.2173102325201
-952.598795068413 -311.74899716436863
-952.2554414094984 -310.4004435068369
-951.0343857826292 -309.67086316406727
-950.4022300066054 -308.3053492432833
-950.2720688255131 -306.704887521863
-950.1871195556223 -305.9633030420542
-950.1562391640246 -304.08972151339054
-949.678639960438 -302.9008472687006
-949.8874293835461 -301.9418934112787
-949.5850844354927 -300.76328284800053
-949.3841606797278 -299.21909649431706
-949.2063620211184 -298.13255806028843
-948.795501601845 -296.2829467779398
-948.414839130789 -294.8658679252863
-947.801263910681 -293.88784451544285
-947.6718621970713 -292.99814654648304
-948.1170980454981 -292.117241037488
-948.303712350279 -290.9722010022402
-948.170813229829 -289.66682387650013
-948.5542050273716 -288.685150218606
-949.0084929139912 -287.92527962982655
-948.3952608378231 -287.30580086767674
-947.7694302470982 -286.0988809591532
-947.5438437135517 -284.90135092794895
-947.4761625052988 -283.397535277009
-947.27142522946 -281.9967571026087
-947.3747256220877 -280.3614742285013
-947.2272738189995 -279.4165136343241
-947.3713965387642 -277.50722153246403
-947.301939574033 -276.3283705240488
-947.1684289695322 -275.41781814157963
-946.9627143861353 -274.0948559767008
-947.1781159462034 -272.649957728982
-946.6729928077757 -271.1525126224756
-945.7441327394545 -269.4422288662195
-944.713426810652 -268.2546801096201
-943.9044782938063 -267.4426148658991
-942.8981864275038 -265.87677044928074
-942.2819485487043 -264.26766104757786
-942.2229255856573 -263.53031123936177
-941.719071072489 -262.47752906143666
-940.6304016532004 -260.95044089615345
-940.1428253175318 -259.9103738194704
-939.0427128793299 -259.2846551066637
-938.0408920766413 -258.0826995497942
-937.8586998702585 -256.8227146989107
-937.5646270038187 -255.27303410828114
-937.4461513878405 -254.54319436609745
-936.915988934189 -252.9353954321146
-935.7787540079653 -251.68237776815891
-935.3692810060084 -250.01763744413853
-934.2234477521479 -249.16780109465122
-934.2188308061659 -248.03514308989048
-933.6553352893889 -246.5968499904871
-933.032624823004 -245.3383143669367
-933.065234196335 -243.51033897459507
-932.7743273498118 -242.13818664610386
-932.1318616391718 -240.371305180192
-932.4296296061575 -239.19213075697422
-932.1698887170851 -237.434866142869
-931.7223476888239 -236.38793273031712
-932.0804004491865 -235.1053491359949
-932.4290445269644 -233.48570938169956
-931.7856990517676 -231.55847449362278
-931.5114775718748 -230.38485093176365
-931.468255610168 -229.41214246809483
-931.1243718573451 -227.52464098989964
-931.3374393889308 -226.71931464731693
-931.080402136743 -225.70146687090397
-930.5415568956732 -224.7384126907587
-930.6700552412867 -223.42352576315403
-930.1723363110423 -221.62938494741917
-930.2859305748343 -220.14887054026127
-930.2084155985713 -218.63454873621464
-929.9579581329226 -216.81636114180088
-930.6065745064616 -215.6325962072611
-930.5160769084096 -214.21164019167423
-930.0720727303624 -212.8805255419016
-929.9947835513949 -211.98311723530293
-930.2412394443154 -210.98282386124134
-930.2374259987473 -209.47219599545002
-930.5192142882943 -208.29605628311634
-931.3462023892998 -206.64008570969105
-931.8732637920975 -205.8377899056673
-931.9456016430258 -205.11099107325077
-931.9609241233766 -203.45646185934544
-931.9086727620661 -201.5496384626627
-932.1500748367607 -200.81186116993428
-931.5832916469872 -199.2156397229433
-931.8059899033606 -198.36470557510853
-931.2453061164915 -196.68171168625355
-931.1843388350308 -195.06411005318165
-931.103571345061 -193.33422232925892
-931.7369985477626 -191.87611569225788
-932.0231351451575 -190.58552147209645
-932.2668186025321 -189.40855969250202
-931.5148917035758 -188.16777850449085
-932.2027653650939 -187.53274620831013
-931.7838719682395 -186.62202127039433
