-1090.54 -312.31
-1088.8681780481338 -311.70077293872833
-1086.941777625084 -311.21707191824913
-1084.992403664589 -310.97619773209095
-1083.0476090097427 -311.02994107961655
-1081.2418877267837 -310.92745369434357
-1079.572135605812 -311.09143817186356
-1077.9623691225052 -311.125730035305
-1076.1586782121658 -311.1342863416672
-1074.472261943817 -311.2865524864197
-1073.5355372214317 -311.92648923158646
-1071.8282403731346 -311.97954708099365
-1070.1547848963737 -312.2553837275505
-1069.0277522587776 -311.99639320135117
-1068.1347576761245 -311.7837606346607
-1066.4609722280502 -311.521369484663
-1064.5780182266235 -312.0836423909664
-1062.7950196647644 -311.9460468864441
-1060.991054573059 -311.7362588918209
-1059.0809669876098 -311.75742247462273
-1057.2262429380417 -311.5834738588333
-1055.3781160497665 -311.58829229831696
-1053.535014667511 -311.56165647268296
-1051.7268354082107 -312.0049338912964
-1049.8576981210708 -312.375597563982
-1047.9366954946518 -312.0923016345501
-1047.0731166386604 -312.92567148566246
-1045.4965321803093 -313.8531680381298
-1044.0642550969123 -313.9874243712425
-1043.098758199215 -313.50532507658005
-1041.2895154738426 -313.52065060794354
-1039.3892366671562 -313.5818212902546
-1037.4380756402015 -313.4443891322613
-1035.949831225872 -313.50448724389076
-1034.200884320736 -313.8220724737644
-1032.751785018444 -313.8479484593868
-1031.7104995036125 -314.8462486541271
-1030.0189914488792 -315.827276853323
-1029.109636106491 -315.9303926205635
-1027.9939180994033 -316.05185141921044
-1027.0893477582931 -316.8352432525158
-1026.082671561241 -317.39450189232826
-1024.996737279892 -316.8775691664219
-1023.6730651044845 -316.7967680221796
-1022.1985048437118 -316.51072378218174
-1020.3142964029312 -316.70600329101086
-1019.7292762780189 -316.413676751256
-1018.9745293045044 -317.2203846102953
-1017.3091904306411 -317.0970819866657
-1015.3871095561981 -316.9784245765209
-1013.9009925508499 -316.65035220742226
-1012.9334027552604 -316.6240905946493
-1011.9135862374305 -316.18115816771984
-1010.4405100131034 -316.24123660981655
-1008.9127857470512 -316.822563213706
-1006.9698312067985 -316.58951923012734
-1005.1638937973976 -317.00197714328766
-1003.4894063258171 -316.7370560145378
-1001.5695359492302 -317.16206550359726
-1000.8910663509369 -317.12903553009033
-998.9974115276336 -316.92136470735073
-997.7362715387344 -317.61987249314785
-996.53467587471 -317.85110412299633
-994.9885458135604 -317.342761618495
-993.0326668405532 -317.378025149405
-991.1129446411132 -317.2589722773433
-989.8544713640213 -317.45734845608473
-988.0932646179199 -318.00978135079146
-986.1008170032501 -317.6647046110034
-984.2510160589218 -317.70369113743305
-982.5505727910995 -317.983504576087
-981.4360621356964 -317.4337210482359
-979.8586594247818 -317.33986250817776
-978.8079198980331 -317.47646407544613
-977.8554129981994 -317.8353833681345
-976.8366396808624 -317.8156938678026
-975.8588880085945 -318.2922858721018
-975.3240757966041 -319.4674996858835
-973.7784253144264 -320.06461281836033
-973.4282375955581 -320.6636541610956
-972.74612347126 -321.68249137461186
-971.1030152225494 -322.32688618957997
-969.4623892688751 -322.4192497855425
-967.7725174808502 -322.81503416359425
-965.9082723045349 -322.8175217038393
-964.4701009178161 -323.59602404892445
-963.2830038452148 -323.57842443645
-962.1012568855285 -323.2125653153658
-960.5352189922332 -323.6104231005907
-958.6407652282714 -323.7057506120205
-956.7939181709289 -324.3577848947048
-955.8162992382049 -324.2564782625437
-954.1039991760254 -324.73166109383106
-952.5100388908386 -324.8656931346655
-951.017335691452 -324.37118653714657
-949.0883484268188 -324.1086322492361
-947.6379254245758 -324.3023972636461
-946.3818539762497 -324.2082306420803
-945.2850923919677 -323.65196922183037
-944.3864061021804 -323.6106269671023
-942.4566550636291 -323.0053342296183
-940.7094359779358 -322.36437264218927
-939.1067699575424 -321.2086986614764
-938.0812197113037 -320.3515752865374
-936.8999189519882 -320.13743579521775
-936.0147132658958 -319.0711170448363
-935.1841320180893 -318.37135338917375
-933.5432695531845 -317.5123041881621
-931.9220844888687 -316.8546627177298
-930.9088870668411 -315.2206104411185
-930.3968648099899 -314.40177285805345
-928.849714436531 -313.5458222641051
-927.7024606847763 -311.73044765129686
-927.0741032743454 -309.8592003597319
-926.3665392780304 -308.1357204927504
-926.7714156293869 -306.8406698717177
-926.350053050518 -304.86738646164537
-925.6687017464637 -302.98147785797715
-924.9401564979553 -301.1110874427855
-925.0028666341304 -300.13700539007783
-924.7936646872759 -298.4159145964682
-924.1862739855051 -297.76131439343095
-924.0101312482357 -296.13131976261735
-923.6177451694011 -294.93953240051866
-923.1832650387287 -293.02131724491716
-923.177420669198 -291.2106363786757
-923.0001271003484 -289.263238312155
-922.8679209882021 -288.2893607033789
-922.8430168414116 -286.63157457247377
-923.720751144886 -285.221408547312
-923.2088548922538 -284.15402072802186
-923.5890726828575 -283.028953255564
-923.8160667204857 -281.73535090819
-924.0256981933117 -280.64439910784364
-924.4130337321758 -278.6692107333243
-924.4018675731122 -276.74361044302583
-925.0628050611913 -274.9807797087729
-924.5709366546571 -273.259352029711
-923.9888534890115 -272.1752266301215
-923.8925406606495 -270.30931383505464
-924.2502536447346 -268.7907050265372
-923.7434580595791 -266.8915624035895
-923.4359409184754 -265.0045546902716
-924.2991530866921 -263.054139675051
-924.409700256735 -261.52779537573457
-924.5291670979559 -260.37336987391114
-924.0811913730204 -259.3559257401526
-923.481022131592 -258.12681871786714
-924.0830066920817 -256.53596192732454
-923.5339559437334 -255.00121754541993
-923.2421527029574 -254.1708666099608
-923.4349010409414 -252.80344462528825
-923.1852169157564 -251.5790938152373
-923.1032356442511 -250.254501940161
-923.6913440050184 -248.89500904217363
-924.2475212039053 -247.13170576229692
-924.5611323238909 -245.48817932739854
-924.1105264844 -243.69665610924363
-924.8354880036413 -242.68925166264177
-924.6601603747904 -241.2760295881331
-924.1979801179468 -239.97431826725602
-924.1874606879055 -238.35046351090074
-923.8053979547321 -236.79434621468187
-923.6706528486311 -235.366891027838
-924.4821325363218 -233.75066793099046
-925.2679306687414 -232.35356772080064
-924.6529240430891 -231.0083260549605
-924.2301243962347 -229.13447892799974
-924.459780973345 -227.58621847763658
-924.7179556013643 -225.7791954292357
-925.4987882496416 -224.86988282337785
-925.2901908876001 -223.12034750118852
-924.9785485388338 -222.13100218907
-925.3779015363752 -221.42308980360627
-925.7041028560698 -219.53381806746125
-925.4175034584105 -217.6358373774588
-925.5009396867454 -215.6660402430594
-924.9826402263343 -214.52574294939637
-924.8220599786937 -213.69371634855867
-925.2702221767604 -212.92172080412507
-925.2168592707812 -211.7943692816794
-925.0320692555606 -210.7701640738547
-925.0237539605796 -208.8655007494986
-924.857344289273 -207.7186082018912
-925.7850979165732 -206.42674380674958
-926.003416557759 -204.7208190573752
-926.2463439153134 -203.16153913870454
-925.9919767127931 -201.64695090189576
-925.6675465749204 -200.95949083700776
-925.0787075208127 -198.97348457708955
-925.5757514880597 -197.56083697214723
-926.0122692929208 -196.39389735594392
-925.6233584628999 -194.55900353327394
-925.4302402035892 -192.89848321810365
-926.0644827978313 -191.5384449376166
-925.6766415731609 -189.8164421929419
