-1090.54 -312.31
-1088.7676828289032 -312.0171313261986
-1087.1644140863418 -311.7317742085457
-1085.198395409584 -311.37350949406624
-1083.256095328331 -310.79172107338906
-1081.6848525190353 -310.61336606502533
-1079.7513415002823 -310.4352167522907
-1077.837021985054 -310.9021668112278
-1075.8616236829757 -311.0849027311802
-1074.0328432703018 -310.97451935470104
-1072.7343393945694 -310.712277931571
-1070.8015176439285 -310.5708315497637
-1069.1101937675476 -310.4718442684412
-1067.857163825035 -309.7070066457987
-1065.943401851654 -310.07948384940624
-1064.1576319122314 -310.3726195818186
-1062.9038132810592 -309.6507778888941
-1061.081235089302 -309.66801161266864
-1059.2911163949966 -309.7482578674704
-1058.3900084877014 -309.87695325113833
-1056.5122447395324 -309.8760814549774
-1054.8641136074066 -309.8702539908141
-1052.9178587579727 -309.61865798704326
-1050.9605628633499 -309.39539189212024
-1049.325865664482 -308.78059203498066
-1047.3371777915954 -308.7284888135642
-1045.4131027841568 -309.5032453047484
-1043.9118851804733 -309.8832781421393
-1043.1270828032493 -310.43236840836704
-1042.210731127262 -309.6320436703414
-1041.4915876173973 -309.95670981280506
-1039.8178020501136 -309.3712172614783
-1038.9687683963775 -309.57561209373176
-1037.3610499286651 -309.6561383637041
-1035.4297899389267 -309.53609065286815
-1033.6093731307983 -309.70016237668693
-1032.6418092632293 -309.51699082128704
-1030.73633769989 -309.70570909552276
-1029.7496588611602 -309.8544062631577
-1028.672598876953 -309.6645927386731
-1027.1487998151779 -309.1016735392064
-1025.6926312828064 -308.7968929069489
-1025.0363471889495 -309.4244093554467
-1023.1764629268646 -308.74693116120994
-1021.4582966947555 -308.3923389273137
-1020.1581493997573 -308.7168798404187
-1018.4345171833038 -308.36253585986793
-1016.5453608417511 -308.4322789194435
-1014.8629579925537 -308.81312929414213
-1013.6776007795333 -308.64993575535715
-1011.8738339328766 -308.68995466403663
-1010.7879773759842 -309.03145256213844
-1008.8706838274002 -309.2849663453549
-1006.9576151752472 -309.38807634584606
-1005.6492877388 -309.51720116607845
-1003.924526014328 -308.89732424490154
-1002.0902562522888 -308.5150758432597
-1000.214622297287 -308.21057374350727
-998.3497043037414 -307.97559810750187
-996.4178960704803 -307.6166523205489
-994.5171456718444 -307.50579797796905
-992.8648798847198 -308.2294146376103
-991.5391905689239 -308.3324522482604
-990.9078822517395 -308.745397638008
-989.1896360301971 -308.8954442100972
-987.3165035629272 -309.4461327152699
-986.4278684043884 -309.5802739071101
-984.4780416870117 -309.71572543255985
-982.5425948286056 -309.0851540672034
-980.8910547876358 -309.1472937645763
-979.0705413007736 -309.0991745772213
-977.2302086734771 -308.91285431705415
-975.5322600984573 -308.35851103387773
-973.9259921693802 -308.2869955929369
-972.4954523229599 -306.5957760246843
-970.8430282258987 -305.5706808003038
-969.2142901802063 -305.0630485447496
-967.3077791118621 -304.08524608932436
-965.641536989212 -304.0438572796434
-965.3318882369995 -302.7628366383165
-963.9119296455383 -301.8743247421831
-962.8611051225662 -300.3625977667421
-961.5277150058746 -298.64960855565965
-960.6941281342506 -297.2419340046495
-959.9199408078193 -295.72633928380907
-959.0731735014915 -294.6481066378206
-958.6031384849548 -292.99163943849504
-958.0983468675613 -292.05912012182176
-957.5226360940933 -290.6424672039598
-957.1984727764129 -289.0960943134874
-957.6964599275589 -287.8508777054399
-957.3513161921501 -287.072707894668
-956.8423349642753 -285.2472090753168
-956.9791602277755 -283.97294032894075
-956.5741014564037 -282.33005988918245
-956.1756041133403 -280.5390299590677
-956.0450021409988 -279.05152178131044
-955.8557988786697 -277.5618867906183
-955.8865543985366 -276.9449541004747
-956.2061730110645 -275.6203228863329
-956.0038622403144 -274.7294673355669
-955.7196233355999 -273.99794143758714
-955.4725216710567 -273.147230687961
-956.2743116700649 -271.6807819040865
-955.8878292822837 -270.70938521943987
-955.8451078617572 -269.3135784300417
-956.0779818230867 -267.4743409784883
-955.8255836302042 -266.5590946110338
-955.8336888188123 -265.9955186279863
-955.6702200704813 -264.5295488270372
-956.0295284622907 -263.35451573453844
-955.7133196228742 -262.3986035617441
-955.5893769496679 -261.38268602214754
-955.3640853995084 -259.90017044864595
-955.092095785737 -258.31372642837465
-955.355219476819 -256.72194660030306
-955.4327082270383 -255.01410568080843
-955.7857631379366 -253.52412200294435
-956.4381090337038 -252.01326775871217
-956.1656683915853 -250.8063092263788
-957.1161139839887 -249.84068256936968
-957.6494522923231 -247.88020056806505
-957.7470326954126 -246.35187787137926
-957.2055281931162 -244.9969322117418
-957.0254388386011 -243.8628751667589
-956.6891290777921 -241.93494481168688
-956.6332235717773 -240.80589372240007
-956.9115986609459 -240.21180171094835
-956.2373734498024 -238.33829659543932
-954.8977203154564 -236.96500557981432
-953.911213376522 -235.65582818113268
-953.3148616933822 -234.6507145794481
-952.2780775213241 -234.1830695899576
-950.9874464654922 -233.98891514860094
-949.6575699234008 -232.93637222371996
-948.0075917625427 -232.14451051078737
-946.5294354343414 -231.84269079886377
-945.3044258737564 -231.14927479945123
-943.6960772657394 -230.11803469382227
-942.5628222608566 -229.0267073842138
-941.7187092685699 -227.5967484446615
-940.8866655611992 -226.22086224280298
-940.288859167099 -224.28949126921594
-940.1670770132541 -223.13397917471826
-939.6894609415531 -221.82984516344965
-939.3754417979717 -220.10696491919458
-938.889137455225 -218.847434136495
-938.4891732418537 -218.08934948168695
-938.0978485131263 -217.00122031889856
-937.7928843283653 -215.45515749178827
-937.7433336758613 -214.65392640553415
-937.4995665037632 -213.65256551228464
-938.0809602224826 -212.4943833681196
-938.1190608823299 -211.841725442037
-938.0617829346656 -210.6895000668615
-937.8853239798545 -209.04429063521326
-938.1164627307653 -208.4223779769987
-938.9570742481947 -207.48744711600244
-939.205841832757 -206.26849529467523
-939.4454788649082 -205.47888192854822
-939.5903347367048 -203.9599374266714
-939.1804084712267 -202.24978193961084
-938.7350050145387 -200.79493639193475
-938.4346462422609 -200.03943190298975
-938.4070054525137 -198.60194251261652
-938.5504836970567 -196.8533001872152
-939.2753895455598 -196.13565346919
-939.0167636209726 -194.4803958865255
-938.9011133247614 -192.74994823656976
-938.6685742223262 -191.4938385220617
-939.0677390182018 -190.8509291740507
-938.3993250215053 -189.68453148327768
-937.771990724802 -188.35929504357279
-937.2543515050411 -186.88137618027628
-937.9115420663356 -185.34577647171915
-937.3871853435039 -183.4198098512739
-936.869009860754 -181.47025016270578
-937.4005770766735 -180.084537300691
