-1090.54 -312.31
-1088.5851791286468 -312.2470978102088
-1086.635267534256 -311.6560214957595
-1084.6987603092193 -311.0883792838454
-1082.8658924484253 -310.68326069921255
-1080.9301352882385 -310.3131467601657
-1079.0706676626205 -310.05429535120726
-1077.3274377965927 -310.2304097315669
-1075.8057766342163 -311.06503551214934
-1074.3071291828155 -311.4290366074443
-1073.415968515873 -311.8958430787921
-1072.294179418087 -312.4532620212436
-1071.1895828032493 -313.01841544121504
-1070.288247563839 -313.6162172457576
-1069.5920802140236 -314.3122861883044
-1068.99352602005 -314.97226833313704
-1068.4809192204475 -316.0028662583232
-1068.1093575143814 -317.15526985138655
-1067.678153284788 -318.0188164612651
-1067.2713358783722 -319.03769086807966
-1066.906890579462 -320.04111002892256
-1066.5505445981025 -320.86512016266585
-1066.2947160983085 -321.78765439003706
-1066.1420135879516 -322.38104682177305
-1065.972077050209 -323.01711743086577
-1066.148215212822 -323.6397662064433
-1065.9011642718315 -324.30223428219557
-1066.2789036118984 -324.851895262897
-1066.2229491257667 -325.8788009187579
-1066.0253926897049 -326.96848206728697
-1065.8194798910617 -327.7390383979678
-1065.6228532278537 -328.3495541712642
-1065.8298131608963 -329.9740302464366
-1065.6229394459724 -330.5038578411937
-1065.791657783985 -331.43580835074187
-1065.758210041523 -332.13675044983626
-1065.5815884554386 -333.1369954249263
-1066.2270874464512 -334.4407287737727
-1066.0679728770256 -335.38909505814314
-1065.859799542427 -336.89822303265333
-1065.8020313167572 -337.6141815087199
-1065.7767568910122 -338.91449593514204
-1065.8234479510784 -339.4508861204982
-1065.8717614793777 -340.16821848362684
-1066.538199045658 -340.69729893416167
-1066.2780092442035 -341.3738644620776
-1066.0392826879024 -342.1255903145671
-1066.2431796723604 -343.9263541600108
-1066.5700032645464 -344.99206065148115
-1066.4568232232332 -345.6926758787036
-1066.419506751895 -346.2368182441592
-1066.9283696049451 -347.0416714450717
-1067.3127483958006 -347.85906987398863
-1067.073872321248 -348.61603586882353
-1067.2598401987552 -349.42396645754576
-1067.9102341616153 -350.26911406725645
-1067.5249594533443 -350.97434144228697
-1067.9465290391445 -352.5205508968234
-1067.873389699459 -353.4010122320056
-1067.8758003348112 -354.6127619048953
-1067.7103965365886 -355.4079849025607
-1067.6745083415508 -356.1397104164958
-1068.1149164521694 -357.71522926300764
-1068.0036877030134 -358.7534729143977
-1067.6937414044141 -359.69092236965895
-1067.8406448447704 -361.22766529530287
-1067.4808287107944 -362.3141285082698
-1067.8762241387367 -362.99442588299513
-1067.850176121071 -364.0112949511409
-1068.236948396042 -364.9121153256297
-1067.743365670517 -366.65023290127516
-1067.6186534193903 -367.4564261338115
-1067.2852154997736 -368.16029923170805
-1066.7149887112528 -369.12108205765486
-1067.136462065354 -370.6770374676585
-1067.49428311266 -371.4582278034091
-1066.968576881066 -372.22277258843184
-1066.705796244517 -373.9176394841075
-1066.4035377828031 -375.83032320946455
-1065.8706412640959 -377.44657753914595
-1065.538972022906 -378.33478843182326
-1065.9524040547758 -380.03303765267134
-1065.7769702700525 -381.05878519028425
-1065.271549108401 -381.6698676249385
-1065.016109707728 -383.13950358837843
-1064.5968124894052 -383.91979979485274
-1064.3623748300224 -385.66737758129835
-1064.5715518770367 -386.4588481089473
-1063.968370097652 -387.9509078165889
-1063.2847263989597 -389.32084619015455
-1062.8288236735016 -391.2525457045436
-1061.9715903875976 -392.7048299214244
-1060.982455658689 -393.2070686122775
-1060.1947108385712 -393.9758151075244
-1058.3189979670196 -394.00459887593985
-1056.667206871286 -393.8491999408603
-1055.5288431522995 -394.01264603942633
-1053.7738785622269 -394.2847104868293
-1052.094414222017 -394.68773521989584
-1050.3807823536545 -394.37200986355543
-1048.518478262201 -394.17711855977774
-1047.1105257151276 -394.13754247635603
-1045.258966672197 -394.55098762124777
-1043.9327843067795 -394.27930500119925
-1042.0512541411072 -394.16918682068587
-1040.3458262560516 -394.2156267365813
-1038.4065328714996 -393.92107333749533
-1037.1425661919266 -394.6608867844939
-1036.1080863354355 -394.6900627067685
-1034.1339907524734 -394.89085734397173
-1033.2548428652435 -394.4845241358876
-1031.4026327011734 -394.08795232087374
-1029.8681785938888 -393.890964230001
-1028.0126888630539 -393.47453417390585
-1026.1350598213821 -393.03818192094565
-1025.0630643246323 -392.99894409388304
-1023.5635027763992 -393.5331863066554
-1021.8158342716843 -393.50048734754324
-1019.9478798983246 -393.25128381460905
-1018.2950327274948 -393.1500312885642
-1016.6543779251724 -393.3711664876342
-1015.0031537888199 -393.36400713533163
-1013.5801613209396 -393.2507216832042
-1011.8248641369491 -392.90145464748144
-1010.1520204422623 -392.7861304780841
-1008.3972651837021 -392.69424449414015
-1006.5115128634125 -392.418858846128
-1004.7013674852997 -392.3783359131217
-1003.3269272921234 -392.0924318930507
-1002.4381459829956 -392.0421462854743
-1001.4251462099701 -391.8297447165847
-999.6785524962097 -392.17157920211554
-998.1051417467743 -392.2554773887992
-996.8015189049393 -392.17413361877203
-994.9260219214111 -392.48658438533545
-993.0575207350403 -392.74553372472525
-991.4448369619995 -392.6995111903548
-989.7991089699417 -392.83150278538466
-988.4823849079758 -393.0505879870057
-987.1964362738281 -392.9273857524991
-985.5322549221664 -392.56308728963137
-984.7014523623138 -392.42967120319605
-983.4371850369125 -392.4265725365281
-982.0038258907944 -392.2387626519799
-981.1268291351944 -391.8969525745511
-979.1949696419388 -391.7174997380376
-977.3260581371933 -391.7389807602763
-975.9258550284057 -391.90239334613085
-974.8738561747223 -391.384881978333
-973.2687289593368 -390.48163199931383
-971.4287717220932 -390.0428726425767
-969.9394740936905 -388.75395903497935
-969.0404811976105 -386.88992032915354
-968.3109995005279 -385.88758597284556
-967.4676765082031 -384.4701863279939
-967.0521427271515 -382.5360334864259
-966.9615342197567 -380.585118149817
-966.2977688489109 -378.8426658859849
-965.6773711023479 -376.92362890154124
-965.2141244588047 -375.64453170210123
-964.845428603664 -373.69367334753275
-964.3929105577618 -371.8892123451829
-964.0054862675815 -370.27101013571024
-963.7452341792732 -368.36267921835184
-963.7979658124596 -367.194701885283
-963.8072788295894 -365.6888015022874
-963.7666903016716 -363.87998137384653
-963.786712187305 -363.0027996650338
-964.1516843316704 -361.48891762405634
-963.8292769966274 -359.7731206765771
-964.8219838318973 -357.914520060122
-964.7048993883282 -356.016743337214
-964.4260835824161 -354.67148891597986
-964.6462526348978 -353.23590794712305
-964.6366913346201 -352.09208623081446
-964.282216521874 -350.68633261829615
-964.34237541534 -348.8913277736306
-964.5130764422565 -347.69852248340845
-964.3222779212147 -346.83200422436
-964.1605313894897 -345.51240543037653
-963.8952556429058 -343.69178942352534
-963.5468619642406 -342.10227862507105
-963.3891351995617 -340.1858095279336
-963.3450033841282 -338.5039785256982
-963.2579792914539 -336.8479009023309
-963.1130146858841 -335.2703343978524
-963.7305149314552 -333.8606293550134
-963.466862815395 -331.941902910769
-964.2860536751896 -329.9966562142968
-964.5802505192905 -328.2909191003442
-964.4581620273739 -326.33481696754694
-963.9293602285534 -324.5961792817712
-962.7980539379269 -323.2921828380227
-961.3795558986812 -321.7567838779092
-959.9196397838741 -320.06917909294367
-958.7076069889217 -319.55619249254465
-957.2409562645107 -318.27471098810435
-956.8599119064957 -317.320340847075
-956.4214058396965 -316.2232250919938
-955.7391729233414 -314.43246004492045
-954.3588038561493 -312.9574415436387
-953.4112419364601 -311.9641542187333
-952.9725824473053 -310.6485786190629
-952.5436538634449 -309.0874204388261
-951.3671117005497 -308.24840984255076
-950.4809314785152 -306.83608970552683
-949.7812301693111 -305.18916807085276
-949.0963128385692 -303.7421120157838
-948.700781065002 -301.8551237335801
-948.0678193745762 -300.2038044682145
-948.5435114381462 -298.56494829565287
-948.8813267824798 -296.89209482580424
-948.5048100230842 -295.53091022878885
-948.1108900187164 -294.21340677648783
-947.3887754557281 -293.38810524851084
-947.2714928863197 -291.5554686537385
-946.9772723791748 -289.91508374124766
-946.4424972412735 -287.9672106257081
-946.3380129513889 -286.31406078249216
-946.2608365742117 -285.21246645361185
-945.9456190792471 -283.8757377615571
-945.880858573094 -282.4557029953599
-945.5883070258051 -280.97518119722605
-945.3740540472418 -279.5363870611787
-945.0399204520136 -278.69201121240854
-945.3305448321253 -277.8855340233445
-946.0445054797083 -276.36485574156046
-945.9171833274513 -274.6433535566926
-945.4887259183079 -273.91299829393625
-945.0005507645756 -273.0653769722581
-945.4042076645046 -271.16763267427683
-944.6886353073269 -269.3512783995271
-943.8384453234821 -267.7774848690629
-943.4518235800415 -266.1480147591233
-942.4768100259453 -265.13603219896555
-941.3779979226738 -264.07167277246714
-941.2051571188122 -262.9915162077546
-939.9343708334118 -261.29329512029886
-938.6074176607281 -259.93404683977366
-938.1008387384563 -258.7794139137864
-936.9096070108562 -258.29110369592905
-936.9296315488964 -256.69075283914805
-935.873449402824 -255.0179577818513
-934.966031390205 -253.55526933580637
-933.7961965379864 -251.87916753202677
-933.1587282595783 -250.9594930163026
-932.4206127104908 -249.3839677324891
-932.2847649184614 -248.58921787649393
-932.1065259305387 -247.03418431192637
-931.9540187297016 -245.15433583170176
-932.3238355693966 -244.10912403970957
-931.7580263791233 -242.6775754442811
-931.8483783257752 -240.80956182390452
-932.0243254555016 -239.0452502718568
-931.5770774138718 -237.28124878317118
-932.0773846758157 -236.51519951730967
-931.5002601397782 -234.91300425440073
-930.908452059105 -233.11758623033762
-931.233734453991 -232.09666821867228
-930.9794760299474 -230.41486165434122
-930.9443460804969 -229.5108428350091
-930.6891111833602 -228.263076697886
-930.7664119554311 -227.1147646060586
-930.5226819617301 -226.27340904384852
-930.0135667426139 -225.6542240729928
-930.5766866309195 -224.67962435394526
-930.2003674609214 -223.0700891366601
-929.8737759096175 -221.27977768093348
-930.75083852835 -219.78763130813837
-930.2626802427321 -218.82980183273554
-930.1599650187045 -217.4097262969613
-929.8687810403853 -216.53098241001368
-929.7731534493714 -214.7627570977807
-930.4018842829018 -212.85076049476862
-930.5629177642613 -212.0664810886979
-930.2145341587811 -210.3680097809434
-930.9498739195615 -209.71177718549967
-931.3853807998448 -207.96139440447092
-931.1943910969048 -206.19117936998606
-930.786760295704 -205.1898919096589
-930.7840225575119 -204.52561912447214
-931.4836797592789 -202.63060865312815
-930.990824001804 -201.17379221826792
-930.740300225988 -199.93580469995737
-931.2296163616329 -198.61432406812906
-931.3684210357815 -197.07032654196024
-931.4814867404848 -196.41390452295542
-931.8976627913862 -195.2872768393159
-931.6499429372698 -193.60827181249857
-931.7199483541399 -192.8749712458253
-932.3195849088579 -191.73906407266855
-932.2388085974007 -190.75852606207133
-931.4327200306207 -189.8413711538911
-931.1344061148911 -189.13274363189936
-930.9112750840932 -187.5163997760415
