-1090.54 -312.31
-1088.5402267360687 -311.6494767045975
-1086.544998087883 -311.14855986595154
-1084.5570058012008 -311.22012813150883
-1082.5677707576751 -311.4936871653795
-1080.5744274044037 -311.12142987310887
-1078.586849489212 -311.43083603441715
-1076.5943737411499 -311.06630386173725
-1074.6077471160888 -311.0394739037752
-1072.6216448926925 -310.6821504956484
-1070.643108048439 -310.7866682833433
-1068.6619726800918 -310.3888268595934
-1066.6902089500427 -310.0412105447054
-1064.727846302986 -310.84073616325855
-1062.7452751779556 -310.61818827450276
-1060.7674819612503 -310.1985347992182
-1058.8007796192169 -310.4242954081297
-1056.8295720005035 -310.0161222344637
-1054.8672448778152 -310.2843180423975
-1052.8970095300674 -310.84367967903614
-1050.9004514598846 -310.46891678631306
-1048.9131393814087 -310.4385387426615
-1046.925369181633 -310.514257234931
-1044.939405837059 -309.75628308713436
-1042.9441873216629 -309.7519888332486
-1040.9458022499084 -309.6859092018008
-1038.9506011390686 -309.60474632442
-1036.9642808818817 -309.9379142051935
-1034.9659943962097 -309.3613320118189
-1033.0084814214706 -308.90206788241863
-1031.015723862648 -309.01050348341465
-1029.0265254163742 -308.6836035078764
-1027.0389955425262 -308.36818705260754
-1025.0472281360626 -307.9463704651594
-1023.0666535282135 -307.5196017450094
-1021.091638841629 -307.14057026565075
-1019.128883280754 -306.9949026232958
-1017.1679226541519 -306.79700504004956
-1015.2168229007721 -306.92596167087555
-1013.2765577220916 -306.82087042689324
-1011.328456916809 -306.6802495098114
-1009.4115386390686 -307.4284092760086
-1007.441997089386 -307.25926792383194
-1005.6206093215942 -308.02997916698456
-1003.6389439487457 -307.7930565750599
-1001.7329749250412 -307.3932708775997
-999.7994301700592 -307.31181448459625
-997.8372927093505 -308.14176267147064
-995.9064928674698 -307.94820442557335
-993.924757399559 -307.6077400422096
-991.9468505764007 -307.8944416022301
-990.0066374921798 -308.4643919444084
-988.0217017316818 -307.9938980317116
-986.0381495141983 -307.87916576623917
-984.0541814947128 -308.1435071206093
-982.1070309066772 -307.70296638965607
-980.1274569416046 -307.5053147351742
-978.1578646087646 -307.0658238208294
-976.1628518486023 -306.7835194146633
-974.1919603729248 -306.1454526460171
-972.3756702327728 -305.0596404349804
-971.3331607961654 -303.55926659464836
-970.4315320038795 -302.5381055152416
-969.6411623144149 -301.7914675748348
-968.976153948307 -299.9377969777584
-968.3799556279182 -298.0350287234783
-967.8670320892334 -296.33455350756645
-967.408201047182 -294.46168687701226
-967.0122456932068 -293.02826204657555
-966.6847559893131 -291.8557553565502
-966.3813796722889 -290.1492460048199
-966.0311331534385 -288.6720568215847
-965.7043798649311 -287.4532566344738
-965.4201732361316 -285.83219757437706
-965.1676612877845 -284.7363525903225
-964.9382829153537 -282.8478006398678
-964.6501928353309 -280.9214886701107
-964.4241288685798 -279.3921505486965
-964.2438794159889 -277.63968959212303
-964.0747462892532 -276.29229774832726
-963.9510867381096 -274.4444858109951
-963.8149024629593 -273.1548927104473
-963.7228643679618 -271.7729876315594
-963.6550598526001 -270.76456299185753
-963.5406827116012 -269.4245327985287
-963.4622483038902 -267.61518302321434
-963.3681515836715 -266.7678423202038
-963.2972792768478 -265.37258794665337
-963.2418219828605 -264.0881821191311
-963.2252422356605 -262.4557389295101
-963.1549628162384 -260.69298520445824
-963.0802309894561 -259.16394164919853
-963.0419851922989 -258.43107655406
-963.0104939126968 -257.39831307291985
-962.9742556595802 -255.84842851519585
-963.0107317948341 -255.18149593234062
-963.0503472471237 -253.6951850926876
-963.0006981873512 -252.91667982697487
-963.0510179185867 -252.06866797566414
-963.1104865455627 -250.28949495911598
-963.4989964747429 -249.10522636532784
-963.4261606121063 -248.55417385458946
-963.4160343194008 -247.36493900179863
-963.3368844771385 -245.63250794768334
-963.464583941698 -245.0084336078167
-963.5429486715793 -243.6028430736065
-963.9695292198658 -242.49574723601341
-963.9139528357982 -241.32228985190392
-963.8817876064777 -239.77908339858055
-964.1809465968608 -237.99245014548302
-964.3298426353931 -237.1668248450756
-964.184059330225 -235.41947319865227
-963.9010834777355 -234.06124713778496
-963.8409286224842 -233.49752190470696
-963.421338328123 -231.70114519953728
-961.7817189776897 -230.41194632411003
-959.9608247363567 -230.3806840455532
-958.1767634236812 -229.27737453341484
-956.8627241933345 -228.6670941388607
-955.7124810302257 -228.08507582306862
-954.225101121664 -227.30842563271523
-952.8915678346157 -226.64774879574776
-950.9059296929836 -226.23311036586762
-949.6804773890972 -225.76034363865853
-948.1291101062297 -226.14524000644684
-946.1506271445751 -226.46724390745163
-944.4293657624721 -226.5488282865286
-942.6657165372371 -226.51238444954157
-941.6301586711406 -226.13311413437128
-940.0059348428249 -225.58039919048548
-938.8423467957973 -225.07915625482798
-937.390530475378 -225.72811475902796
-935.5137668931484 -225.22940278559923
-933.5689286077022 -225.6574141433835
-931.5824672067165 -225.47973818093539
-930.2613518321514 -224.99728099018336
-929.0681891524791 -224.66998994857073
-927.7567725265026 -224.69644870370627
-925.8401290261745 -224.9747989973426
-923.9645831668377 -224.4937072595954
-922.3758896672725 -224.80561300128699
-920.5566461169719 -224.5460891327262
-919.0404013478756 -224.19610734790564
-917.5133819663524 -224.43325560301543
-916.4770675981044 -224.1293465694785
-915.3484006011486 -225.09137101978064
-913.5534932696819 -224.97104160994292
-912.4645840013027 -225.14689580112696
-910.9637839877605 -225.31539610534907
-909.9585046851635 -224.84232733160258
-908.1933724963665 -225.5060928812623
-907.19192887187 -226.15191957861185
-906.2508373939991 -226.6723242750764
-905.2048977100849 -226.9001036784053
-904.3661277973652 -227.00290939718485
-902.8117027962207 -226.74755862861872
-901.559753485918 -227.22186708956957
-899.8474517548084 -227.14983876556158
-898.573055216074 -226.9492905190587
-897.0678959572315 -226.06942320376635
-895.8070972645282 -225.8989987424016
-894.7755598509311 -225.06274498015642
-893.6602249825 -223.93517864257097
-893.5958892786502 -222.20040596038103
-892.7381565654277 -220.47676849871874
-892.4357878947258 -218.54787850886584
-891.5975361251831 -217.4889326146245
-891.0573035860061 -215.94229054957628
-891.4367766165733 -215.32123792678118
-891.0993515634536 -213.4574292948842
-891.1616310448944 -211.52359688788653
-891.67849343732 -210.13139164954424
-892.1149317593872 -208.75780177623034
-891.3334962697327 -206.92089224368334
-890.8089680047333 -204.98345685511828
-891.4097938509285 -203.20827079325915
-890.9506047339737 -202.43543482333422
-890.2653129668533 -201.66646737366915
-890.3458727942407 -200.31162351876497
-890.4713926957547 -199.5659464648366
-890.6609447942674 -198.1255805543065
-890.50687945351 -196.72205937415362
-890.4086785288155 -195.13733327895403
-889.8252585501968 -194.44865572959185
-889.5823656888306 -193.00114572554827
-889.4601227910816 -191.9953258088231
-889.2311668367684 -191.0148128321767
-889.1499232025444 -189.27402473002672
-888.8734584124386 -188.34503645211458
-889.4050388605892 -187.32250196248293
-889.3919337065518 -185.8851062706113
-889.7138623864948 -184.35619646817446
-890.3773978026211 -184.42947526037693
