-1090.54 -312.31
-1088.5402255439758 -311.72488540172577
-1086.544184961319 -311.57776069402695
-1084.5497951889038 -311.1637769317627
-1082.5615241909027 -310.69186979293823
-1080.5827802801132 -310.3115538930893
-1078.613578953743 -310.39127142488957
-1076.641968884468 -309.9964660233259
-1074.6813024663925 -310.2810824340582
-1072.7122506284713 -310.1620965129137
-1070.7462896490097 -309.79039112985134
-1068.7929717683792 -309.54479418456555
-1066.8453755760193 -309.2472373968363
-1064.9074964904785 -309.10111145436764
-1062.9743490600586 -309.38096587121487
-1060.9860611343383 -309.14988673985005
-1058.9876058483123 -308.596488071084
-1056.9976742649078 -308.18632133066654
-1055.0054445648193 -307.6286107426882
-1053.026301422119 -307.2896979576349
-1051.0558250331878 -307.0269091254473
-1049.0929894828796 -306.7819670265913
-1047.1374369049072 -307.00855949282646
-1045.1749852085113 -307.1331474161148
-1043.2070676469802 -307.0184709107876
-1041.2456654691696 -307.1286226338148
-1039.2883495473861 -307.5109056657553
-1037.3390893125534 -307.4823505407572
-1035.3671886110305 -307.4196853762865
-1033.4115006113052 -307.2524916654825
-1031.4463931703567 -307.2169020599127
-1029.4853109502792 -307.4660180038214
-1027.5148171567917 -307.13751666009426
-1025.608614602089 -307.3489297902584
-1023.6460124635696 -307.1547245359421
-1021.6823407793045 -306.91826045274735
-1019.731572189331 -307.18817841768265
-1017.7853829050064 -307.7883448576927
-1015.8096152925491 -308.3969677066803
-1013.8243090295791 -307.86966997146607
-1011.8445606613159 -307.50739547371865
-1009.8735762023925 -307.16813716053963
-1007.9248923444748 -307.77631732583046
-1005.9530831956863 -307.6199027723074
-1003.9795331144333 -307.6757321035862
-1002.0065707349777 -307.35432609677315
-1000.0350444698333 -307.41824532806874
-998.1187183046341 -307.9362600570917
-996.144342341423 -307.60154874384403
-994.2506477022171 -307.71966325998307
-992.2766732358932 -307.64833380043507
-990.319130578041 -307.22476805508137
-988.4375722789764 -307.8675785189867
-986.4650104427337 -307.6913112825155
-984.4876157426834 -307.28810028493405
-982.5009931707382 -307.28633212804795
-980.5142234945297 -308.07542788743973
-978.5214103841781 -308.3276804661751
-976.8753105783462 -307.8185489153862
-974.9998245620727 -306.73355912923813
-973.377739944458 -305.42027973890305
-972.074175157547 -303.74224996328354
-971.024039902687 -302.48002230882645
-970.159578063488 -301.26220464468
-969.2502918624878 -299.5283675169945
-968.1136877918243 -298.69281387090683
-967.1727090263366 -296.9585031247139
-966.3951280498504 -295.11977660417557
-965.7946060681343 -293.62296783685684
-965.2031061434745 -292.0248978114128
-964.7336318874359 -290.0898048853874
-964.2381449723243 -288.3496527647972
-963.894284197092 -286.4193582510948
-963.4843770349025 -285.3284950232506
-963.1059449994564 -283.43991493940354
-962.7293773674965 -281.9596849656105
-962.4082831227779 -280.130146381855
-962.1582009577751 -278.4056544280052
-961.9015497052669 -276.7157123064995
-961.6733613991737 -275.04900359869004
-961.5112433218956 -273.2380497431755
-961.327484884262 -271.3869276022911
-961.1651970529556 -270.11645912885666
-961.0305212521553 -268.4114856696129
-960.8897834205627 -266.7361698126793
-960.7468541646003 -265.223616001606
-960.6402728939056 -264.18281411886215
-960.5591625356674 -263.6386688923836
-960.4503521704673 -261.9600821709633
-960.3851771140098 -260.8193923211098
-960.2823089146614 -259.1329930996895
-960.2383615756034 -257.62721621751786
-960.1601376914978 -255.89425492048264
-960.0812258505821 -254.22618329286576
-960.0694441580772 -252.57292091608048
-960.0408231401443 -251.08240854501724
-960.081494846344 -249.5596983408928
-960.1306052589416 -247.94255614042282
-960.1029016757011 -246.1412619328499
-960.0589176797866 -244.4209077334404
-960.0431518936157 -242.83953571081162
-960.2985443854332 -241.7570461010933
-960.2159823560714 -239.97539818048477
-960.1613241815567 -238.1992565369606
-960.8034891867637 -237.1412630057335
-960.7219293498993 -235.55479085206986
-960.712155380249 -233.70706927537918
-960.4650989854335 -232.831708548069
-960.245117970705 -231.69548570871353
-959.7642713272571 -229.96482586622238
-959.5392351233959 -229.15448808431626
-958.827467688322 -227.50650560617447
-958.0761724793911 -226.02745365858078
-957.3966364347934 -224.66819655656815
-956.802985497713 -222.90797686338425
-955.2038996899128 -222.30731421470642
-953.799117513895 -222.02814930438996
-951.9403626406192 -220.879589138031
-950.0467557394504 -220.198946890831
-948.2252687895298 -219.73135846614838
-946.32597381711 -219.5443776524067
-944.4041209900379 -218.71109065175057
-942.4636886799335 -217.79908606171608
-940.5793731892109 -218.06290271639824
-938.9642353737354 -216.81044962763787
-937.2810589754581 -216.26761236548424
-937.0741773331165 -214.65157845377922
-935.6618719780445 -214.14694091439247
-935.0067456448078 -212.41188320279122
-933.9266663277149 -211.37749704480171
-933.2623301827907 -210.03366562485695
-933.0722718471288 -208.09762045502663
-932.3180009955167 -206.4684326326847
-932.6797339254617 -205.1253329193592
-932.016658001542 -203.582756844759
-932.5078103476762 -202.62171640753746
-931.7290790015459 -200.77243724226952
-931.0978014999628 -199.58151355147362
-931.0761281335353 -198.2818677699566
-930.4897914612293 -196.66903546214104
-930.5691474461555 -195.9158957874775
-929.9757106685638 -194.25943729043007
-930.0079012335837 -192.82917484402657
-929.3223722399771 -192.16304054617882
-929.274507445246 -190.3672108924389
-927.8483951510489 -189.17968180537224
