-1090.54 -312.31
-1089.123937048912 -311.2452650642395
-1087.9488686704635 -310.39163583278656
-1086.8640660429 -309.86848348140717
-1085.2239815378189 -310.05673610925675
-1083.3785361433029 -309.3916286802292
-1082.586437740326 -308.84966307640076
-1080.8936324501037 -308.9663046053052
-1079.8576627159118 -308.56055865198374
-1078.8046065950393 -308.9671411564946
-1077.6918421173095 -309.01944695174694
-1075.7200572872162 -308.6013665920496
-1074.413790860176 -308.46099699795246
-1072.8130515003204 -308.7961040264368
-1071.7767587089538 -309.0435892766714
-1070.0905244731903 -309.35318530857563
-1068.197576084137 -308.90772811830044
-1067.4918719911575 -309.26878802239895
-1066.6012152814865 -309.31376165285707
-1065.3734707021713 -309.2639281837642
-1064.1196394348144 -308.9801213233173
-1062.3223787927627 -309.57628149673343
-1061.3843623781204 -309.05432725831866
-1060.5704675102234 -309.6430414406955
-1058.9930724287033 -309.2576833753288
-1058.0217256331443 -309.1272920756042
-1056.9074657940864 -309.44232443854213
-1055.2766870045662 -309.056929358691
-1053.9495321297645 -308.567848482579
-1052.463886358738 -308.43392504140735
-1051.6838191533088 -308.17641965433955
-1049.8538797879219 -308.14454317972064
-1048.7973853135109 -308.10090405628085
-1047.2929373764991 -308.5316791026294
-1046.4781663799286 -308.3457665680349
-1045.5441437149047 -307.9212522147596
-1044.10631565094 -307.5672640441358
-1043.2011441373825 -307.84752168640495
-1042.3221137309074 -307.39314752206207
-1040.6598582053184 -307.9557192860544
-1038.9673827672004 -308.56239234790206
-1038.1179142975807 -308.1735576926172
-1037.271262922287 -307.7615886865556
-1035.6801116847992 -307.38827424630523
-1034.8458912158012 -307.8571475087106
-1033.1507475161552 -308.25970523938537
-1031.8076658034324 -308.7164947925508
-1031.040301361084 -308.7472921772301
-1029.7783704185485 -308.9060008688271
-1028.1695754909515 -309.0551402582228
-1026.5379593753814 -308.4512549652159
-1025.0782695198059 -308.46038706734777
-1023.8142977142334 -308.93180196121335
-1022.9044016385078 -308.6322800977528
-1021.4071476244926 -308.5119522152841
-1020.4337994241714 -308.895071798414
-1018.4892673873901 -308.87224493309856
-1016.5514614963531 -308.6502732126415
-1015.0370127344131 -309.16527689382434
-1013.1623504543304 -308.9124787835777
-1012.3904973649978 -309.2329059033096
-1010.657527604103 -308.66154185816646
-1009.9691099309921 -309.00878105446697
-1009.0830808067321 -308.671698936671
-1008.4501318120956 -308.3557241944969
-1007.0554461860656 -308.6587139157951
-1006.2428980255127 -308.52327928826213
-1004.5798951768875 -308.4999513863027
-1003.8064920687675 -308.0247389911115
-1001.9209029459953 -308.55834110960365
-1000.9647408509254 -308.2223585484922
-999.1558147454261 -308.29206443712116
-998.0048067355156 -308.73814941331744
-996.1573748373985 -308.87728510186076
-995.360405125618 -309.57288286969066
-993.4990381383896 -309.2064391462505
-991.781268992424 -309.61278695747257
-990.8749531888961 -309.3831777064502
-989.8088328027725 -309.6677763848007
-988.1684692287445 -310.1780780939758
-987.4127388978004 -309.6562229780853
-986.076818921566 -309.79353096470237
-984.8840118432045 -309.51031252130866
-983.1267857336998 -309.77435394510627
-982.016645052433 -309.2467897771299
-981.351150252819 -309.80573531374336
-980.5062156701088 -309.46136190876365
-978.6949783349037 -308.83431293949485
-977.136430838108 -308.35643311724067
-976.4429371142387 -308.92484250053764
-974.6155466818809 -308.48642974480987
-973.7015566015243 -308.23816811427474
-972.1999661111831 -308.64442422375083
-970.9522952222824 -309.255904340595
-969.4159772777557 -308.9686963497102
-967.9250638866424 -308.79655858263374
-966.0769956493377 -309.2373360930383
-965.1741209411621 -309.1286770565808
-963.6681522512436 -309.5057999058068
-961.76767162323 -309.06225042179227
-960.3894801521301 -309.26567724481225
-959.0962440156936 -309.44640018180013
-958.4169094944 -308.96052269771695
-957.2931678676605 -309.0202330811322
-955.7645123386383 -308.8563951714337
-954.5290620708465 -308.6896435184777
-953.7747808480262 -309.16301550105214
-952.683088877201 -308.8357792957127
-951.1726648592949 -309.30736054614187
-949.7557021164894 -309.4546500606835
-948.5691875004768 -309.63811527326703
-947.0904136681556 -309.51302096381784
-946.181689479351 -309.21924287214875
-945.0712337279319 -309.1983828818798
-944.1122580552101 -308.71393963456154
-943.1739111924171 -309.0208902037144
-942.2183905029297 -308.9601512080431
-941.5638564014434 -307.8991947299242
-940.9231467628479 -307.4954433864355
-939.2092103147506 -306.9799555963278
-938.575786986351 -306.764422429204
-937.1592001104354 -306.0109412795305
-936.1588453435897 -304.28656317055226
-935.963452168703 -302.6489677554369
-935.9192701214552 -301.13254941761494
-935.2583424681425 -299.53289974987507
-934.8549555176496 -298.48787201702595
-934.8416667515039 -297.10586608707905
-934.8083786079287 -295.34905065357685
-935.0444775381684 -293.52833415329457
-934.3889485159516 -291.89478470146656
-933.9315447071194 -291.1190104609728
-934.3061643400788 -289.95786906540394
-934.8514369884133 -287.97974802315235
-934.9268336006999 -287.2311830049753
-935.1073551037907 -285.6290562874079
-935.3612347105145 -284.1841060644388
-934.9531261184811 -282.7917897230387
-934.856008247435 -281.2391350990534
-934.1585868158936 -279.7012221342325
-934.1927069881558 -278.756275010705
-933.691145465672 -277.98440427839756
-932.740167723 -276.9375130659342
-932.1312137702107 -275.03964955866337
-932.2620254167914 -273.3670945888758
-931.7059429296851 -272.17661602556706
-931.463657618463 -271.11067421495915
-932.0359284886717 -269.1958568817377
-932.2536370018124 -268.1106906658411
-932.5086027541756 -267.47325433552265
-933.0859334030747 -266.4865158325434
-932.7374456086754 -264.86975760519505
-932.0963978925347 -262.96410102903843
-932.1421675057709 -261.4339282041788
-932.7326074214279 -259.8628080612421
-932.333932992965 -258.15309984743595
-932.8114061327278 -257.0795558220148
-932.7945620091259 -255.24844343721867
-932.0238622696697 -253.92496223509312
-932.0269301505386 -252.19044334948063
-931.8573726983368 -250.44840319216252
-932.1693794102966 -248.6737235313654
-931.9848190964758 -248.0295800691843
-931.8031264068186 -246.7589729553461
-931.6912394584715 -245.0422342544794
-932.0034482599795 -243.62309653818608
-932.1867148698866 -242.86935408174992
-932.2432911665737 -241.05771071970463
-931.4062305362522 -240.28358711063862
-930.8624659450352 -239.04668368160725
-930.3236611159145 -237.27171481907368
-930.7673953743279 -235.44507969677449
-930.6645173923671 -233.88193453609944
-930.6118947984278 -232.63813341915608
-931.2485718251764 -231.58769167721272
-931.0565011920035 -229.89910675346852
-931.0634016925096 -229.1768293505907
-930.4722452694177 -227.66350032150746
-930.8200663560629 -226.26237775146961
-930.7752111786604 -224.6308328038454
-930.7154807978868 -223.83207638323307
-930.749538385272 -222.03532238066197
-930.4292982751131 -220.87457854807377
-929.3060827189684 -219.69815332949162
-928.9277397328615 -217.85608549177647
-928.8689188221097 -216.58175749838352
-928.3111889222264 -215.74257845938206
-927.8056238153576 -214.37444908678532
-927.7351757147908 -212.69951851427555
-927.2925670602917 -210.9310283190012
-927.9446656563878 -209.87936372816563
-927.656164304316 -208.11290187895298
-927.5848674485087 -207.24690444529057
-927.9537262031436 -205.84787578642369
-927.3912575551867 -203.97716565191746
-927.299671472013 -202.62945385038853
-926.7291448721289 -201.24770410120487
-926.2358970054984 -199.74028201162815
-925.7069736728072 -198.67077965795994
-926.3880702862143 -197.7128761535883
-926.2026743897795 -196.44791121542454
-926.8135494598746 -195.44736237585545
-926.8582794637978 -194.16692037642002
-927.0010510356724 -192.4684582477808
-926.4044183166325 -190.95405681192875
-925.7042164476215 -189.71171422064305
