-1090.54 -312.31
-1088.551636018753 -313.0081257200241
-1086.5785686159134 -313.5918355560303
-1084.9607507371902 -314.1226475214958
-1083.0384551668167 -314.60032766819
-1081.0800553941726 -315.2745857810974
-1079.0969565296173 -315.10330560564995
-1077.1561986589431 -315.85743751883507
-1075.1736605548858 -316.4670056974888
-1073.3028452777862 -316.9428045427799
-1071.408208169937 -317.3089596605301
-1069.5259881401062 -317.31763645768166
-1067.7687575006485 -316.9043900644779
-1065.8713859701156 -317.1027692681551
-1064.154663362503 -317.2101580923796
-1062.175642528534 -317.48395086586476
-1060.8733580493927 -317.1273037916422
-1059.6841683769226 -316.49257339298725
-1057.862687625885 -316.99706496059895
-1055.8947147512436 -316.9333675926924
-1054.21647087574 -316.3565948432684
-1052.6062165880203 -316.2212838804722
-1051.3750170850753 -316.56622767210007
-1049.848621764183 -316.98308646440506
-1047.896920838356 -317.3141965842247
-1046.3763691568374 -317.7587009048462
-1044.7085333251953 -317.3456825888157
-1043.4449882888794 -317.0106432414055
-1042.6459266328811 -317.4464946961403
-1041.5335916662216 -317.8071976876259
-1039.629510679245 -317.61935671925545
-1038.5082443141937 -317.2597810602188
-1037.5872974777221 -317.44577519357205
-1036.4432841920852 -316.73903254926205
-1034.7127114915847 -316.2379947131872
-1032.7926673078537 -315.7825417345762
-1031.018019118309 -315.6305420821905
-1029.9613868379593 -316.7839780277014
-1029.1889752531051 -317.75632659852505
-1027.3257135534286 -317.19379488885403
-1026.280170121193 -317.97745959222317
-1024.4998158597946 -317.781245482564
-1023.5306039237976 -317.43593688070774
-1022.7521071219444 -317.4280669814348
-1022.0639154696464 -317.4417981854081
-1020.7380771422386 -317.99636856228113
-1019.2717319512367 -318.2887470474839
-1018.5251921200752 -318.3121931678057
-1016.5362393641471 -318.6532217091322
-1015.4382300162315 -318.5436575984955
-1013.9132481598854 -318.17447820067406
-1012.4008317971229 -317.58263578772545
-1011.1081846737861 -317.63772709429264
-1009.9777719759941 -317.96134985744953
-1008.1560835623741 -318.1379673010111
-1006.8592147612571 -318.22266713291407
-1005.2303206706047 -318.68172202020884
-1003.2812974238395 -318.1375943174958
-1001.404940226078 -318.20659927785397
-999.7022596383094 -318.04001585900784
-998.6285271430015 -318.4556766873598
-997.6841878676414 -318.6928784227371
-995.9716925406456 -318.8706683641672
-994.5666641974449 -319.3420900827646
-992.632830479145 -319.9115812307596
-990.8831002497673 -320.3612069910765
-989.1669778609275 -319.53472719848156
-987.3686367058754 -319.1201662248373
-986.5811163568496 -318.7028680866957
-985.022299208641 -319.3536594337225
-984.0044621610641 -319.58100022137165
-982.5553658390045 -319.77434225142
-981.8239860916137 -319.45879067242146
-980.7171783828735 -319.7983324056864
-979.0065039777755 -320.05853329360485
-978.3114869976043 -320.4038457399607
-976.4146321201324 -320.5307811623812
-974.5104096317291 -320.40820690751076
-972.6630607032776 -320.689535228014
-970.7463218355178 -320.79323380947113
-969.8027080082893 -320.5111362314224
-968.161523797512 -319.92104971170426
-966.7550426506996 -319.74161068856716
-965.7678898358345 -319.8230773931742
-964.4559329533577 -320.34388108313084
-963.5313621544838 -319.5714731937647
-962.1759757781028 -319.07231311261654
-960.2527467989921 -318.58762649953366
-958.343933084011 -318.1933008259535
-957.4876423859596 -318.67369816958904
-956.0451957964897 -319.0938237732649
-955.2806034469604 -318.9166677123308
-954.6428934717178 -319.1986201530695
-952.7525471830368 -319.78864367067814
-950.9359296941757 -320.3175165182352
-949.2837051534652 -320.06860269367695
-947.9826690340042 -320.4037107950449
-946.4465454006195 -320.1199336773157
-944.9912200355529 -319.1735072261095
-943.7071228408813 -319.06613744556904
-941.9291930580139 -318.1026651388407
-940.2817993545532 -317.1263737207651
-939.6588083291053 -316.3512070900202
-938.3930197739601 -315.45815010130406
-936.7860827231407 -315.3285575336218
-935.4484545969963 -314.4393318718672
-934.662646510601 -314.321878952384
-933.2272237324714 -313.8154149478674
-932.7423609876632 -312.7158765023947
-931.670504488945 -311.2333881086111
-930.9937009000778 -309.90975872933865
-930.9629662418365 -308.43489388883114
-931.0247956895828 -307.29747812211514
-930.445697107315 -305.671616358161
-929.8771982574463 -304.2384626096487
-929.9491864079237 -302.608775061965
-930.399228208661 -301.542950553298
-930.0470476084947 -300.81701938569546
-930.0624740207195 -298.98277060449124
-929.8529561841488 -297.45603124558926
-930.1059075081348 -295.8261866992712
-929.9337936425209 -294.02372662484646
-929.1407128953933 -292.06372467935086
-928.4562385463714 -290.56891672074795
-928.7665882194042 -288.68657986581326
-928.4800071799755 -287.7406816905737
-928.9780481243133 -286.9679461544752
-929.1826831036806 -284.98537574470043
-928.4687265092134 -284.2343343323469
-928.2800035709142 -282.5402688807249
-927.6329732173681 -280.9742792671919
-926.9599160188436 -279.7262631481886
-926.866916359365 -278.98445378005505
-926.6348299989104 -277.04260204494
-926.8041207799315 -276.3653628653288
-926.0177273759246 -274.52284322440624
-925.412757576406 -273.6974681442976
-925.9570630797743 -271.81344328582287
-925.6017844089865 -270.0765024250746
-925.7764002540707 -268.62652514636517
-925.0920734265446 -267.78928135097027
-925.5076834419369 -266.0197416371107
-924.9935205438733 -264.9099092310667
-924.401119993031 -263.3088689869642
-924.8785716751217 -261.98084853351116
-924.6195529559254 -260.4183769053221
-924.1804833570122 -258.5366904562712
-924.3898195931315 -257.81966934859753
-924.2338915774226 -255.86860142409802
-924.2395364949107 -255.13486300170422
-925.0417083212733 -254.17481849849224
-925.2639885106682 -252.76535199344158
-924.774046973288 -251.95887122809887
-925.4417012491822 -250.01948557555676
-925.3317378917336 -248.07612882316113
-924.642840103209 -246.13797913253308
-924.5956262619793 -245.0840669697523
-924.7773723872006 -244.46854124724865
-924.4241503150761 -243.67332760751248
-924.1733119757473 -242.2222730344534
-924.0892713786661 -241.52822552382946
-923.9539887727797 -239.55507777392864
-924.1368211628496 -238.7544881528616
-923.3238930822909 -237.09009663522244
-922.2698176027834 -236.34719519078732
-921.6612028600275 -235.29729000985623
-920.5252897264063 -234.19972435891628
-919.0646355868876 -233.2054249471426
-917.7856249333918 -232.61766855180264
-916.4042380572855 -232.19166432082653
-915.3725198031962 -232.1919221034646
-913.6457153083384 -232.56255049020052
-911.6713505508005 -232.12180442124605
-911.0121240736544 -232.38321179658175
-909.4752272488176 -231.82110453158617
-907.627041709572 -231.93221466749907
-906.7340233446657 -231.4185731908679
-904.8513393522799 -231.03741248458624
-902.9171681524813 -230.586636980474
-901.3525056959688 -230.66954873263836
-900.5400141598284 -230.64034428209067
-899.6889281393587 -230.54631957173348
-898.1365968109667 -230.27810978651047
-897.4633747459948 -228.89522123098374
-896.4730328442156 -227.95697641134262
-895.9620823980867 -227.00946557283402
-895.3695092321932 -225.10427295923233
-895.1107691051066 -224.2673695063591
-895.1720658065378 -222.31039452314377
-894.7814000667631 -221.61498349666596
-894.589005318433 -220.02659290790558
-894.959127959758 -218.08862763404846
-894.1442844243347 -216.64294320106507
-893.8888266356289 -215.29791098594666
-894.297695723325 -214.4888009405136
-893.933486727029 -213.19273203372956
-894.3609095485508 -211.34721010684967
-893.4844215781986 -209.8807620382309
-893.5197270186245 -208.20368569850922
-893.9008855493366 -206.4333787536621
-894.057991874367 -204.91400795936585
-893.5940188886225 -203.8581390953064
-892.9461453081667 -202.5603628730774
-893.0871542663872 -201.25881999492645
-893.5714445383846 -199.9273107624054
-893.520309035629 -198.72082394123078
-892.9672972606122 -197.3761542415619
-893.4444758342206 -196.23114281654358
-892.7933669732511 -195.24499982357025
-892.5821104542911 -193.633681473732
-893.0515213505923 -192.8605372285843
-892.7667878167331 -191.3452166891098
-893.3450317279994 -190.65922605752945
-892.7698576943576 -189.36771213769913
-893.0637639062106 -188.39050793409348
-892.568426092118 -187.13026261091233
-892.9386361436545 -185.16105293989182
