-1090.54 -312.31
-1088.5662961387634 -311.63684445381165
-1086.6086793327331 -311.04981833457947
-1084.7404330158233 -310.5390666103363
-1083.2765963459015 -310.11020383000374
-1081.4297619247436 -309.8907276070118
-1079.7954804086685 -310.02892884373665
-1078.337065258026 -310.1241056597233
-1076.6832721614837 -310.282783356905
-1074.9705362701416 -310.4674776470661
-1073.2423665904998 -310.51322981476784
-1071.5975116872787 -310.69508769869805
-1070.1030041360855 -311.0505606806278
-1068.2232772493362 -310.86436876416207
-1066.4692583465576 -310.73851331830025
-1064.6884773159027 -310.6673382794857
-1063.5835819625854 -310.5346423661709
-1062.046958246231 -310.4388604438305
-1060.887623705864 -310.31444039702416
-1059.071910777092 -310.2882201349735
-1057.4034387254715 -310.1743487393856
-1056.2493489170074 -310.13399931550026
-1054.7832174682617 -310.08776899933815
-1053.0357308769226 -310.0109380161762
-1051.445693411827 -309.9971799528599
-1049.6493544960022 -309.95700016379357
-1048.0421163225174 -309.90416368603707
-1046.2602113866806 -309.8436401164532
-1044.9339731121063 -310.1994582390785
-1043.8981939935684 -310.25305258989334
-1042.2204230213165 -310.18987661361695
-1040.5979406023025 -310.8562332367897
-1038.804669060707 -310.7173057770729
-1038.1907712602615 -310.76656234025955
-1036.8936463975906 -310.6114566898346
-1036.3391105914116 -310.97609755158425
-1034.7965914988517 -311.2816808795929
-1033.105454185009 -311.39475065231323
-1031.6437597060203 -311.78658413648606
-1031.2050591790676 -312.31638312101364
-1029.8869887673854 -312.9171753501892
-1029.3811144912243 -313.3917414522171
-1029.0441442513466 -314.4018438434601
-1027.9297817730903 -314.9631214118004
-1027.6128223919868 -315.7102604484558
-1026.7969578289985 -316.64192455768585
-1026.466142990589 -317.52192610263825
-1026.067200102806 -318.34205901384354
-1025.3051178836822 -319.19221979141236
-1024.2562116765976 -319.8743680691719
-1023.8086019539833 -320.76122426748276
-1023.1893428349495 -321.64272683620453
-1022.2941962265968 -322.56736624002457
-1021.7394206309318 -323.39231645822525
-1019.8702327990532 -323.1800590133667
-1017.9861931586265 -322.9838917529583
-1016.6923250937461 -322.88401955127716
-1015.3432781481742 -323.7162762260437
-1014.1027053380012 -323.7345032072067
-1013.492550292015 -324.2160897231102
-1011.9243566179275 -324.72931945085526
-1011.1441333079338 -325.2433617091179
-1010.2005843305587 -326.2874940609932
-1010.0428626322746 -327.25361382722855
-1009.1682041668892 -328.15429359436035
-1008.4721047663688 -328.89776557445526
-1007.786910572052 -329.6548585867882
-1007.7714098775386 -330.9550887322426
-1007.5048704528808 -331.72120928525925
-1007.3994417124986 -332.9741671061516
-1006.8647029334306 -334.6281089758873
-1006.3318724566698 -335.7729072546959
-1006.8081316286325 -336.79832231760025
-1006.4391711884737 -337.5598052120209
-1006.0304300123453 -338.217843708992
-1005.9456183248758 -339.2235128259659
-1006.4309810632467 -340.13424449920655
-1006.1518083149194 -341.0293937301636
-1006.6311038666963 -342.38227396965027
-1007.0725914770364 -343.6821870183945
-1006.7807032400369 -345.3436356163025
-1007.1796643668413 -346.40623885154724
-1006.9566053980589 -348.2050297832489
-1006.141346001029 -348.9549164748192
-1005.9244895511865 -350.77786135435105
-1006.0845353537798 -351.6777914738655
-1005.691616975665 -353.1726123070717
-1004.0965711706876 -353.9336237883568
-1002.3780705565214 -354.5274333333969
-1000.6749169462919 -354.69712161779404
-998.8359812134504 -354.6645705676079
-997.6230691307783 -354.67600106954575
-996.2131942147016 -355.03655776143074
-994.5910024279356 -354.6381070590019
-993.6826147669553 -355.4293615794182
-991.8591353529691 -355.48359709739685
-990.3244690531492 -355.5072297281027
-988.8939318293333 -355.2733790999651
-987.7194425696134 -354.92324252188206
-985.8834730023145 -354.9095810776949
-984.6940374010801 -354.648351264596
-983.5476508969068 -355.05157916009426
-982.6497188442945 -355.35704444110394
-981.3892680042982 -355.2829496985674
-979.6459656590223 -355.37269067525864
-977.7006955975294 -355.8526282286644
-976.5615635746717 -356.2629975950718
-975.1762438648939 -355.7107057249546
-974.3538145655393 -355.117993799448
-972.4495123261213 -354.60649606347084
-970.5606132382154 -354.7447237497568
-968.8020987147092 -355.0291668599844
-967.777338706851 -354.048269969821
-966.8329370254278 -352.9420825070143
-965.9199164146185 -351.50500379264355
-965.3448664182424 -350.0432640141249
-965.4330539190769 -348.8405085629225
-965.5838183844089 -347.11732803046704
-964.7982276761531 -345.6909028118849
-963.996122547388 -343.7197943753004
-964.2682958328724 -341.8082672184706
-964.4781600320339 -339.9610706394911
-963.9003018820285 -338.44234953582287
-964.0033572474122 -337.34717355430126
-964.3047295668721 -335.627621037364
-964.6653720596432 -334.7636198824644
-964.3573039332032 -333.51414297282696
-964.2984204301238 -332.24342415988446
-963.2981917867064 -330.90512285888195
-962.5264562377333 -329.4670189446211
-961.787645817697 -327.77735291182995
-960.5018414267897 -326.6986158913374
-959.5704629430174 -326.7012282437086
-957.9619324216246 -325.6144834583998
-956.2924263486266 -324.9154581850767
-954.5381428012251 -324.62815011799336
-953.0263607510924 -324.4922319626808
-951.7408425816893 -323.8426660871506
-950.3131845006346 -323.3201315975189
-948.7033729562163 -322.6227183318138
-947.108421088159 -321.8254991745949
-945.3662786492705 -321.1187182044983
-943.6530419597029 -320.49662160634995
-941.9049419173598 -320.0076551115513
-940.2972664842009 -319.61251011252403
-939.3800874957442 -319.2039018547535
-938.3341431626677 -317.9379834806919
-936.8634812840819 -316.8623469746113
-935.6172120580077 -316.6926141655445
-934.106196642816 -315.4043467915058
-932.9944663056731 -313.90365037083626
-932.2220906028151 -312.65866312146187
-931.4694141754508 -311.83648481726647
-930.289874971807 -310.8747594630718
-930.2159220585227 -309.5260879075527
-929.2059673675894 -307.9923075711727
-928.9861764916777 -306.20923533797264
-928.6125761279463 -304.71284368395806
-928.4792083659768 -303.18329456210137
-927.72271753937 -301.3220950639248
-927.3156733074784 -299.3992569720745
-926.774569825232 -297.93019416689873
-927.1653230646252 -296.2872157371044
-926.9598696240782 -295.13193300127983
-927.3849273332953 -293.566451100111
-926.9572427877783 -292.5039809024334
-926.3985169538855 -290.7777504003048
-926.6585085996985 -289.0120808160305
-926.8638798454404 -287.5160281932354
-926.3810018160939 -286.8509899652004
-926.3003592351079 -285.21960416197777
-926.4936998942494 -283.5042966878414
-925.9033011654019 -282.74528112769127
-926.2318178871274 -281.6481641805172
-925.7730305948853 -280.01232889056206
-926.4180614510178 -278.5738140618801
-925.7389159956574 -277.7196401631832
-925.9405773589015 -275.94021835684777
-925.1061108419299 -273.9863516366482
-925.1443894104659 -272.9736026799679
-925.3016252712905 -271.51497676730156
-924.9857102827727 -270.40390673041344
-925.4201001422107 -268.52780905127526
-925.003100772351 -267.5751478946209
-925.6086770491302 -266.1826061284542
-925.8202598290145 -265.42995753645897
-925.986572702378 -263.94218066096306
-925.6650636093318 -262.95937856793404
-926.0176259474456 -261.2632530605793
-925.3853910760581 -260.1339358961582
-925.4752812580764 -258.84874722123146
-924.7537929014861 -258.1223951256275
-924.087730308026 -256.1681878244877
-923.7009879247844 -254.45495435357094
-923.9794706003368 -253.27745291352272
-924.3075245217979 -251.68460425496102
-924.298251633495 -249.96144565701485
-924.5595659957826 -248.32352027058602
-924.5149004207551 -246.70913073182106
-924.5287320958078 -244.84356328606606
-924.5657909186184 -242.94807383179665
-924.9516055853665 -241.68849417328835
-925.5690318019688 -240.26814409852028
-925.4223559619486 -239.31298663973809
-925.3996772104501 -237.52582934260369
-925.2051790887117 -236.86242159962654
-925.4580983453989 -235.8143559372425
-925.8992543452978 -234.76230773091316
-926.4914232128858 -233.21448620915413
-926.501469836533 -232.53014686465264
-926.0256073632836 -231.60305705428124
-926.1103652277588 -230.69590863347054
-926.5308042028546 -228.9009462273121
-926.4815883123874 -227.33857866883278
-926.3936597192287 -225.4823956167698
-926.289040313065 -224.19745692372322
-926.4546314039826 -222.37467559933663
-925.8449070611596 -221.61251905322075
-925.9118595281243 -220.7312130010128
-926.5248989620804 -219.8103435909748
-926.525310819 -217.9488340294361
-927.0297185824811 -216.25751837849617
-926.5393571303784 -214.7448442852497
-926.3696239487826 -213.89770486712456
-926.2082687662542 -213.2427339231968
-925.8317591594159 -212.23200782895088
-926.4735566423833 -211.16455885529518
-927.2862540529668 -210.56540992617607
-927.6397953675687 -208.81257071852684
-927.1091765807569 -208.00094011187554
-927.7881305859983 -207.14420941233635
-927.5310924397409 -206.0592456138134
-927.4308479847014 -205.05146911501885
-927.2922991932928 -203.28805032134056
-927.9540009917318 -201.90178790450096
-928.4387727202475 -200.95921733736992
-928.5437192516029 -199.64422407507897
-929.0116235809028 -198.9262997186184
-928.2444405154883 -197.59626760840416
-927.778320749253 -196.6776606118679
-927.9739244179427 -195.07649472117424
-928.162951220721 -193.6228397166729
-927.8476601140201 -192.0003074681759
-927.1887994901836 -191.28464123368263
-926.9397905962169 -189.80961152672768
