-1090.54 -312.31
-1088.7952807331085 -313.01579171180725
-1086.8225365066528 -313.6452923989296
-1084.8734028720855 -314.192904112339
-1083.0517890834808 -314.5697300708294
-1081.1709804916381 -315.23164888978005
-1079.1826692008972 -315.96117874741554
-1077.3116028690338 -316.5259921824932
-1076.3163373851776 -317.03154101729393
-1074.4386144065857 -317.4095428264141
-1072.555511393547 -317.8343548154831
-1070.8547093057632 -318.15736290574074
-1069.0233637475967 -318.40647619724274
-1067.081188597679 -318.23997331917286
-1065.150528588295 -318.5705576068163
-1063.3407587194442 -318.10646821320057
-1061.4706213855743 -317.6120273298025
-1059.6288048410415 -317.6867433613539
-1057.8614111328125 -317.57668548583985
-1056.999192752838 -317.19262110948563
-1055.198361673355 -317.08643662691117
-1053.3157153511047 -317.00376526772976
-1051.4751192712783 -317.091831741333
-1050.1493171834945 -317.52690332889557
-1048.8905254983902 -316.9719332432747
-1047.7233515167236 -317.0432856208086
-1046.1221301937103 -316.2858526235819
-1044.3906644964218 -316.74611504137516
-1042.5664424085617 -317.2146436995268
-1041.4087380552292 -317.09180365264416
-1039.8929374599456 -316.3515170043707
-1038.1765342140197 -316.49721245229244
-1036.354536333084 -316.50237945228815
-1034.6332902097702 -317.04084519058466
-1032.861703672409 -317.20379242807627
-1032.0588512206077 -317.2854301831126
-1030.5506753706932 -317.4559106579423
-1028.5990247511863 -317.32369342952967
-1027.7928446316719 -317.32820286363363
-1026.7362295174598 -317.91534390062094
-1025.7127135777473 -318.61490501970053
-1023.9641042733192 -318.0498593649268
-1022.7450475478172 -317.51610090345144
-1021.9107272410392 -317.1447153291106
-1020.0467464709282 -317.0982914021611
-1019.2726436042785 -317.26294062048197
-1017.4246424818039 -317.46270131081343
-1016.2166190528869 -316.9351932904124
-1014.4317762041092 -316.7518042227626
-1012.8547200345993 -317.3658675453067
-1011.3554621124267 -317.7495146891475
-1010.6800958895683 -317.4816100499034
-1009.8981150770187 -317.4172465851903
-1008.4889032030105 -318.18252897769213
-1006.9183469200134 -318.83289635688067
-1005.211242237091 -318.61265126377344
-1003.5224638366699 -318.94109869509936
-1002.793866136074 -318.92259185895324
-1001.594773747921 -318.407736235708
-999.9316729092598 -318.3849807022512
-998.169602253437 -318.89832332119346
-996.4876923346519 -318.4753504036367
-994.7585491919517 -318.61813209339977
-993.0836607003212 -318.4603806076944
-991.3228981280326 -317.9551415978372
-990.5387456202507 -318.61835646018386
-989.4700644993782 -318.19099199160934
-987.9894504332542 -317.5826384960115
-986.7677916073799 -318.1468839584291
-984.7691087508201 -318.7443402348459
-983.0707238698005 -319.05833646044135
-982.2648931527137 -319.13240905985236
-980.9106615567207 -318.62947031244636
-980.0009796404838 -319.1822114227712
-979.0084099555015 -319.20636812731624
-977.9338373923301 -319.4425114630163
-976.7322845244407 -319.9053175984323
-975.7383798146247 -320.9108905135095
-975.0653062844276 -321.52410590037704
-973.1625470900535 -321.49885197862983
-972.3171292328834 -321.65880032762885
-971.2748772883415 -322.4275568960607
-969.7146489405632 -322.7267742691934
-968.0573007845878 -323.6080515919626
-966.6424572253227 -323.6826057521999
-964.9417724394798 -324.16660953447223
-964.1491313958168 -323.6771365492046
-963.1760059380531 -323.80482997879386
-961.9835999989509 -323.91418858006597
-960.1415021204948 -323.75644029811025
-958.4403342986107 -323.93893963232637
-956.8268645787239 -324.7574251307547
-955.8747132205963 -325.47628861799836
-953.9006462478637 -324.8814539922774
-952.0742569351196 -324.60774898663163
-950.6393053913116 -324.98502522841096
-948.8983297729492 -325.6870948089659
-947.3590667629242 -325.4453083886206
-945.4168122196197 -325.84469989076257
-943.9967033052444 -325.8179905129969
-942.168511428833 -325.41376730933786
-940.8721590423584 -324.72992888227105
-939.2474296474456 -324.0790326310694
-937.604080953598 -322.90396627917886
-936.3954890155792 -321.52690944209695
-936.0345237636566 -320.13095006480813
-935.0964814805984 -318.9321642829478
-933.5148616218567 -318.3254149867594
-933.1575141334533 -317.0819855643809
-931.8887709760666 -316.09890046849847
-931.3397452616691 -314.9870691610873
-930.7148000979423 -313.98485186830163
-929.809852399826 -313.1403107954562
-928.5126325273513 -312.68733868137
-927.7264855289459 -310.9378411485255
-926.8187035703659 -310.3116662813723
-926.872027181983 -308.42771795526147
-926.5912073487043 -307.35082057252527
-926.4502037996053 -305.9095436646044
-926.9291687840223 -304.6544828726351
-926.6411736840009 -304.0390146686137
-926.8714232528209 -303.3603301359713
-926.7004970097541 -302.00148084893823
-925.8124748253822 -300.3463095737994
-925.0079471850395 -298.54360643163324
-924.8568226331472 -296.71645465627313
-924.3223842018842 -295.11542347207666
-923.7579279774427 -294.2992447926104
-923.3580198222398 -293.5458556725085
-923.3272574031353 -291.95973149076104
-923.5495351636409 -290.9780419780314
-923.42556599617 -289.06280025973916
-923.6206806534528 -288.15224155917764
-924.0737292999029 -287.2079122377932
-924.5382869774103 -286.2169556929171
-924.6767873996496 -284.4214829517901
-924.2441386812925 -282.5819641663134
-923.8851781123876 -280.7899860455096
-924.5572516554594 -279.0187800242007
-925.1749667161703 -277.57521572843194
-924.5217181676626 -276.0145954205096
-924.6189102464914 -275.18043741717935
-924.8163301432132 -274.2689993096888
-924.7758544692397 -273.46008929744363
-924.2735689291358 -271.7219088985026
-924.8063353905081 -270.50909397140146
-924.2735590943694 -268.592619509846
-924.5372667321562 -267.4287584735453
-925.112492621839 -266.4199341250956
-925.2006022790074 -265.19440838828683
-925.5887085655331 -264.5431748344004
-925.8286691465973 -262.6228228522837
-925.485807673037 -260.99259755149484
-924.8334303060174 -259.6251078559458
-924.6112395235896 -258.1987187577784
-924.5345687800645 -257.41958752408624
-925.0067126387357 -256.56747058168054
-924.5826172167062 -255.13100138440728
-924.5539942169189 -254.0777900530398
-924.9435452008247 -252.677108438164
-924.7358284080028 -251.15700045362115
-925.5632528150081 -249.5417404486239
-926.0611854279041 -248.1842409683764
-925.8964612567424 -246.2982237650454
-925.7993528181314 -244.52950182691217
-925.5423359209299 -243.75588789716363
-925.3044296437502 -242.08870759740472
-925.2622343310713 -240.40573373571038
-924.9621168980002 -238.53972187772393
-924.6237697312235 -237.32172146573663
-924.3532236823439 -235.4572462154925
-924.6272015878558 -234.02002504602075
-924.5857155033946 -232.38800433412194
-924.794815749824 -231.0711959911883
-925.4620336005091 -230.05577424302697
-924.9125426718592 -228.65829196706414
-924.3483051368594 -227.9275870038569
-924.2684554615616 -226.04216739669442
-924.2517023542523 -224.97247263923288
-924.1486600795388 -223.14582154288888
-925.0732869067788 -221.49093529716134
-924.8140587368607 -220.21902427211404
-925.3483028569817 -218.94613060489297
-925.9480898538231 -217.30046126380563
-926.0631374651193 -216.18548891082406
-926.8115972214937 -215.4968292428553
-926.1549633675813 -213.5452913953364
-925.6960637503862 -212.05036386981607
-926.2187569075822 -210.78212961688638
-926.4602242642641 -209.29991111293435
-926.960669928193 -207.87598928943277
-927.2718684011697 -206.3705163909495
-927.961252861619 -204.9466495229304
-927.6845079892873 -204.14988371863961
-927.776215904355 -202.29442712798715
-927.4915924602747 -201.27027413383126
-927.5567645961046 -199.3478113128245
-927.085228973031 -197.40770730510354
-926.9297412717342 -195.89855727687478
-926.3924411022663 -194.55441150203347
-926.4339830586314 -193.52790770068765
-926.0548052498698 -192.42810747161508
-926.0384008483588 -191.08874771133065
-925.65540357396 -189.58000621333719
