-1090.54 -312.31
-1088.5509076499939 -311.6675129508972
-1086.5591872119903 -311.08397191524506
-1084.6217753076553 -310.6186886405945
-1082.6649517202377 -310.1912839984894
-1080.7276884698867 -309.7880746102333
-1078.7738347434997 -309.4421624815464
-1076.8911208295822 -309.3256780779362
-1075.0121139669418 -309.26729741454125
-1073.1477073812484 -309.11100986361504
-1071.2792768859863 -309.2402071928978
-1069.4187505626678 -309.2259947037697
-1067.5728962802887 -309.29557180166245
-1066.8183160209655 -309.3228288269043
-1064.9545746231079 -309.53831639647484
-1063.1071209096908 -309.47933143138886
-1061.3963684225082 -309.3234599804878
-1059.667897620201 -309.2530248141289
-1057.9888524198532 -309.1516380286217
-1056.109823384285 -309.2392857646942
-1054.6686265850067 -309.07263135671616
-1053.0622644805908 -309.44554030656815
-1051.3796406173706 -309.2386445081234
-1049.6308930301666 -309.0455179786682
-1047.9104872131347 -308.77289199590683
-1046.0462482357025 -308.5003290450573
-1045.1483884239196 -308.2974230027199
-1043.1908144140243 -308.09487700223923
-1041.3317215824127 -308.40024626016617
-1039.8462634468078 -308.27887290477753
-1038.465290107727 -308.3444158113003
-1037.2467824602127 -309.1445052301884
-1035.688934483528 -309.70266285300255
-1034.4828519010543 -309.25242295622826
-1033.178187766075 -309.1114160692692
-1031.4871551179886 -308.7092016017437
-1029.54512945652 -308.7878400063515
-1027.7542708301544 -309.3248301720619
-1026.0461268806457 -309.1253783082962
-1024.1682546520233 -308.8064300096035
-1022.7556522274017 -308.7074365592003
-1021.2744872951507 -309.05971902370453
-1019.3893063449859 -308.8272628760338
-1017.6101601505279 -309.0525666451454
-1016.7383286142349 -309.6814475631714
-1015.1620600605011 -310.0349402701855
-1013.3578160190582 -309.6860638833046
-1011.6773817920684 -309.6812577968836
-1009.753366985321 -309.87561321020127
-1008.032525100708 -309.75112537801266
-1006.3163932943344 -309.3182507878542
-1004.7168242120742 -309.7319300299883
-1002.9352183723449 -309.5683027482033
-1001.4295277976989 -309.6931660076976
-1000.1703704977035 -309.76476373285055
-998.2833995008468 -309.36856063216925
-997.1018619918823 -309.16700111836195
-995.3155720615387 -309.6308039328456
-993.4104355955124 -309.43929632514715
-991.5569686079025 -309.6752780428529
-989.716665186882 -309.3563702455163
-987.7774445199966 -309.35844418913126
-986.3482107305526 -310.1168930283189
-985.3242919826507 -309.7955025783181
-983.3977289581298 -309.9524890682101
-981.787804403305 -309.6665978333354
-980.0581529521942 -310.06210665911436
-978.364784040451 -310.8177539011836
-976.8953760051727 -310.32844491809607
-974.9156918907165 -310.9348729452491
-973.497359790802 -310.5619520148635
-972.8718160772323 -310.03845496982336
-971.9607910299301 -310.2932863435149
-970.1077417516708 -309.8251079520583
-968.8237529182434 -310.3625156483054
-966.8932707691192 -310.5220495066047
-964.950388469696 -310.19584949821234
-963.622954287529 -310.0389734855294
-961.7823757314682 -309.63042387872935
-959.9478022241592 -310.065526997149
-958.6072234296798 -309.6063473573327
-956.831885137558 -309.8957914760709
-954.8527044439315 -310.206996088326
-952.8740625762939 -309.7698866775632
-951.1139481449127 -308.9100334098935
-949.3353004837036 -308.80517614394427
-948.1688423538208 -307.4087176373601
-948.4232502365112 -305.71111012011767
-947.415605225563 -304.61815429240465
-946.9297976875305 -302.8726612380147
-947.2793101453781 -301.0779583504796
-946.4884818577766 -299.81146336108446
-946.7312446916103 -298.7522989562154
-946.2571034514904 -297.0926253846288
-946.080230512619 -296.26020712167025
-945.2849858188629 -294.4199716499448
-945.7360810422897 -292.51686186105013
-945.5015090638399 -290.6315739801526
-945.2996854418516 -289.2440614154935
-945.5242641502618 -287.58635372430086
-946.0081309312582 -285.7678185155988
-945.3092620009184 -284.24153155595064
-945.6397108370065 -283.5202945521474
-945.3762322896719 -281.94642651587725
-944.7343555325269 -280.2141617587209
-944.8901372039318 -279.07772040873766
-944.4485878133773 -277.6192065528035
-944.5762715274095 -275.7738274386525
-944.5941546493768 -274.0003355792165
-944.4941460126638 -272.70461071044207
-943.7612265580892 -271.3332566073537
-942.7028155559301 -270.7361863902211
-941.7163297766447 -269.972376947701
-940.9445653790235 -268.7490313103795
-939.7264843815565 -268.0159224322438
-939.2906563812494 -266.5883443406224
-938.3119801217317 -265.3258320143819
-937.0772082740068 -263.5877114585042
-936.9469002121687 -262.11160719901324
-936.3499795430898 -260.8905175974965
-934.9564787381887 -259.2603017142415
-933.7918838495016 -257.68348801642657
-933.3959190481901 -256.1325502446294
-932.9370958441496 -254.77651620417834
-931.7487218016386 -253.98036814242602
-931.2021459573507 -252.14515233546496
-930.1339720720052 -250.4007899811864
-929.2825033897161 -248.53866696864367
-928.4645016425848 -247.20518613368273
-927.955696427226 -245.77665687114
-927.3969435924291 -244.34192610293627
-927.304326274395 -243.64432526141405
-927.7209566318988 -242.63446188479662
-927.9944460773468 -240.6943745663762
-928.0328239062428 -239.3106071999669
-928.375480697453 -237.84166372328997
-927.6168200233578 -236.24550939112902
-927.4530892828107 -235.07806730777025
-927.3699523591995 -233.6347600272298
-926.9126110458374 -231.83096600085497
-927.4890511417389 -229.99578166514635
-926.8687336826324 -228.153378610909
-926.4377184593677 -226.92933476477862
-926.4557909601926 -226.08030880004168
-926.0619837278127 -224.2178486636281
-925.8461638921499 -222.48392808943987
-925.4238126510381 -221.29116535693407
-925.8814159864187 -220.34374887257815
-925.8745697820186 -219.29304761201143
-925.4494525575637 -218.61604577809572
-926.2081624054908 -217.73314744740725
-926.9072730922699 -215.97663683205843
-926.3297966504097 -214.76010674744845
-926.1999759310484 -213.3444566181302
-925.9863399201631 -211.7841197898984
-926.6277031236887 -210.90993625432253
-926.1233153873682 -209.56991762429476
-925.6429090434312 -208.1964983394742
-925.9969465667009 -207.55228901416064
-925.5008719497919 -205.8908929875493
-926.1310215526819 -204.1261075785756
-925.9030592674017 -202.90372574836016
-925.6394396954774 -201.2759586623311
-925.0896235638857 -199.8737371018529
-924.7383999758958 -199.0268634608388
-925.217269116044 -197.56543517619372
-925.9585976535081 -196.63701618224383
-925.5138538712263 -195.44242775946856
-925.1663851076364 -193.77535653620959
-925.4708488816023 -192.6257770112157
-925.7483180397749 -191.55641317874193
-925.3904506200552 -190.74575132638216
