-1090.54 -312.31
-1088.6598008060455 -311.1310469484329
-1086.7749730730056 -310.32133823394776
-1085.2599206352234 -309.9467059350014
-1083.7047449731826 -309.3697501397133
-1082.4754634284973 -308.8304379558563
-1080.9559729480743 -308.27693682670593
-1079.5621631526947 -308.2094406312704
-1077.9033484840393 -308.1180606907606
-1076.0112425470352 -307.70434660971165
-1074.0489236497879 -307.2689038640261
-1072.2091361665725 -307.5501880770922
-1070.493403353691 -307.0071682459116
-1068.5452421092987 -306.6767934089899
-1066.5927172088623 -306.16165806114674
-1064.653921046257 -305.8287522023916
-1062.7024475717544 -305.4710998660326
-1060.993528523445 -305.61356372892857
-1059.4417268419265 -305.0781434303522
-1057.8228705310821 -304.6029080873728
-1055.8887763404846 -304.201425922513
-1054.0501317167282 -303.5865197902918
-1052.1892465734481 -302.919642341733
-1050.3213855409622 -301.89508510887623
-1049.227215924263 -300.06811775028706
-1048.1150896930694 -298.20391930401325
-1047.4191558146476 -296.79010762035847
-1046.5724926972389 -294.88533295452595
-1045.814580359459 -293.01143480598927
-1045.8790477150678 -291.8885972625017
-1045.8566780453175 -289.95585299789906
-1045.3480468755215 -288.52234841644764
-1045.4627692317217 -286.65247632324696
-1045.667090362832 -284.7356488829851
-1045.5530582954734 -283.2550637847185
-1045.9792904248088 -281.85499335587025
-1046.6271425475925 -281.1513813263178
-1045.9333992590755 -279.7994467741251
-1046.154403059706 -278.97682286560536
-1045.8106975545734 -277.83915509045124
-1045.1625988473743 -276.8862098580599
-1045.3621266325563 -275.58296574413777
-1045.43722241275 -274.1087827807665
-1045.7034458433836 -272.82078863441944
-1045.7341311340779 -271.51926566421986
-1045.8222100054472 -270.758221758008
-1046.1146644269675 -269.992357147336
-1045.3399200951308 -268.6749186640978
-1045.4134684791416 -267.03614701092243
-1045.3392906775325 -265.76326025784016
-1044.70631247662 -264.1453992253542
-1044.1023841490596 -262.603894007802
-1043.9123364081233 -260.74060322105885
-1043.5169656863063 -259.12421656906605
-1044.0002574314922 -257.6470053321123
-1044.494356154427 -255.95899177849293
-1044.1623579850047 -254.31832052528858
-1043.694019644484 -252.95596243202687
-1043.9475074698776 -251.39762212097645
-1043.3598279049247 -249.61402107536793
-1043.1249808063358 -247.7662489539385
-1043.423462568745 -246.4249994879961
-1043.7613717903942 -244.48591197788716
-1043.9463371475786 -242.52691258251667
-1043.4746315618604 -241.19621862232685
-1043.5047112544626 -239.41490615665913
-1043.0130031546205 -237.6262353783846
-1042.7604235550016 -235.72004867851734
-1042.6212928732484 -234.21768010914326
-1042.14220146738 -233.14513398468495
-1042.0735958506912 -231.79352320492268
-1041.5850696256011 -230.55008460342884
-1042.2352254083007 -228.87921930611134
-1041.5363740613311 -227.390771997571
-1041.5806498331576 -225.39141000568867
-1041.831738094762 -223.4204408055544
-1041.1425394815951 -221.45029057323933
-1040.233102421239 -219.48373056709767
-1039.032153706029 -217.59056092560292
-1037.554033736661 -215.88272525131703
-1035.6561069292575 -214.88330782711506
-1033.701511125043 -214.0631135827303
-1031.7135371965915 -213.30101431667805
-1029.9340172810107 -212.7240114337206
-1028.2289757532626 -212.12417371332646
-1026.2997784418612 -211.61642040073872
-1024.4557342333346 -211.25056482613087
-1022.7990307611972 -210.86821879208088
-1021.1984550756961 -210.56628311932087
-1019.5306583447009 -210.28432516515255
-1018.0108156008273 -209.99523328006268
-1016.2345719141513 -209.66165677964688
-1014.7827508253604 -209.52226175129414
-1013.56603119798 -209.1390284126997
-1011.6317424578219 -208.8186155384779
-1009.9137052101642 -208.54763097822666
-1008.0418846411258 -208.23363579571247
-1006.3360221190005 -207.9485947316885
-1004.4829995436221 -207.8161100870371
-1002.7844579023867 -207.57680336892605
-1000.8935613436252 -207.40644858539105
-999.091751198247 -208.18104158103466
-997.2637796206027 -207.9006079262495
-995.8880666298419 -208.7438761419058
-994.3530535501986 -208.44742683827877
-993.2594729465991 -208.2087695723772
-991.3990874094516 -208.53779689729214
-989.6650445265323 -209.3245792812109
-987.9142936272174 -209.12785781681538
-986.8479896587878 -209.66124941170216
-985.9646229548007 -210.5183262950182
-984.0463491482287 -210.17675788462162
-983.0926888985186 -210.35675610363484
-982.1793426079303 -210.61887727439404
-981.3896044296771 -210.63259404659271
-980.0798754496127 -211.0994157767296
-979.1035585803538 -210.57148229837418
-978.3174156350642 -210.0562016940117
-977.2756952447444 -209.95157098531723
-976.6520537538081 -209.2546410536766
-976.0227404040843 -209.75121223688126
-974.4551604194194 -209.89248645067215
-973.2046347064525 -209.22921091079712
-972.513547341302 -209.0443456596136
-971.2499865693599 -209.09295762836933
-970.2676151198893 -208.9358984953165
-968.6628652019053 -208.9062420552969
-968.150734404996 -208.31986854732037
-966.9642300409823 -207.59755955398083
-965.5333394808322 -207.14236949145794
-964.7879404825717 -205.5558199709654
-964.0213495296985 -204.2941580837965
-963.7802429897338 -203.25435219466686
-963.7350015071779 -202.45695523679257
-963.5778164295107 -200.73320655286312
-963.780663671866 -199.40429715573788
-963.1110524562746 -198.3506727641821
-962.4749476341158 -197.5111718004942
-962.392176496759 -196.89178322017193
-962.7575854537636 -195.5593974417448
-963.0369489369541 -193.87147138774395
-962.9334185598045 -192.20829044044018
-962.2208011028915 -191.2970592802763
-962.0422902879864 -190.52606086194515
-961.9070897874981 -189.26478020608425
-961.763817596212 -187.38917343080044
-961.6839424026757 -185.82999126374722
-962.0074103427678 -184.6587770408392
-961.8967665535956 -182.76512937009335
-961.8992574018985 -181.36101738870144
-961.867529227361 -179.54977981507778
-961.4791996916383 -177.72796039044857
-961.1279316087812 -176.87928096711636
-961.0929910456389 -175.23876408994198
-961.7355142151564 -174.16440228879452
-961.0445063626021 -172.55440442025662
-961.377821079418 -171.07790414750576
-961.520418248102 -169.38052312791348
-962.0378729914873 -167.78087489068508
-961.107392392084 -165.83320824563503
-961.3197875534743 -164.4503674930334
-960.877528122589 -162.56494574010372
-959.5956112658232 -160.7660196250677
-957.9444076334685 -159.80687658250332
-956.6411552941054 -158.57326678693295
-955.352729133293 -157.40053586423397
-953.734381846115 -156.5961949056387
-952.1799334799498 -155.7142113274336
-950.347931555435 -155.4290283447504
-949.1732707535475 -154.9987187808752
-947.697935751602 -154.0298651880026
-946.0839831148833 -153.38009832561016
-944.8049523150175 -152.5667838281393
-942.8959585940092 -152.0402249521017
-941.0528790270537 -151.41121987760067
-939.3189780031889 -151.2001805281639
-937.355425409004 -150.9750543063879
