-1090.54 -312.31
-1089.2381168985366 -311.6355478143692
-1087.2779313707351 -311.05883818626404
-1085.3148173475265 -310.55609375
-1083.4038526201248 -310.15197250008583
-1082.3553575658798 -309.94215842843056
-1080.6231384658813 -309.91930183529854
-1079.1018453025818 -310.0454262769222
-1077.7094875955581 -310.1596099412441
-1076.8786640548706 -310.26086321234703
-1075.4079597377777 -310.3776534473896
-1074.3341488027572 -310.5508932745457
-1072.822333254814 -310.66953280329705
-1071.264981188774 -311.2024202620983
-1069.8659493112564 -311.5579024231434
-1068.3344238185882 -311.5866368687153
-1066.6322300815582 -312.0457699275017
-1064.9317561769485 -311.8418942964077
-1063.795627989769 -311.5906732058525
-1062.4015213632583 -311.7933555519581
-1060.6182023668289 -311.6028964793682
-1058.9840200328827 -311.41601660609246
-1057.2425263309478 -311.30025720357895
-1055.392649450302 -311.1405490016937
-1053.5267584705352 -311.04953849077225
-1052.0363744878769 -311.1869933283329
-1050.8105553770065 -311.2197663760185
-1049.2197964572906 -311.21737068653107
-1047.5029564285278 -311.020807710886
-1045.7297113323211 -311.1096625006199
-1044.735354104042 -311.73291858792305
-1043.95741335392 -311.58411538362503
-1042.307786026001 -311.8789162313938
-1041.4841347122192 -311.95209243655205
-1040.5411641979217 -311.9996941959858
-1038.7325845146179 -312.1855530267954
-1038.123900988102 -312.8150723105669
-1036.2034948849678 -312.5424642390013
-1034.496327021122 -312.5720103806257
-1033.2840871596336 -312.74594793975353
-1031.6165841603279 -313.15319008886814
-1029.9196765208244 -313.3033619052172
-1028.2414818787574 -313.4259601956606
-1027.714261868 -314.04527766764164
-1026.604438521862 -314.16183788836
-1025.0631036543846 -314.3181928521395
-1023.4917177939415 -314.5801268941164
-1022.778585293293 -315.6271276599169
-1022.0385021352768 -315.93598361074925
-1020.9826119327545 -316.1973849362135
-1019.5939318323135 -316.8989327377081
-1018.0204934263229 -317.2183963483572
-1016.5410102987289 -317.2372201657295
-1014.8164600515365 -316.886354265213
-1013.0891347312927 -316.96904804319144
-1011.6846998119354 -316.52619292348624
-1009.8246544981002 -316.60119900614023
-1008.5976162338256 -316.6975043615699
-1006.8207871103286 -316.7227089008689
-1004.9624363565445 -316.78539258748293
-1003.3941401624679 -317.37089962273836
-1001.6626798295974 -317.7401779046655
-1000.5232957983017 -317.2200919738412
-999.2016106033325 -317.1310256174207
-997.9199788951873 -316.82985508948565
-996.7137800836563 -316.50958997517824
-994.9981826925277 -317.385909383595
-993.3542082691192 -317.8640838614106
-991.8064704322815 -317.99068074434996
-990.5037075662613 -317.38395600527525
-988.6351372385025 -317.57985286921263
-987.6281679058075 -317.444602509439
-985.8495024824142 -317.65177335351706
-985.0534774446487 -317.9495484134555
-984.1753560686111 -317.60258834570647
-982.905108013153 -317.18740575522185
-982.1887369537353 -316.71954088419676
-980.3838192605972 -316.83570935338736
-978.570326962471 -316.3932246169448
-977.4771072053909 -317.0940094193816
-975.8867203378677 -316.6012942394614
-974.3420941019058 -316.2083078226447
-972.834141292572 -316.1035737594962
-970.8872986221313 -315.9314173063636
-969.4057556772232 -315.5701009234786
-967.7656482839584 -315.3667079409957
-965.8714937353134 -315.7809252640605
-964.5740362787246 -315.8786014518142
-963.7742584133148 -315.72418405622244
-962.2463452005386 -316.47724141687155
-960.4435074710846 -316.147137632072
-958.5771693372726 -316.1441764137149
-957.6597241544723 -315.9858183762431
-956.7147804284095 -316.41311671346426
-954.7865292811393 -316.5140246799588
-953.498450615406 -316.62797380000353
-952.1974777960777 -316.4975363215804
-950.4239769959449 -316.82232858747244
-948.5660000824928 -317.17602940410376
-946.7743905568122 -316.9432169547677
-945.9829446458816 -316.79694363981486
-944.6911851549148 -316.1745381703973
-942.8574628019333 -316.44619566708803
-940.9699358129501 -315.6659647873044
-939.4444675827026 -315.59132666647434
-937.6756215476989 -314.61060245096684
-936.9758885884285 -313.67348117887974
-935.2649116301536 -312.72564024984837
-933.8002834105491 -311.7957021123171
-933.0960359358787 -310.34767235577107
-931.7679366850853 -308.65808142483235
-931.6513761663437 -306.7658287411928
-930.8449380779266 -305.10782481491566
-930.0965092563629 -303.3839322453737
-930.4351652050018 -301.68503273785115
-930.7055349731445 -300.54459596931935
-929.9055986785888 -299.1532343751192
-929.9249080950021 -297.60045851528645
-929.3120887213945 -295.66381181538105
-929.403154001534 -293.81206215679646
-929.028502509892 -291.9747415906191
-929.0480039575696 -290.0803845053911
-928.691009388268 -288.5709965354204
-929.2657747724652 -286.6104160672426
-929.1626982548833 -284.6664282208681
-928.2502010920643 -282.98318446934223
-927.4568449118733 -281.16158737003803
-926.5066987136006 -279.2972136861086
-926.4813960054516 -278.469595862031
-926.6806126394868 -277.5016202455759
-926.3928450205922 -275.5986779457331
-925.8356961467862 -273.8521879440546
-925.6895711579918 -272.34072084486485
-925.5267563769221 -270.50359017908573
-925.0169646450877 -269.2836029058695
-924.9360886895656 -267.80006511271
-924.7540677124261 -266.34218318521977
-924.5027636224031 -264.96919472277165
-924.262053617239 -263.3126109367609
-924.532049574852 -261.53327114641667
-924.6646757507324 -260.0264747864008
-925.196020283699 -259.2321109300852
-925.2388612785935 -257.3088120943308
-924.8395592430234 -256.5125105506182
-925.3275144258141 -255.1443861848116
-925.997048214972 -253.55241335690022
-925.624046818316 -252.5127281075716
-925.5972725962847 -251.34867204487324
-926.041299066469 -250.13291813194752
-925.6035346900671 -249.1353163844347
-925.1314480816573 -248.12140346825123
-924.4703282033652 -246.20149756729603
-924.8909166371077 -244.97936250030995
-924.6776711409539 -243.04848374187947
-923.8263936703652 -241.2674409276247
-924.299603170678 -239.61895169079304
-923.3798899119347 -237.74511886894703
-923.3047487502545 -235.88950301468373
-922.6192557578534 -235.0835311537981
-921.2041451697796 -234.12632079184056
-920.5813663964718 -233.3538729673624
-919.3892725472897 -233.02202479302883
-918.2475952868908 -232.56536833703518
-916.549943543002 -232.53677528113127
-914.7610692744702 -232.39375293761492
-914.1321794157475 -231.7068247845769
-912.1793374186009 -232.33736956626177
-910.2134982710331 -231.66991937667132
-908.2580691938847 -231.15043992310763
-906.8030773764103 -231.4078859141469
-905.8108559613675 -231.4583243778348
-904.4357238774746 -231.77876499801874
-902.8246248727291 -232.34323981910944
-901.4144819741696 -231.91357937961817
-899.9801747565716 -232.19565192371607
-898.4002043967694 -231.96686932951212
-897.6179458861798 -230.57035241037607
-896.8719607358425 -230.3795590749383
-895.474783635661 -229.82721868664026
-894.8679430251568 -229.24961737304926
-894.1740733747929 -227.87339035183192
-894.5567410951107 -226.15315917640925
-894.263452148959 -225.2131440988183
-893.8455738788098 -223.29877332359553
-893.1145025258511 -222.54079154640436
-892.3966976767033 -221.40437499195338
-892.379909562841 -220.23289719730616
-892.9773476598411 -218.68242648750544
-892.4156278250366 -217.89021173626185
-891.9016425488144 -215.997771178782
-891.3632948277145 -214.28797808796168
-892.0734862563759 -213.2424023500085
-891.611333238855 -211.66350058227778
-891.2602167008072 -209.78689674049616
-891.2235654918104 -208.42223969608546
-892.0292522040754 -207.0362722030282
-892.4245896665007 -205.785661970675
-892.8694089976698 -204.05263057857752
-892.2353828874975 -202.06322566181422
-891.6513362256437 -200.19374600559473
-891.9501977292448 -198.4095381847024
-891.6712130633741 -196.45823112636805
-892.3853727904707 -194.6248746266961
-891.9927826849371 -192.75831416755915
-891.6026782719046 -192.0436761727929
-891.1466789571195 -190.08301798015833
-890.7640072134882 -188.6638471236825
-890.8480298248678 -186.75732389599085
-891.5556280342489 -185.04232135921717
