-1090.54 -312.31
-1089.4392221355438 -311.5119097805023
-1088.1011602067947 -310.5047864294052
-1087.2685159826278 -310.7266923761368
-1085.5667513990402 -311.1342644071579
-1084.8281515622139 -310.2837470149994
-1082.9593332791328 -309.6530941104889
-1081.825281598568 -309.1783831393719
-1080.513626434803 -308.3139514005184
-1079.367589213848 -307.6866445219517
-1078.035946586132 -307.9607172882557
-1076.6373951220512 -308.27017211675644
-1075.6366567397117 -307.64453035354614
-1074.6909499549865 -307.8158856457472
-1072.92722717762 -308.3599958842993
-1071.2780582094192 -308.60452309012413
-1069.9177360916137 -308.99558406829834
-1068.7108540916443 -308.3290566778183
-1067.789296426773 -307.58390867471695
-1066.0162600660324 -307.43647637724877
-1064.5145913743972 -307.71041872859
-1063.1895798826217 -307.85205337166786
-1061.651965060234 -307.0998340523243
-1059.9733978891372 -306.5408441698551
-1058.95592669487 -305.941744235754
-1058.2834266805648 -305.4620226299763
-1057.6214018845558 -305.04926374316216
-1056.0874994778633 -304.6728720641136
-1054.9381267809867 -303.68884467840195
-1054.829037644863 -302.03260969877243
-1053.734754064083 -301.3787354207039
-1053.045850970745 -300.2446737265587
-1053.152196162343 -298.67429685354233
-1052.2293023997545 -296.95265209436417
-1051.01982044518 -295.7138800597191
-1051.1801522904634 -294.99576687574387
-1051.0536092156171 -293.3615199303627
-1051.0829136008024 -291.7209073281288
-1050.4150265091657 -289.8294426178932
-1049.4987872475385 -288.1431977725029
-1048.805035495162 -286.34550308942795
-1048.7174473264813 -284.5187296843529
-1049.0639087119698 -282.8762994980812
-1048.6107104578614 -282.04601561784744
-1049.1304774442315 -280.57997381448746
-1048.9929204145074 -279.3408412909508
-1049.3866207161545 -277.6288973069191
-1048.8360865274071 -275.8189114308357
-1048.5436116614937 -274.9826756095886
-1047.757392064631 -273.5342510318756
-1048.0142000177502 -271.798068819046
-1047.9676278689503 -270.2367544746399
-1047.6171617367863 -268.5544818019867
-1047.334909454882 -267.61916690826416
-1047.3872019731998 -266.24054234981537
-1047.9765125000476 -264.6500433063507
-1048.3025913321972 -262.8082087612152
-1048.5487575912475 -261.03517454624176
-1048.5114408069849 -259.6846497631073
-1048.921387785077 -258.0757973766327
-1048.5992171102762 -256.81560081005097
-1048.1880803638696 -255.98992317676544
-1048.4356726938486 -254.64471775054932
-1047.8795671993494 -253.1596173620224
-1048.252245747447 -251.5946359014511
-1047.9199258619547 -249.91887622833252
-1048.0868878298998 -248.34998506069184
-1047.2690599495172 -247.3013730621338
-1046.6548079186678 -246.51507979393006
-1046.8297183448076 -244.65797894954682
-1045.9867122107744 -243.38206559181214
-1046.409828298688 -241.98573964595795
-1045.6339857512712 -241.02127861738205
-1045.3750375443697 -239.28593635320664
-1045.2596086123585 -237.9203383898735
-1044.736920223534 -236.31797468423844
-1045.2175885000825 -234.3716655945778
-1044.9518153229355 -232.66094267129898
-1044.798566044271 -231.66888880491257
-1045.1017129430174 -230.67170721054077
-1044.8838930884003 -229.58762174606323
-1044.1292084017396 -228.19854455947876
-1043.8746765711903 -226.60223954677582
-1042.7817293265462 -225.9434627866745
-1041.9803843358159 -224.84574657440186
-1041.156786904633 -223.46671634674072
-1039.6241211751103 -222.3264749622345
-1038.3868408063054 -221.68546008825302
-1037.4630231717229 -220.7773551917076
-1036.0439349272847 -220.1239334321022
-1034.272111044228 -219.5929332947731
-1032.757979259789 -219.1259637451172
-1031.341087088883 -219.34600691258908
-1029.5985948899388 -219.19499699532986
-1027.7383280852437 -218.47003845632076
-1025.90585111171 -217.74623374402523
-1024.9947282531857 -216.85147528111935
-1023.6047212341427 -216.45490480720997
-1022.7703304746747 -215.6106649762392
-1021.1694069364667 -214.97474820673466
-1020.4906914690137 -214.6961593157053
-1019.0562264183163 -214.28430677711964
-1018.0449223974347 -213.71898270905018
-1017.2395310857892 -213.62292325258255
-1015.4632227876782 -213.6801967895031
-1014.6528037050366 -213.06320854783058
-1013.6518486002087 -213.24147504329682
-1012.4165002563595 -213.64354461193085
-1011.0298971393704 -213.96618911385536
-1009.5713898399472 -213.7834966903925
-1008.3850496271252 -214.16305793583393
-1006.8131199339032 -213.7016426151991
-1005.7721939542889 -213.21902875363827
-1003.910450027287 -213.64789007365704
-1003.1784062245488 -213.6595770096779
-1001.8011133530736 -213.14787965774536
-1000.7444934704899 -212.79216119408608
-999.9045366504788 -212.2682056105137
-998.7719980934262 -212.89993223309517
-997.0492611387372 -213.2175081050396
-995.9659190633893 -213.687214550972
-994.7750835874676 -213.62680388376117
-993.312624976933 -214.11773366615176
-991.5947720268368 -213.5291776148975
-990.4957560756802 -213.29187408968806
-988.9982018926739 -213.57801444217563
-987.3428863742947 -213.09864796087146
-985.6020011165738 -212.77254606172443
-983.7237354972958 -212.28021932527423
-982.2246691444516 -212.4567330865562
-981.4477500775456 -212.48325926944614
-980.3065643170476 -213.02702636405826
-979.0584846594929 -212.73893363162875
-977.8883976796269 -212.2779574482143
-976.0133628705144 -212.21981068834663
-974.6729795792698 -211.78332134470344
-972.9036553958058 -211.42228826269508
-971.3443381646275 -211.03517600283027
-970.6404409268498 -210.64795532211662
-968.9644390204548 -210.18610450014472
-967.7338040927052 -210.50790479168296
-966.8143876650929 -209.97634311899543
-966.0047744372487 -208.76587637647987
-965.3621241310238 -207.3794000981748
-964.9570848801732 -205.9664125083387
-965.1855714777112 -204.67220040544868
-964.9777917125821 -203.95002403244376
-964.4615780571103 -202.43676950916648
-963.5375922182202 -200.69903280720115
-962.664708302319 -199.06356992706657
-961.8428595522046 -198.0173869369924
-961.270881281197 -196.62592174991966
-960.5489216306805 -195.61722543224693
-960.4819695809483 -194.16075708851218
-959.5472109177708 -193.45762082323432
-959.5215579429268 -191.61589571222663
-958.6071360269189 -189.7495550750196
-958.6525002875924 -188.6844994662702
-958.0435357251763 -186.82341762766242
-957.774396405518 -185.8240248797834
-957.7728630462288 -184.3653896687925
-957.5602104523778 -183.1143216727674
-956.6865001180768 -182.06589766725898
-956.2723356345296 -180.43709787115455
-955.8729646065831 -179.85257526621223
-955.3241105535626 -178.67034538969398
-954.3848134735226 -178.5896025685966
-953.4485144475102 -178.35794059321285
-951.771071896851 -177.56761948153377
-950.4463862040639 -177.59609734401107
-948.9318147757649 -177.03057693824172
-947.8775703766942 -176.84808462247253
-946.4137246468663 -176.78244876250625
-944.7200360158085 -176.86962037667632
-943.6785693028569 -176.5544045804441
-941.8319383719563 -176.00058319553733
-940.1012786486745 -175.7334782718122
-938.5506852725148 -176.11506923422218
