-1090.54 -312.31
-1088.6774942064285 -312.4955201423168
-1086.9503661775589 -311.61613920092583
-1086.018613615036 -311.2069669044018
-1085.0771603369712 -311.1556611633301
-1083.9612097525596 -311.6014541363716
-1082.089023926258 -311.7704169726372
-1080.555631854534 -311.3893614387512
-1079.1361201786995 -311.74808656930924
-1078.4779470348358 -311.7371626472473
-1077.3130445861816 -311.71642485022545
-1076.4061926984787 -311.09512331843376
-1075.7730352663993 -310.3867649114132
-1074.8922475361824 -309.68999591231346
-1073.7049122834205 -310.2863943850994
-1072.1383499884605 -309.6667147552967
-1070.5001591229438 -309.6149951642752
-1069.0008519673347 -310.0690955346823
-1067.2612510704994 -309.9933359748125
-1065.5988919520378 -308.7684691077471
-1064.1462175631523 -308.18079222500324
-1062.3642570757866 -308.48808328568936
-1060.9973938250541 -308.4827456897497
-1059.1230548405647 -308.4478905028105
-1057.8995133423805 -308.1263390904665
-1056.4729926371574 -308.49986059725285
-1054.964210369587 -308.75526965916157
-1053.3636941695213 -308.59152330219746
-1052.630462744236 -308.0461853271723
-1051.6619287514686 -306.67099745333195
-1050.2524505639076 -306.27595104038716
-1049.620777645111 -305.6519214040041
-1048.4232550048828 -304.11152805149555
-1047.8530247592926 -303.5819670087099
-1046.9726171875 -302.4716622954607
-1047.422279753685 -300.81656528770924
-1046.6391921424865 -299.56377805531025
-1046.9697329187393 -297.60537220299244
-1047.2511741304397 -296.93087209522724
-1047.124017843008 -296.291523886323
-1047.401939072609 -295.5609127408266
-1046.6286186361313 -294.5119024640322
-1045.9708422207832 -293.4259066706896
-1045.336685874462 -292.5773480063677
-1045.832027413845 -291.7317165261507
-1045.2761815571785 -290.020751965642
-1045.5469063007831 -288.20936693012715
-1045.3480327659845 -287.50462229311466
-1045.608833336234 -285.9223088747263
-1045.8011588090658 -284.61972017347813
-1045.6281478488445 -283.3122175461054
-1045.2570557379722 -282.57994432508946
-1045.6299332761764 -280.70707340300083
-1045.4353194618225 -279.1086198812723
-1045.230489411354 -278.46631534159184
-1045.1703328722715 -277.7346442466974
-1045.7098964685201 -276.53324754297734
-1045.176325404048 -275.1760257011652
-1044.5834273332357 -273.4294424778223
-1044.831150510311 -271.88375325262547
-1044.2842713975906 -271.0113861089945
-1044.8202638411522 -269.30082686007023
-1045.2892217123508 -267.7090074545145
-1045.265544244051 -266.4484093910456
-1045.361876347065 -264.58228309214115
-1044.797444679737 -263.28647954523564
-1044.8247235072404 -262.37407214701176
-1044.8316807224974 -261.62849248707295
-1044.6892725452408 -260.6862503415346
-1045.0807856246456 -259.5183750516176
-1045.005099609457 -258.8683616644144
-1045.2724098115787 -257.7629706388712
-1044.8919252901896 -256.1583961969614
-1044.27577133473 -254.96860702097416
-1044.438111260496 -254.0425183302164
-1044.0168673246726 -252.1878654485941
-1044.544974133335 -250.83429009974003
-1044.672359064184 -249.75902719557286
-1045.2053542285785 -247.984759760499
-1045.6168164163455 -246.4681216007471
-1045.4059996753558 -245.63364030182362
-1045.9705825596675 -244.74144507706166
-1045.507468268238 -242.84232403099537
-1046.0207052677497 -241.44527877628803
-1046.093931481205 -240.3313921815157
-1046.3809047788009 -239.52844662725926
-1046.68633617457 -238.2546950107813
-1046.3176465481147 -236.9963849312067
-1045.5326494425162 -235.3003217703104
-1045.7530656605586 -233.67708869040013
-1045.9932714551314 -232.78437079250813
-1045.232346460186 -231.33926583588124
-1044.2650868147239 -230.07712556183338
-1044.480417296253 -228.1986675387621
-1044.5555606037005 -227.0424392348528
-1043.669940307699 -225.52464402973652
-1042.893397644125 -224.02325452625752
-1042.0351078062877 -222.05541719257832
-1042.368088468872 -220.65395976364613
-1041.9656831770762 -219.0430483943224
-1041.218997672163 -218.2508201724291
-1039.990156844221 -217.32335276663304
-1038.8683155327662 -215.8046855455637
-1038.2581451087817 -215.80428443610668
-1037.5850055366382 -216.0933694368601
-1035.7360968738421 -215.15755070507527
-1035.034053996168 -214.520681989789
-1033.8561263829097 -213.85839505255223
-1031.8979744463786 -214.41331292450428
-1030.949062004648 -214.54097011446953
-1030.1465782075747 -214.4954863539338
-1028.5875865369662 -214.30061701446772
-1027.6112928539142 -213.69433591276407
-1026.4486285596713 -213.94548771291971
-1025.5507456212863 -213.21355549007654
-1024.534799352251 -213.37687755137682
-1023.734324827753 -213.42133497953415
-1022.7478906660899 -213.66007604956627
-1021.9883835464343 -213.27601390838623
-1020.6379039436206 -213.40999577701092
-1019.3438849597796 -213.86627836287022
-1017.6571115403995 -214.1772662526369
-1015.9497032314166 -214.14200810849667
-1014.0815795808658 -214.15343515336514
-1012.7473591714725 -213.93302501499653
-1011.4279264360293 -213.05606914818287
-1010.834872677885 -212.91237891972065
-1008.9562661200389 -212.57680950820446
-1008.2656510620936 -212.6311623877287
-1006.6663610487803 -213.04397634923458
-1005.1844734698161 -212.6205468004942
-1003.4740725308284 -212.18070308625698
-1001.8222103863582 -211.81004895031452
-1000.0617628842219 -212.13791890203953
-999.1505599766597 -212.1767301684618
-998.2496760636195 -212.12857253611088
-996.4348622113093 -212.21648765861988
-995.6820363551005 -212.13929012924433
-994.9093277603015 -211.71866009145975
-994.0752352624759 -211.0959554067254
-993.2876885681972 -210.7191331139207
-992.4079715162143 -211.19105744868517
-990.8845667987689 -210.57784522086382
-989.146434202753 -210.21481270104647
-987.5316480546817 -210.85084009677172
-986.6629395633563 -210.5351276448369
-984.8391857295856 -210.52284605562687
-984.0903587489947 -211.2167465811968
-982.406761422716 -210.84772650659085
-980.4978954940661 -210.58089546620846
-979.4911055713519 -209.88967661321163
-978.5488501935824 -210.11096031725407
-977.8913994580134 -210.39407650887966
-976.794705584608 -209.5346486991644
-975.2969755678996 -209.65721031785012
-973.7754740267619 -208.9477584040165
-972.8733793049678 -209.00513637572527
-971.9310446530208 -209.18261163443327
-970.3061663657054 -208.84393255919218
-968.9755080490932 -208.78991722077131
-968.5666587501391 -208.01745503157377
-966.8717186599597 -207.137312938869
-966.4823175817355 -205.51624636858702
-965.0312839895114 -204.45967023581267
-965.3834830969199 -203.42836110800505
-965.0104181021079 -201.50633673876524
-964.62601874765 -200.80841593950987
-965.0311339348182 -198.93794112414122
-965.2095881551131 -197.48190574854613
-964.9505634158477 -196.732017686069
-965.0868651419505 -195.4770666858554
-965.0504110306128 -193.7565483352542
-964.9093065708503 -192.29670303076506
-965.056081369482 -191.11924617499113
-964.6799356490001 -190.2530088326335
-964.67156608399 -188.64576410263777
-964.5360723286494 -186.7322670122981
-964.4805719107017 -184.94560467213392
-964.7049145549163 -183.19873010128737
-964.0040535777434 -182.08156918495894
-964.0680498927459 -180.17165659874678
-963.8206791430339 -178.44525777310133
-963.5992942750081 -177.12580632179976
-963.3777975886687 -175.2971844574809
-963.3976196497306 -173.47159170120955
-962.5395101159438 -171.99708734959364
-962.5407205149158 -171.04743813484907
-962.6531223356351 -169.698949804008
-962.7780478596314 -168.19169103115797
-963.087413459979 -166.45928536862135
-962.5752333104238 -165.42289458721876
-961.6384159028157 -163.6225681206584
-960.9720462262258 -162.9281465908885
-961.038391023837 -161.1217558285594
-959.7302162944898 -159.88274072617293
-959.042782694064 -158.97353320330382
-958.0232591926679 -158.49076577037573
-957.2254277765378 -157.39879222720862
-955.535582810603 -156.85176869243384
-953.7938571273908 -157.2535961470008
-953.0573982298001 -156.84102587908507
-952.2476361691579 -156.82579486578703
-951.6651827990636 -156.16485940426588
-951.127552360259 -156.1503800651431
-950.2277627884969 -156.20581536501646
-948.4442012011632 -156.05655743688345
-946.6731224953755 -156.1422940096259
-945.3554295003041 -156.1402383646369
-943.8428585230931 -156.09503736108542
-942.9783113896474 -154.91314425081015
-941.1588598191365 -154.468299587667
-939.2060692011937 -154.8719032010436
