-1090.54 -312.31
-1088.6389555120468 -311.1595602607727
-1086.6570074939727 -310.26063066482544
-1084.6613858127594 -309.51437520742417
-1082.6621789121627 -309.51651817601174
-1080.670648970604 -308.890434682779
-1078.6911682271957 -308.08056008856744
-1076.694835820198 -307.63775008957833
-1074.6959489965438 -307.59648156207055
-1072.6987733030319 -307.0181503299996
-1070.7054967069625 -307.03306532692164
-1068.7257095956802 -306.6485445876047
-1066.726421394348 -306.9549565095827
-1064.7289261007309 -306.293360032551
-1062.7292663240432 -306.23826251965016
-1060.7360252523422 -305.62933932285756
-1058.7929649734497 -304.9384348843619
-1056.8878640317917 -304.0017666075751
-1055.195438542366 -302.53359143476933
-1053.9204210424423 -300.7033343766257
-1052.9186723613739 -298.88323847990483
-1051.8902616882324 -297.47600238066167
-1050.8075297260284 -296.05123488646
-1049.7642150306701 -294.1316121075675
-1048.863428452015 -292.4450245354697
-1048.1525472784042 -290.73841743212193
-1047.5383427524566 -289.8286860440299
-1046.9873044276237 -288.25749234896153
-1046.516547062397 -286.3240540478751
-1046.123866328001 -285.4795078490302
-1045.752165415287 -283.62980298738927
-1045.418515958786 -282.694383010678
-1045.1383791947364 -280.9689181898162
-1044.8642918252945 -279.5469128940627
-1044.6319147729873 -277.7259273384139
-1044.5462690675258 -276.9088226411864
-1044.2662815833091 -275.1507493112609
-1044.0543623054027 -273.9474782798812
-1043.8253847444057 -272.13903068047017
-1043.662490555048 -271.4854475114867
-1043.4911391222477 -269.738475308232
-1043.2756867790222 -268.3963864896819
-1043.1491371774673 -267.6857843254134
-1043.0111948633194 -265.9842132185027
-1042.955132164955 -264.25319634418935
-1043.0031043672561 -262.75029622059316
-1042.9382727527618 -261.7608451698348
-1042.8036028528213 -260.002740845494
-1042.7774108433723 -258.61899779777974
-1042.6803253674507 -257.5657914732024
-1042.5848749065399 -256.320790633969
-1042.593628861904 -255.13052676659078
-1042.7414907002449 -253.48855553608388
-1042.669586994648 -251.88596580963582
-1042.6261722826957 -251.03141944151372
-1042.577043273449 -249.21183483343572
-1043.043478884697 -247.84182207327336
-1042.6874474966526 -246.57705943327397
-1043.2077812039852 -244.69414369802922
-1042.679875024557 -243.34537594061345
-1042.2599148237705 -241.95178262930364
-1042.4861592435836 -240.8918236945197
-1042.7539583230018 -239.84358899336308
-1042.4785802745819 -238.80423800688237
-1042.1441981875896 -237.65729503374547
-1042.321915038824 -236.9165294025466
-1043.0765876853466 -235.46092937927693
-1043.1335123078525 -234.55755864124745
-1042.5662539498508 -233.49569831829518
-1042.2377420262992 -232.35240088444203
-1042.6493840710818 -230.98719058971852
-1043.114609529227 -229.130333766751
-1042.3270562188327 -227.26742611866445
-1041.540405203551 -225.51627062302083
-1040.1502863661945 -223.7349777076766
-1038.4262141482532 -222.35257194977254
-1036.4938546912372 -221.27766631584615
-1034.5216042296588 -220.45286624174565
-1032.5279742972552 -219.73196475248784
-1030.5286570088565 -219.22307102423161
-1028.5972683922946 -219.4278126214072
-1026.6365367667377 -218.82520149689168
-1024.804928471297 -218.24751721363515
-1023.2924136416614 -217.4863402102515
-1021.7363701359927 -216.43539898138494
-1019.8180482880771 -215.50076453428716
-1017.9071726100146 -214.52548311691731
-1015.9578360812366 -214.45051996450871
-1013.9828261630237 -214.20121452253312
-1012.038121868819 -213.65388938825578
-1010.0528842703998 -213.4110352699086
-1008.1371193425357 -213.10663709085435
-1006.1445203320682 -212.73479831259698
-1004.1575067536533 -212.48191291134805
-1002.5442467229068 -212.6098941866681
-1000.5605714814365 -212.9793570939824
-998.6281884209811 -212.58401399891824
-996.762462426871 -212.11284834187478
-995.2417251364886 -211.9321467135474
-993.3058101432025 -211.89298132102937
-991.3833380238711 -211.64083501737565
-989.5239594475925 -211.50396612327546
-988.4754250542819 -211.54153019230813
-986.973074247092 -211.12436485331506
-985.8125224606692 -211.46998959820718
-983.846788932532 -211.21829879324883
-981.9919128911197 -210.9126338962838
-980.2095525757968 -210.5521277789399
-978.6307036177814 -211.54491919320077
-977.2342150704562 -211.19077453058213
-975.9784681098163 -211.04483601491899
-974.8426946894824 -211.0093086664006
-973.137567807883 -210.89374071400613
-971.5826057688892 -210.77147758048028
-969.6501459376514 -210.37290436070413
-967.696828533858 -210.06933391135186
-965.7725974814593 -209.2613068823144
-965.5855372743308 -208.0587568287179
-964.586928089112 -207.19962620776147
-963.7807987527549 -205.369609237127
-963.3382197217643 -204.37876421254128
-962.5405682520568 -202.9773250226304
-961.7500267224013 -201.93553847115487
-960.9814605312049 -200.1429206733033
-960.092555244416 -199.3758981828019
-960.0865254075825 -198.56138044636697
-959.2061502607166 -197.08475416939706
-959.0024677337706 -196.02414101403207
-958.5227807880938 -195.23712319176644
-958.3177686752379 -193.94591337483376
-957.6766461552679 -193.20227938931436
-957.0672523798048 -191.5690100793168
-956.4456276120245 -189.87659007351846
-955.8382031144201 -188.13421458046884
-955.6020933659374 -187.03403085511178
-956.0769887538254 -185.221373260431
-956.4142267377674 -183.64195984642953
-955.380243268758 -182.6774536375329
-954.5370424063503 -181.55530703108758
-953.4384923250973 -180.473555088453
-951.6897912295162 -179.55565160553903
-950.1845485241711 -179.1974096898362
-949.3370638163387 -178.49457818310708
-948.6301470668614 -178.32330574136228
-946.780758229047 -177.99995704036206
-945.453440991193 -177.5250653777644
-944.2070877225697 -176.89992989640683
-943.2750485809147 -176.201571062617
-941.5479657323658 -176.02650767605752
-939.6807210119068 -175.1724777821824
