-1090.54 -312.31
-1091.3314457917213 -313.03293597459793
-1091.9429385447502 -313.6634407019615
-1092.5346854710579 -314.20836126565933
-1093.1453588986396 -314.69042920827866
-1093.7309456253051 -314.92921641230583
-1094.2986141228675 -315.30969306588173
-1094.9173057460785 -315.66831713676453
-1095.4709507012367 -315.9576470530033
-1096.2833089613914 -315.6702567911148
-1096.936847486496 -316.07593920588494
-1097.6946712517738 -316.40648647904396
-1098.2607060456276 -316.70091154932976
-1098.9332479023933 -316.9744305586815
-1099.648051776886 -317.2465462064743
-1100.4481070423126 -317.5176137959957
-1102.0981386089325 -317.7687107002735
-1102.6775370025634 -317.54544213175774
-1103.57227353096 -318.0186253464222
-1104.00656447649 -319.35394367337227
-1104.1748838210106 -321.06416031479836
-1104.087549009323 -322.8731264746189
-1104.0488784694671 -324.6718473112583
-1104.034264602661 -326.49487802147866
-1104.1786905312538 -328.3150084888935
-1104.1293405079841 -330.1504782116413
-1104.0496185207367 -331.79762634396553
-1104.0290022277832 -333.6192612326145
-1103.9586217784881 -335.3002938902378
-1103.813579776287 -337.135825124979
-1103.6284356200695 -338.2327539598942
-1103.2284845793247 -340.0893016731739
-1102.8718691849708 -341.4492916738987
-1102.4773297095298 -343.37496956944466
-1102.1316505753994 -345.2776856100559
-1101.8634140276909 -347.0485073006153
-1101.6375828766822 -348.7844887650013
-1101.4422974967956 -350.4614962017536
-1101.2649810099601 -352.2797861969471
-1101.1149447345733 -354.12315222382546
-1100.9523409986496 -355.19735380768776
-1100.8058957242965 -356.9312433874607
-1100.7246562623977 -357.9503938829899
-1100.6777584934234 -359.6247558271885
-1100.5708589935302 -361.09447154164314
-1100.4526341342926 -362.47705790162087
-1100.3614010596275 -363.7138092195988
-1100.5485597932338 -365.0022532618046
-1100.4245756351947 -366.763643232584
-1100.3537145936489 -368.1743049299717
-1100.426574178934 -369.63290998101235
-1100.3475087368488 -371.2109568989277
-1100.262386330366 -371.7421805536747
-1100.6762989246845 -373.3927117264271
-1100.6003562891483 -373.91945251584053
-1100.5339879477024 -375.6801918423176
-1100.7746596121788 -377.23398288846016
-1100.6965893888473 -378.76423498749733
-1100.5969952726364 -380.1108742630482
-1100.4497093343734 -381.0156383192539
-1100.3286111736297 -382.6299349939823
-1100.1615173006057 -383.97864290833473
-1100.5298958206176 -384.89422842621804
-1100.272448399067 -386.50719555974007
-1099.4746566796302 -388.33101400494576
-1098.1865654969215 -389.7753406441212
-1096.4128855252266 -390.0313518321514
-1094.572020509243 -390.51918959379196
-1092.7219283366203 -390.9432620680332
-1091.1173376822471 -391.9664101278782
-1089.4955124640464 -391.8734125471115
-1087.5643071913719 -391.62938710808754
-1085.8513769888878 -391.4928026175499
-1083.9078669333458 -392.3428975915909
-1081.955003478527 -392.17509504914284
-1079.9888617777824 -392.44159888982773
-1078.1560578131675 -392.0481586134434
-1076.2082242751121 -392.14040249347687
-1074.4798657679557 -392.7270892238617
-1072.5885188364982 -392.36385929346085
-1070.8173479819297 -392.52429085731507
-1068.9356424593925 -392.5796175277233
-1067.0339355254173 -392.57113064587116
-1065.3689185166359 -393.2939505106211
-1063.5148249650001 -393.43878051400185
-1061.6122457766533 -393.1474891579151
-1060.099638082981 -392.9559674090147
-1058.2096751713752 -393.5502814477682
-1056.2510866904258 -393.03002808749676
-1054.2805923008918 -392.88948046922684
-1053.2402529501915 -393.27591252088547
-1051.2591935181617 -393.5161510384083
-1049.6155482316017 -394.19934323191643
-1047.72469196558 -394.81245746970177
-1045.7483466649055 -394.89780421316624
-1043.8739158892631 -395.2300347214937
-1042.423345901966 -394.5860902196169
-1040.4266929411888 -394.02821190416813
-1038.7967568421363 -394.4492324715853
-1036.8230412983894 -394.6680695986748
-1034.9130674386024 -393.97163140535355
-1033.582911350727 -394.23356592416764
-1031.8043049359321 -394.2160407280922
-1029.85084638834 -394.14506298065186
-1028.0059503102302 -393.77217983961106
-1026.163287975788 -392.88667380571366
-1024.8700364613533 -392.5468399500847
-1023.6762447142601 -392.2434446191788
-1021.9094348931312 -392.14467561751604
-1019.9251209282875 -391.72451893001795
-1019.2080958271026 -392.0111222317815
-1017.4297829055786 -391.5787473371625
-1015.5136657142639 -391.2797062447667
-1013.580982723236 -390.88248336821795
-1012.3175286436081 -390.7093718698621
-1011.6620813393592 -390.863768850863
-1009.8582334303856 -391.5167253366113
-1008.1999972844123 -391.2795415273309
-1006.2542975926399 -391.8033027997613
-1004.7268987679481 -391.2697412124276
-1003.0526873850822 -390.78621677070856
-1001.18126008749 -391.1843469789624
-999.3789512896537 -391.73849016934633
-997.5146008515358 -391.8985606482625
-995.6316908383369 -392.38919830828905
-994.3127752327919 -391.85271990805865
-992.8977961325645 -392.32198399811983
-990.9080595755577 -392.603498583138
-988.9117557787895 -391.9360635331273
-986.9161094212532 -392.49925196677447
-985.0507830166816 -392.61208426713944
-983.1351531529426 -392.3076901113987
-981.1706741833686 -391.87953850388527
-979.173544743061 -391.72101756691933
-977.2136941933632 -391.79315815627575
-975.3598674321174 -391.0920493429899
-973.4916909718513 -390.14600603044033
-972.0210588955879 -389.25355545938015
-970.9178441548347 -387.81653599202633
-970.1075716996193 -386.68478862702847
-969.5971255087852 -384.77171413362026
-968.935295202732 -384.07709316670895
-968.3624236369133 -382.67237524449826
-967.9082389855384 -380.8130420869589
-967.4473242247104 -379.74022702634335
-967.0456613385677 -378.70193569123745
-966.6814059996605 -376.82223336160183
-966.5049817049503 -375.517249507308
-966.2761027896404 -374.89289836347103
-966.1827660286426 -374.0563462203741
-966.1393377566337 -372.5456165498495
-966.4040425503254 -371.39926998078823
-966.1574246072769 -369.8421588367224
-965.9044458949566 -368.8087532943487
-965.6875658118724 -368.0431490367651
-965.5429726326465 -366.2361100143194
-965.3887866818905 -365.28132585942745
-965.3439624392986 -363.5254488414526
-965.1690248334407 -362.8475207513571
-965.0160510623455 -361.16717283189297
-964.9172081434726 -359.9592944806814
-965.4094923222065 -359.0920607274771
-965.2539674723148 -357.29636887967587
-965.1964235985279 -356.04156379163265
-965.6455383086204 -354.53923992574215
-965.6037980401516 -352.78380612790585
-965.4112259829044 -351.3711314624548
-965.3480486357212 -350.66254345834255
-965.6546955788135 -350.1070876544714
-965.5929781281948 -349.555901748538
-965.9688884699344 -347.7394159859419
-966.094598480463 -345.9740102118254
-965.8548727118969 -344.2400970286131
-965.639368661642 -343.37998805701733
-965.6263499343395 -342.7048047608137
-965.4879530751705 -341.94032691180706
-965.9137044930458 -340.9360800808668
-965.7906960630417 -340.05185137450695
-965.6822056853771 -338.3021939820051
-965.6637272620201 -337.4560528820753
-965.5303143048286 -336.2232911413908
-965.4272788548469 -334.829720479846
-965.2613121950626 -333.1587283438444
-965.220731087923 -331.76433263480664
-965.1375327193737 -330.052580935359
-965.0649818265438 -328.86839209258557
-966.0408212029934 -327.5510395592451
-965.8207114422321 -326.6220391815901
-965.6707252049446 -325.85702703654766
-965.4248208487033 -324.7445522373915
-965.5769384288787 -323.8959989374876
-965.2068647825718 -323.2593186324835
-964.9430608236789 -321.81755558907986
-964.8326024198532 -320.45400087296963
-964.526546754837 -319.79941765725613
-965.1477172160148 -317.8656543916464
-964.2035800004005 -317.1482290452719
-963.2117983484268 -315.332533044219
-962.3408943796157 -313.8930720514059
-961.5550299668312 -312.3893323367834
-960.7704830551147 -310.6244281953573
-960.0946498894691 -309.27373830735684
-960.5231385016441 -307.96317521989346
-960.0173443341255 -307.30065409600735
-960.5329202198982 -306.5206313556433
-960.1134303891658 -305.8718654936552
-959.7524364674091 -304.28118608653546
-959.455705949068 -303.15011285007
-959.4420916372537 -302.01050935447216
-958.966367893815 -300.9523249691725
-958.9720679605007 -299.61002658069134
-958.7044667983055 -297.9345482414961
-958.2539682769775 -297.1149338310957
-958.1467431271076 -296.41892866551876
-958.261666753292 -294.767662448287
-957.8675868594646 -293.4908390468359
-957.6501193726062 -292.58590392529965
-957.5517226243019 -290.79501382768154
-957.1941977524757 -289.17779890954495
-957.0318489456176 -287.2632781690359
-957.0329346144199 -285.76624290406704
-957.7291901195049 -284.1325397914648
-957.5623904550075 -282.24198285996914
-957.412903496027 -280.91963486135006
-957.9733107769489 -279.2114007896185
-958.8768994295597 -278.214656752944
-958.3709461772442 -276.99296597898007
-958.2732392781973 -275.74238304555416
-958.0814884984493 -274.2671238607168
-958.2095464849472 -272.7571123069525
-958.7570683145523 -270.9021943038702
-959.0305073344707 -269.4601619666815
-959.4365363204479 -268.68756811082363
-959.2623218381405 -266.7900823777914
-958.2619696938991 -266.0009718364477
-957.3831097567081 -264.2549217170477
-956.426669486761 -262.8961204713583
-955.3604844892025 -261.27460531651974
-954.28718734622 -260.5538749521971
-953.7303294026851 -260.0054335421324
-952.4019411885738 -258.4379981583357
-951.4611494028568 -257.48138300836087
-951.2854906404018 -256.73021022737026
-950.3123886072635 -255.23015777528286
-948.8625208818912 -253.53593234479428
-947.4263523304462 -253.11236594378948
-946.5536599838733 -252.46668158233166
-945.2718384945392 -250.90692399203778
-943.8549683773517 -249.3634494370222
-942.7120925867557 -248.53304306924343
-941.3900141203403 -247.16735701024533
-940.0138890230655 -245.96492223203182
-938.6926673138141 -244.90038589894772
-937.3700748169422 -243.47008804738522
-936.185543128252 -242.465145034194
-934.9902711594104 -241.1705619519949
-934.4703994476795 -239.99480895459652
-933.8003377997875 -238.4426224654913
-932.8302553975582 -237.11855225026608
-931.5549601399898 -236.46382646024227
-930.695852228403 -234.66324250161648
-929.8445072853565 -233.183149856925
-929.8057734602689 -232.00730459153652
-929.5335833066702 -230.93218581140042
-928.9890778297186 -230.2467486089468
-928.5013167494535 -228.60402290284634
-928.3066824609041 -226.88926534116268
-928.2408318454027 -225.41068641602993
-927.9817342990636 -223.744633359313
-928.2327290707826 -221.93112985551357
-928.4823923641443 -220.04187218606472
-928.6151667171716 -218.9971170848608
-928.0043935710191 -218.31035344064236
-927.5016243392229 -217.45021150767803
-927.9278798931837 -215.73723171412945
-928.0900275045633 -213.7801096266508
-928.5570604437589 -212.47667334735394
-928.5950559386611 -210.67356441676617
-929.11421990484 -209.65894792735577
-928.499971986711 -208.92172078549862
-927.9660390624404 -206.93665151059628
-927.6144051560759 -205.59911040723324
-927.4477586606145 -204.1203853315115
-927.6851129093766 -202.72306422650814
-927.1685495534539 -201.27746681630612
-927.4611787357926 -199.515176576972
-927.1829983451962 -197.82890181005
-926.8142995098233 -196.21866504609585
-927.1129545429349 -194.32622043550015
-927.2016634503007 -192.6732898181677
-926.9056259253621 -191.78520332038403
-927.474750624001 -189.8869371241331
