-1090.54 -312.31
-1089.6046740198135 -311.8103439486027
-1088.0285076284408 -311.20957252144814
-1086.1941657447815 -311.57594749093056
-1084.7490907096862 -310.8554132258892
-1083.6103206062317 -310.7646229913831
-1082.3822570228576 -310.7132775834203
-1081.4330928707122 -310.8699479600787
-1080.7092237257957 -310.62003572791815
-1078.7810871386528 -310.96842118114233
-1076.9662403845787 -310.45913173764944
-1075.1597351813316 -310.95262490719557
-1074.2573527479171 -310.5802524885535
-1072.3234998369217 -310.50087485969067
-1070.9582050228119 -310.9944923347235
-1069.4227879428863 -310.6773643320799
-1068.1306323194503 -310.7252200073004
-1066.5862111234665 -310.4697992926836
-1065.5942838573455 -310.418630977571
-1063.73768512249 -310.7551463446021
-1062.689742245674 -311.24990828841925
-1061.1811221027374 -310.9690627655387
-1060.3076988840103 -310.71236934274435
-1059.5190058135986 -311.11063208192587
-1058.0809859418869 -310.42386939138174
-1057.0980168962478 -310.2156444391608
-1055.3251251363754 -310.1525397053361
-1053.4007236146927 -309.88192615419626
-1052.654365041256 -309.9253364852071
-1051.4875000500679 -310.2161133041978
-1050.2637294316291 -309.9050098410249
-1049.5567471766471 -309.6747151067853
-1047.5762924933433 -310.1729748299718
-1045.8022771859169 -309.57714450865984
-1044.322740175724 -310.15401620179415
-1042.7103093647956 -309.77906570345164
-1041.914162852764 -310.1655092588067
-1040.543800690174 -309.88327101379633
-1039.2164524579048 -309.5223687043786
-1037.239800312519 -309.33034140378237
-1036.0330445551872 -309.0602735629678
-1034.5314563298225 -309.226908852756
-1032.8557659173011 -309.7325691482425
-1030.972972729206 -310.20591052383185
-1029.6366042876243 -309.61593248456717
-1028.354846932888 -309.42568313091994
-1026.6444632792472 -309.01725160092116
-1024.89716766119 -309.486705352962
-1023.7657390618324 -309.6481151780486
-1022.4485212349891 -309.230804284513
-1021.4690987849235 -309.15367448836565
-1020.8804901623726 -308.45041078835726
-1019.2360428357124 -308.6067038229108
-1017.7615488553047 -308.6717142215371
-1017.0472994828224 -308.81353971868754
-1015.9541176342964 -308.1562340012193
-1015.0157152199745 -307.65070209413767
-1013.9314356827736 -307.51489286631346
-1012.1945134186744 -307.0335824391246
-1010.8945737862587 -306.8384501388669
-1009.2517512822151 -306.31917614251375
-1008.0682691121101 -306.0036511769891
-1007.0716829681396 -306.3709415844083
-1005.9030475997924 -306.05639139324427
-1004.2374807977676 -305.7454788437486
-1003.1385324382782 -305.8595360866189
-1001.8810481214523 -305.6152730485797
-1000.5513114118576 -306.0942198237777
-999.2590008163452 -306.21868689864874
-998.3795863771438 -306.5294587215781
-997.2806849861145 -306.4024940928817
-996.4528493666649 -307.3029669722915
-994.6090285563469 -307.98698695510626
-993.3234255099296 -308.66287763923407
-992.084388115406 -308.35429637640715
-990.6019000792503 -307.9737580022216
-988.7985100531578 -307.5567799112201
-987.3674819254875 -308.43004136294127
-985.93958101511 -309.06365655869246
-984.7749243760109 -309.2800270816684
-983.6704567456245 -309.16616927593947
-982.560232617855 -309.81722628086806
-981.5804199361801 -309.6121075055003
-979.7604641103744 -309.9884181520343
-978.6419163131714 -310.4644499620795
-977.325529255867 -310.5361957600713
-975.9184275054931 -311.04475033789873
-974.3969563627243 -310.84724328428507
-972.5136467599868 -310.32467863470316
-971.3533249282837 -309.9143545976281
-969.430928030014 -310.32875749975443
-968.5450387978553 -309.81944928079844
-967.2545629525184 -309.14310989290476
-966.4218589448928 -309.1847933283448
-965.5721658253669 -308.1285627833009
-964.0797776961326 -307.29574755340815
-963.2990329051017 -306.59893677145243
-963.3553667449951 -304.8183908215165
-963.1448066020012 -302.97952673345804
-962.2800829195976 -301.41360340029
-962.0881964349746 -299.97796807199717
-962.2266767704486 -298.3965285769105
-961.9853463256359 -297.4924586763978
-961.9804661506414 -296.17430183798075
-961.4758998388052 -294.9276334992051
-961.4209877894818 -293.808152770102
-960.998294775337 -292.60681078344584
-960.4169375942647 -290.71913812071085
-960.5556552158296 -289.63265058904886
-960.9550230549276 -288.42857537180186
-960.5090163396299 -287.7006422033906
-960.4288028077781 -286.50122568517924
-960.391202417165 -285.2761320820451
-960.3174764038622 -284.0266877165437
-959.7840781332552 -283.0322308292985
-959.4971480490267 -282.24497548252344
-959.1159930945933 -280.93333569675684
-959.364808422476 -279.9800516715646
-959.8586984397471 -278.7630836120248
-959.4511634232103 -276.93279842048884
-959.5232631982863 -275.6005304208398
-959.1105262459814 -274.7002899995446
-959.7544793309271 -272.84342793136835
-959.9428158225119 -272.02669874340296
-960.2939040483534 -270.6300392499566
-960.5746626378595 -269.13915542274714
-960.6268853293359 -268.30193296581507
-961.1306760059297 -267.25077537208796
-961.3106537954509 -265.84171465545893
-961.720390547961 -264.54901364952326
-961.4691282109916 -263.24716702610255
-961.8654738263785 -262.14845577389
-961.1320715741813 -260.6612028232217
-961.2134073869884 -259.12713781505823
-961.0689223454892 -257.6331240287423
-960.9723078803718 -256.10884741455317
-960.8633889378607 -254.27765277534724
-960.6955127091705 -252.46378687530756
-960.7652322174608 -251.21819749981165
-960.6504236580431 -250.104661141932
-959.7802257658541 -248.96831408649683
-959.7354036094248 -247.3326601138711
-958.364364695698 -246.37024269014597
-957.4301521302759 -246.05976912885905
-955.9310239078104 -245.72331116110087
-955.8117582322657 -244.9055697670579
-954.6517850877344 -243.6050007095933
-953.3701247693598 -241.98260841280222
-953.3031434239447 -240.50342855364084
-952.2480837525427 -238.79730162531138
-952.1368614555895 -238.04242811113596
-951.2695977808535 -236.20905408769846
-951.4659513802826 -234.5445677986741
-950.6350631685555 -233.5210175266862
-949.5464172334969 -232.344182228148
-948.8257193537056 -230.65500924497843
-949.2419941397011 -229.08319041639567
-948.9253171356022 -227.84833893686533
-948.3860366614163 -226.61577424913645
-948.0816211374104 -224.86959133058787
-948.0465938420593 -223.95320031553507
-947.2925536008179 -222.4065690985322
-947.5012247832119 -220.61622843652964
-947.6031118826568 -219.09433624655009
-947.1718981461227 -218.37830344349146
-946.785832901448 -217.38976529747248
-946.2713399128615 -215.7851586690545
-944.9419801430404 -214.84682962805033
-944.214280565232 -214.77856216341257
-943.2082724170386 -213.60813817888499
-942.3729431824386 -211.84836349397898
-941.2865585283935 -210.88987264543772
-941.2472625868022 -209.9723540893197
-940.5152453677356 -208.56238201767206
-939.8119374410808 -207.1189787736535
-938.8680009739101 -206.1941885700822
-938.7916981102526 -205.2795818796754
-938.4448741795122 -203.82008359342814
-938.6418785275519 -202.10099015146494
-938.8256753207743 -201.474775647223
-938.2046501757204 -200.54495737463236
-938.6128656686842 -199.43486390024424
-938.825172495991 -198.5290854921937
-938.2061662198603 -197.31263694673777
-937.9718323470652 -196.25074825197458
-937.3169970037043 -194.74891552835703
-937.4813430579006 -193.00929436594248
-937.9397583277523 -191.26691064745188
-938.1886322619021 -190.56080636888743
-938.6524944426119 -189.02369675546885
-938.0597553373873 -187.28323230654001
-938.2752050431072 -186.37029752641917
-937.4584999354183 -185.50247118383646
-937.1065753372013 -184.08932731062174
-936.5180580289662 -182.34246585279703
-935.8899186523258 -180.92962417513132
