-1105.6 10.64
-1104.5471986293792 10.48683895111084
-1103.7248267889022 11.008623554706574
-1102.730153298378 11.55774845123291
-1101.7266478300094 11.232127948999405
-1100.1873268842696 11.385638579130173
-1098.3042907476424 11.240532412528992
-1096.9541538715362 11.505591555833817
-1095.0796307086944 11.474179982542992
-1093.7213047504424 11.328617363572121
-1092.4020673990249 11.578579544425011
-1090.7794720888137 11.586146911010147
-1090.019090270996 11.929446687325836
-1088.6578157901763 11.340237667188049
-1087.472798681259 11.000022669658065
-1086.152211523056 11.041308925822378
-1084.459006166458 11.205714510157705
-1082.8951709032058 11.316716143265367
-1081.3730401754378 11.534611829891801
-1080.0433840513228 10.878132471218706
-1078.7684091091155 10.604737677946687
-1077.3650929689406 10.810716444030405
-1075.995939350128 10.848269061520696
-1075.0406892061233 10.683899269774557
-1074.0315277338027 10.614575297906995
-1072.7790467500686 11.067230345085264
-1071.7273934841155 10.869994984343649
-1070.254305100441 11.424199805930257
-1069.3313106060027 11.885445581153036
-1068.2390990018844 12.204079286530614
-1066.3653099298476 12.365059242919088
-1065.307712650299 12.310206317678094
-1063.5666525125503 12.432190464213491
-1062.634907221794 12.300960020497442
-1061.6214577913283 12.337541439905763
-1059.747093296051 12.221039952114225
-1058.689506983757 11.937386871650816
-1057.4687980175017 11.553147883489729
-1055.7783689260482 11.926565082147718
-1054.124862885475 12.291359157636762
-1052.9584204912185 12.181270466521383
-1052.16626278162 12.492940173819662
-1051.0356073737144 12.303626478984953
-1049.2064528822898 12.09793758518994
-1047.8700969576835 12.662932814434171
-1046.6091342329978 12.695758090689779
-1045.4725033402442 13.259476350024343
-1044.0489060044288 13.589325921013952
-1042.2320071816443 14.107697503045202
-1041.2716638207435 14.381180690005422
-1040.0687281250953 13.651746676638723
-1038.7746183037757 13.924422846511007
-1037.027119910717 14.19605480261147
-1035.3643501162528 13.683249996379018
-1034.657057261467 13.94283728428185
-1033.5318231344222 14.107215673997999
-1032.4597227334975 14.27610769994557
-1030.9565222024917 14.46892438955605
-1030.029784655571 14.26228043563664
-1028.4097366094588 13.472880156114698
-1027.1692160129546 13.19039049871266
-1025.7056424379348 12.730218590572477
-1023.7663163900374 12.975458042100072
-1022.585377550125 12.358323769047857
-1020.7325111389159 12.579566524699331
-1019.7205215454101 12.24644674487412
-1017.9597720861434 12.271479980424047
-1017.0496999979018 12.503803835585714
-1015.7823318004607 12.027986274436117
-1015.0246580600738 11.65211109943688
-1013.6461461544036 11.115099535658956
-1011.8526293992995 11.282616437748075
-1010.836432313919 11.303830669596792
-1010.1329342484473 11.805265114977956
-1008.4420919775962 11.976376996710897
-1007.499529993534 11.624703393653036
-1006.1527756810187 11.670201787129045
-1005.1894349217414 11.178285547867418
-1003.4655021786689 11.051036470904947
-1002.0623163342475 10.819865950718523
-1000.8296016812324 11.304516562595964
-999.0207395911216 11.92638475574553
-997.2154606938361 12.010015168562532
-995.6598910450934 12.146429294124246
-994.0575240015983 12.547897034659982
-993.2816979646682 12.525583991184831
-992.1201830863952 12.020940968170763
-990.402955508232 11.461124667301775
-989.0943960905074 10.901206084862352
-987.2490479707717 10.885012441650034
-985.3150130271911 10.670694434419275
-984.4785611987113 10.681782910004259
-983.1002047419547 10.622085840776563
-981.9021503090858 10.256120712831617
-981.0669205546378 10.261196703985334
-980.0278153777122 10.075975464060903
-978.8176087498664 10.257022560909391
-977.5247980713843 10.219685913398862
-976.1005803704261 10.049849913790823
-975.220289504528 9.955117986872793
-973.6813916325568 9.588057563975454
-972.056863939762 10.380556748583913
-970.7064618229865 10.256916852071882
-969.0512001872062 10.148329318836332
-967.4043286204337 10.248151765540243
-965.5220868945121 9.965757773593069
-964.4459144234656 10.60846971102059
-963.1086088776588 10.2021536988765
-962.3759973406791 10.392173246815801
-960.5743592143058 10.350641937330366
-958.9493604063987 10.97675159700215
-958.2501375436782 11.646651418283582
-956.341820693016 12.04352182276547
-954.6111160278319 12.37053147085011
-953.4201370239257 12.215634377077222
-952.2691526174544 12.593124599531293
-950.9545212745666 12.760562167838216
-949.4462306261062 12.782781363800169
-947.685191130638 12.9452715677768
-946.1303107500075 13.166660384610296
-944.3354300022124 12.570945815518499
-943.0740326404571 12.766588167622686
-941.8958290576934 13.064679072573782
-940.3326003313064 12.699622975066305
-938.9881640434264 12.960350022986532
-938.2680151224135 13.173118726685644
-937.1571491718291 12.762160675004125
-935.4040305376052 12.479906545355917
-934.0511580467223 12.887906358912588
-933.1742115378379 12.847784133031965
-932.1592964291572 12.074627609327436
-931.3264382243156 11.222725958898664
-930.2057396531104 11.367560224011541
-928.7579696536063 11.076495514586568
-927.8815039753913 11.322645918801427
-927.0859386086463 11.592264370396734
-925.3882013916968 11.821315736845136
-924.4711760640143 11.839964391067625
-922.8627261281013 12.053876222446561
-921.51070240736 11.21603751309216
-920.7419765353202 11.109303587451578
-919.6431219935416 10.90576209999621
-918.0272425770759 10.908827917054296
-916.2323135495185 11.210807995274664
-914.7767551302909 11.393254922106863
-913.3557417750358 10.950661794617773
-912.280883347988 10.571198270991445
-910.7775568127631 10.951380149796606
-909.8625114321708 11.192687408402563
-908.0882104992866 11.059477419927717
-906.8181393504142 11.01511338479817
-905.0118234515189 10.932402060702444
-903.1845479369163 10.551764265969396
-901.3920551896094 11.072614089921117
-900.5242950677871 11.239309282377363
-899.1082973241805 10.789673031643034
-898.123991703987 11.063685299232603
-896.6932844877242 10.980901697054506
-895.7494936943053 10.4247984675318
-894.60027012825 10.235758447423578
-893.324283337593 10.63019298888743
-891.707464313507 10.271082335487009
-890.2059917211532 10.451333844438196
-888.954312300682 10.886594795957208
-887.286243534088 10.922102653756738
-885.9733258247375 11.111056977286935
-884.5349951744079 10.392623597159982
-883.2772942543029 9.972605877891183
-881.6275828838347 10.520523482337595
-880.784323966503 10.274635904803873
-878.9583989739417 10.437959813848138
-877.4688191771506 10.228036650791765
-876.0210802912711 10.467808821573854
-874.9419018387794 10.519201354458929
-873.3514865994453 9.953477577641607
-872.0292575716971 9.491477595046163
-870.3729141116141 10.19976733751595
-868.7854621767997 9.705274180844427
-867.9898257613181 9.570198403075338
-866.5123565554618 10.030024663880468
-865.5470145106315 9.65567623205483
-864.1308472514152 10.123488293364645
-863.0786376357078 10.2697853756696
-862.2209703087806 10.226199989542366
-861.0869964718818 10.530310337767006
-860.1743387937545 10.66769342623651
-859.1136778354644 11.286163856610656
-858.189858174324 10.806478937491775
-856.5279381036758 10.598205556496978
-855.6434147119521 10.79332811139524
-853.8575132846831 11.042854880318046
-852.2454498767852 10.706363206133247
-851.2971505284308 10.281164949163795
-850.0988101124763 10.740944032892585
-848.3471744418143 10.256040131077171
-846.8908518910407 10.227483575567604
-845.5605404734611 10.050904249176384
-844.7074710488318 8.947274421676994
-843.9624030947684 8.415209864601493
-842.7038951277732 7.168146347030998
-842.3824671268462 6.21706423662603
-841.9749296367168 4.430089210495353
-841.2647492349147 3.2349995126575237
-840.9239202201366 2.2623573889583355
-840.8180766165256 1.2804370274394756
-840.2174007952212 0.33596447609365043
-839.9783012628554 -0.8527183184772724
-839.6896168351172 -1.9799160609394306
-839.0919943213462 -2.918219769969582
-839.0163817688822 -4.247023666873574
-839.1798454806208 -5.198729599490761
-839.2849826946854 -6.729988659396767
-839.4553127422928 -8.176095927730202
-839.7229291930794 -9.490417564883828
-839.3648140266537 -10.839020098224282
