-1105.6 10.64
-1103.757812833786 10.1444264793396
-1102.186275577545 10.167869176119567
-1100.2639927625655 9.965133230537177
-1098.3892829179763 10.229925821870566
-1096.863906598091 9.832729379981757
-1095.1693093538283 9.89869081541896
-1093.2686195135116 9.406221325844527
-1092.1762560367583 9.890601094216109
-1090.252900457382 9.319407577961684
-1088.4309899568557 8.966258342713118
-1086.457680439949 8.56725444957614
-1084.7943827867507 8.983567740172148
-1083.4243767023086 8.65594628021121
-1081.5306260347365 8.748618136495352
-1079.720064973831 8.403494398444892
-1077.8552839517592 9.213172476142645
-1076.0125325679778 8.924356202930213
-1074.1887553691863 8.972898478955031
-1072.3031848430633 9.25145169660449
-1070.9919665813445 8.993115927428008
-1069.2523404121398 8.860651652663947
-1067.4603498935699 8.671873296946288
-1065.6393803119659 8.64069047138095
-1063.7574070453643 8.436131934970618
-1062.1505566596984 8.39399273261428
-1060.2060218811034 8.098852972835303
-1058.243754005432 8.223342906087638
-1056.3063572406768 8.191920231431723
-1054.3775126695632 8.859983097165824
-1052.6069229602813 8.558754126876593
-1051.1784623622893 8.365846882909537
-1049.513258433342 7.948468040078879
-1047.6839866399764 7.663246791213751
-1046.3934046983718 7.4294655428826815
-1044.7149924993514 7.372902821153403
-1042.9012179136275 7.810054074376822
-1041.1987280607223 7.69909338220954
-1039.6504047870635 7.678312997668982
-1037.906864619255 7.5074655519425875
-1036.0111145734786 7.5836315856873995
-1034.5372693300246 7.801840405315161
-1033.4466281890868 8.207805167287589
-1032.0192283153533 8.100555966943503
-1030.2665720939635 8.323088209480048
-1028.3479989528655 8.326447974294425
-1026.7198185682296 8.75944129690528
-1024.8544784545898 9.587056617587805
-1022.8864866256713 9.137913923114539
-1021.0472539424895 9.392644266933203
-1019.2245319843291 9.254675801247359
-1017.5558725357055 9.001979585140944
-1015.7784057617187 9.778218980282546
-1014.2013798713683 9.392897541970015
-1012.2639944314956 9.398011188358069
-1010.3700530290603 9.83586342200637
-1009.3748689055442 9.241919945329428
-1008.1667049288749 9.029318626374007
-1006.6479367375373 8.560031350106001
-1004.8756401896476 8.692948396652938
-1003.217962181568 8.967846687287093
-1001.3780250906943 9.151143144220114
-999.4256312012672 9.32531584367156
-997.475381052494 9.505802939981223
-996.2415607333182 9.35180919930339
-995.2177926659583 9.006255532950163
-993.6556562542914 9.20579775735736
-991.9815730214118 9.5230377869308
-990.0820986390113 9.134476329535246
-988.2396619677543 9.359007220119238
-986.8836808562278 8.971114526838065
-984.9922788500785 8.608413170427085
-983.6492262244224 9.304303477853537
-981.9188822865485 9.588007043451071
-979.9325534462928 9.40729029044509
-978.7177809834479 9.592174823731185
-976.9989484906196 10.109676773995162
-975.2320174336433 10.455853279083968
-973.3046647667884 10.013050015419722
-971.6978364348411 9.452370579689742
-970.3401632666587 9.411322455257178
-968.9157038092612 8.926810960620642
-967.1201446413993 9.033852207809687
-965.2997844576835 8.732010948807002
-963.5340876936912 8.457174706608058
-961.8736408114432 8.209803599268199
-959.9474232554435 8.377360406666995
-958.2324561238288 8.09942958071828
-956.3359052300452 7.785440597087145
-954.5245555996894 8.019601541906596
-952.6426986813544 8.669059115797282
-951.321415221691 8.55025010123849
-949.8616150975226 8.73773263707757
-948.406804716587 8.734621364027262
-946.6123308300971 8.371093112379313
-945.0806869626044 7.9819984020292765
-943.6121400952338 7.832417923361064
-942.1187967419623 8.307753044515849
-940.4032976984977 8.087384748607874
-938.7045369505881 7.837235736995936
-937.0395001530646 7.870396274477244
-935.1149543881415 8.516814845949412
-933.2310787796973 8.56536272481084
-931.2936407685279 8.399138483554125
-929.5120294451713 8.697240385562182
-927.7956045031547 8.433209094554186
-926.0964941143989 8.325957599431277
-924.5039017558097 8.35218790486455
-922.6652176737784 8.795183631926776
-920.7477846503257 8.804128441363574
-918.9096928000449 8.429797443896533
-917.4608912825584 8.435682568103076
-915.7302228569984 8.521029073148966
-913.8539475560187 8.576404619365931
-912.2626644730567 8.510100054889918
-910.7286159157752 8.348608273416758
-909.3603674530982 8.017200577408076
-908.3321867346763 8.15948143914342
-906.5024397730826 8.362912807017565
-905.114924108982 8.456426385194064
-903.8376609444617 8.3075472445786
-901.9547475934028 8.987021598368884
-900.5273325800895 9.233113083392382
-898.7632531285285 9.769179675132037
-897.0237095713615 9.67163893148303
-895.1583526492118 10.238311733454466
-893.4697965741157 10.399334709495307
-891.6971828103065 10.477232444435359
-890.5064039587974 10.24088722780347
-889.3808443903922 10.118700909763575
-887.7855570673942 9.720475483089686
-885.9925717473029 9.422108042389155
-884.1107832551002 9.036420810371638
-882.8892159819602 8.772655773311854
-881.3681295275687 8.357766258865595
-879.5239512085914 8.792857754379511
-877.7629619002341 8.884725409895182
-875.9722822070121 9.005078110247851
-874.0251198172568 8.757228884249926
-872.6918874144553 9.023830357342959
-871.2634280085563 9.243344473987818
-869.5405474066733 9.015424806028605
-868.5341486096381 9.1972945214808
-867.6039841532706 9.218030470758677
-865.7205664277076 9.187789711505175
-863.9671508431434 9.725859198123217
-862.921129143238 9.286600980311633
-861.5227320551871 9.465237724930049
-859.8027747035026 9.126510429531336
-857.9655940890311 9.88661621823907
-856.228261744976 9.977130401283503
-855.4875771164893 10.16998496964574
-853.7648772358893 9.659852180033923
-852.0684163928031 9.301822218447924
-850.907999074459 8.893748375922442
-849.1359030365943 9.59583351328969
-847.4538134694099 9.362634825855494
-845.6987753272056 9.596876877695323
-844.1874666571616 9.304309266954661
-842.9879514336585 8.323287505060435
-841.5058716893195 7.057259339243174
-840.7430212855338 5.468884009271861
-840.4482036292552 3.9336128415167337
-839.7724698245524 2.625214594751597
-839.4266138136386 1.3325410069525248
-838.7156907379626 0.416260737329722
-838.2876818537711 -0.8042403279244894
-838.0340682327746 -2.564686161130666
-838.2607022136449 -3.589663368314504
-838.3663690000772 -5.133631807416677
-837.9037508577107 -6.7507761536538595
-837.9365528583526 -7.945066553205251
-838.02797588557 -9.703681450933217
-838.0047677516936 -11.067097884267568
