-1105.6 10.64
-1104.8115467190742 8.71564914226532
-1104.0824265837668 6.805569782257081
-1103.4036067485808 5.127774372100831
-1102.7634925603866 3.468051328659058
-1102.4046085834502 1.608499898910523
-1101.8749216556548 0.238258256912232
-1101.4906550705432 -1.5838141298294062
-1101.086985117197 -3.4344296312332148
-1100.789898699522 -4.311093912124633
-1100.5410636425017 -6.235759720802307
-1100.3797963917254 -7.628465638160705
-1100.2046828329562 -9.129580006599426
-1099.8476876378058 -9.808564648628234
-1099.57257232666 -11.617466435432434
-1099.8392837405204 -12.72584711074829
-1099.4795947432517 -14.328878149986267
-1099.1979720950126 -15.844395384788513
-1098.7986271739005 -17.715207324028015
-1098.2120150089263 -18.54238306045532
-1097.711065506935 -20.213023767471313
-1097.6934141427278 -21.948199615478515
-1097.3005623430013 -23.594035968780517
-1097.0190217405557 -25.50081060886383
-1096.926459571719 -27.205112442970275
-1097.1899760872125 -28.992412552833557
-1096.9777831941842 -30.57044409275055
-1096.733675828576 -32.117163166999816
-1096.4117259293794 -33.455709800720214
-1096.2776176542043 -34.738073930740356
-1096.4575180023908 -35.917589292526245
-1096.8100356668233 -37.64472971916199
-1096.4426677137612 -39.10308979511261
-1096.0430999308824 -39.98420964241028
-1095.6757028907537 -41.394822821617126
-1095.4072195500135 -42.26917855501175
-1094.7680164188146 -43.134490535259246
-1094.5992142915725 -44.901402757167816
-1093.6245728492736 -46.78042917013168
-1092.500665283203 -47.96821133852005
-1091.6111511349677 -49.0510200715065
-1089.8690475583076 -49.97910516023636
-1089.0610588550567 -50.79561631441116
-1087.2502304077148 -50.71992635041475
-1085.744737958908 -51.44981705456972
-1084.2242957115172 -51.72326981335878
-1082.531389093399 -51.9104944100976
-1081.0256472587585 -52.372446112930774
-1079.3586594820022 -52.45326232969761
-1077.6915430784225 -52.67116931140423
-1076.0534481763839 -52.353495509028434
-1074.5857666492461 -52.527307808995246
-1072.6245963335036 -52.574109510183334
-1071.1283942222594 -52.93088699936867
-1069.7964769363402 -52.6856813287735
-1068.4093186616897 -52.394831285476684
-1066.4942490816115 -52.45018138051033
-1064.6492805242538 -52.65409848153591
-1063.7440234184264 -53.131772399544715
-1062.2168295145034 -53.159819201231
-1060.4756421804427 -52.529052213430404
-1058.8558435201644 -52.451534323990344
-1057.5163553714751 -52.30940144568682
-1055.8647738456725 -52.81409185439348
-1054.5705477952956 -52.522134923040866
-1053.5130285978316 -52.30531404227018
-1052.1595033168792 -52.982042171657085
-1050.8219589948653 -52.654789902865886
-1049.3492724657058 -53.02078796237707
-1047.627212500572 -53.57830590814352
-1046.049551820755 -54.637670823037624
-1044.6456719398498 -55.347113796174526
-1043.0531145095824 -55.530162461698055
-1041.3879954576491 -55.9276052197814
-1040.5922699332236 -56.49659980148077
-1038.9152560591697 -57.249854095876216
-1037.8626623511313 -58.120295055806636
-1035.9677060008048 -58.47566799134016
-1034.7041712164878 -58.58563910484314
-1033.6270559191703 -58.804676011800765
-1032.000172650814 -59.23368252873421
-1030.9558527827262 -59.27443660110235
-1029.3268314957618 -59.52658558696508
-1027.6488073229789 -58.864601798951625
-1026.4167433142661 -58.8830703279376
-1025.0300338625907 -58.56365708321333
-1023.1713495612144 -58.48706470489502
-1021.7072631478309 -58.30306659698486
-1020.1215305685996 -58.52586562991142
-1018.7052936911582 -58.607918516397476
-1017.5053359627723 -58.85210888147354
-1015.6758576989173 -59.28371326684952
-1014.1413364768027 -59.47492374539375
-1012.6368962883948 -59.08426688671112
-1010.7313834786414 -59.12730488985777
-1009.848927116394 -59.21023611038923
-1008.5235063791274 -59.46071458667517
-1007.3642737627029 -59.34939222097397
-1005.9866256475448 -58.78208969593048
-1004.8390053272246 -58.39483209013939
-1003.684421634674 -57.99876464962959
-1002.9001554608344 -58.05140130281448
-1001.282692348957 -58.44693674206734
-1000.6434620976447 -58.669832870960235
-999.6123966336249 -58.89209093213081
-997.9871708512305 -59.51952458977699
-996.5556847214698 -58.93064691185951
-994.816823875904 -58.784196511507034
-993.0499965310096 -58.63556037902832
-991.26836053133 -59.17110453605652
-989.7728988289832 -59.621745393276214
-987.8583501935004 -60.14508377075195
-986.104102051258 -59.82891048550606
-985.4163357377051 -60.13489775419235
-984.3980898022651 -60.328532904982566
-982.9396133780479 -60.684054941534995
-981.8400485873221 -60.643969305455684
-980.2663926243781 -60.62142195612192
-978.5668628573417 -60.358947359621524
-976.6208241343497 -60.517646276056766
-975.1461660027503 -60.87259074360132
-974.1496014952659 -61.04432980030775
-972.82644251585 -61.246049054563045
-971.0211558699607 -61.046224825680255
-970.1701548457145 -60.894766383469104
-968.8133222222327 -60.37856852322817
-967.1989304184913 -60.04525642901659
-966.4246359229087 -60.39304148465395
-964.7946604847907 -60.14437968343496
-964.1089185237884 -59.90767742007971
-962.3965929508208 -59.69800097554922
-961.2629276275634 -60.1884602984786
-959.6174472332 -60.103150509893894
-958.3866796255111 -59.85853531271219
-956.5825135469436 -59.25851436764002
-955.5798724651336 -58.70202245622873
-954.4831995725631 -58.834422611296176
-952.58160469532 -58.44777264505625
-950.9523112535476 -58.57680615097284
-949.3610899209975 -58.144697987139224
-947.6140699148177 -58.74279113918543
-946.4172610998153 -58.36287190824747
-944.6057191848754 -58.85697244912386
-942.8510255575179 -59.53370957881212
-941.0966497421264 -59.70661567956209
-939.6034054517745 -59.67538728997111
-938.6075230598449 -59.10897215887904
-936.8868765592574 -59.67918917223811
-936.0796090126037 -59.00962665364146
-935.3287331223487 -59.31116464421153
-933.6479574799537 -59.139467072337865
-932.6653250813483 -59.306009155362844
-931.5798961281776 -58.8450236736238
-929.9959754109382 -59.436436813920736
-928.566017782688 -59.6281386731565
-927.848994231224 -59.2151023863256
-926.1721931457519 -59.53175143584609
-924.3649595737456 -59.11263279303908
-922.6290418863296 -58.96007841512561
-921.5642946720122 -59.05239133223891
-920.182265973091 -59.3737826167047
-919.4341161608695 -59.06137530192733
-918.4121735453605 -58.75554828032851
-916.6676850676536 -58.90179024323821
-915.8578780651092 -58.444228333085775
-915.0949454665183 -58.029067319482564
-914.2650080680846 -58.38806198224425
-913.185460782051 -58.41650804564357
-911.6022212266921 -58.57483112499118
-909.9471825122832 -59.24050438091159
-908.5536669254302 -59.04349152430892
-906.956343269348 -59.452806097120046
-905.8404308319091 -59.304376435130834
-904.5043062925338 -59.796514284461736
-903.0681743383407 -59.760640580803155
-901.679402565956 -59.71129261761904
-900.7013444662093 -59.970459096729755
-899.0957304000854 -59.93788074761629
-897.7263445615768 -59.946081601679325
-896.8187735438346 -59.95124770760536
-895.6856997370719 -59.644313052892684
-894.5695696234702 -60.03666518688202
-893.4878267407416 -59.76446662902832
-891.8007166743278 -60.11531569123268
-890.6076193213462 -59.66971285700798
-888.9265244364738 -60.08823056578636
-887.2907603144645 -59.7131918823719
-886.204744374752 -60.08470614314079
-884.4246676325797 -60.05378246739507
-883.1578185915946 -60.21824655368924
-881.427307999134 -59.7336481256783
-880.372092282772 -59.79092547357082
-879.548270022869 -60.05192384183407
-878.7486729979514 -59.539199919104576
-878.0467511177062 -59.85302051961422
-876.5168263673781 -59.35931614100933
-875.0313089847564 -59.429238036870956
-874.1461210012435 -59.12201993227005
-873.3772102952003 -59.48059500813484
-871.7478865742683 -59.025010035037994
