-1105.6 10.64
-1104.2974862813949 10.14387454032898
-1102.4172127008437 10.440560384988785
-1100.9269032239913 10.147907956838608
-1099.0545298814773 10.455710037946702
-1097.6935707092284 10.262583702206612
-1096.3697204351424 10.149553641080857
-1095.2705189943313 10.726209803819657
-1093.9673502206801 10.838490425944329
-1092.380730009079 11.172153829932213
-1090.57620677948 10.982027708888054
-1088.7923377513885 10.428606747984887
-1087.520385122299 10.21965223491192
-1085.975391125679 10.764244138598443
-1084.152361011505 11.295908390879632
-1082.7729632616042 11.38688195437193
-1082.0617773294448 11.390132575631142
-1080.882272338867 11.286502614021302
-1079.7474155187606 11.375294342041016
-1078.7569702625274 11.394546739161015
-1077.3524573802947 10.859653882086278
-1075.4878047466277 10.241825036108494
-1073.9334050178527 10.215411949306727
-1072.8024672031402 10.6406119646132
-1071.326728081703 10.690537813454867
-1070.1974931716918 10.392344388514758
-1068.9149497509002 10.34946092531085
-1067.8755805253982 10.650835450142623
-1066.4698089122771 11.17803012892604
-1064.9378907442092 10.696005459278823
-1063.1974204540252 10.735797784626484
-1061.3433516979217 10.442686877548695
-1059.5754712581634 10.217809475362301
-1057.666078186035 9.824923611581326
-1056.205131149292 9.598848647773266
-1054.4220080137252 9.533485076725484
-1053.4074959516524 9.610821253955365
-1051.6610589981078 9.478727153837681
-1049.8134618759154 10.168762616217137
-1048.0815430641173 10.660408846437932
-1047.0410914182662 10.660978661254049
-1045.9404233455657 10.90236559636891
-1044.204866504669 11.198602349832655
-1042.3332389354705 10.996025027111173
-1041.0143273830413 11.175077886655927
-1039.2954380273818 10.595979423597456
-1038.078406190872 10.837409497573972
-1036.6906151533126 10.783277237191797
-1035.2147756576537 11.011365377679468
-1033.8299880981444 10.67733972646296
-1032.587176656723 10.886074924245477
-1030.8477238178252 11.289995991960168
-1028.965642786026 11.580649220719934
-1027.6321155786513 11.722936534658075
-1026.20813331604 11.42550604917109
-1024.695201730728 11.429435843005777
-1023.4567717075347 10.96792584039271
-1021.998292183876 10.713721567168832
-1020.3937027215957 10.073129528537393
-1019.5241443872451 9.943005198016763
-1018.1848143100738 9.981940233483911
-1017.5349271059035 9.4017378924042
-1015.9048826456069 9.043287747874857
-1014.2519405841826 8.661956393495203
-1012.6932000875472 8.743748122230173
-1011.1475583076476 8.25215759254992
-1009.2948282718658 8.301199467256666
-1008.1532798767089 7.86720985300839
-1006.2770660877227 7.919804958030582
-1005.1308972597121 8.11724005393684
-1003.6885260105132 7.707971019074321
-1002.6456982851028 8.187707675024868
-1000.6990141630172 8.213280094191433
-999.4702347278594 7.813802403733135
-998.676867699623 7.34312043838203
-997.0608381986617 7.05311132721603
-995.6618427991866 6.976025742813945
-994.550096130371 6.496978384777904
-993.5873173236846 6.273719263598323
-991.8731364965438 5.742375386282802
-990.4221641778945 5.403890085741878
-989.2664003133773 4.801298928782344
-987.6454590320586 4.0615048532933
-987.1563293695449 2.7749554043263203
-986.4189501166343 1.5499913816899067
-986.3948284447192 0.31341315560042915
-985.8675667107104 -1.4647942657023663
-985.2957566440105 -2.8412247771769756
-984.8276853621005 -4.415402042344212
-984.2765327751636 -6.38326095290482
-984.2869966387748 -7.599611746743321
-983.6770347714423 -8.978173481896519
-983.3137835025786 -9.818615722134709
-983.6234904587268 -10.665904390290379
-983.562747812271 -11.416788863614201
-983.5256632253527 -12.1923032874614
-983.1171239003538 -13.71328078456223
-983.1755078345536 -15.047592985108494
-983.3183972746133 -16.2156609172374
-982.8912983149289 -17.356410014107823
-982.5860072284936 -18.344449030831456
-982.1798801630734 -19.624414193108677
-981.3091805189847 -21.22773491092026
-981.1221681892871 -22.71826945491135
-980.3750836908816 -24.40768526740372
-979.766272073984 -25.813230263665318
-979.8372470498084 -27.341588842347264
-978.9820076584815 -28.15145431704819
-979.3460603713988 -29.5009609336406
-979.3934565544128 -30.91776989646256
-978.7458349823951 -32.274221765473484
-978.0756717085837 -33.44408713527024
-978.1600836873054 -34.94858096785843
-978.5864352643489 -36.518667208626866
-977.8750061452388 -37.92562245078385
-978.0144324511289 -39.746986376717686
-977.4267587870359 -40.87075685210526
-977.2522030383348 -41.851834761574864
-976.49677233994 -43.04745875544846
-975.5032282382249 -43.465746330693364
-974.1394870787858 -44.73389928288758
-973.3489606887101 -44.914222555831074
-972.0445095807313 -45.74221398182213
-971.312651208043 -46.617836969569325
-970.6401951223611 -46.89143578954041
-969.6479577928781 -47.34889491148293
-968.4048705011605 -48.24241169042885
-967.596455028653 -49.726982074454426
-966.9968288451432 -50.33597834654152
-965.7610551625489 -51.45197518415749
-964.1788628607987 -52.113197045996785
-962.8446028739213 -52.495864766314625
-962.1065804868936 -52.98300986237824
-960.9635286241769 -53.316996442750096
-959.837317457795 -53.55860935397446
-958.6532243400811 -53.48403676100075
-957.7372977644204 -53.784836011603474
-955.8556848675012 -54.433700876906514
-954.1708331018685 -54.552453714087605
-953.0917682558297 -54.15375526495278
-951.494569531083 -54.304127993658184
-949.7370288282632 -54.28669494636357
-948.1042786747216 -54.491403209641575
-946.7969278007745 -55.20831720776856
-945.7311423927545 -55.52605878062546
-944.2210782676934 -54.862398611977696
-942.6292003303765 -54.44540120907128
-940.8974864393472 -54.04402365036309
-939.9872800022363 -53.95687632508576
-938.4479683548211 -53.53720407433808
-937.704803815484 -53.82283823437989
-936.0683387428521 -53.61064513273537
-934.384837976098 -54.04921330757439
-933.3497749477624 -54.142332794740796
-931.5169700294732 -53.857418688610196
-929.7073528677224 -53.4706810439378
-927.9398609310388 -53.71788749344647
-926.7258714348077 -53.90861812479794
-925.8835940271615 -53.75578046090901
-925.1729977637528 -53.35409865029156
-923.777214577794 -53.85351899512112
-922.7878236085176 -54.33049479372799
-921.419101884961 -54.94222930319607
-920.0213633090257 -55.011655526831746
-918.7569284945725 -54.72062285490334
-917.488621404767 -54.42760010309517
-916.7323992758988 -54.48656199000776
-915.0250853806733 -54.71508227907121
-913.6522619038819 -55.07115938387811
-912.0516826421022 -55.30433178566396
-910.3024999409913 -54.59537161014974
-908.855983904004 -54.50474360458553
-906.9509717732667 -55.05158790819347
-905.1559488087892 -55.04497494421899
-904.4530768305062 -55.36689414702356
-903.3870295196771 -54.861184260472655
-901.8403648048638 -54.679425320252776
-900.5440263658761 -54.527689552530646
-899.0401568323373 -54.904757267460226
-898.1496542602777 -54.98190574966371
-896.5994383007287 -54.86835428200662
-895.972816517949 -54.7159575881809
-894.6266843587159 -54.495974740609526
-893.1845813304185 -54.946920177564024
-891.5175735265016 -54.88001195214689
-890.711366406083 -54.96761555097997
-889.0680599123239 -54.66925806425512
-888.2831572800874 -54.74454638980329
-887.2007914096116 -54.73812347523868
-885.2853434592485 -55.313523172065615
-884.2414767056703 -55.53670194618404
-882.9895146399735 -54.80093654863536
-881.6384918004273 -54.61174639932811
-880.3667320519685 -54.57567376516759
-879.0941592961549 -55.08808059118688
-878.4337006121873 -54.99708217255771
-877.0625715762376 -54.78017204873264
-876.144217661023 -54.27417206637561
-874.5654417783021 -54.576080678626894
