-1105.6 10.64
-1103.8038116455077 10.488842263221741
-1102.0730143547057 10.960220172405243
-1100.6340688228606 10.956576264798642
-1098.845397567749 10.865870676338673
-1096.952670431137 10.64944732874632
-1095.199208831787 10.60652377024293
-1093.5223551750182 11.095274347215891
-1091.8879370450973 11.102018717080355
-1090.463672852516 11.411456766873599
-1088.7186068058013 11.542128029614688
-1087.0144115447997 11.692717421203852
-1085.0789848327636 11.130865740925074
-1083.4353877067565 11.560110616832972
-1082.4406823277473 11.424459579735995
-1080.9965207934379 10.888386669903994
-1079.9261638283729 10.269437256604434
-1078.4894038796424 10.076416734009982
-1076.5596176743506 10.747864189893008
-1074.631461417675 10.89494957342744
-1073.5076715111732 10.415774035602809
-1071.5548419117927 10.477787069380284
-1069.7484940648078 10.772210291922093
-1067.9638139367103 10.989451072514058
-1066.173094666004 11.04705305337906
-1064.2369212269782 10.792411997318268
-1062.4965374827384 10.80015337407589
-1061.2521911025046 10.635606616139412
-1059.7503041386603 10.746206640601159
-1058.452041184902 10.854673772454262
-1056.9561254143714 11.039573624134064
-1055.3135353684424 10.871896996498108
-1053.767181432247 11.130303784608842
-1051.792989051342 11.20270232051611
-1050.1741364359855 10.605632162988186
-1049.2476075053214 10.7919418284297
-1047.7222416758536 10.237122602164746
-1046.2099663376807 9.759289629161358
-1044.5747341275214 9.834096684455872
-1042.965785896778 9.76598266452551
-1041.6147456526755 10.18683866351843
-1039.6504345297813 9.787288076579571
-1037.9452355265616 10.53866315573454
-1036.2636840701102 10.1650149294734
-1034.8157635092734 10.607748992145062
-1034.0073024392127 10.994208432137967
-1032.2986956000327 10.946661043316126
-1030.7461349129676 11.023124049752951
-1029.5957155585288 10.723931710571051
-1027.8677366137504 11.028773944228888
-1026.0428146481513 10.46300689443946
-1024.4126556277274 10.451960893683136
-1022.5021610617637 10.999354334883392
-1021.245329773426 11.239664169363678
-1019.4991194367408 11.474018158726395
-1017.662885582447 11.520679848603905
-1015.80928555727 11.852176266126335
-1014.3870433926581 12.196958737783135
-1012.7777902245521 12.059584619812668
-1010.9978199362754 11.28361511450261
-1009.28083268404 10.694027187637985
-1007.364358818531 10.898424225263298
-1005.841407573223 11.080813514404
-1004.29215375185 11.285676168613136
-1002.5329803586005 11.285089413039387
-1000.7806829571723 11.013957361094654
-999.6287094712256 10.777478168122471
-997.8742382884025 10.099755177609623
-996.0962052702903 10.050252540372313
-994.5194800257682 9.71940539624542
-993.1387988686561 9.320977731011808
-991.703161394596 9.668047948144377
-990.7342837214469 10.195377810262144
-988.835260426998 9.906046046279371
-987.6794176459312 10.178833766244352
-986.0898144602775 10.13875585269183
-984.6408921837806 10.582127416841686
-983.0180533289908 10.642095132134855
-981.2224698424338 10.907607956193388
-979.2801504492759 11.149299068711699
-977.941685116291 10.978162033818663
-976.3184296250342 10.856144769452513
-974.9028096556663 10.17581991698593
-973.0338397383689 10.735056383870543
-971.2254252791404 11.146373493932188
-969.4328990340232 11.012626869939268
-967.690240895748 11.346237106584013
-965.9809772133826 10.599199755452574
-964.5111674427985 10.349679677151144
-963.0918112158774 10.396657055579126
-962.0664557576179 10.004180973730982
-960.9079726099967 9.843981748782099
-959.2262384057044 10.018165415488184
-957.9199833035468 10.169183796606958
-956.7499747633933 9.65919602509588
-955.0314879775046 9.598473480306566
-953.8746211886405 10.213609865270556
-952.768715417385 10.035318648777903
-950.8425674796104 10.180787181816996
-949.4473098874091 9.944664007388056
-948.2479855179786 9.508545583449305
-947.3158811688422 9.794623023234308
-946.3545660138129 10.37097514268011
-944.7525425314902 10.0731758832559
-943.4431138396262 10.346290385685862
-941.511824285984 10.142597994171084
-939.738970196247 10.170250607989729
-938.1643687844276 10.813825203441084
-936.8477046847343 11.036395756863058
-935.7514495015143 10.874330727718771
-934.0860326647758 11.27371182885021
-932.8529453635215 10.597670106552542
-931.0725546240806 11.221144764088095
-929.7409057974814 11.00769489850849
-928.190900838375 10.414079724214972
-926.5644905924796 10.919438777826727
-925.3839936614036 10.821285186670721
-923.6755776762961 10.168371318243445
-922.038394486904 10.402429757975042
-920.088593995571 9.969509719274939
-919.0603268504142 10.588000176809729
-917.3092418074607 11.04725840535015
-915.4155075907706 11.289710818193853
-914.5389276504516 11.242275426499546
-913.016303038597 11.693025658242405
-911.365340566635 11.297160217873753
-909.5599279165267 11.41837725263089
-908.0136817455291 11.285775410346687
-906.9200039863586 11.265879499129952
-905.3972918748855 10.534998284988106
-903.8740062475204 10.676171558313072
-902.9739550113677 10.307427632026375
-901.6928996801375 10.035230832509697
-900.863931274414 10.194953369311989
-899.1613873004912 10.481844531707466
-897.7688603162765 9.950151371173561
-896.0893972873687 9.312458562068642
-895.1608320236205 9.043399649076164
-894.2719852685927 8.613904165439308
-893.0373817443847 8.960703777484596
-892.1914222598075 9.210986065082253
-890.6011059641837 8.89270965974778
-889.2941593289374 8.806887226514519
-888.4154917359351 8.857906094156206
-887.4842447400092 8.699072530828417
-885.9381982445716 9.281740894876421
-884.1288557410239 8.918445071540773
-882.1990850329398 8.819328075610102
-880.6463872551917 9.040615221820772
-878.7668267846107 8.5653703719005
-877.3127402424811 8.398128172717989
-875.7878182291984 8.172913914881647
-874.7211437582969 8.047656631432474
-873.6702586770057 7.807203537188471
-872.7094251871108 8.119303053580225
-871.0529460668563 7.687255269251764
-869.1592166185378 7.1795228778943425
-867.7927386522292 7.944977170191706
-866.8824424505233 7.740067130289972
-865.8021201848983 7.888855150304735
-864.4298294544219 7.628073891960085
-863.1714322328567 7.483158832751215
-862.1011115074157 7.388176104389132
-860.3795172929763 7.611347010694445
-859.0896436929702 7.622073857448996
-857.2971830129623 8.269092409275473
-855.8489403486251 8.751722513101996
-854.7675739288329 8.19666874255985
-853.7779685020446 7.911205498836935
-851.9987095355987 8.13612159933895
-850.7291880607604 7.8332582994923
-849.1041252374648 7.593896923922003
-847.7835224628448 7.2762185915932065
-846.505878663063 7.064501462839544
-845.7057568788528 6.171207843683661
-844.936678624153 6.040798900984228
-843.7163934469222 5.790793357752264
-842.5450048208236 5.197723327539862
-842.0342725872993 4.408306537531317
-841.0412147402762 3.7068882569298154
-840.2794175505637 2.589579878710211
-839.8588337659835 1.368040023706854
-840.134712076187 0.4334521278366452
-840.3739137262105 -1.1231185213103885
-839.7835774034261 -2.4583500638976687
-839.8459899038075 -3.859917761422693
-839.1083210915326 -5.6040076032653445
-838.9080672770738 -7.203295470811426
-838.8387833520769 -7.936364175416529
-838.7691111698746 -9.79345393333584
-838.6742263421415 -11.171260716058313
