-1105.6 10.64
-1104.4228050470351 11.035295560359955
-1103.4171699047088 10.430191769599915
-1102.281156516075 10.872923984527588
-1100.7546183824538 10.558109297752381
-1099.6160754919051 10.312590002417565
-1098.3627013921737 10.858730196356774
-1097.2020499467849 11.240748851895333
-1096.0154677391051 11.144066534340382
-1094.673629260063 10.645690552294255
-1093.654327726364 11.225902251303197
-1092.556335902214 11.602673522531987
-1091.8444602847098 11.22990640193224
-1090.6015993714332 11.373420409262181
-1089.0713214039802 11.356610975563527
-1087.1631590485572 10.763636431992055
-1085.518378651142 10.280351958572865
-1084.4109079003333 10.555040262043477
-1083.7350961923598 10.25133099347353
-1082.6925594568252 10.728763184845448
-1081.5629027843474 11.075402818024159
-1080.0386568069457 10.395136795341969
-1079.2410042643546 10.307640119791031
-1077.8904379963874 10.260126076042653
-1076.9661985993384 10.252850580364466
-1075.867843544483 10.876872229725123
-1074.6728815197944 11.387637424618006
-1073.865804708004 11.25184049025178
-1073.200774347782 10.593343097120524
-1071.808586513996 10.390624675303698
-1070.7674699187278 10.382469650693238
-1069.4505321145057 9.98341795463115
-1068.3208008170127 10.60071453113109
-1067.004516518116 11.161206152625383
-1065.7920095086097 10.815770414061845
-1064.3567545771598 10.88795135576278
-1063.5397506713866 10.61776606399566
-1062.4558930158614 10.274942439384759
-1061.0265276193618 9.829389196224511
-1059.2801857948302 10.016570251770318
-1058.0882835149764 9.655768554992974
-1056.953285074234 9.75083481926471
-1055.7734850406646 9.254438784308732
-1053.8049450874328 9.506046589799226
-1052.7826646327972 9.24292444843799
-1051.0046249389648 9.729609337039292
-1049.3112939357757 10.381346788592637
-1047.4234657049178 10.750251200385392
-1045.7420447826385 10.8296097259596
-1044.5658453464507 10.915988985784352
-1043.0387974739074 11.302883003242314
-1042.0779542684554 10.69361290741712
-1040.7299965381621 10.8659727017954
-1039.3376796007155 10.882274758405984
-1037.52793905735 11.038138103075326
-1036.6360621213912 10.722272169180215
-1034.9885459899901 11.001422625370324
-1034.0218531847 10.541528117246926
-1032.753347492218 10.44383421201259
-1030.8805360555648 10.675182503052056
-1029.21634516716 11.122031372375787
-1027.964809155464 11.191265914924443
-1026.718089556694 11.549820427186788
-1025.1945787429809 11.36323586512357
-1023.7497622728347 11.267520826645196
-1022.128705716133 10.856935214586557
-1020.901849246025 10.787788335569203
-1019.0186154603957 10.628594402559102
-1017.1487298965453 10.32806262779981
-1015.957341647148 10.514802355654538
-1014.9354022502898 10.694566835053266
-1013.9235595226287 10.339949716217816
-1012.391981101036 9.621868420727552
-1011.1225173234939 9.108075369484723
-1009.8796057462691 9.18816407430917
-1008.4865318298339 9.072789553888143
-1007.66583070755 9.490750555284322
-1006.183732843399 9.010958675630391
-1005.0675248861312 8.587936435230077
-1003.559152817726 8.725666258819402
-1002.5391907453536 9.145790491588414
-1001.1715568065642 8.992077980525792
-999.8177168130874 8.89899472553283
-998.5089808464049 8.95722936872393
-997.3234957218169 9.247203104533256
-996.0118577241897 8.715489499606193
-994.3140272855758 8.397069029845298
-993.3430359125136 8.44780199263245
-992.3860426306724 8.327307716347278
-991.3367663979529 7.884285822845996
-989.8357615828513 8.269446745850146
-988.8318754792213 8.186621785499156
-987.4264060616492 8.595624983645976
-986.2995492577552 8.547033168710769
-985.5666628241538 8.430566467680038
-984.2101277470588 8.316655658520759
-983.4271334171294 7.969572626389564
-981.9194661140441 7.80540648881346
-980.5028809070586 7.965135477818549
-978.7355282068252 7.896657221354545
-977.7032460927962 7.771766417063773
-976.6585114955901 7.6222901124134665
-975.081076478958 8.198826887048781
-974.0352945089339 8.709878780283034
-972.7760722398757 8.433412976898254
-971.9685344457625 8.557792745865882
-970.7474013328551 8.983210407532752
-969.9894942402839 9.84715040806681
-968.1311034321784 9.937152989543975
-966.4227692246436 9.962545998729766
-965.0351997971534 10.114666603840888
-963.6041964650153 9.773656629361213
-962.890815770626 9.792998962439597
-961.80511251688 10.270389877595008
-960.8728443741797 10.183502339161933
-959.2495968699454 9.88557573441416
-958.294657921791 10.35546904090792
-956.7008771657943 10.751349889077247
-955.487836575508 10.275949381627143
-954.2118772029876 9.97342028502375
-952.8645437717437 10.119555615223945
-951.6512772798537 10.262532495297492
-950.1788602828979 9.915973626412452
-948.8740039825439 10.032093100585044
-947.0499509334563 9.530895643271506
-945.1031197071075 9.14602845195681
-944.3317811250686 8.915415741838515
-943.2238697767257 8.936422355808318
-942.0754359722137 9.004994206465781
-940.9056411743163 9.156454064287246
-939.8350139617919 9.430138565935195
-938.6719370841979 9.458547152914107
-937.1408254861831 9.884496398605407
-935.9471670150756 9.365411587394775
-935.0126275777816 9.758643515743316
-934.313732600212 9.570071243084968
-933.1536863803863 9.72484595362097
-931.5538151025771 9.7350630242005
-930.131262397766 9.250002004541457
-928.2456956863402 8.914009012617171
-927.5365456700324 8.66331688348204
-926.4431258797645 8.394710190929473
-925.5536247849464 7.718154259361327
-924.6505811572074 7.575435303486884
-923.4668748736381 6.869712375439704
-922.0248867630958 6.858658679164947
-920.2945003867148 6.704595484174789
-918.8318055033683 6.518815540112556
-917.4344493508338 6.068776391781867
-915.5654901623725 5.494106017388404
-914.5080134034156 4.61886569146067
-913.4397060036658 3.397883616723121
-912.2018564105033 3.194638930596412
-911.6024389624595 2.4045537341013556
-911.0498041868209 0.8160684931650763
-910.2063708066939 -0.6547228467091912
-909.8757914066314 -2.445408142767846
-909.4435030877589 -3.930769003592431
-909.3929480858146 -5.247352875433862
-909.3028984390198 -6.239107526503503
-909.6054250024258 -7.505932487212121
-909.0738811515271 -8.591942466460168
-909.0090614505111 -10.393905557356774
-909.3675061114131 -11.272176839075982
-909.5212012030183 -12.696931935511529
-908.833399901539 -14.123384691439568
-909.0194842167198 -15.336599208079278
-909.1718552209436 -16.45420537110418
-908.8532757557928 -18.117333031855523
-908.7899234689771 -19.284946299754083
-908.8892472036182 -20.508795834742486
-909.3172587104141 -21.370833314619958
-909.7133772321044 -22.569920576773583
-909.4866823948919 -23.97246412154287
-909.1859812833368 -25.534233487807214
-909.6437898375093 -27.359171427451074
-909.8712785936891 -28.42939702387899
-909.7879036538302 -29.858739174567162
-910.1847087018191 -31.57914272662252
-910.4041530959307 -33.11283925887197
-909.7936435811221 -33.97309116240591
-909.6257286094128 -35.484208382330834
-909.3463726662098 -36.9307396781072
-909.7031618379056 -38.65942744132131
-908.9947203420102 -39.7980811965093
-908.7235015057026 -41.37863127108663
-908.0619285725056 -42.32116387005895
-908.0392984155565 -43.91744706746191
-907.7550027374177 -44.91559956189245
-907.8218913976102 -46.399410225115716
-906.9513928595929 -47.13259515877813
-906.1244991723447 -48.31464896317571
-905.5766508284955 -48.90992257710546
-904.2139919701963 -50.28443262692541
-903.6847799126058 -50.62639749761671
-903.013357252255 -51.57932806726545
-902.4499860111623 -52.392811067067086
-901.2722841802984 -52.37446186657995
-900.4686624113469 -53.01573619958013
-898.8814018074422 -52.69020561095327
-897.303417116776 -53.049898571930825
-896.2640900913625 -52.998287282548844
-895.0891924206167 -53.75021352585405
-893.8554963175206 -53.45210184868425
-892.7328478399663 -53.376514665447175
-891.4923427406698 -53.67991673167795
-890.4416407648473 -53.522093735300004
-889.4726372066884 -53.16671814735979
-888.6529366079717 -53.198721266947686
-887.0008046928792 -53.07444413717836
-885.9264637533574 -53.30836392160505
-884.6102382246404 -53.12920179184526
-883.0203754011541 -53.53620701249689
-882.026787668839 -53.98118369992822
-881.1417275372892 -54.34191789444536
-879.8849519196897 -54.23326980289072
-878.7606022063642 -54.49912288006395
-876.8506803218274 -54.393298841677606
-875.2134930793195 -54.26024349745363
