-1105.6 10.64
-1105.3711075097322 9.739151372909546
-1104.98189445436 8.3099857711792
-1104.280592700839 7.240972294807435
-1104.642747274041 6.170397295951844
-1104.147634974122 4.577076687812806
-1103.5172686487435 3.6700306081771856
-1103.2300595849752 2.1931042814254766
-1102.7708431988954 0.936970963478089
-1102.7859694123267 -0.2920464134216303
-1102.4998003602027 -1.8973287200927729
-1102.453362724185 -3.688833103179931
-1101.992433360219 -4.544050798416137
-1101.794356650114 -5.435215816497802
-1101.5727308452128 -7.049697861671447
-1101.6454151928424 -8.857813820838928
-1101.4973254561423 -9.568802044391632
-1101.3706217318772 -10.981637523174285
-1101.2859057843684 -11.88508521080017
-1101.2346725597977 -13.233923540115356
-1101.182470756024 -14.366351351737976
-1100.541483836621 -15.223983333110809
-1100.2691401414572 -16.428630635738372
-1100.1843719653784 -17.07807336807251
-1100.0052603654563 -17.939077005386352
-1100.0329181499778 -18.948172554969787
-1099.5249040074646 -20.008560523986816
-1099.3196716554462 -20.776960775852203
-1098.9834692724048 -21.586673543453216
-1098.853314409405 -22.717260167598724
-1098.6859277136623 -24.293020293712615
-1098.4960742540657 -25.62251369714737
-1098.2155024655162 -26.547684237957
-1098.6360360629856 -27.615127131938934
-1098.285744781047 -28.582411572933196
-1099.097432488948 -30.37550894975662
-1098.8806869633495 -31.25893251657486
-1098.8197525389492 -32.44621269464493
-1098.4346288092433 -33.559151933193206
-1098.1628210194408 -35.212528631687164
-1098.4122009076177 -36.919944689273834
-1098.3654068507253 -38.291064426898956
-1099.2451780833303 -39.63672892808914
-1099.2108364425599 -40.386080071926116
-1098.7569237671792 -41.936129376888275
-1098.6317751429974 -43.6187189078331
-1098.408251928538 -44.74514679670334
-1098.6729120783507 -45.530066595077514
-1097.5272745661437 -46.497575685977935
-1096.1648251585661 -47.440137610435485
-1094.8880948595702 -47.806332454681396
-1093.191466050595 -47.65562509059906
-1091.401656704396 -47.87889529824257
-1090.4494921736418 -47.98166899442673
-1089.5403885416686 -47.9883540725708
-1087.9000505976378 -48.785538182258605
-1085.9909855894743 -48.452687398195266
-1084.0888711981474 -49.0155537879467
-1082.1828481726347 -48.76001121163368
-1080.5610835127532 -48.8297897285223
-1079.0771441034972 -49.42969057023525
-1077.9191624693572 -49.20893490374088
-1076.185428815335 -49.530982137322425
-1074.3545374445616 -49.66012620985508
-1073.6789573602377 -50.00213068783283
-1072.9298343233763 -50.77790880262852
-1071.4936074785887 -50.79335963785648
-1069.7107121519743 -51.43377488911152
-1067.9633671812712 -51.46879562795162
-1066.23412855193 -51.91532144010067
-1064.4281299881636 -51.81080184191465
-1063.0904681257903 -51.373896994292735
-1061.5639706425368 -51.05994082301855
-1060.0466377310454 -51.112540208399295
-1058.674229698628 -51.238875739872455
-1057.3492791227995 -51.73966037541628
-1056.4288084082305 -52.292975120842456
-1054.552310424298 -52.814494066536426
-1053.5110725931822 -52.901005320847034
-1052.5344113878905 -53.727914624512195
-1051.3510815672576 -53.73901994585991
-1049.8759213261305 -54.31793107151985
-1048.2679538302123 -54.719345108270645
-1047.2654821448027 -55.95572139382362
-1046.7653963737189 -57.14948417305946
-1045.5567419700324 -58.27821876168251
-1044.35532213971 -59.09189452290535
-1043.7112698726355 -60.12389089226723
-1042.2356424503027 -61.0737933075428
-1041.07892979905 -62.287979975938796
-1039.2970389299094 -63.12244869828224
-1037.7617316417395 -63.65016646742821
-1036.657952325791 -63.46949966311455
-1035.907483356446 -63.793559864759445
-1034.1793323926627 -63.9608483171463
-1032.3127273492514 -63.76131440758705
-1030.6340876989066 -63.950072453022
-1029.2052767448126 -63.84213101923466
-1027.3487653903662 -64.12166723668575
-1026.3437549047171 -64.12472856104374
-1024.6506147556006 -64.33325278818607
-1023.354965584725 -64.62665104925632
-1021.6899396352469 -64.52677106916904
-1020.3753197364508 -64.58608023881912
-1019.5073304347693 -64.26686011314392
-1017.9330517224967 -63.85033457040787
-1016.3368525676428 -63.30426357746124
-1014.9235047273337 -62.83840544581413
-1013.6239985398947 -62.86914879143238
-1012.3196840457617 -62.6679390078783
-1010.7364818029105 -62.225320697426795
-1009.8959317378699 -62.85113668501377
-1008.4295344524085 -63.4419589048624
-1006.6006586723029 -63.966609895825385
-1004.9449186496436 -64.06329082757235
-1003.3488642148673 -64.05977717846632
-1001.6647600106894 -64.13384397387505
-999.9238957338034 -64.12868662238121
-998.6159709863364 -64.16759951472282
-996.9288219384848 -64.01721046924591
-995.6926472358405 -64.25492474496365
-994.5728799276053 -64.36108648091555
-992.7741290502249 -63.98110058218241
-991.4030897788703 -64.4773521950841
-989.7689875535666 -64.19305580168962
-988.78217645213 -64.16589011311531
-987.755662279576 -64.48900730967522
-986.3206066660582 -64.3170000320673
-984.9984890989958 -64.1576957410574
-983.6651318840682 -63.776372165083885
-982.0503810219466 -63.92415686011314
-981.0228168539702 -63.783591166734695
-979.683658080548 -63.63486178278923
-977.9518107943236 -63.75942663908005
-977.0593536667525 -63.81893970131874
-976.2951591186225 -63.83262633964419
-975.0282075576483 -63.261253532618284
-973.4737613372504 -62.70364737197757
-972.3434970550238 -62.50867694303393
-970.7880938224494 -62.58781206294894
-969.1690490417182 -62.29229658529162
-967.5916180782019 -62.692873713225126
-966.0941869191824 -63.00353723451495
-965.0170871190726 -63.447854515761136
-964.352121489495 -63.24996733352542
-962.6666647367178 -63.5471696524322
-961.0702940396964 -63.67968584284186
-960.0004471711813 -63.40117637500167
-958.5963981322943 -63.791580420583486
-957.3025036029517 -63.719199937433004
-956.3120235376059 -63.14244411572814
-955.0402027539908 -63.64976195678115
-953.1727937631308 -64.07138512715697
-952.0683378152548 -63.566276413053274
-951.1761977843939 -63.48275956943631
-950.3613400630652 -63.75161382988095
-948.6009229592978 -63.555999059826135
-946.9213651590048 -63.65993085935712
-945.2451815776526 -64.0367537780106
-944.0665114097296 -63.63355884388089
-943.0175750426947 -64.17211834028363
-941.4491900376975 -63.8459051592648
-940.2293570213019 -64.2486336274445
-938.3313169650733 -64.39911215439439
-937.5857609681784 -63.88974385395646
-936.0166002683341 -63.778430138379335
-935.0414345435797 -63.26663592889905
-933.5334398917853 -62.89672717884183
-932.6743826441466 -63.25099945500493
-931.5133149199187 -63.00308865740895
-930.5705911688506 -63.54066855147481
-929.1388060621916 -63.59820937052369
-927.4800455145537 -63.12646241918206
-926.1618809275328 -63.27189329698682
-924.2602843813597 -63.45710178151727
-923.3986919693648 -63.135546465069055
-921.8164375595748 -63.46555467382073
-920.2007122807204 -63.69192943409085
-919.2881844215094 -63.55435245171189
-917.8892011813818 -64.13344972267747
-916.2704410724341 -64.57160024777055
-914.7030577830969 -63.84678070679307
-913.8149039916693 -63.76448819473386
-912.1535823516547 -64.15714353755116
-910.7886090449988 -64.52559522226453
-909.1879718475043 -64.06996822789311
-907.3055536918341 -64.02581512615085
-906.3828439883887 -63.30709510728717
-904.9666148595511 -63.39590104356408
-904.1698593072592 -63.679470915943384
-902.6501563958823 -63.97822536960244
-901.7915702037512 -63.49381412997842
-900.9925019912421 -63.745243479162454
-899.2458841972052 -63.88847287431359
-898.2550763659178 -63.83542814910412
-897.1937480740248 -63.57274171769619
-895.6547011904418 -63.45994429349899
-894.9107150010764 -63.46965307056904
-893.9115657977759 -63.85553792178631
-892.18266691491 -63.69343036472797
-890.4981218747794 -63.592601173222064
-889.5511661343276 -63.78124629765749
-887.6865874104201 -63.888306387364864
-886.1322359614073 -64.10071004241705
-884.3845436148345 -63.990588598549365
-883.1729554705321 -63.46781390219927
-881.9472271971404 -63.694132976830005
-880.1348919443785 -63.2958030334115
-878.2994718126952 -63.434377961456775
-876.9212668709456 -63.56446494966745
-875.4442348055541 -62.95748093038797
-873.8943581156432 -63.59019699007273
-872.0569330029189 -63.55175321608782
-870.2875024847685 -64.18013583928347
-869.126274781674 -63.466464870274066
-868.1002341084181 -63.73467075139284
-867.2046261005103 -64.10279401451349
-865.9126824311911 -64.1353714248538
-864.809252398461 -64.41295627564192
-863.12089850232 -63.72795114725828
