-1105.6 10.64
-1103.739476776123 10.1503919506073
-1101.8154272794723 9.96810714840889
-1099.890786385536 9.52562297821045
-1097.9173271417617 9.450235090553761
-1096.1069521665572 9.189060560762883
-1094.1314968824386 9.820350698530675
-1092.1414062738418 9.593994445502759
-1090.1597336292266 9.12615624755621
-1088.2224863529204 9.261216230094433
-1086.2620477437972 8.802228636443616
-1084.7352051496505 9.39664209574461
-1082.8471967935561 9.005882150828839
-1080.8848941087722 8.718846983611584
-1078.9491522073745 9.277827448546887
-1077.0137238264083 8.769953913390637
-1075.0546397924422 8.35729262918234
-1073.140336728096 8.000942713916302
-1071.3855858802795 8.243240288794041
-1069.5272713661193 8.06285592108965
-1067.580344414711 8.821360073387623
-1065.6585695505141 8.729207477867604
-1063.9740227222442 8.553973666727543
-1062.012094593048 8.184572718441487
-1060.0654892683028 8.036876521408558
-1058.183128929138 7.765324912369252
-1056.2598522663116 8.309696755707265
-1054.3397832870482 8.210740200579167
-1052.5171810150146 8.111579469740391
-1051.2228756904601 8.666687599718571
-1049.4027417659759 8.473870060741902
-1047.841265296936 8.271488122045994
-1046.0393498897552 7.963081232607365
-1044.1590096712112 7.585965148508549
-1042.2759053468703 7.2788144269585615
-1040.4394862413405 7.328005484640599
-1038.5653471708297 7.13767179042101
-1036.6526875257491 8.105933986008168
-1034.8274932861327 7.968454323112965
-1032.9767590522765 8.298965922892094
-1031.2498752832412 8.088556192219258
-1029.8725845575332 7.828630767166615
-1027.9807252645492 8.288265071213246
-1026.092366671562 8.134311340153218
-1024.1583913326263 7.846651248037816
-1022.5850537776946 8.436740032732487
-1020.6531888008117 8.51579894810915
-1018.7402626037597 8.473042688667775
-1017.1377929210662 8.23058890491724
-1015.2710197925567 8.43883524030447
-1013.5605412483214 8.27203250616789
-1011.7787509918212 7.960896647870541
-1010.1030435323714 7.787662900388241
-1008.6207999944686 7.558742530047894
-1006.8455629110335 7.781760893166066
-1005.1763874053954 8.056028775274754
-1003.344450688362 7.719456485807896
-1001.6625697374343 7.5580089905858046
-999.7702882051467 7.289743415415288
-998.0980551004409 7.436769715845585
-996.7632304191588 7.366452268660069
-994.9343906402587 7.763610235750676
-993.3751303911208 8.029554239809514
-991.7909925937652 8.234635464251042
-989.8731302976607 8.904197565615178
-988.214308476448 8.683908514082432
-986.4513891696929 8.922412491738797
-984.5840253591537 8.770328677594662
-982.6619786977767 9.220938421189786
-980.9131672143935 9.035359732210637
-979.0053038358687 9.0829846778512
-977.0459582567214 8.653572789728642
-975.293041563034 8.28480222016573
-974.0362850189208 8.844113550484181
-972.125195121765 8.884705371558667
-970.2692452430724 8.80706769913435
-968.5785614013671 8.880176059305668
-966.863049840927 8.52276568800211
-965.3310466766357 8.26427894026041
-963.6413188934325 8.835143140852452
-962.0482023715972 8.49321006923914
-960.0982683658599 8.327921978533269
-958.2534038782119 8.026117108166218
-956.6130828619002 8.055058352053166
-955.5586898088454 7.921717725098134
-953.724080300331 8.045310206115246
-952.5077615737914 7.89723122805357
-951.3907044887542 7.56871692031622
-949.6550920963286 7.4121728608012205
-947.7532795429229 7.347066558301449
-946.3884436845779 7.380845046937466
-945.439502096176 7.307263768613339
-943.7931388378142 7.085527784526349
-942.1360044240951 7.319991520941258
-940.2266757249831 7.10742881089449
-938.6138626098632 7.656725070774556
-937.3507265806197 8.41994728833437
-935.9943090438842 8.513912669718266
-934.4924238681792 8.30684702783823
-932.8416586875915 8.28938408881426
-931.6907299518584 8.435068792998791
-929.8294762134551 8.800946361720563
-927.9131651878356 8.331674493253232
-926.1191484689712 7.746932304799557
-925.3171297073363 7.129888988435269
-923.388789987564 6.620762742459775
-921.8686361074447 5.779363132417203
-919.9889259099959 5.565528965890408
-918.1908221006393 5.128932482898236
-916.9555359840392 4.1776405045390135
-915.1071536302566 3.9366662421822554
-913.2852821111678 3.635902575552464
-911.596679663658 2.9239653268456465
-910.050669646263 1.9636883655190474
-909.0004416465758 1.1639165797829634
-908.2707679033279 0.06227015644311962
-907.2723606586455 -1.186308630406856
-906.4729586601256 -2.942419298589229
-906.5174474626779 -4.267551191747188
-906.0774324446916 -5.666584022939205
-905.7065240651368 -6.915414341390132
-905.3539409548043 -8.716483124196529
-905.0712575227021 -10.396269925534725
-904.7319773942231 -11.35772360175848
-904.7442029103636 -13.123162039220333
-904.958665190637 -14.553207047879695
-904.9385337367653 -15.729186781346797
-904.862292407453 -17.32273150295019
-905.0171405956148 -18.612945445477962
-904.653608469665 -20.556498416364192
-904.2258909627794 -21.432648905217647
-904.2888537481426 -23.270411857068538
-904.3397641912102 -23.966682442128658
-904.0961594119667 -25.774029620587825
-904.1135170146822 -26.969326384961605
-904.3404564097523 -28.800022371709346
-904.1487487390636 -30.43866432517767
-903.9843107298016 -31.829574235379695
-903.7434350535273 -32.72491545289755
-903.5713804349302 -33.51513964742422
-903.6931304618715 -34.460029073655605
-904.3004384323954 -35.94700688928366
-904.6224793478846 -37.46088726133108
-904.93674698323 -39.076422997415065
-905.1857697948813 -40.17675346940756
-905.4590165302156 -41.69914288133383
-905.6658787861465 -42.42953676789999
-905.9981001749634 -43.52916235536337
-905.1826113596558 -44.662617870271205
-905.4873615041374 -45.76140684694052
-905.2021508052944 -46.74428684324026
-904.342074497044 -47.784486957490444
-903.9688331320881 -49.30747706502676
-902.65137784034 -49.88822580188513
-902.2640163138508 -50.157007761895656
-901.6683236792683 -51.41338641256094
-900.0105802252888 -51.79795933574438
-898.9565798476337 -52.54445458263159
-898.0352091029285 -52.363348000347614
-896.1685016587376 -52.23554819136858
-895.2477733924984 -52.28291583865881
-893.4328644111752 -51.96711734741926
-892.4811068609356 -52.3317106744647
-890.9229233101009 -52.06992764085531
-889.8371952608227 -52.127824210226535
-889.0358319118618 -52.431687050163745
-887.675119383633 -52.939379983246326
-885.8974120452999 -53.78545635253191
-884.5440509155392 -54.36239587575197
-883.142684085667 -54.30574284553528
-882.1403164699673 -54.78501872777939
-880.3205853536724 -54.857840739786624
-878.9894884660839 -54.84038584366441
-877.4729102686047 -54.81449485629797
-876.7592082455753 -55.244286783635616
-875.607073111832 -55.47586042493582
-873.9670784905552 -55.74073005527258
