-1105.6 10.64
-1103.6475970506667 10.45160269677639
-1101.6656505823134 10.243448808193207
-1099.6855838060378 9.869953855276108
-1097.7095942258834 9.307726188898087
-1095.811323738098 8.931883379220963
-1093.8297928333282 8.816971629261971
-1091.945331430435 8.33692175090313
-1089.9899128437041 8.128433912396432
-1088.0974018335341 8.512914120554925
-1086.1440086126327 8.070270895361901
-1084.367704129219 7.722407549023629
-1082.4269313573836 7.519537984728814
-1080.534691429138 7.42641913831234
-1078.6417857170104 7.316325097680092
-1076.928573822975 7.267467259764672
-1075.0051542282104 7.400705575346947
-1073.1334371328353 7.423184036612511
-1071.3325214147567 7.157635837197304
-1069.4885983228683 7.0363334709405905
-1067.6434753894805 6.84483784377575
-1065.7491819620132 6.678965091109276
-1063.8721787691115 6.545126407742501
-1061.998246884346 7.064564853310586
-1060.535497879982 6.911155342459679
-1058.7099814176559 7.006931393742562
-1057.1863415002822 6.770358502268792
-1055.4165493011474 6.570377319455147
-1054.1103735923766 6.50675862967968
-1052.247661447525 6.373787581324578
-1050.429606771469 6.225950002074242
-1048.6110013484954 6.218643247485161
-1046.7644229888915 6.267071663737298
-1045.1494005680083 6.151813625693322
-1043.4459147214889 5.96213406264782
-1041.590190386772 6.067546873688698
-1039.8804552316665 5.990309684872628
-1038.1346697568893 5.84415385067463
-1036.5380254745482 5.904840349555016
-1034.8182207107543 5.869583129286767
-1032.9566235303878 5.718349933028222
-1031.214204764366 5.907384007573128
-1029.4301111459731 5.7693627768754965
-1027.659443116188 5.727203696370125
-1026.388427233696 5.87423282802105
-1024.6792042016982 6.073211460709572
-1022.8281569242477 6.097161322236062
-1021.1923469066619 6.496691345572472
-1019.6758204460143 6.841338425278664
-1017.8263444662093 6.751230775713921
-1016.0432724714278 6.617890387177468
-1014.1586513280868 6.6401764148473745
-1012.281643128395 6.957134723067284
-1010.5924730062484 6.801158010363579
-1008.7351079940795 6.663586735129357
-1006.9609561920165 6.499238132834435
-1005.1063834190368 6.875019341111184
-1003.5665129184722 6.719335734248162
-1002.3996916770934 6.670584231019021
-1000.5212474822997 6.692920177578927
-998.6516824722289 6.726083129048348
-997.0761353731154 6.5904517465829855
-995.2642982959746 6.6953032308816915
-993.8218997478484 6.968646525740624
-992.0458656311034 6.751388936638833
-990.1695371627807 7.009828179478646
-988.3260303497314 6.985459774136544
-986.5118378162383 7.003818839192391
-985.2046483516692 6.898761331439019
-983.3651714086532 7.074365406632424
-981.8927366495132 7.621938615441323
-980.2515539884566 8.040013253092766
-978.6672590732574 8.037145941853524
-976.7627700328826 8.003335385918618
-974.8833957672118 7.675999044775963
-972.993449306488 7.655719965100289
-971.5257049560546 7.453505455851555
-969.8706742286681 7.371507286429406
-968.762582874298 7.776985883116723
-966.9991445302962 7.680045008063317
-965.9103619813918 7.825775145888329
-964.3347000837325 7.787286012768746
-963.3683908939361 7.662253170609475
-961.849156475067 8.46545341551304
-960.4910487890243 8.593052237629891
-958.5542857408523 8.4590456032753
-956.8104510068893 8.749588950872422
-954.8961462736129 8.337110861539841
-952.9969851732253 8.946360393762589
-951.047926878929 8.526247128248215
-949.1215104818343 8.709974303245545
-947.220431780815 8.79293650329113
-945.6115593671798 8.704838573336602
-943.9900252580642 9.023098497986794
-942.1459543466567 8.678103714585305
-940.5063040018081 8.350337474942208
-938.7502686738967 8.17391368687153
-937.731083369255 8.25422784626484
-935.788598036766 8.563630818724633
-933.8231749296187 8.165087878108025
-932.0531154632567 8.221062644720078
-930.4258944749831 8.099053933620453
-928.7376470327376 8.322655572891236
-926.9313914537429 7.667929425239564
-925.1912245512008 7.441912918686867
-923.3076715230941 6.797041922211648
-922.0293639659881 6.1866208606958395
-920.4087323904037 5.88926407635212
-918.7047612428664 5.29931148827076
-917.2699273586272 4.137031882405282
-916.8730227112769 2.762662618756295
-916.0753656983375 1.1209919148683554
-915.3294079661368 -0.6312516039609903
-915.7786344349383 -2.3108438557386393
-915.0518589675426 -4.088458926081657
-914.9330137655138 -5.775444299578666
-914.3849302217363 -7.02264896094799
-913.9501581177115 -8.048958451151847
-913.454636363685 -9.132816941142082
-913.2004229709505 -10.451389343142509
-912.7525279805063 -11.965264708399772
-912.8909319624304 -13.636201650500297
-913.6712220892309 -15.546398908495902
-913.5738447889685 -16.728171855807304
-913.1920680984854 -18.36098280608654
-913.255375920236 -19.24737539947033
-912.9348251804709 -20.607334524989128
-912.9174929395317 -22.36767497718334
-912.528553380072 -24.24789539039135
-912.4910916224121 -25.782262713313102
-912.2670341268181 -27.251872212290763
-912.3555601075291 -29.028045565485954
-912.8462339177727 -30.39734128177166
-913.0960017725824 -31.453067809939384
-913.577647088468 -33.23527410686016
-913.9997626528143 -34.93561556994915
-913.8593822106718 -35.888516098856925
-914.3893882021307 -37.6816437548399
-914.2474257931112 -38.66284635722637
-913.7228176578878 -39.630077392458915
-913.3746768519281 -40.74005928695202
-913.1352643802761 -42.09378424346447
-912.6877572968601 -43.00210848510265
-912.8954871729015 -44.32575240790844
-912.881847514212 -45.37999990642071
-912.9359118625521 -47.02566435992718
-911.6931264087557 -48.54295805156231
-910.7320944949984 -49.31238725841045
-909.2991641446947 -49.88607028186321
-908.3108355090021 -49.78037455737591
-907.3181123420595 -50.48832121551037
-905.8459725067019 -51.23689881026745
-904.4917186185717 -51.777445227503776
-903.7344189569353 -51.966104016304016
-902.5657179042696 -52.196669504642486
-901.2299294158815 -52.88551168203354
-899.7010295078157 -53.57273344755173
-898.1507347509264 -54.10348086118698
-896.8766954824328 -53.93329171895981
-896.1106182619928 -53.89072890639305
-894.8436876818537 -54.04918776512146
-893.7402378603815 -54.55023084640503
-891.8707698866724 -54.747125357985496
-890.4959965035318 -54.630840629935264
-889.2259183213114 -54.11998459756374
-887.5547403380274 -54.57051834523678
-886.2507938429712 -54.68963377982378
-884.949741987884 -55.28279029637575
-883.2523546501993 -55.07477437764406
-881.5018919989466 -54.737736933529376
-879.7626432463526 -54.767397117465734
-878.8322791144251 -54.2070559976995
-877.4207157179712 -54.205247630029916
-876.4286128565668 -53.80120428338647
-875.4623924776911 -54.66824050679803
