-1105.6 10.64
-1104.6695236325263 11.117207720279694
-1103.7006868481635 12.101600959300995
-1102.1658759474753 12.403101637363434
-1100.9415382504462 12.891571118831635
-1099.3783290743827 13.095579847097397
-1097.4949956297874 12.91510204911232
-1095.6586345791816 13.298600986003876
-1093.989515697956 13.491374566555024
-1092.1477556586265 13.490458651781083
-1090.2885506510734 13.40175892353058
-1088.4967466950416 13.350417896509171
-1086.5791455864905 13.237819566726685
-1084.8281572222709 13.355994030237198
-1083.2502746939658 13.52004170358181
-1081.3471827864646 13.493624805808068
-1079.4760091662406 13.235996126532555
-1078.0651764035224 13.132087528109551
-1076.274061834812 12.943224816918374
-1074.4291570544242 13.755934148430825
-1072.5017627835273 13.587310730814934
-1070.5842713475226 13.415831028819085
-1068.913118994236 13.203908085227013
-1067.1022123456 13.12963825404644
-1065.2874530911445 13.196771978735924
-1063.4844421505927 13.142905264496804
-1061.9074216246604 13.170415400862694
-1060.6440992712974 13.188978850245476
-1058.7554307341575 13.155755400061608
-1056.8827474474906 13.481999217867852
-1055.0955077767371 13.477998852133751
-1053.187454855442 13.877230464816094
-1051.7904924511909 13.734351693987847
-1050.4447719216346 13.987466334700585
-1048.7725787520408 14.215242415070534
-1046.8329712510108 14.354173525571824
-1045.4220811486243 15.140332862138749
-1043.6970582365989 15.332211270332337
-1041.942154920101 14.909612193107606
-1040.0785992503165 14.538543119430543
-1038.4101913332938 14.761016383171082
-1036.469928061962 14.697560935616494
-1034.6026749968528 14.36173310816288
-1032.7896352171897 14.113778322339058
-1030.8779226899146 13.832534849047661
-1028.9471218943595 13.788568287491799
-1027.205846107006 13.533358036875725
-1025.4690391182899 13.651294826865197
-1023.685249364376 13.93206557571888
-1022.4599982857703 13.753856419920922
-1020.9546496033668 13.605899363160134
-1019.0435408711433 13.549165427088738
-1017.3049394249915 13.239439427256585
-1015.413313782215 13.32918038904667
-1013.5679082036017 13.2691613727808
-1011.9930669426917 13.556009202599526
-1010.1455551743506 13.540775626301766
-1008.2576252579688 13.4760705524683
-1006.4067019581794 13.93509423673153
-1005.4179052472114 13.723501502871514
-1003.5659901261329 13.836237727999688
-1001.6809802412986 13.571003347039223
-999.9215770125388 14.194292753338814
-998.4678321242332 14.362047775983811
-997.4909283280372 14.71988864183426
-995.919892823696 14.580689086914063
-994.1700792670249 14.856463625431061
-992.4078381419181 14.63711261689663
-990.9173508048057 15.283622621893883
-989.6925906300544 15.232147648334504
-987.7139252781867 14.896215512752534
-986.1818169713019 14.717083423733712
-984.2172865033149 15.131474941372872
-982.3621093392371 14.696793585419655
-981.0718412756919 14.566521196961403
-979.9721390366553 14.541400536298752
-978.1260382294654 14.718172519803048
-976.7294302344321 14.392275779843331
-974.9924781680106 14.316353260874749
-974.0533475041389 14.822777032256127
-972.1666273236274 14.428545921444893
-970.2818938851356 14.06992688715458
-968.5033010601996 14.819782524704934
-966.8203150391578 14.86206997871399
-964.9640331625938 14.78247651398182
-963.589461004734 14.379593520760537
-961.7035972237586 14.215484827160836
-960.0715073704719 13.800445377230645
-958.1909507870673 13.96909743487835
-956.4755958676337 14.308282315135003
-954.844697511196 14.429612039923668
-953.11461738348 14.36053711116314
-951.2654875874518 14.249080746769906
-949.6958181023597 13.760839461684228
-948.1574573874473 13.936670362353325
-946.2123842597007 13.582065700888634
-944.3237507700919 13.270843237042428
-942.4761050105094 13.857320755124093
-940.7241355538367 14.441668480038643
-938.9874394297599 14.779358535408974
-938.0082236886024 14.581177114844323
-936.0566207528113 14.30567887365818
-934.1273548960685 14.022909998297692
-932.8761316895484 14.0214235329628
-931.0157319664954 13.983198582530022
-929.1468557476996 13.71831321656704
-927.4666359782218 13.368596940636635
-925.7310802102088 13.028750150799752
-924.1967579483985 13.285231679081917
-922.6035790801047 13.468568533062935
-921.5964031577109 13.570599004030228
-920.0689078927039 13.27821479678154
-918.868804848194 12.821452542543412
-917.0819623827933 13.667839690446854
-915.5526668190955 13.759534522294999
-913.8205334305762 13.517523750066758
-911.869339621067 13.278169497251511
-910.13172904253 13.078467875123025
-908.3212651371955 12.735117583870888
-906.4368437886237 12.389624684453011
-904.9684177994727 12.06765860259533
-903.0451305270194 11.79958370268345
-901.4148202300071 12.021348699331284
-899.5525652527808 12.607173546552659
-897.6363736748694 12.472551330327988
-896.1076008439063 12.457561134696007
-894.7161606907844 13.09938204228878
-892.9316735625266 12.696786760687829
-891.5202244877814 12.348163961768151
-889.5881961941718 12.92823684155941
-887.74247995615 12.78759324491024
-886.1048199295997 13.323809563517571
-884.5076111912726 12.824578821063042
-883.5119191169738 12.369057654738427
-882.1828475952148 12.096714287400246
-881.2162621378898 12.260811194181443
-879.4432188630103 12.555268510580063
-877.8362924218177 12.338275029659272
-876.123624241352 12.233225911259652
-874.3066237330436 12.738494425415993
-872.3959100604056 12.542221187949181
-870.6911009907722 13.031101345419884
-869.1872918963431 12.660313605666161
-867.2390716433524 12.605548783540726
-865.7739615797996 13.046542032957078
-864.3217114567756 12.71373395562172
-862.6470727086066 12.717978722751141
-861.2955999732017 13.355467922389508
-859.6014826655387 12.753204650580884
-857.6405947566032 12.985591194927693
-855.7360580325126 12.741469077169896
-853.8321396470069 12.930689937770367
-852.2968229413032 12.420553691089154
-850.4666488528251 12.600416622459889
-848.979932463169 12.839941389262677
-847.1689164996146 12.967479667961598
-845.2672653555869 12.269118867218495
-843.6556983351707 12.152150250375271
-842.6247295498847 11.260618425309659
-841.349782860279 10.077699638307095
-840.9260145783423 8.470754958093167
-840.5932712316512 7.035198069512845
-840.4495852351188 5.47209427446127
-839.9471700549125 4.241011477410794
-839.4660830855369 2.707770920693875
-839.4568910360335 0.8910370835661894
-839.5944363832473 -1.0591737261414522
-838.8819898724555 -2.7658957472443575
-839.0746113866567 -4.279221557676792
-838.6250452607869 -5.952228569090366
-838.3649132758378 -7.706193946897983
-838.223420074582 -9.184031390249729
-837.9466351181268 -10.677943014204502
