-1105.6 10.64
-1103.6823354721068 10.299394145011902
-1102.268063521385 10.822638943195344
-1100.4633514642715 10.578935428857804
-1098.9199416399001 10.33786386191845
-1097.0374998807906 10.088908016085625
-1095.4101087808608 9.994122206568719
-1093.5953552484511 10.578076958060265
-1091.8484827041625 10.278944253325463
-1090.3992702722549 9.932642578482628
-1089.264255261421 9.84445515960455
-1087.7911709308623 10.414759374558926
-1085.8394592761992 9.92845425695181
-1084.6380253791808 9.844876974225045
-1082.9479895591735 9.43469595849514
-1081.0971861839294 9.6609901034832
-1079.7393007040023 10.014638944864274
-1077.9202656507491 10.328457190990449
-1076.1910066366195 10.647704794406891
-1074.2895002126693 10.74353121161461
-1072.9662174940108 10.981290473937989
-1071.260816669464 11.230684086084366
-1069.5050891399383 11.520889683961869
-1068.1586113929748 11.631242453455926
-1066.2689045429229 11.7548229688406
-1064.9543899059295 11.46902429997921
-1063.3634507417678 11.118572174906731
-1061.6168236494063 10.78216946065426
-1059.7004499197005 10.551635473370553
-1058.2906175613402 10.312592833638192
-1056.3696472406386 10.681217014193535
-1054.4771950006484 11.271590589880944
-1053.513344979286 10.90681436598301
-1052.035680747032 11.004894330501557
-1051.2249085664748 10.400962128639222
-1049.8325752973556 10.900308861732483
-1048.2176784038543 11.185816987752915
-1046.9050611019134 11.407142996191979
-1045.195790863037 11.214966624379159
-1043.3142729759215 11.335366226136685
-1041.5865533113479 11.178475938141347
-1040.7050432920455 10.966384030282498
-1038.9832939863204 10.479327894151211
-1037.494719481468 10.262735746204854
-1036.3005462646483 10.046739689409733
-1034.9682552576064 9.757129541933537
-1033.5925475120544 10.054250530302525
-1032.2783491373061 9.692737690508366
-1030.5662692546844 10.132894060909749
-1029.0360462427138 9.888206682503224
-1027.4759863376617 10.026944435536862
-1025.5390699863433 10.223160512149335
-1024.351617193222 9.90011111587286
-1022.4152303695678 10.09995979756117
-1021.3324475049972 9.952422774732113
-1019.6127990245818 9.60348436921835
-1017.7416020393371 9.8019838103652
-1016.9426584005355 10.285976327359677
-1015.1458414554595 9.78313992112875
-1013.6089464187621 9.405587233006955
-1011.6560512542724 9.612628735005856
-1010.4143398761748 10.206116355359555
-1009.2973063945769 10.544549203813077
-1007.4002343177795 10.882682211101056
-1005.7571322679519 10.988502844572068
-1004.2437945365905 10.573224856853486
-1003.2450434923171 10.518307074308396
-1001.6001940727233 10.880525096654893
-999.6632004737853 10.568351223468781
-997.809769964218 10.342758744359017
-996.0447309970855 9.801124125123025
-994.754702425003 10.421604185700417
-992.9194564580916 10.767292230725289
-991.1931129455565 10.339573948979378
-990.0175707101821 10.9109888368845
-988.73121676445 11.220459401011468
-987.0323168992995 11.148464768528939
-985.2709265708922 10.83151745736599
-984.1347484350204 10.648248820900918
-982.3602068185805 10.796939297914506
-981.0337414503097 10.604670926332474
-979.2037281751632 11.126188262701035
-978.1651125907897 11.17509982675314
-976.8152097225188 10.666207767426968
-974.9953118324279 10.736327304840088
-973.9299345970153 10.20772142648697
-973.159958398342 10.146519801914692
-971.5749055504798 10.23896732121706
-969.9393451571464 10.899602792561055
-968.471117889881 11.46680106908083
-966.7812658905982 11.531494400799275
-965.0669215083121 11.627930350005627
-963.4936638236045 11.530993095934392
-961.5611355662345 11.442737794816495
-959.695271885395 10.840808845460415
-957.8214613556861 11.33456284493208
-956.3726806998252 11.75158560961485
-955.3584198117255 11.628161325454712
-953.4159670233726 11.013189568519593
-952.0380413889884 10.493694379329682
-950.845166838169 10.850376232862473
-949.1493851304053 10.752990893423558
-947.3960492968558 10.689976982176304
-945.7751398444175 10.103146902620793
-944.1877391695975 10.209852948188782
-942.847012078762 10.24028606466949
-941.6667527318 9.893104208037258
-940.6705294013022 9.445253027006984
-939.3867004275321 9.228849363848568
-938.0892423748969 9.129501534029842
-937.1294243097304 9.651799095198513
-935.4126763105392 9.994700742289425
-933.7662899255752 10.15539577357471
-932.5205580949782 10.740085509940982
-930.8392506599425 11.198816416189075
-929.4693759441375 10.482274410650135
-928.2294982433318 10.986667272970081
-926.4137543201446 11.009478335604072
-924.8538474798202 11.32511356972158
-922.9393657207488 10.931970422491432
-921.3176177501678 10.980535735711456
-919.6827825069427 11.21346353493631
-918.2168208122253 10.987528344020248
-916.755994772911 10.724969496354461
-915.4045375347137 10.388862123116851
-913.7792075634002 10.1303018232435
-912.7824630498885 9.965067466124893
-911.6425878763198 10.254338582381607
-909.923640346527 10.681619515046478
-908.2655929088592 11.114526440724731
-906.6664881467818 11.122787659391761
-905.1806506872176 10.560198729261757
-903.5268268346786 10.582281430587173
-901.9396139144897 10.496529852375389
-900.6201458930968 10.30495711170137
-899.5606580734252 10.701879759654403
-898.8857475876807 11.005874325856567
-897.1022843480109 11.521207441911102
-895.9107320666312 11.41878906391561
-894.475240266323 11.043605422005058
-892.8067936062812 11.055652288123966
-891.7315495371818 10.862639633342624
-890.4808843493461 11.344409344121814
-889.6445765256881 11.757682797834278
-888.1054446458816 11.348617640659214
-886.5644030332564 10.973908332511783
-884.8709420919417 11.128025886937976
-883.6847669839858 10.57652973882854
-882.6748354196548 10.340814155861736
-881.036486840248 10.228670967146755
-880.2549180746078 10.21320067472756
-879.1635961294173 10.298531533554197
-877.7756374835967 10.907915593460203
-876.5002609252929 10.26408851273358
-874.8190158367156 10.31200311087072
-873.4373988866805 10.88054672382772
-871.8887816429137 10.305772458538414
-870.4005253076552 10.158809577450157
-868.4644355535506 9.765445296987892
-866.8100317478179 10.018799160942436
-866.0542824625968 9.91630147151649
-864.6345105528831 9.861137074753643
-862.8063971161841 10.16199342660606
-861.4820901513099 9.680371028706432
-859.9079186081885 9.493732405230404
-858.3368146777152 9.756893945261837
-856.8623280882834 9.849148412570358
-855.8563156485557 9.580789377316833
-854.538795864582 9.337529485449195
-852.9128514885901 9.911054914221168
-851.3611528038978 9.841718388125301
-850.3602692246436 10.295621437355877
-849.1960914492606 10.151476052924991
-847.7152915358542 9.7995868896693
-846.8282739281653 9.925583658143879
-845.8771278023719 10.219679829999805
-844.3479062676429 10.382485089227558
-843.1830026268958 10.849867699071766
-841.4156978487968 10.559191909953952
-840.5199258089065 9.34112962834537
-839.4451560735702 8.59561201684177
-838.298702931404 7.735457268878818
-837.972423171997 6.710921851322055
-837.3594125270843 5.009700742885471
-837.1088742971419 4.229703394100071
-836.4350549936294 3.015635219737888
-836.6367781966924 1.536904898807407
-836.7087124943732 0.7476501142233616
-836.0182263612746 -0.12944463141262474
-836.1191916003822 -1.7480856502801174
-836.2604025885462 -2.708638461902737
-835.9913837596773 -3.5451888168603176
-836.0672170057892 -5.40123287089169
-835.4636112585663 -6.620276483371853
-835.7996163502335 -7.907459887340664
-836.0324505403637 -9.14052751906216
-835.5455225542187 -10.429611953571438
-835.6847923681139 -12.066740664318203
