-1105.6 10.64
-1103.9628519773482 10.349346890449524
-1102.7394828557967 9.772220447063447
-1101.1163956880569 9.876634820699692
-1099.6492521524428 9.374726995229722
-1097.8048510313033 9.240621059536934
-1096.4350303173064 9.288166999220849
-1094.9515018224715 9.287558331489564
-1093.6451103448867 9.589119806289673
-1091.7925555467605 9.639489277601243
-1089.8810724973678 9.905259683132172
-1088.0999204874038 9.825582384467126
-1086.4624602556228 9.795933156609536
-1084.6277149677276 9.964135437607766
-1082.7313771009444 9.776392265558243
-1081.4791683912276 9.691881432533265
-1079.8189534902572 9.185194387435914
-1078.1050669908523 9.479879453182221
-1076.2824613809585 9.42214953839779
-1075.3504435777663 9.4376942807436
-1073.6437120199203 9.266191258430482
-1071.9768440485 8.63740755558014
-1070.8369968891143 8.766281619071961
-1069.4888549804687 8.750487192869187
-1067.6380005836486 8.489907696247101
-1065.6884857177733 8.714816420674325
-1063.7121377944945 8.509267269968987
-1061.8506009340285 8.577966197729111
-1060.3319462299346 8.707076861858368
-1058.4424878120421 8.222426816225052
-1057.0874972105025 8.137147127985955
-1055.4416901826858 7.886444746851922
-1053.9057760000228 7.461989342570305
-1052.3005439996718 7.699970021247864
-1050.7009238958358 7.989059700965882
-1049.2175339221953 8.112993828356267
-1047.4773760795592 8.211554213762284
-1045.6974947214126 7.526005729436875
-1043.9503773212432 8.151426001787186
-1042.8736279964446 7.814335807561875
-1041.3237920761107 7.669537022113801
-1039.529897069931 7.579631395041943
-1037.668644285202 7.420614368617535
-1035.9879723548888 8.036443955600262
-1034.1478680133819 8.027264922261239
-1032.2792001724242 8.258039801716805
-1030.3708256244659 7.9239929610490805
-1028.9664517402648 8.12524558544159
-1027.4653005361556 7.628850384950638
-1025.6272306203841 7.924868806600571
-1023.6681687593459 7.557638629674912
-1021.7512926816939 7.698984726667405
-1020.0523110389709 7.838400899767876
-1018.4584295511245 8.260948299765587
-1016.5578536748885 8.50165489256382
-1014.9251730203628 8.226937919259072
-1013.3071816921233 7.694645016789437
-1012.2610697507857 7.339583247303963
-1010.3633024454116 7.256884902119637
-1008.6982505083083 7.933871656060219
-1006.9617568016051 7.5449674123525625
-1005.2422085762023 7.1659920507669455
-1004.1254747867583 7.656093656420708
-1002.7261882781982 7.726621344089509
-1001.3513144016265 7.914149492383004
-999.7786034107207 8.164239525198937
-998.3984478473662 8.053346275687218
-996.6790452957152 7.455766975283623
-995.1229213237762 7.831458091139794
-993.3549858093261 7.457910417914391
-992.3648130655288 6.9362667196989065
-991.5763214588164 5.809982835650445
-990.7126543283462 4.42795449435711
-989.6368431806563 3.5362877243757254
-988.8760617136954 1.8328203552961355
-988.1152305960654 0.718955695033074
-987.7253208518027 -0.3019345408678049
-987.1067911744117 -1.4145205622911448
-986.5611969590186 -2.773229420781135
-986.6060884095727 -3.75382018148899
-986.0801788665353 -4.793821573853492
-986.2521498002111 -5.439349234700202
-985.9956397213041 -6.698515594601631
-985.7090321280061 -8.14453405201435
-985.6270778872072 -9.37553077995777
-985.9398238755762 -10.416568935513496
-985.4131981231271 -11.627760708928108
-985.5386726804077 -12.793248117566108
-985.6417022295295 -13.985058010220527
-985.2047892160713 -15.31170409977436
-985.5217358417808 -16.647582233548164
-984.9468925543129 -18.293030560612678
-984.2724659986793 -19.56495457947254
-983.6880829282104 -20.762997210621833
-983.234990889579 -21.5289865142107
-982.6142324157058 -22.41041618645191
-981.7715531535446 -23.502857387661933
-980.9714732713996 -24.9317501193285
-980.9394336365162 -25.860453665852546
-980.8941273488103 -27.664805114865302
-980.4984907008707 -28.398028731942176
-980.3134487070142 -29.94777894079685
-979.7864177025854 -31.039871335625648
-979.8909629009663 -31.771255970597267
-979.5877764843403 -33.40741050302982
-979.5402174465357 -34.91646301805973
-979.2237207464873 -36.46891617834568
-978.9048599772154 -37.57945060789585
-979.23235456869 -39.39983797132969
-978.7872675828635 -41.01281273424625
-979.0232774637639 -42.27128613054752
-978.649123790115 -43.345860243439674
-977.9791583441197 -44.92583370268345
-977.50909698233 -46.04117333948612
-976.9208233378827 -47.26677072107792
-976.431617321819 -47.957843423485755
-975.8230353020131 -48.513239741921424
-975.2716699860989 -48.90254724085331
-974.8319645844399 -49.97187829077244
-973.4726627789437 -51.24740123808384
-972.0978266917168 -51.499152869582176
-970.7846727095543 -52.270422548651695
-969.5571788273751 -52.69287639915943
-968.3336634360253 -53.26592290461063
-967.5099321328103 -53.6438743776083
-966.3342046461999 -54.39233544528484
-965.1626918040215 -55.021705657839775
-963.7660950146615 -55.414805144667625
-961.8056974135338 -55.38065069973469
-960.7949741803109 -55.7532019919157
-959.6910434685647 -55.727025861516594
-958.677287312597 -55.85575016833842
-957.4941292725503 -55.80038457237184
-956.3160723172127 -55.832350822761654
-954.8006031237542 -55.89881364502013
-953.1028238259255 -55.81968767441809
-951.5862588606774 -55.296739766970276
-950.2259615384041 -55.040592292919754
-948.8169330082833 -55.668995181694626
-947.9777265511452 -56.173322300091385
-946.9204504214226 -55.431821982041
-945.3646216116845 -56.06883130468428
-943.6969649516045 -55.407729128971695
-942.4770605288445 -54.957788447514176
-941.1290883742272 -55.25460807479918
-940.1730787478386 -55.113812396898865
-939.149260970205 -55.46506227053702
-937.3335722409188 -55.54576209433377
-936.441683384031 -55.552162237130105
-934.8099984847008 -55.38390084322542
-933.266909571737 -55.03574561294168
-931.9125046454369 -55.25522313233465
-930.2777096949517 -55.38504695113748
-928.5446293078362 -55.21288762208074
-927.2848171912133 -55.83849260922521
-926.091994138807 -55.72541040893644
-924.683202715963 -55.79949468340725
-923.51635870561 -55.836125731132924
-921.5944035969674 -55.463210284374654
-919.7168280802666 -54.88471937146038
-918.5102698527276 -54.648718550466
-917.3635499201714 -54.57935340669006
-915.8911565266549 -54.71529096331447
-914.4905585967003 -55.147944867275655
-913.2096907816826 -54.64267390932888
-911.5112086258828 -54.65363366123289
-909.6052649937569 -55.35511148687452
-908.0974808655678 -55.03151459213346
-907.1168107710778 -54.67532975193113
-905.4594480715691 -55.1212267350778
-903.7278793774544 -55.4323665272817
-902.859308990091 -55.24928637560457
-901.4120308481156 -55.64595197852701
-900.503825815767 -56.190281562171876
-898.7273589693009 -55.73946570571512
-897.0161898456513 -56.134564570747315
-895.9477583490311 -56.23584692891687
-894.1261350236832 -55.95017584379762
-892.5159956537186 -56.083000845871865
-890.6620046220719 -56.386547393761575
-888.906316550821 -56.214294574819505
-887.6492605529725 -55.98774649914354
-885.8250167690217 -56.22012894567102
-884.155541332811 -56.46868192370981
-882.2373117528855 -56.853848538957536
-880.8379347644745 -56.26122292097658
-879.1816776119172 -55.76206844266504
-878.0035047851502 -55.33805706318468
-876.2899386011063 -55.09316172417253
-875.1518400035798 -55.13864048164338
-873.9479143939911 -55.23780344765633
