-1105.6 10.64
-1104.1815131664275 11.517419352531434
-1102.853520488739 12.437519505023957
-1102.336063838005 13.15547932624817
-1101.1117416381835 13.734600796699524
-1100.4663786053657 14.777565970420838
-1098.6423393845557 15.775681748390198
-1097.0964633584022 16.415162875652314
-1096.2720952391624 16.888551070690156
-1094.5081308245658 17.260934754610062
-1093.2664770245551 17.085492565631867
-1091.7540798544883 16.58011229276657
-1090.5749552607535 17.25273068189621
-1088.8028295397758 17.132179304361344
-1088.1077568888663 17.79100720524788
-1086.9227692246436 17.454195334911347
-1085.0142273068427 18.124221518039704
-1083.3783544659614 17.957952036857606
-1082.708212351799 17.530835523605347
-1080.9664387464522 17.46269462943077
-1079.5532022476195 17.03429172873497
-1078.1757269859313 16.99692235082388
-1076.6216732025146 16.832065604031087
-1075.2740161180495 16.446461907923222
-1073.5988607168197 16.34098064094782
-1072.6339785814284 16.286034352481366
-1071.036288356781 16.608791656196118
-1069.7621404886245 16.92322970122099
-1068.8311198115348 17.004388816058636
-1067.3856597304343 16.965171433389187
-1066.1995900034904 16.741390801370144
-1064.764199411869 17.164470649659634
-1063.0835676550864 16.853043354451657
-1061.9527820706367 16.95105672568083
-1060.8136813998221 17.210366255939007
-1059.246340548992 17.149318213909865
-1057.6521233677863 17.387570376843215
-1056.9443485498427 17.75360241100192
-1055.3524856328963 17.409212167710066
-1053.9336495161056 17.60097032353282
-1052.4797529935836 17.249611611813307
-1050.870610332489 17.528812493532897
-1049.5565048217773 17.317563916891814
-1047.9135722875594 17.786151792258025
-1046.4214020729064 17.787131331264973
-1045.3591634988784 17.330378911793233
-1043.702648615837 17.95263805180788
-1042.1280643701552 17.507843337357045
-1040.712417578697 17.949450276196004
-1038.940176463127 17.69250994116068
-1037.6880501270293 17.484113714993
-1036.2831855773925 17.437650881111622
-1035.3360889315604 17.312835893929005
-1034.255293405056 17.280952415764332
-1032.6394491553306 16.872782669365407
-1031.714568710327 16.068524501621724
-1030.4150095939635 16.203454039394856
-1029.2947836875915 16.355475834906102
-1027.9226777315139 15.709816865026951
-1026.5348263740539 15.725463277995587
-1025.0426692724227 15.460645533502102
-1023.3856405973434 15.323729223906994
-1022.4716056346892 14.825132525861264
-1021.3390465736388 14.993412128984929
-1020.2847956180572 14.80179434210062
-1018.8242355346679 14.213614336550236
-1017.1719866752624 14.561568669378758
-1015.5950033426284 14.547708808779717
-1014.3126513719558 14.085591881871224
-1012.4843058347701 13.76820501625538
-1011.0658385515212 13.772199585437775
-1009.5882193803786 13.830507911145688
-1008.5461146593093 13.57706538528204
-1007.7145017147063 14.136051870286465
-1006.2932731866836 13.759232676923276
-1004.9979355096816 14.462134874761105
-1003.6550419092177 15.096098876893521
-1002.4650702238082 15.076485681682826
-1001.5078829288482 14.452164340168238
-1000.5502620697021 14.341418217271567
-999.4363299369811 13.79698390826583
-997.580933189392 14.164253632873297
-996.7566876769065 14.345593150109053
-995.6797385573386 14.690377737730742
-994.7663163900374 15.27079346343875
-992.9231462240218 14.810748930424452
-991.7774909496306 14.502405251711608
-990.5732336997985 14.328037868589163
-989.6774838924407 14.70186329945922
-988.2147178411483 14.65179962977767
-987.374531006813 14.54491646155715
-986.541183567047 14.689523409456015
-984.757398700714 15.250925730317832
-983.1886840820312 15.000963489860297
-982.2993864774703 15.163783575743437
-981.0544529914855 15.40177265867591
-980.3756496667861 15.598239983767272
-978.7600430011748 15.4937124581635
-976.9657804727553 15.592341172844172
-975.6582661628722 15.618595022112132
-974.0734942913055 15.302173841148615
-973.3883262634276 15.530086147934199
-971.9955055475234 15.790792811065913
-970.8040317058562 15.883976447731257
-969.6865278244018 15.795545007437468
-967.9978861570357 15.740288901478053
-966.8713292837142 15.829153973013163
-965.5102691411971 15.365847069174052
-963.7674345731734 15.057327288538218
-962.4221985101699 15.27606007769704
-961.4910088539123 15.223112485706807
-959.9900949954986 15.389241568148137
-958.2292842626571 15.462215251624585
-956.5255448579787 15.32122161179781
-955.2285494565963 15.517062849700451
-953.5849152565002 15.903957850635052
-952.7298835277556 15.204829342067242
-951.3478005886077 14.979348278939725
-949.5041125774383 14.871691360473633
-948.5572671651839 14.79620192885399
-946.9674013614654 14.32025204539299
-946.065541422367 14.671085759401322
-945.077037012577 14.923728986978531
-943.5493368268012 14.581551566123963
-942.1860397219657 14.319720044136048
-940.956114566326 14.202182255089284
-939.7884531378745 13.977601132690907
-938.8158352732657 13.66609682828188
-937.1308426022529 13.673014304935933
-935.4768952488898 13.421568832695485
-934.2994648575782 13.687718532383442
-932.8281472086906 14.29363908559084
-932.0158487915992 14.593050322830678
-930.6815935730933 14.430636323392392
-928.9748697638511 14.022371805608273
-927.474783694744 14.105862162411213
-925.9673681616782 13.914972029030324
-924.872863805294 14.209060690701008
-923.6645667910575 14.187911144793034
-922.2262796521186 13.915128610432149
-920.4018377423286 13.716578445732594
-919.5280467629432 13.977278671562672
-918.3054333090781 13.849802426397801
-916.9418276906013 13.352979055941105
-916.0898243546485 13.190704337656499
-914.6228822827338 13.258878968060017
-913.2684522032737 12.522450111210347
-911.7665574908256 12.855146876871586
-910.395296370983 13.124712637960911
-908.7111820340156 13.180025785565377
-907.2154722571372 12.690933703780175
-905.6634977221488 12.281440972685814
-904.4240464329719 12.056253417730332
-902.7277108788489 12.213584288358689
-901.0999715685844 12.224238439798356
-899.3458965182303 12.489008828401566
-897.6152981877326 12.610922730863095
-895.8050717473029 13.153425014913083
-894.1612540841102 13.495615638196469
-892.2333993077277 12.815500474870205
-890.4553428053855 12.736574448049069
-888.8027702927589 12.526359103024006
-887.0861031174659 12.482707443982363
-885.682970201969 13.11180162742734
-883.8787914872169 13.09173141732812
-882.488136088848 13.337660598903895
-880.8002422213553 13.001187521368266
-879.9777142763137 12.733027506023646
-879.1616107583045 13.281734872013331
-877.702463543415 13.13096691980958
-876.3301624417304 13.145872797220946
-874.9438586592673 13.529191936701537
-873.805539882183 12.998837198466063
-871.9566355109214 12.579050119370223
-870.8027629017829 12.970070268362761
-869.0943832755088 12.58680805131793
-867.816122329235 12.90289026066661
-865.8505751252173 12.941535103470088
-864.1755277276038 13.117203372865916
-863.0715450406074 13.127221647053958
-861.2628050208091 13.060186463743449
-859.4185501694678 12.729087132364512
-857.5547594189643 12.74738448239863
-856.7133512258529 12.919334405437112
-855.1746055841445 12.617243343368173
-854.3558733224868 13.041000717654825
-852.7643279790877 13.314077043309808
-851.1385388135909 13.315594056025148
-849.4286476135253 13.64931247510016
-847.5457111358642 13.297682502642274
-846.6036208629607 13.810645320788026
-845.108499264717 13.35587716974318
-844.130675292015 12.851960965767503
-842.6023936033248 12.579878875389696
-841.5752027988433 12.061250635758043
-840.6031484365462 11.052654215469957
-840.3355460226535 10.17211116231978
-839.2218436062335 9.58577049650252
-838.3857705652713 8.696568676605821
-838.5398325234651 7.343556949272752
-838.023134163022 6.524627396240831
-838.192378720641 5.656897017136217
-837.5429133981465 4.106181809082628
-838.0740100950002 3.064915606155992
-838.3042957246303 1.7499781338125473
-838.2229216754436 0.2991342035681015
-838.4458697646855 -1.413162401542067
-838.1646073669194 -2.8352197917550797
-837.9681873232125 -4.3912251504510635
-837.9447962589561 -6.210092833861708
-837.7320050694047 -7.423372677192091
-837.7097748260944 -8.51469736419618
-837.2566537301987 -9.226499429568648
-837.5683285038917 -10.2076178701967
-836.940693918988 -11.587069621905684
