-1105.6 10.64
-1103.8185504436492 10.942022814750672
-1102.0477339982986 10.350798263549805
-1100.151958799362 10.29980613604188
-1098.7433460712432 10.012294131666422
-1096.9235065937041 9.913641329258681
-1095.3538139820098 9.497709210366011
-1093.6101138353347 9.910457904785872
-1091.6504238605498 9.381551022976637
-1089.7624554395675 9.831167008131743
-1087.8939783334731 9.3047079102695
-1085.9944118022918 9.304257254451514
-1084.0996247291564 9.320740531533957
-1082.6799838304519 9.595488201230765
-1081.049924826622 9.36018089517951
-1079.248628592491 9.779417555183173
-1077.6185717344283 9.861746478229762
-1075.7413775682448 10.454798805862666
-1074.0406739473342 10.955286371856928
-1072.1747581720351 10.839280668050051
-1070.5254933595656 10.978695842772723
-1068.6985580682754 10.64060473755002
-1066.9659232854842 10.715387876480818
-1065.495820379257 10.967673893421889
-1063.5127062559127 11.175779785364867
-1061.9056559562682 10.59122666284442
-1060.5259693622588 10.385204281061888
-1058.8754057645797 10.421710375100375
-1057.0618574380874 10.102855029851199
-1056.075349485874 10.213379006236792
-1054.145708477497 10.633363317102194
-1052.4977766633033 10.194473157972098
-1051.314029252529 9.622530292123557
-1050.2240231394767 10.181993852704764
-1048.4380244374274 10.715196500867606
-1046.9348501324653 10.584229241460562
-1045.1040722489356 11.057203780263663
-1043.2587851643561 10.984869930297137
-1041.5909080862998 10.400371644049883
-1040.207844531536 9.877336654216052
-1038.5331230521201 10.325889024287463
-1037.7000773906707 9.978278491050006
-1036.9563227057456 10.032390117049218
-1035.0432706236838 10.326552241444588
-1033.1946010947227 10.770632773041726
-1031.3655414938926 11.09880152285099
-1029.6706784129142 10.482998996376992
-1027.887461221218 10.668256192803383
-1026.1655607581138 10.161948114037514
-1024.3308315634727 10.563053041100503
-1022.8006029486655 10.320678546428681
-1021.2290200352668 10.028107776641846
-1019.2593689322471 10.171486541032792
-1017.6027287602424 9.999866976737977
-1015.7384075284003 9.647803827524186
-1014.2707879900931 9.91264565229416
-1012.3796337008475 9.808001152575017
-1010.9059262633323 9.273338011801243
-1009.0425584673881 8.872155300676823
-1007.5296155571937 8.962455361485482
-1005.7866136193275 9.02746201992035
-1004.0704039692878 8.79245196223259
-1002.2418989300727 9.295737847089768
-1000.7870985627173 9.386073350310326
-999.2053516268729 8.9467517131567
-997.4307339549064 9.574560045599938
-995.6268566012382 9.167737453579903
-994.5953271746635 9.679395764470101
-992.7602117419242 9.691149383187295
-990.9423256278037 9.743331964462996
-989.6349970459937 9.67640566393733
-987.9903113007545 9.883881907314063
-986.2935817599296 9.320587138980628
-984.6450424551963 9.37391355201602
-982.9470531105994 9.492426569908858
-981.3352176308631 9.938950593918563
-979.4028181195258 9.451936121433974
-978.3482979893683 9.577658082693816
-977.5576042890548 9.42325041756034
-975.6674146413802 9.707251946777106
-974.069249844551 9.688936385661364
-972.9266825675963 9.608473087996245
-971.2546779870986 9.501754190176726
-969.3740868330001 9.020318623036147
-967.4794747591018 8.989539946764708
-965.5607361555099 9.590756203383208
-963.7765292882918 9.714261840432883
-962.0939312934875 9.910280446857215
-960.1838756561278 9.650194029659033
-958.2731048822402 9.549224469214678
-957.5145544171332 9.13900658801198
-955.9170643448829 9.241556647568942
-954.4868903517722 9.516660067588091
-953.2146585345267 9.468980941325427
-951.4811435103416 9.208646270781756
-950.6897007584571 9.200304943472148
-948.9103887438773 8.840112316757441
-947.8466649413108 8.982279810458422
-945.9221918940543 8.613224330693484
-944.5778258204459 8.608949247151614
-943.4983816504478 8.348485770970584
-942.0878019690513 8.95164126470685
-941.0021323323249 8.972425508648158
-939.7946453452109 8.733000385910273
-938.0989933371543 9.230640638023615
-936.4799689412116 9.3348018707335
-935.3253423333167 8.96794487848878
-933.9156694769858 9.16703008428216
-932.296668088436 8.977193105369807
-930.7708541512488 8.896102431565524
-929.5365200400352 8.604653868228198
-927.7157087683677 8.271513614207507
-925.9663204312324 7.887060019522906
-924.1390365719794 7.227193686515093
-922.2378062367438 6.87878999426961
-920.5834899306296 6.8483830721676355
-919.8876884341239 5.876257184296847
-918.8842944264411 5.600436869412661
-918.0467554688453 4.863938155919314
-917.9648718595504 4.054670813828707
-916.7832803487777 3.03261256530881
-916.0694091081618 2.5411093266308313
-914.8943425178527 1.7516382963955408
-914.0811260104178 0.8956283362209803
-913.7066108345985 -0.05236959144473019
-913.6502420663833 -1.7534519402682776
-912.8291391491889 -2.851021882742643
-912.4122479915618 -4.115618344992399
-911.3877757549285 -4.956324276179075
-910.322406387329 -5.927355345934629
-909.7317302584647 -6.745806512087583
-909.7497995257377 -7.898445185869932
-909.5175769388675 -8.849255141466855
-909.5128729701041 -10.599101599901914
-909.2129688620566 -12.313284215182065
-908.6474985241889 -13.44148605749011
-907.9578232526778 -15.199755725115537
-907.9325687535106 -16.31279712602496
-908.0766294248401 -17.716835197657346
-907.5079086668788 -19.28002148553729
-907.1910814292728 -20.728573617190122
-907.3099268473684 -21.84540301248431
-906.9416661955415 -23.57540493890643
-907.594802031666 -24.499053296297788
-907.5836817085742 -25.726460751742124
-907.6132156647741 -26.595455822199582
-907.7238189153372 -27.563315448015928
-908.110285180062 -28.884082254618406
-907.5616848044097 -30.04845982477069
-908.0288607649504 -31.923872527331113
-908.0879660457372 -33.603506502360105
-908.493383398652 -34.88899284288287
-907.8865154296159 -36.07503944322467
-908.2970508247613 -37.017955180853605
-908.7392091661691 -38.832872268408536
-908.2244051605462 -40.17958748027682
-907.5337287694215 -42.04133879825473
-907.5109809156506 -42.79217546865344
-907.4103929590433 -44.0713472931087
-906.8396761607378 -45.40033572599292
-906.3412310373037 -46.36773103162646
-905.670421827957 -47.93133800908923
-904.8061548959463 -49.326799568384885
-904.4833305072038 -49.83821648046374
-903.390314240381 -50.60559647962451
-902.3413908671587 -50.85779648706317
-901.4022763561456 -51.8835312692821
-899.7988029312341 -52.681948301047086
-898.0207329582422 -52.828783404678106
-896.2242122482508 -53.45868761524558
-894.9617544006555 -53.295120429843664
-893.0391181301325 -53.01078565105796
-891.5012540411203 -53.37672449335456
-889.8383550237863 -53.11658091530204
-888.9243381809442 -52.93462757453322
-888.1473583173006 -53.23865036353469
-886.6127002429216 -53.48970965728164
-885.2873122882097 -53.495136138647794
-884.0579357337206 -53.59806393519044
-882.3133537959307 -53.52623732820153
-880.6819921921938 -53.88885938063264
-879.0606681298464 -53.81070141926408
-877.4871280383318 -53.95617594256997
-875.5714469145983 -53.75115994051099
