-1105.6 10.64
-1103.722935771942 9.799010529518128
-1101.833225107193 8.785913481712342
-1100.3370257377624 8.372662975788117
-1098.3974381446837 7.598318173885346
-1096.5152951240539 6.984943881034852
-1094.5304518699645 6.445008232593537
-1092.5452769756316 6.408564745783806
-1090.6542583465575 6.892966985106469
-1088.8485743761062 6.379133641123772
-1086.8721399068831 6.076445817351342
-1085.0310761690139 6.017937659621239
-1083.186520075798 6.042360677719117
-1081.232201194763 5.725370928049088
-1079.3879168987273 5.839283659458161
-1077.6086731910705 5.480726017951966
-1075.7031355857848 5.0875676715374
-1073.7564664840697 4.754241093397141
-1071.920529460907 5.221146359443665
-1070.090572452545 5.422734721899033
-1068.1671825408935 5.622047945261002
-1066.3635145187377 5.234930976629258
-1064.6216574668883 5.131018176078797
-1062.7102291345595 4.890655919313431
-1060.859470105171 5.168852373361588
-1059.0571924209594 5.280575513243676
-1057.0940798282622 5.083853810429574
-1055.214063978195 5.207332088947297
-1053.3670023441314 5.026248856782914
-1051.541751718521 5.417454465627671
-1049.6206825733184 4.933401390314103
-1048.0687659740447 4.52039979338646
-1046.1557681322097 4.085501357316971
-1044.361594057083 3.465751334428788
-1042.7499615907668 2.3621224606037146
-1041.5068082571029 1.5755347454547888
-1040.5505302906035 0.05232231259346065
-1039.90764234066 -1.308585003614425
-1039.19374409914 -3.1899925029277796
-1038.5156004190444 -4.031371668577194
-1038.1656719505786 -5.811542109251022
-1037.7362624168395 -7.289998964071273
-1037.3369849085807 -9.239344552755355
-1036.9828040361404 -10.9428158557415
-1036.5936466813087 -12.478372648954391
-1036.5759337306022 -14.262522772550582
-1036.3494437992572 -15.785033777952194
-1036.294260984659 -16.998711422681808
-1036.1981411635875 -18.264363602399825
-1036.498298293352 -19.889931038618087
-1036.2957021653651 -21.44257183432579
-1036.2221212744712 -22.666508749723434
-1036.8685475945472 -23.38757915854454
-1036.6876611769198 -24.793701008558273
-1036.3861963510512 -25.915235236883163
-1036.0776956439017 -27.56142874121666
-1036.036145722866 -28.990084842443466
-1035.7347349584102 -30.52559800505638
-1035.5454645514487 -31.99401612639427
-1035.3224226146936 -33.4150397336483
-1035.176341331005 -34.98694129347801
-1034.6471612215041 -36.4305369412899
-1034.3563704550265 -37.992688611745834
-1033.719821935892 -39.67716653704643
-1033.407357162237 -41.27145059466362
-1032.9527307808398 -42.28062136530876
-1032.2052882969379 -43.7984568631649
-1032.4008015602826 -44.98608632445335
-1032.0304708391427 -45.83046801447868
-1031.235240331292 -47.47854502558708
-1030.805636307597 -49.252705768346786
-1030.4420240432023 -50.647686079740524
-1029.9714577704667 -51.679970577955245
-1029.7736163049935 -52.93348343729973
-1029.3368053942918 -54.797481850385665
-1028.5738344699143 -56.600067452192306
-1027.7351602226495 -57.801473454236984
-1027.6706193596124 -58.829418972730636
-1026.6007724910974 -60.28093715071678
-1024.9433276563882 -60.38058929204941
-1023.3119323164224 -60.70890419244766
-1021.6500077158212 -61.660618946552276
-1020.0826959520577 -62.56236998796463
-1018.6815489441155 -63.22890935897827
-1016.8544751316308 -62.764767394065856
-1016.1252801924943 -63.26670841932297
-1014.4868661671876 -62.92833776831627
-1013.314431837201 -62.87478487253189
-1011.4576434403657 -63.491124317646026
-1009.5067314416169 -63.77443625092506
-1007.6970094949006 -64.30899454712868
-1006.680858901143 -64.21187575221062
-1004.8617921382188 -64.50985811710358
-1003.2722740679978 -64.98115919589996
-1001.529793074727 -64.99888247311115
-1000.0949970990418 -64.70661446511745
-998.3887997180223 -64.498137742877
-996.6491835623979 -64.47909017711878
-995.0783598929643 -64.17141097098589
-993.336923649907 -64.51858749300241
-992.2954248696565 -64.28352848500013
-991.0722531586885 -64.4280703446269
-989.4272348195313 -64.7698977074027
-988.2120326071977 -64.31806553214788
-987.453028550744 -64.84093643039465
-986.6138744860887 -64.36077109783888
-985.4970560580491 -64.86602804869413
-983.6874921828507 -64.50706551283598
-982.9649253994226 -63.741854467093944
-981.0281848818063 -63.55494508951902
-979.215378037095 -63.90403709620237
-978.2101093441247 -63.83016564756632
-976.9837644010781 -64.26077129751444
-975.5593885093926 -64.61911212712526
-974.0838501363992 -64.36012151151895
-972.5385799318551 -64.40907516390085
-970.9461223989724 -64.17388054043055
-969.4645308166741 -64.34173459619284
-967.603203883767 -64.70203957766294
-966.0563516527413 -64.93627549022436
-964.3506580501794 -65.45784545749426
-962.8258353382348 -65.28331836372614
-962.0509980827569 -65.53064639180899
-960.5585387855767 -65.7958326420188
-958.7297552734613 -65.59717495054007
-956.96750985682 -65.61304964929819
-955.5976630359887 -66.13043191343546
-954.279555311799 -66.14468717634678
-952.7100446134805 -66.31018354058266
-951.3677252441644 -66.43259052246809
-949.8369251400231 -65.93426493614912
-948.6881309658288 -65.94809168636799
-946.767243734002 -66.10326398968697
-945.8087834030389 -66.09697908222675
-944.3054187208413 -66.4150476461649
-942.9326637893914 -66.0099892026186
-941.3353909164666 -65.71061211884022
-939.4386368900537 -65.20929968416691
-937.9566730171441 -65.01080352127552
-937.0532256275415 -65.05321795552969
-935.2213886886834 -65.19262706547975
-934.0728486686944 -65.01663927048445
-932.490486255288 -65.34348920792341
-931.1043944269418 -65.89104316443205
-929.6343228727578 -66.31419796556234
-928.0193502813577 -65.46816641896963
-926.7370138078927 -65.43416967302561
-924.9581817299127 -64.83185031324625
-923.7989562660455 -64.5421352019906
-922.3169215828179 -64.51045287460089
-920.7828760057687 -64.9396330794692
-919.3456977516412 -64.57796955913305
-917.9974993377923 -64.676899523139
-916.4239072710275 -64.62735415309668
-915.0916478544473 -64.38515835314989
-913.5575981050729 -63.78353904992342
-912.0350356012582 -64.017305277884
-911.0699145704507 -63.55336528331041
-909.4016191869973 -64.25776510745287
-908.3542134672402 -64.12535139232874
-906.8808141857385 -64.48430510669947
-905.9924778848886 -64.3791996768117
-904.0622570425271 -64.10671075493097
-902.671295633912 -63.59066560178995
-901.3955033928155 -63.86340608507395
-899.7180659681558 -63.83603894025087
-897.9482059389352 -63.88634219452739
-896.5638447910546 -64.3021905092895
-895.1704622417687 -64.75177690073848
-893.8305636554956 -64.52527822241187
-891.9856377750634 -64.58800601646304
-890.6063246637582 -64.99800729438662
-889.4347730785607 -65.18495395466685
-888.0941053539514 -65.14216706588864
-887.3140121012925 -64.55234179332852
-885.6747212916612 -65.16795942619443
-883.744073203206 -64.74808475807309
-882.2102530509233 -64.80358650967479
-880.4189181834458 -65.15592726752162
-879.645391216874 -65.04268365040421
-878.8067929655313 -65.31563185587525
-877.7575094610452 -65.18148152962327
-876.5134365469216 -64.89470307961106
-875.20780967772 -64.77692264005542
-873.6130263715982 -64.65595610126853
-872.3349630743264 -64.82325820311904
-870.7281041055917 -64.27102659329772
-869.7572501808404 -63.90257133230567
-867.867408505082 -63.3976904271543
-866.661728850007 -63.646326956003904
-865.6389923006295 -63.672472864985465
