-1105.6 10.64
-1104.0863445758819 11.164392604827881
-1102.4729075193404 11.827671303749085
-1100.5823114871978 11.618927686810494
-1098.7196603775024 11.481107547283173
-1096.804391002655 12.174685671329499
-1094.8648832798003 12.347167655229569
-1093.0266021251678 12.329212143421174
-1091.0761185646056 12.62195630311966
-1089.5682087898253 12.365875198841096
-1087.6359489917754 12.248037069439889
-1086.3427201271056 11.915793984532357
-1084.536455965042 12.04709649026394
-1082.5922938346862 11.922889768481255
-1080.6241866111754 12.551688849329949
-1078.9843128681182 12.454206995069981
-1077.4502435684203 12.046962849199772
-1075.6122666358947 11.972491464912892
-1073.7035695075988 11.719724706709385
-1071.9830170631408 11.846045515835286
-1070.2066769361495 11.994784943163395
-1068.9844898939132 12.308566562235356
-1067.9568495512008 13.000707320272923
-1066.473130083084 12.604165277779103
-1064.557313299179 12.124780468046666
-1062.8245681285857 11.81791361361742
-1061.0110121726989 11.992572239935399
-1059.298234796524 12.130171931684018
-1057.3324093580245 12.88088128656149
-1055.4473190069198 12.806096039116383
-1053.9845057487487 12.621988050043583
-1052.6168480873107 12.929117373526097
-1050.8327423095702 12.532023451626301
-1049.2268452405929 12.49816140472889
-1047.7132352352141 12.695126145482064
-1046.3238278388976 13.096380859017373
-1044.43887052536 13.666512995362282
-1042.9124039173125 13.677553619593382
-1041.2364324092864 13.953993375748396
-1039.348788356781 13.373715694397688
-1037.7785857677459 13.627433146685362
-1035.9208788633346 13.450752969235182
-1034.108851647377 13.339550796300173
-1032.4700724840163 12.730392518788577
-1030.5095233678817 12.46207976654172
-1029.0539251327514 11.968036654740573
-1027.3634811401366 11.792710098773242
-1025.560052371025 11.687824893146754
-1024.048466181755 12.155271309763194
-1022.7810543537139 12.436590570360423
-1021.5044661521911 12.076400178819895
-1019.9684058189391 12.50017343774438
-1018.4880320787429 11.970270264297724
-1016.9527642488479 11.871224808841944
-1015.784009194374 12.342187094837428
-1013.8799443006515 12.666252631098033
-1011.9721152544021 12.245060253292323
-1010.3384274005889 12.52228053227067
-1008.4867347240447 12.192174750715495
-1006.8896292209624 12.14036070123315
-1005.2168688535689 12.293102818876505
-1004.4027437925338 12.602583128362895
-1002.7686500310897 13.017559456974269
-1001.3588771581649 13.317737835794688
-999.9721214532851 13.309492157176138
-998.1785969495772 13.806180135682226
-996.263349032402 13.623949156478048
-994.7636857986449 13.273684100583196
-993.1504040718078 13.253738894462586
-991.3470920085906 13.210071537047625
-989.7026179790496 13.116634155958891
-988.5154882431029 12.63754060432315
-987.2298751831054 12.30689569875598
-985.4957431316375 12.22071431145072
-983.6231071710586 12.708655338138342
-981.6955680608748 12.36656911239028
-980.0234368801116 12.52350060209632
-978.9870155811309 12.605861331671477
-977.9157787322997 12.642415951341391
-976.6439575910567 12.176036279052497
-975.0933148622512 12.134630690664054
-973.4441982269286 11.873150150626898
-971.5476218223571 11.721048231571913
-970.7440623998641 12.091966475695372
-969.0220292568206 11.99075530037284
-968.1393746495246 12.79731629356742
-966.856303846836 12.824598043560982
-965.1057379603385 12.425193100571633
-963.7194160580634 12.256838827729226
-962.2503282189368 11.832238822579384
-960.5049615263938 11.97627711236477
-958.6888382792472 12.226800321936608
-957.2424584984778 12.293933681547642
-955.5075049757957 12.758840076029301
-953.8773690819739 12.614755100905896
-952.1196548104285 13.070966846644879
-950.4162851929664 12.60211352199316
-948.811573421955 12.191977626979352
-947.0313220381736 11.972301296293736
-946.1399813652038 11.556973270475865
-944.702066874504 11.314973823130131
-943.7363589167594 11.611725769340993
-941.7622082591056 11.801844797432423
-940.2225950121879 11.759202874600888
-939.5279128313064 11.592667646110058
-938.0592179059981 11.590493581593037
-936.2884900331496 11.529562226831914
-934.4822971582412 11.612548581659794
-932.9728235960006 12.289434365332127
-931.3500380277633 12.655331245958806
-929.8091776132583 12.93381150752306
-927.8975729703902 13.034010551273823
-926.2163454055785 13.047523408532143
-924.4541120290755 13.440820723176003
-922.5178630113601 12.986818879246712
-921.0084317684173 12.971168614327908
-919.9709257841109 12.826208806931973
-918.8074449062347 13.14799285620451
-917.1914908647536 13.079595252275467
-915.8333909273147 12.799949570894242
-915.0090811610221 12.825259953141213
-913.5415211081504 12.508506088852883
-912.4175082802772 12.310293286442757
-910.7358576416968 12.547407015562058
-909.1491684079169 12.222108914852143
-907.7466198563575 12.013970821499825
-906.5026668667792 11.673452108502389
-904.7140609383582 11.984095572829247
-903.2836069226264 12.103004618883134
-902.3563220858573 12.024721219539643
-900.5361079335212 12.154001473784447
-898.8928157448768 12.554495244622231
-897.668191230297 13.309896259903908
-895.8428485751151 13.739456176161767
-893.8622029185294 13.881547241806985
-893.2345894932746 13.638134404420853
-892.1500846505164 13.485375627279282
-890.9046596646308 13.907364919185639
-889.6689054131507 13.528733178377152
-887.8587000727653 13.045634790658951
-885.9918266892432 13.513972922563553
-884.4990860581397 13.717591121196747
-883.0236845374106 13.60092900633812
-881.3870351672172 13.639489519745112
-879.549431836605 13.460327688008547
-878.328113234043 13.21888737693429
-876.8266675829886 13.251631877720357
-875.8743890285491 12.960840574800969
-873.9945796489715 12.549079529345036
-872.4617122173308 12.541597194373608
-871.0406576156615 12.145465738475323
-869.966560101509 12.388048536479474
-868.3517759799956 12.688945985734463
-866.729809141159 12.49818886011839
-865.0383853673934 13.239854700267315
-863.7294748783111 13.409679121673108
-861.9687679767608 13.221657655537129
-860.3040200233459 13.798185489475728
-858.7659860610961 13.729379228651524
-856.8492609024047 13.593302793204785
-855.4163760900497 13.441358796656132
-853.7987339258193 13.937155268490315
-851.9640061616897 14.180671281516553
-850.2182031631469 13.988553873598576
-848.9675061464309 14.203271217048169
-847.060492491722 14.513082600533963
-845.496993279457 14.763053126037121
-843.8597194910049 14.357828325927258
-842.5251285791396 13.941422528922558
-841.7576935648917 12.705490655601025
-841.308713620901 12.31785530537367
-839.9649185597896 10.942485279738904
-839.0484673440455 9.696628994643689
-838.3161558568477 7.996531195342541
-838.4287225291132 6.813860244452954
-838.8991429194807 5.348375506103039
-838.3654695734381 3.585276431739331
-838.7060392484068 2.34231955498457
-838.4796831145882 1.034419007003308
-838.772738470137 -0.2496247819066042
-838.4843196108936 -1.543934517204761
-838.4580987080931 -2.5259383252263063
-838.053910075128 -4.239428215324878
-838.1213368088006 -5.208066754639148
-838.3727447897195 -6.059592657387256
-837.8055463939904 -7.677243047058582
-837.5594966769218 -9.041141920387744
-837.2960289180278 -10.552301101982593
-837.7588813960551 -11.577860527336597
