-1105.6 10.64
-1104.6860049128532 10.429806559681893
-1102.820858156681 10.267784579992295
-1101.4103360533713 10.327209807336331
-1100.1481738448142 9.75817791312933
-1098.4391967415809 10.056057251393796
-1096.7943154931068 10.06780938372016
-1094.8981041073798 10.17221307322383
-1093.3053732275962 9.58437412545085
-1091.6794909596442 9.126479293555022
-1090.2274603009223 8.730350519865752
-1088.3008650898933 8.666291470974684
-1086.7285346150397 8.629538367837668
-1085.3280674576758 8.453385706394911
-1083.5084427952766 8.467878337353469
-1082.1159757733344 8.1642112390697
-1080.189496076107 8.368321474045516
-1078.57195738554 8.133942689150572
-1076.8469134926795 8.848135258406401
-1075.0694504141807 9.43815597459674
-1074.034301316738 9.195998247116805
-1072.1410892367362 8.74957358404994
-1070.9692986369132 8.580770085901023
-1069.0203492999076 8.816342722028494
-1067.512597119808 8.489252220243216
-1065.6326296687125 9.181941281408072
-1064.6020759701728 8.987632940858603
-1062.8491441369056 9.455833386033774
-1061.6376891493796 9.297261472195387
-1059.9868604302405 9.151919137090445
-1058.1560750365256 8.919272820800543
-1056.3748225331306 8.533461968749762
-1054.796970283985 8.311667631715537
-1053.5380871653556 8.339111085385085
-1051.6132195353507 8.776363487690688
-1049.9733903765677 8.862211744636298
-1048.7356520056724 8.517788092941046
-1047.253506219387 8.626550059169531
-1046.3907463908195 8.5852065192163
-1045.201614654064 8.385611753314734
-1043.682661807537 9.013945619910956
-1042.7528025269507 9.229152272790671
-1040.8232342362403 9.156667138785124
-1038.9181388974189 9.007301594465972
-1037.1916153788566 8.756437952965499
-1035.4748118281364 9.486573155373335
-1034.1549746155738 9.013479884117842
-1032.684830701351 8.874910350292922
-1031.1811708569526 9.000126446932555
-1030.2480525135993 9.17109770640731
-1028.5677820801734 9.145857225507498
-1026.9368137478828 9.041341956108809
-1025.262350475788 9.154103796333075
-1023.6936723351478 9.166832904666663
-1022.7530080437659 9.129024680107833
-1021.1433556437491 9.30048188135028
-1019.3019063830375 9.4226233394444
-1017.3920113205909 9.59759354904294
-1015.7011536717414 10.22123915269971
-1013.8971541285514 10.36842200472951
-1012.4484353423118 10.20543279066682
-1011.0415000081061 10.765737670809031
-1009.3984216809272 10.515642511993647
-1007.8297495007514 10.75427864804864
-1006.8135315537452 10.902647662311793
-1005.5383663535117 10.552839028984309
-1003.8610489726066 10.117358791977168
-1002.401622211933 9.735283631235362
-1001.1386454463004 9.643418099135161
-999.3702159285544 10.060606624335051
-998.3506714463233 10.217957835048438
-996.7164329648017 10.884296934455634
-995.1891771912574 10.37130264505744
-993.503286397457 10.14670885667205
-991.906308209896 9.626962851136923
-990.1864339470862 9.751392591148615
-988.3002871632575 9.568735855966807
-986.4178747296332 9.485763701945544
-984.5932447075843 9.909719142466784
-983.8296385169028 9.560654464513064
-981.961045539379 9.555598873049021
-980.7550716757773 9.674916814416648
-979.8822195887565 9.699682656079531
-978.0515041708945 9.377469304353
-976.5361489415168 8.973818543702365
-974.8382399439811 8.929568174630404
-974.070758318901 9.093689489513636
-972.3403573989867 8.684804725795985
-971.1786972045898 8.805845323354006
-969.9437263965606 9.340883496552706
-968.1213743448257 9.159159737974406
-966.456478691101 8.871782499700785
-965.1388020277022 8.771005469709635
-964.0056439399718 8.575681153088809
-963.209372138977 8.197219285517932
-961.7126539707183 8.478767666369677
-960.0680755138396 8.697842705398799
-959.1312429666518 8.768302533179522
-957.7395956277846 8.75294037476182
-956.175757741928 8.611466515213252
-954.5423327445983 8.460310328155757
-952.6241065025329 8.494007098823786
-951.133435344696 8.288798916488886
-949.2109292507171 8.266165959984065
-948.1917056798934 8.354281845837832
-946.5429856538772 8.517928454428912
-944.8248324155807 8.238964650183917
-943.4485244512557 8.528321656733752
-942.6703725218772 9.317225906401873
-941.0897856116294 9.329594719558955
-939.4404609560966 9.317930641919375
-937.6947592854499 9.207234758287669
-936.0855671525001 8.924509245306254
-934.6688946843146 9.181941080242396
-933.0991653561591 9.390654492527247
-931.5297505021094 9.063635039478541
-929.6022011399268 9.022409993559123
-927.7777951121329 8.962324547916651
-926.5811134934424 8.617872166782618
-925.3616063952445 9.131844687610865
-923.9324248194694 9.097442466169596
-922.981859242916 8.785278993993998
-921.1106727480887 8.850590425878764
-919.3074021697043 9.316514152437449
-918.2483330130576 9.095440435558558
-917.1397550463676 9.57182710185647
-916.4722274303435 9.587387244552374
-914.761192536354 9.732352505773306
-913.1230861902236 10.01268316373229
-911.5399827718734 10.659938703626395
-910.0277608394622 10.707238178104163
-908.5202425479888 10.96411715015769
-907.1238835811614 10.580542127937079
-905.2274397373199 10.735002379268408
-904.4370312452315 10.250787149518729
-903.2898604631423 10.238135855048895
-902.2113723516463 10.062931846231223
-900.9059489727019 10.379757146686316
-899.0331575632094 9.50457809433341
-897.9322623968123 9.973802845329047
-896.7710828542708 9.708779643625022
-895.5584320783614 9.894474636167288
-894.5115426540374 9.74247015580535
-893.5779838323592 9.528596381992102
-892.3440035343169 9.830759208053351
-891.4284717798232 9.593152876347304
-889.7271667480468 9.25190290376544
-888.4546372652053 9.422716285437346
-887.0773153066634 9.16683199569583
-885.2405909061431 9.34536769554019
-883.5997279644012 8.933015968054534
-882.0472255706786 8.88980052560568
-880.26322016716 8.533401257693768
-878.8732604742049 8.663451544344426
-877.267168855667 8.69170768685639
-875.4080782890319 8.769566857591272
-874.2581387519836 8.442318463101984
-873.1413756370544 8.2173588065058
-871.4797359466552 7.965417006388307
-870.1838239192962 7.695474782362581
-868.939985847473 7.678074726238847
-867.8060046195983 8.139095106497408
-866.3490141391753 8.478458174839616
-864.3730691432952 8.330025025978685
-862.5746525287627 8.940177628174425
-861.3062668800353 9.23898110665381
-859.4845236301421 9.324588769450784
-858.1200155973434 9.171216511502863
-856.6832847356795 9.44075622536242
-855.4754645586013 8.968300753608347
-854.4535624742507 8.294723027721048
-852.5550923109054 7.783822768703104
-850.9376920223235 7.503872239366174
-849.1898102521895 7.040989660993219
-847.2673797369002 7.436115497127176
-845.5940720796584 7.146546625867487
-844.2870526075362 6.597672903314233
-843.5396374225616 5.291867458596826
-842.4428814411162 3.898016416803003
-841.953935599327 2.6073562739044434
-841.0317790269851 1.7337876794487244
-840.5553086161613 0.36253919579088745
-840.5666380882262 -1.11492095015943
-840.4542286530136 -2.3407519819587463
-840.7502908244728 -3.6656828882545227
-840.2289478316902 -4.961016512140631
-840.2961592808365 -6.322772002443671
-840.3136856541037 -7.234722531065344
-840.5231809154152 -8.287078178152441
-839.6271498933434 -9.583493268713354
-839.1450689569115 -10.461491084322333
