-1105.6 10.64
-1103.7040738821029 10.568645193576813
-1101.920087790489 10.74814666748047
-1099.968740916252 10.696397527456284
-1098.0397394657134 10.493520274162293
-1096.1093069076537 10.8922132396698
-1094.1792447328567 10.58517320394516
-1092.3403132915496 10.998840614557267
-1090.4003884553908 11.387735261917115
-1088.4346879482268 11.377351387739182
-1086.4668048381805 11.364145531654358
-1084.5171512126922 11.05266793012619
-1082.568990087509 10.728874965906144
-1080.630751466751 11.349821492433549
-1078.661624765396 11.18079768061638
-1076.7555426120757 10.874010428190232
-1074.881806707382 10.518739684820176
-1072.9460490703582 10.734596698880196
-1071.0154945611953 10.427746980786324
-1069.0750715494155 10.242539733052254
-1067.1984343290328 10.37348380625248
-1065.318456864357 10.057686238884926
-1063.4065928220748 10.482781767249108
-1061.5975019693374 10.315649359822274
-1059.7061520576476 10.45327660381794
-1057.8269690036773 10.902780025601388
-1055.9151462078094 10.799352019429207
-1053.9610759973525 10.568001180291176
-1052.0290410280227 10.381420701146126
-1050.1095833539962 10.195996015667916
-1048.1841308832168 9.930362522006035
-1046.3354375123977 9.751504748463631
-1044.4553310632705 9.693972020745278
-1042.641889309883 9.545532106757165
-1040.7736149787902 10.039298116564751
-1038.8937387228011 9.80627223789692
-1036.984766936302 9.793078213334084
-1035.0895982742309 9.72892585337162
-1033.177203631401 9.566385447382928
-1031.340169405937 10.13223916232586
-1029.429448699951 9.932131766676903
-1027.6512464046477 10.015561490654946
-1025.7637966632842 10.005596428513527
-1023.844994521141 10.134051262736321
-1022.0298411607741 10.243649571537972
-1020.2727383136748 10.049290418028832
-1018.3722451686858 9.968418478369713
-1016.6823068618774 9.759431480765343
-1014.7672914028167 9.671336590647698
-1012.9768482208251 9.860629706978798
-1011.1584621429442 9.94516217648983
-1009.3687857151031 9.835815309882165
-1007.4678436279296 9.82159382045269
-1005.6729427337646 9.732285498976708
-1003.801357603073 9.719729154706002
-1001.888723707199 9.589309065937996
-999.991320824623 9.654219000935555
-998.1137964487075 9.759138225913048
-996.2581645011901 9.523714988827706
-994.7199207305907 9.619458436369897
-992.8298117876052 9.50200176179409
-991.0689307212829 9.411349504590035
-989.2373459100722 9.500351398587227
-987.3526547908782 9.839819043278695
-985.4511296510696 10.28626507461071
-983.5750238656997 10.174501269459725
-981.7359554529189 10.196027248501778
-979.9695346117019 10.221812992691994
-978.0479089975356 10.779910474419594
-976.4555072546004 11.08869799911976
-974.6372012853622 10.775396078228951
-972.7119915246963 10.650102316737176
-970.9465431928634 10.646830409169198
-969.0193440675735 10.426324247717858
-967.0976257085799 10.25417518556118
-965.2619970798492 9.998481988310814
-963.4040015697478 10.519572197794915
-961.5558309316634 10.525425791144372
-959.6162676572799 10.814011394381524
-957.6772732496261 10.695949196219445
-955.8816146612166 10.379869818091393
-954.1330528020858 10.17532736003399
-952.3542484998702 10.615359067320824
-950.4253175020217 10.501893489956856
-948.5866596460341 10.484876185059548
-946.6853441953658 10.329979985356331
-944.76373193264 10.213911473155022
-942.967425918579 10.062038778662682
-941.092400407791 10.197677105069161
-939.1965585708617 10.748994975686074
-937.3328872680663 10.610996603369713
-935.4189187049865 10.521470456719399
-933.9779567480086 10.441919117569924
-932.3798755168914 10.498215168118477
-931.1172697305678 10.635368629693986
-929.5913963079452 10.999049022197724
-928.0472843408584 10.879376723766327
-926.1407700538634 10.789280399084092
-924.2053159236907 10.817266031503678
-922.3175047397613 11.618056341409684
-920.5201333522796 11.572940840721131
-918.6538501739501 11.226391419172288
-917.0402343034743 10.958965196609498
-915.160828089714 11.156503185033799
-913.3064687013625 11.267025231719018
-911.4360575437545 11.598650872111321
-909.5226201772689 11.462977647185326
-907.6272533893584 11.347069411873818
-905.8926385402679 11.185470908284188
-904.2226353645324 11.062001615166665
-902.2868720054626 11.17699265420437
-900.693703508377 11.317672073245049
-898.7823182106017 11.153464316725731
-897.963064110279 11.603016733527184
-896.2542373299598 11.38847048521042
-894.3457404732703 11.20201919913292
-892.483706152439 11.105600311756135
-890.5811428189277 11.070271446704865
-888.778113400936 10.733862920999528
-887.1325579047202 10.54697991847992
-885.2897518038749 10.874089255332947
-883.446639573574 10.868755623102189
-881.6289680361747 10.751958891153336
-879.7350702643394 10.708723887205124
-877.8244490981101 10.618475332260132
-876.4396088480948 11.001419081687928
-874.8240998148917 10.882714703083039
-873.0456941485404 11.521433784961701
-871.3359427809714 11.65374250650406
-869.4404602408408 11.506369754076005
-867.659552848339 11.801445409059525
-865.8157213091849 12.021532415747643
-863.8590231299399 12.076572268605233
-862.4505417704581 12.126488699913025
-860.569987809658 12.220016195774079
-858.890720283985 12.882478549480439
-857.2841184496879 12.619571014642716
-855.5990279078483 12.56388641089201
-853.9456096053123 13.063683159053326
-852.6019095540046 13.068618665784598
-851.4685008883475 13.161266970783473
-850.0374918341636 13.445787209421397
-848.4134464621543 12.9971094609797
-846.7433400511741 13.266492682844401
-844.9025626540183 12.972451555877925
-843.0614375233649 12.863282087594271
-841.3142004370688 12.888265702277423
-839.5668855071067 12.961423638612033
-838.9137614727019 11.937399986535311
-837.6782452821731 10.579655411988497
-836.6765899419784 9.500750187188387
-836.1276193022727 7.641874316483737
-835.4582689166068 5.944359067231417
-835.0180096685885 4.36398029640317
-834.9059107139706 3.097407701760531
-834.7982571929692 1.3681377203762537
-834.1155845731496 -0.3162649838626379
-834.377112647891 -1.440184113234281
-833.8394922822713 -2.430278894156217
-833.822639158368 -4.155416604727506
-834.1932194739579 -5.297753330916166
-833.9165256828069 -6.694160696715116
-834.2088459342717 -7.542399880141019
-834.5553662389516 -9.447042223662137
-834.4570237755775 -10.682707664221525
-834.1676478743552 -11.977208253592252
-833.9312784135341 -13.441918608397245
