-1105.6 10.64
-1104.9448776602744 11.781739249229432
-1104.4431458473205 13.14783371925354
-1103.4708797693252 14.779870405197144
-1102.506490921974 15.583616390228272
-1102.0336274564265 17.025233759880066
-1100.414681738615 17.00875367164612
-1098.7059269607066 17.896032526493073
-1097.0086476266383 18.133961572647095
-1095.713601654768 18.35984449028969
-1093.8919456660747 18.182471438646317
-1092.2884970366954 17.86560003399849
-1090.633390969038 17.938162430524827
-1088.7036047637462 18.50242601275444
-1086.8909104526042 18.231038554906846
-1085.219287699461 18.670022352933884
-1083.643645352125 19.160263880491257
-1082.5749233424663 19.92461441397667
-1081.0355133473872 20.212524398565293
-1079.648968285322 20.313982851207257
-1077.81234151721 20.133941880762578
-1076.026116079092 19.64914827734232
-1074.473972505331 19.7458991253376
-1073.1544881522655 19.777924402952195
-1071.4974628150462 20.182824894189835
-1069.702293461561 20.400938435792924
-1068.8055687010287 20.65973682641983
-1067.0347214996814 20.434923290610314
-1065.4006801903247 20.44453047156334
-1063.9567068874835 20.09614242553711
-1062.3872076332568 19.946264325976372
-1060.6803826153277 19.86157281637192
-1058.77416074872 19.508194937705994
-1057.0273697435855 19.996068134307862
-1056.1506404936313 20.134852393865586
-1055.1855433046817 19.90105311512947
-1053.5582960903644 20.591984375715256
-1052.3485686838626 21.09449933409691
-1051.2599442064761 21.626870378255845
-1049.4161958754062 22.220916851758957
-1048.4030380308627 22.76996092438698
-1047.3254290878772 23.130315467119217
-1045.931072360277 23.37666074872017
-1044.548731213808 24.500266000032425
-1042.9100498020648 25.174140437841416
-1041.109850770235 26.248725398778916
-1039.3786819040774 26.424677863121033
-1038.9303676843642 27.607978715896607
-1038.042396402359 29.34658540725708
-1037.2852370500564 30.06929655313492
-1036.5686877131461 31.77945084810257
-1035.782103216648 33.11796565294266
-1035.0844809174537 34.027364089488984
-1034.930187126994 35.69320912599564
-1034.0514895528554 37.013450696468354
-1033.1290473550557 37.87175209760666
-1032.2671178787946 39.567745521068574
-1031.473873874545 40.539361073970795
-1030.6217007249593 41.0719121837616
-1029.025554856658 41.75977756023407
-1027.4973916620015 41.930202140808106
-1025.9061041682958 42.447095646858216
-1024.6896077007054 42.49252621769905
-1022.9606456369161 42.80377913951874
-1021.7077109426259 42.88123015999794
-1020.5098068326711 42.99530935227871
-1018.6560158342122 43.2286854827404
-1017.2396996825933 43.66212753891945
-1015.3221684306859 44.240139647722245
-1013.6977467149495 44.62099187016487
-1011.7936631053685 44.82392236530781
-1010.0373832792043 44.707740105092526
-1009.3047046869992 45.35371879428625
-1007.6009872168302 45.20188964098692
-1005.6528208464383 44.77010644167662
-1004.4919668644666 44.52231407850981
-1003.454905411601 44.93150780290365
-1001.9638343065976 45.06243530601263
-1000.1077697485684 45.172321244478226
-998.4286141604184 44.46292261719704
-996.6675892084836 44.46639916241169
-995.1440296381711 43.93679901897907
-993.8229561060666 43.75946998536587
-992.1300747603177 44.183925508856774
-990.7843406409024 44.537984847426415
-988.8696024626493 44.663605436086655
-987.078433176875 44.85156519651413
-985.1500526875257 44.94862107872963
-983.1965238064527 44.96081161811948
-982.3664254158734 44.71180083170533
-981.5055161923169 44.65402980461717
-979.6135671347379 44.37472574725747
-978.2714072674512 44.63829411879182
-976.3242498844861 44.987650561481715
-974.4959517925977 45.10081842854619
-972.7388665884732 45.52001157715917
-971.1758920162915 45.15247139647603
-970.1602145642041 44.99362449660897
-968.6307964533567 45.24734051838517
-967.0531065672635 45.12165913298726
-965.1973760336637 45.60400656178594
-964.2316198557614 46.09810817554593
-963.4122749179601 45.72286528661847
-961.498005709052 45.886051866561175
-959.9141264766454 45.06569865658879
-958.4101236671208 44.871230441480876
-956.9667138665914 45.273062813431025
-955.3971469014882 45.06483973875642
-953.6588279813527 44.896467524915934
-951.7585141271352 44.48255427494645
-949.8924479097127 44.06311352863908
-948.3986682504415 44.28081974700093
-947.518140336871 44.586065444499255
-945.5869499653577 44.43411895945668
-944.3946861237287 43.9415357144177
-943.256913563609 44.07500990048051
-941.4783854693173 44.25542134359479
-939.6941207855939 44.3415476860106
-938.4842757195233 44.60176103129983
-937.0529946297406 44.7117834495008
-935.0987860172986 44.583915229290724
-933.2566653698682 45.013439710587264
-931.8667671889066 45.04233152732253
-930.1034810751676 45.440860550254584
-928.8277620285749 45.98161653742194
-927.1790492743253 45.36263648733497
-925.7898593157529 45.75988550052047
-924.780021688342 46.100098024457694
-922.834633848071 45.865627806037665
-921.326661607623 45.59605331286788
-919.5936292618512 45.04807556733489
-918.8836821526288 44.544383417218924
-917.3036010473966 44.32043087050319
-915.6975214689969 44.020843322724104
-914.5298141449689 43.169872100800276
-913.5356581419705 42.48749160334468
-912.2264692991971 41.271621938198805
-911.520411273837 40.2387200550735
-911.4597645163535 38.70611106917262
-911.4475246429442 37.67396771475673
-910.5633358716964 36.11351120039821
-909.9361176252364 35.08401119276881
-909.7605247110127 33.72270977064967
-909.2752598732709 32.0018819527328
-909.5044454991817 30.721934433430434
-909.2861656457185 29.011683459728957
-909.1747069567441 27.115863795727492
-908.9257762640714 25.887000198811293
-908.3022140473126 24.272938604801894
-907.3594138830899 22.76024949118495
-906.3665420621633 21.310649509876967
-904.9519555181264 20.1958893494308
-903.1258588641881 20.16587316557765
-901.4481901735066 19.78845834299922
-900.479876539111 19.22834968134761
-898.5480396956204 19.244163940995932
-897.6255982726811 19.331853772848845
-895.688416442275 18.750561560839415
-894.4981095403432 18.180131997317076
-893.3087898105382 17.584712828844786
-891.8768436521291 17.552158593535424
-889.990331968665 17.695820032954217
-888.3628913968801 18.06840476334095
-886.9662453740834 17.96818827033043
-885.9879991620778 17.966080802828074
-884.6784127563237 18.444876808077098
-883.1295590013265 18.536785121411086
-881.8469676584004 18.210718806236983
-880.2076196283101 18.325128394514323
-879.255797228217 18.313542816191912
-877.7999407857656 18.63355782940984
-876.2565960496663 18.587873782366515
-875.3270165532826 18.202605392187834
-873.9746770471334 17.57283272907138
-872.0208065122365 17.703519027084113
-870.706395587325 17.67989906422794
-868.7547869294881 18.166406003162265
-867.0028460830449 17.692366686984897
-865.3664873450994 17.37275805823505
-863.5375262111424 17.44529976449907
-862.053971132636 17.07572331033647
-860.3734480947255 17.714486201629043
-858.5956472963094 17.62295701853931
-857.472979030013 17.79238150767982
-856.2577470153569 17.31456099204719
-855.1050407499074 17.27863199017942
-853.9946559280156 17.05388245485723
-852.8620196193456 16.5761595120281
-851.1668454021215 16.692366157993675
-850.1035918802022 16.66488840185106
-848.533010444045 16.598112416788936
-846.6392762273549 16.46904058508575
-845.0451852887868 16.144759130999446
-843.5882608503102 15.474052382037044
-842.2194661706685 15.005553883835674
-841.7502142399549 14.152191204354168
-840.6283570736646 13.300711793228984
-840.7087873876094 12.370747906491161
-840.7905682384967 10.898357016369701
-840.8460758686065 9.561370593830944
-840.6549754798411 8.55868349723518
-839.9395569622516 7.082444173619152
-839.7439305841922 5.82535932712257
-839.765440455079 4.423537713810802
-839.237196496129 3.283128959462047
-838.6243840962647 1.7618251865357166
-838.6184268904849 0.9890221183747059
-839.1968608213588 -0.6809134656935925
-839.4004295183345 -1.8539465839415783
-839.7479595853015 -2.530545013621449
-839.7058653322979 -3.264224188998341
-839.6340613601728 -5.092200415804982
-839.7906941710039 -6.243398922160267
-839.779017256014 -7.6578867609053844
-839.1940716965123 -8.639656441882252
-839.1400968482717 -9.944586294367909
-839.4478870382532 -11.20381309337914
