-1105.6 10.64
-1104.5558224678039 9.150701179504395
-1103.0978568553924 7.974055542945862
-1101.443185186386 6.828395261764527
-1099.8195073366164 5.437062158584595
-1098.332155561447 4.306783928871155
-1097.2734513044356 2.9643254423141485
-1096.278681731224 1.6850447797775274
-1096.1140682905911 0.03452576637268123
-1095.4192019313573 -0.9336116170883173
-1095.842443755269 -2.8470581626892084
-1095.218087247014 -4.4674759960174555
-1094.621185711026 -6.297991380691528
-1093.9342301398515 -8.099934921264648
-1093.0951147586106 -9.358216867446899
-1092.3646103054284 -11.261492118835449
-1092.2622514948248 -13.023960695266723
-1091.8839862331747 -14.674707994461059
-1091.2230819448828 -16.573048696517944
-1090.833559064567 -17.84552966117859
-1090.595465002954 -19.657899723052978
-1090.2489843949675 -20.64345626592636
-1089.9430527076124 -22.019585416316986
-1089.6452800020575 -23.845315024852752
-1090.242205737531 -24.916383550167083
-1089.813939540088 -26.046322033405303
-1090.0036225751041 -27.60046617746353
-1089.5553412273525 -28.492667005062103
-1089.5228341951965 -29.9098828291893
-1090.2547129526733 -31.28130821943283
-1089.9573019281029 -32.35358516931534
-1090.0212726429104 -34.159620449543
-1090.472054286301 -35.77902786493301
-1089.8867698147892 -37.504780457019805
-1088.8483723834156 -38.91138713121414
-1088.6264088585972 -40.54311816453934
-1087.2654257252811 -41.306374773979186
-1086.3437634542584 -42.90692018032074
-1084.5421013668179 -43.80946700334549
-1082.9479789569973 -44.34531663417816
-1081.1167175605892 -43.929887816905975
-1079.5034290388226 -44.502299473285674
-1078.0449724033474 -44.92562739610672
-1077.2108406856655 -44.69770044147968
-1075.558744175732 -44.5224401062727
-1073.6889624431728 -45.22143009364605
-1071.7054128482937 -45.71251121222973
-1070.1205676630138 -45.47872401833534
-1068.6445965602993 -45.47484800209291
-1066.8566372230648 -45.81695923198946
-1065.1096570327877 -45.98819373537786
-1063.92806301862 -45.70334486653097
-1062.09669791013 -45.45116896917112
-1060.278588874638 -45.95961530496366
-1058.414088590443 -46.16766747822054
-1057.4218237236141 -46.04625289131887
-1055.9666066005825 -46.53113614012487
-1054.1207928493618 -46.610920309918
-1052.5562469795345 -47.05554145564325
-1051.5595046713947 -47.36001539220102
-1050.6755069330334 -46.738837301628664
-1048.9261842802166 -47.08219841112383
-1047.5136831834911 -47.453246474163606
-1046.319583876431 -47.801184058086946
-1044.9074542358517 -47.538707286017015
-1043.7649255827068 -48.466517537729814
-1043.0466669633984 -49.35072419037111
-1042.3148559764027 -50.17049339403398
-1041.8946047261356 -50.82041516889818
-1041.1717768147587 -52.153997689383104
-1039.9892499879002 -53.164325266974046
-1039.0627855494618 -53.53544962395914
-1037.3350331023335 -53.86256027211435
-1035.6166743472218 -53.94636128832586
-1033.9724052384495 -53.72113053490408
-1032.90166811496 -54.13432510186918
-1031.4038536980747 -54.205539844827726
-1030.0535023644566 -54.62889298041351
-1028.976342959702 -55.15347965796478
-1027.3864303067326 -55.38201304514892
-1025.5270410016178 -55.91346808512695
-1023.5559363797306 -55.735558278756216
-1022.0603722766041 -55.60870794196613
-1020.7050763800739 -56.00526566048153
-1019.8727391198277 -55.96419799317606
-1018.9230815604328 -55.76337896277197
-1017.1824776366352 -55.943542003529146
-1015.343820734322 -56.47968435277231
-1014.1093192532658 -56.80833786715753
-1012.6780816748737 -57.14482986916788
-1011.2477044299244 -56.358674406902864
-1009.8505636885761 -56.81585729111917
-1008.0798311665653 -56.3191460369993
-1007.0589052870869 -56.36956910778768
-1005.2466315463184 -56.073516532676294
-1003.9419841006397 -55.95798228670843
-1002.8947954609989 -56.48472343374975
-1001.0245386794209 -56.62126728882082
-1000.2300085261463 -56.95852416743524
-999.0302851632237 -56.58681386698969
-997.3006096318363 -56.73124444474466
-995.5319009259342 -56.991886317627504
-993.9586644604801 -56.409925222294405
-993.0056223109364 -55.8172174095083
-991.3878941968082 -55.71939995874651
-990.7482786014675 -56.22714969505556
-988.8656610086559 -55.56816437830217
-987.0240286424755 -55.73500339676626
-985.1150070264935 -55.787442020969465
-983.4675484731792 -55.6304583175946
-981.739264114201 -55.99657227833755
-980.3180420234798 -56.382846973733976
-978.6793950632214 -55.818444393472745
-977.6772334411739 -55.16096504767425
-976.2459466293453 -55.781462214784696
-975.1239338949322 -55.78533516068943
-973.9406000211834 -56.33269796510227
-973.1728519037365 -56.465600900249555
-971.41355047971 -56.60638632615097
-970.1829448774456 -56.26449464996345
-968.8911783531307 -56.17664816965349
-967.3212461307644 -56.13003900636919
-966.1396978929638 -56.590286105768755
-964.9541265800594 -56.16028586019762
-963.2045318916439 -56.041722215609624
-961.7956693008541 -55.689544238047674
-960.2235976293682 -55.71688371700235
-958.8052424028515 -56.076728759231045
-957.7689007356762 -56.52434101504274
-956.4429696634411 -56.8538804928679
-954.4856287077068 -56.619974834742024
-952.7914028003811 -56.47403697472997
-951.8351197078823 -56.23543958169408
-950.9151465728878 -55.679308397592976
-948.9950859382748 -55.54804442626424
-948.112989707291 -55.36920380395837
-946.2306757405399 -55.15449306172319
-944.422915740311 -55.31839030784555
-942.7125552132725 -55.89335048002191
-941.348409576714 -55.99806635630317
-939.8085679247974 -55.320058574797585
-938.4009007647633 -55.17422177446075
-936.6770910456776 -55.245046859504654
-935.3240373566746 -55.29721578014083
-933.968040151894 -54.71585716855712
-932.8341013625263 -55.01359926712699
-931.3359982207417 -55.526195278288796
-930.6109434798359 -55.35502999079414
-928.6512743666767 -55.58035226714797
-927.4063032105564 -56.04618116271682
-925.6628095343708 -56.4038474167604
-924.4258209899067 -56.112526794793084
-922.5858670905232 -56.519496878506615
-921.9033753708004 -56.56808032643981
-920.6911551788448 -56.25416239154525
-919.3041813209652 -55.91582988751121
-918.1549215152859 -55.884642271222546
-916.7850276067852 -56.017562461914494
-916.0158451035618 -55.84299763840623
-914.8869889214634 -55.59810513061471
-913.9759995177387 -55.72746653658338
-912.7453014090656 -55.45112536651082
-911.1618744567036 -55.86425418955274
-909.4562997058033 -56.14026687842794
-908.3281149104237 -56.28347700637765
-906.4852086737751 -55.97043975991197
-905.2555184796452 -56.22389510077424
-903.4879824355244 -56.04608176452108
-901.8582911923527 -55.56910179358907
-900.6019473508 -55.25993867021985
-899.1222129300236 -54.94794155460782
-897.618261142075 -54.561557574095204
-895.9790507987141 -54.56436268788762
-894.7233254149555 -54.28026862245984
-893.0365390017628 -54.07998452884145
-891.6409010127186 -54.5768121014256
-890.2351564601063 -54.680983168901875
-888.7684253886341 -54.67258918088861
-887.5082120135426 -54.33057901066728
-886.235246939957 -54.383498435737565
-885.0924557879566 -54.36799942505546
-883.5185989573597 -54.62977682602592
-882.4287620022892 -55.0023239458818
-881.3187393382191 -54.621428718687966
-880.1044950917362 -55.08997183096595
-878.59133939296 -55.10980684858747
-877.274827761948 -54.66386590701528
-876.1903832390904 -54.520586637677624
-874.3536601498722 -54.15299457115121
