-1105.6 10.64
-1104.6584263205527 10.182453020811082
-1102.9116061091422 9.316615208387375
-1101.197156226635 8.63236986041069
-1099.8347020506858 8.169568284749985
-1097.8839347720145 8.2350630530715
-1096.0970031380652 7.639201856553555
-1094.6286501049995 7.878956950604916
-1092.692653095722 7.797685689628125
-1090.8209562659263 7.260643369853497
-1089.2084082722663 6.954742974936963
-1087.8626801133155 6.526295042932034
-1085.9743997216224 6.214409358203412
-1084.3065748572349 6.333818628787995
-1082.6439086556434 6.115765034556389
-1080.836061990261 6.786636292338372
-1079.0042469859122 7.184278487563134
-1077.397895848751 7.571882902979851
-1075.547049319744 7.937367110848427
-1073.7366390585898 7.798888384699822
-1072.7107193827628 8.138888149857522
-1071.1602648854255 8.559468507170678
-1069.7932905316352 8.300535261034966
-1067.8893607020377 7.596428393721581
-1065.9541848063468 7.682090475559235
-1064.0510925412177 7.1824287319183355
-1062.1305753350257 7.01023937702179
-1060.421922123432 7.652522339820862
-1058.496496593952 7.48643977880478
-1056.538445150852 7.581392607986928
-1054.5892759919166 8.12314393311739
-1052.6731430649756 8.482637784779072
-1051.1107989907264 8.242800078690053
-1049.8178035378455 8.092944599092007
-1048.5862018227576 7.638475037515164
-1046.9764695525168 7.255921430289746
-1045.2948477625846 7.335457883179188
-1044.225748336315 7.660615048706532
-1042.980564033985 7.946065328419209
-1041.0411620497703 7.450971654951573
-1039.1804247260093 6.856322459280491
-1037.459121263027 7.091310984790326
-1036.3350341677665 6.774369038045407
-1034.7187202334403 6.754045970141888
-1033.5802719950675 7.204222894608975
-1031.8346224188804 6.850142455995083
-1030.3222977280616 6.753132394850255
-1028.7117021441459 7.255734495222569
-1027.004712498188 7.261186129748822
-1025.350827372074 6.858139551579953
-1023.53085449934 7.52766684383154
-1021.822949206829 7.0881874927878386
-1020.0685263037681 6.605922437608243
-1018.1610803961753 6.343916750848294
-1016.2794173121451 5.900516159236432
-1014.7167303919791 5.685030824840069
-1013.1511768460273 5.7033551534265285
-1011.2976349949836 5.977904101237655
-1009.8423811554908 5.297218044623733
-1007.9308983445167 5.415967752560974
-1006.1371051430701 5.124022801741958
-1004.23613396883 5.457116564139724
-1002.3365810275077 5.472288781180978
-1000.4483782410621 5.212157243266702
-998.565231835842 5.043512695804239
-996.9895196318625 4.994206653311849
-995.6825721621512 4.646971808150411
-993.8164606451987 4.34180162973702
-991.9504263758658 3.957031683400274
-990.0354794621467 3.561924533322454
-988.2641283631324 3.1337712568789726
-986.5682430624961 2.6188643736392265
-985.034573829174 2.279859380200506
-984.0935616254806 1.0400087399035698
-983.410562968254 0.12381692357361374
-982.7214731335639 -1.4267120795696968
-982.5937408864497 -2.359172387644648
-982.3095666527747 -3.6124599414318794
-981.9923112154006 -5.1848473983258
-982.0162885695695 -6.489710374400019
-981.8702137678861 -7.2745202022045845
-981.5800836592912 -9.018491073176264
-981.1488236099481 -10.741669459864497
-980.9644570112227 -11.851976438090205
-981.3330220639705 -12.716509624049067
-980.9516402244567 -13.786405129954218
-980.404527580738 -15.415085120722651
-980.1901145339011 -17.258894963786005
-979.2688897013663 -18.77053539328277
-978.9214727938174 -19.940853996798396
-978.902146077156 -20.671373649165034
-978.8100387513637 -22.221447868868708
-978.4262314796447 -23.2007467585057
-977.9946066498755 -24.643256767317652
-977.8477115392684 -25.7446338968724
-977.4126901984214 -27.39034066967666
-976.7704737544059 -29.079966052100062
-976.6653121173381 -30.631028397604823
-976.3988391220569 -32.21036909393966
-976.1808798074721 -33.79842530064285
-975.4421522378921 -35.171610935255885
-975.6932734310626 -36.92603276543319
-975.6601973347365 -38.69396780304611
-975.3317879609763 -39.48953239493072
-974.8287117056548 -41.100466414019465
-974.4744264356791 -42.71175937227905
-973.7992760412394 -44.304172678515314
-973.442736583203 -45.6936923699826
-972.6320157818495 -46.952352328822016
-972.0510795883833 -47.94233290724456
-970.8739431671797 -48.760938211008906
-969.7301463656127 -49.672699971720576
-969.0477007202803 -50.99655382208526
-967.9773935846983 -51.17470191292465
-966.8889478020369 -52.172903402373194
-965.8196614556014 -53.08945093922317
-964.9290678076445 -53.30024292938411
-963.5194481186568 -53.75848165027797
-962.6226673297583 -53.65498858563602
-960.8556702308356 -53.97295445077121
-959.2612455062567 -53.7676677095145
-957.859182255715 -54.50917208068073
-956.1913606099783 -54.21463256947696
-955.3211680822074 -54.82347595565021
-953.7692626886069 -55.10134044162929
-951.9640666417777 -54.81563737861812
-950.2500080041586 -54.93528301887214
-948.8311118058859 -55.35601733498275
-947.1112879686057 -55.97239075474441
-945.3095590047537 -55.650037838742136
-943.5672396592795 -55.90858889989555
-941.6531607083975 -56.24040625862777
-940.2096671037375 -56.600554032847285
-939.206261294335 -56.96648834519088
-937.2471995525061 -57.0850235658139
-936.0334625415503 -57.335156961008906
-934.2513333730399 -56.718342645689845
-932.8681231908499 -57.08092065028846
-930.9279834203421 -56.85225880019367
-929.5970657043158 -57.03896276526153
-928.6190753154456 -57.235625101849436
-926.8571424655615 -57.068876905962824
-925.5874951057135 -56.89236788325012
-924.2115159206091 -56.24971775583923
-922.6903098993002 -55.8594261842221
-921.2868197135626 -55.32139538101852
-919.4652387075125 -55.45412979893386
-918.3491270713507 -55.21151289217174
-916.86677076146 -55.40159132950008
-915.2208512000739 -55.596742509528994
-913.5512288980185 -55.0329390155524
-912.4598071746527 -55.04812629394233
-911.1045929364859 -54.961995004341006
-910.0797705821692 -55.15593621008098
-908.5933842830359 -55.77030923835933
-907.5363024644553 -55.396863369867205
-906.4711059503256 -55.23136827223003
-905.1163635425269 -55.782046883031725
-903.3545985393225 -55.79409206159413
-901.6597771815955 -55.94823207207024
-900.6470030717551 -56.43799160666764
-899.8336794547736 -56.747231620028614
-898.4444286994635 -57.17205550022423
-896.6855455808341 -56.88453768439591
-895.6251155309378 -56.582239853814244
-894.2836163215338 -56.277310597375035
-893.2168162040412 -56.25525153674185
-891.492119091004 -55.64879555501044
-890.3402989082037 -55.852778638377785
-888.7110999993979 -55.76426659025252
-887.185011165589 -56.17788899935782
-885.5870417527854 -56.37180779375136
-883.9671019487082 -56.0318936804682
-882.1560615472495 -56.25576702751219
-880.4175251893698 -56.326253811493515
-879.1646851472556 -56.10733802117407
-878.4510871343314 -55.28637904919684
-877.5317859821021 -55.03166241444647
-876.1894571952521 -55.27797866858542
-874.8360485009848 -55.32560784615576
