-1105.6 10.64
-1104.189541554451 10.594974472522736
-1102.3908211946487 10.633155278265477
-1100.7925253868102 10.648759804069996
-1098.8624070644378 10.399676404297352
-1097.6882059335708 10.127727530300618
-1095.9563092947005 10.342836699783803
-1094.4368119001388 10.902448139488698
-1092.5351300001143 11.332364759743214
-1090.5924006462096 11.037805131971837
-1089.581764793396 10.680762521326542
-1088.2909588575362 10.69359235778451
-1086.6235205888747 10.869440946131945
-1085.3200483083724 10.862321052104235
-1083.5017131328582 10.737155887633563
-1081.6791826248168 10.824597712010146
-1079.9799726963042 11.307417120188475
-1078.400168633461 11.390811692327262
-1076.5082020521163 11.665930132716895
-1075.5306049346923 11.356527249664069
-1073.7174224615096 10.794206957668067
-1072.1494478940963 10.864080320447684
-1070.3793807983398 10.805261637419463
-1069.113951420784 11.307825173586608
-1067.288650727272 10.734871889799834
-1066.362108027935 10.681626386344433
-1064.6508505702018 10.526871434748173
-1063.4780805468558 10.204629919826985
-1062.0941645264625 10.414924464523793
-1060.796442425251 10.137277565300465
-1059.0385539889335 9.894885263741017
-1057.6115039944648 9.72539741486311
-1055.7706052422523 10.32600594252348
-1054.4278703093528 10.178568027317525
-1052.840525305271 10.240051753222943
-1051.7273339390754 10.794119364917279
-1050.0367559552192 10.714052922427655
-1048.1907940268516 10.988121576011181
-1047.0806166291236 11.463419652879239
-1045.3437757849692 11.735970742404461
-1044.3847247719764 11.1325060197711
-1042.631940281391 10.66151133865118
-1040.903292095661 10.444938174784184
-1039.566840803623 10.323100752532483
-1037.7021171212195 9.71724391669035
-1036.0914134144782 10.012253887355328
-1034.61353341341 10.520759350955487
-1032.825783765316 10.774300343692303
-1031.0895517230033 11.2074851462245
-1029.2605684161185 10.808333195149899
-1027.3705354094504 11.319138325154782
-1025.5642047286033 11.301733686923981
-1024.1704595446586 11.344225726425648
-1022.4540729880332 11.687000147402287
-1020.4847824931144 11.723340264856816
-1019.5424214959144 11.176703146994114
-1017.8365497946738 10.984957001507283
-1016.3318026423453 11.07225759267807
-1014.5840182662009 10.820726140737534
-1013.0034044146537 11.289956315755845
-1012.1441750884055 10.650219722986222
-1010.7305409073829 10.107251271009446
-1009.8523049116134 10.162790860384703
-1008.1794757604598 10.39110847875476
-1006.4475984334945 10.905491914004088
-1004.9689883947372 10.714536245316268
-1003.6643345117568 10.267781759947539
-1001.8703329324721 9.935696239918471
-1000.2146298646926 10.317451234310866
-998.7578865051269 10.113460849374533
-996.9547663688659 10.597364168018103
-995.1627930164336 10.632002803832293
-993.2816775798797 10.231843444854022
-991.7549434661864 10.174405432641507
-990.770353591442 10.569332487285138
-988.9928968310355 10.564287353642285
-987.2910757422446 10.004594672806562
-986.1030556321143 10.343089003451169
-984.2465435624122 10.48497142303735
-982.8062644362449 10.089538771994413
-981.8096521258353 9.569121260531247
-980.8087741494178 9.197677363045514
-978.9566558957099 8.993013549931348
-978.0296489357947 9.32567190039903
-976.4051283955573 9.216691557653249
-974.8436818480491 10.016003314740956
-972.9465649485587 10.569653336293996
-971.6195782780646 10.901345286853612
-970.2808809638022 10.548744146116078
-969.2049018502235 10.416647572405637
-968.0748010039329 10.06952669132501
-966.2119584441184 9.873308752067388
-964.8753862738608 9.899131220169366
-963.6925820469855 9.821202714331449
-961.9758698105811 9.55728646028787
-960.4886459469794 9.306280333884061
-958.9061452507972 9.802441049702466
-957.5041951298713 9.851732243187726
-955.580735361576 9.557492006905377
-953.8319400906562 10.011293221600354
-952.680250442028 10.491957832463086
-950.8880081534385 10.36493036556989
-949.4967897295951 10.296337221153081
-947.8655726075172 10.563687894828618
-946.1854402184485 11.041395549066365
-944.9299250006675 11.006280385293067
-943.5101657271384 11.360556386746467
-941.9519391417502 11.771156423129142
-940.2329500079154 11.98429215732962
-938.9011699318885 11.907969795502723
-937.6791810154914 11.10379513386637
-935.9176093697547 11.004007168449462
-934.2976807713508 11.070419326759875
-932.9467007279395 11.204051316119731
-931.4028784394263 10.93645671043545
-929.9779886364936 11.132720664478839
-928.6666813254355 10.53344918821007
-927.4506830334662 9.74775196645409
-925.7578668951987 9.386423543430865
-924.2224815249442 8.51810677383095
-922.460504567623 8.002893820740283
-921.5328956604003 6.953044072128833
-919.91672000885 6.928388968445361
-918.3173657417296 5.873166457153857
-916.7048076152801 4.8943448219075805
-916.2193958520888 4.2404711994901305
-915.5009823799132 2.5968055281415587
-915.4501375317573 1.3329476866498595
-914.4973829150199 0.4176756891980773
-914.035838997364 -1.4906812157854432
-913.5643773436545 -2.211479350589215
-913.6697795301675 -3.90425102379173
-913.1897363573312 -5.541090652011334
-913.2306894682347 -6.536386295817792
-913.0413524530827 -8.052656218074262
-913.5449075721203 -9.410340711139142
-912.836187186092 -11.017331525348126
-913.156080635637 -12.100912853740155
-912.9720278851687 -13.191059037707745
-913.2007709018885 -13.899039968512952
-912.8251283042132 -14.671995505355298
-912.5392320029437 -15.75201748277992
-912.8234059385954 -16.982495769523084
-912.3502924017607 -18.545542105697095
-912.096694844216 -19.738158806823193
-911.8273943834006 -21.571396693252026
-911.4585436157881 -22.52371154692024
-911.4891301713883 -23.44495247270912
-911.715585591644 -24.271475061438977
-911.2847176812588 -25.18013416197151
-911.7433747075497 -26.9196487512812
-912.0598532579838 -28.08919368650764
-911.8358010970055 -29.37992618944496
-911.6973694138228 -31.224801644347608
-911.526789086312 -32.51788102056831
-911.2087766997515 -34.162318214438855
-911.6900889746844 -35.63188444044441
-911.7519160158931 -37.15038870241493
-911.3617736645042 -38.534441575072705
-911.2889829225837 -40.25337098505348
-911.5041840024292 -41.40567170049995
-910.825950796157 -42.53785262968391
-910.3202825136482 -43.26352868940681
-910.3016321010887 -44.70765875246376
-909.8227725870906 -45.47163705494255
-908.8820567376911 -46.60664610531181
-907.8091302163898 -47.1900464740023
-907.1793312080204 -48.0751046982035
-906.1751486308872 -49.399994596503674
-905.0217848069965 -50.66295991804451
-904.4093904741108 -51.13199500706047
-902.9267730958759 -51.63151971962303
-901.6044795759021 -52.56517915394157
-899.771160865575 -52.966253325007855
-897.994743848592 -53.553808316253125
-897.2117460615932 -53.93185959722847
-896.3469863779842 -53.995082139633595
-894.7428148634731 -54.38116237487644
-893.657039130479 -54.82598420944065
-892.7506045944988 -54.66592483188957
-891.8701414711772 -54.896431460641324
-890.6982010252773 -54.51365236904472
-889.745770061761 -54.39730051871389
-888.8101676352321 -54.19387765940279
-887.1799488909542 -53.803383670412
-885.6409639962017 -54.04676235433668
-884.6079412348568 -54.17534699257463
-883.5376578219234 -54.238683037124574
-882.5830294735729 -54.73363276537508
-881.3796257622539 -54.40087201412767
-880.4813039548694 -54.72014268454164
-879.0783232696353 -55.09265553172678
-877.6560074336826 -54.87403541024774
-875.8774186618625 -55.43428682502359
-874.7929499395191 -55.383261218331754
