-1105.6 10.64
-1103.6124696493148 10.147052123546601
-1101.6751885175704 10.318617849946023
-1099.7640402078628 10.186781644225121
-1097.7959323883056 9.694647162556649
-1095.8362205982207 9.826286464333535
-1093.8671620845794 9.305162578225136
-1092.0088963270186 8.993076860308648
-1090.0772641658782 8.680961012244225
-1088.2581115722655 8.21059095799923
-1086.4499863147735 7.945596843361855
-1084.604998087883 7.741769819855691
-1082.6712953805923 8.034687071442605
-1080.7349300146102 7.865262507796288
-1079.011199569702 8.020463719367982
-1077.32212934494 8.543530538082123
-1075.9187325000762 8.298619344234467
-1074.11695728302 8.001367791891099
-1072.2972551345824 7.878842964172364
-1070.4853656053542 8.190159335136414
-1069.025607562065 8.492065026760102
-1067.3229684591292 8.441070675253869
-1066.0022263288497 8.31490653693676
-1064.2255106925963 8.292099385857583
-1062.4621506690978 8.766813814044
-1060.75296959877 8.715943171977997
-1058.809179997444 8.997260823249817
-1057.0312373399734 8.963998555541039
-1055.0688282012939 9.114103406071663
-1053.1050818920135 8.806557088494301
-1051.1639207363128 8.859512373209
-1049.3851722240447 8.626302301287652
-1047.46348426342 8.919770806431771
-1045.5185012578963 9.043085172176362
-1043.6249239206313 8.743821098804474
-1042.1117214918136 8.5926174813509
-1040.3640823125838 8.74860313475132
-1038.3976163625716 8.990050762295724
-1036.4991516828536 8.764345794320107
-1034.8078016996383 8.514661594629288
-1032.9947925567626 8.734789505004883
-1031.0926871061324 8.899991005063058
-1029.3558286190032 8.412587552666665
-1027.3945868968963 8.228061347603798
-1025.7353231668471 8.461839854121209
-1023.8031441926955 8.254015892148018
-1022.1776515007018 8.040142684578896
-1020.3414234876632 7.898002266287804
-1018.4988684415816 7.854259341359139
-1016.636616206169 7.84756782591343
-1015.0634265899657 7.8692936295270925
-1013.094426369667 7.997314392924309
-1011.4063240051269 7.5270886415243154
-1010.1380458831786 7.733970984220505
-1008.2080236434936 7.538718491196633
-1006.2803367137908 7.738502025008202
-1004.7210985183715 7.974160551428795
-1002.7705105304717 8.01711887061596
-1000.9008008003234 7.780081658959389
-999.0341759681701 8.062360613942147
-997.3185003757476 7.753600954413415
-995.3638444900512 7.5337075734138494
-993.3974050045013 7.450056030750275
-991.8025327682494 7.108431174755097
-989.8985832691192 7.619200422763825
-988.0206676483153 7.494826763272286
-986.0911247491836 7.306753485798836
-984.1650758743285 7.358782380223275
-982.4217741250991 7.20190611422062
-980.5698718786239 7.418039872646332
-979.034066414833 7.455312400460244
-977.7121637821197 7.768332987427712
-976.0608014822005 7.774057611227036
-974.1195559263228 7.6351160252094274
-973.2081011295318 8.390326544046403
-971.4325530290603 8.310587986707688
-969.4923664093017 8.29284875035286
-967.5792394638061 8.383985280394555
-965.7657109260558 8.49981783270836
-963.899584031105 8.296366258859635
-962.0850221872329 9.199305220842362
-960.1460456609725 9.035534589886666
-958.2774922609328 9.195375576019288
-956.3995258569716 8.906242742538453
-954.4761819601058 9.062796443104745
-952.7278971433639 9.489925830960274
-951.0143630266189 9.399946137666703
-949.1028482675551 9.532209008336068
-947.2406023502349 9.60997531503439
-945.2981658935546 9.581639952361584
-943.3919631004333 9.198102421462536
-941.4424339294433 9.170260883271695
-939.597287750244 8.883425868451596
-938.0289242029189 8.522188819348813
-936.1509067773818 8.927876002490521
-934.4414726257323 9.233806646764279
-932.5875161647796 9.142114415168763
-930.9158762454986 8.742345079183579
-929.0069397449492 8.276690199375153
-927.1411140918731 8.252061344087124
-925.3750002145766 7.621716714799405
-924.0192922115325 6.792629457414151
-922.2878608465194 6.652199603021145
-920.3992860078811 6.259595550000668
-919.0537618160247 5.539701617658139
-917.2179938316344 5.916567898690701
-915.3421724796294 4.947339631021023
-914.0030396938323 3.9313817986845976
-912.9214859962462 3.387984074056149
-911.6516136884688 1.933377541005612
-910.3320873737334 0.45342413276434
-909.4640438318252 -0.4780212274193758
-909.0274079203605 -2.2146626344323153
-908.3788532972335 -3.8663811317086214
-908.4888990581035 -5.051024281084537
-908.7501858830451 -6.214100562632083
-908.2241577267646 -7.593469225466251
-908.3275750115513 -8.95700296074152
-908.5963225796818 -10.348766647875308
-908.9622070923447 -11.460741483271121
-908.5041315987705 -13.154205285608768
-908.4360602483152 -14.424114190638065
-908.2182898804544 -15.403579317629337
-908.4709481582045 -16.536625467836856
-908.0206514284014 -17.6890109410882
-907.5844601675867 -19.40850683361292
-907.2274775192141 -20.961786114275455
-906.7985018774866 -22.144806944429874
-906.425157187879 -23.757935964167118
-906.3927791699766 -25.209597550928592
-906.3194273993372 -26.15197845607996
-906.9861761614679 -27.779899322092533
-907.5836358353495 -29.5938382974267
-907.5539593234657 -31.2412855258584
-907.7025376841425 -32.05398687034845
-907.374222396314 -33.63765414863825
-907.3605618014931 -35.06487246662378
-907.1757209882139 -36.407335125505924
-906.9694166764616 -37.99631520420313
-907.6876091346144 -39.684341632425784
-907.5634805396198 -41.340127193033695
-907.8109629437326 -42.87263675838709
-907.4230975493788 -44.533788763582706
-906.9384489640593 -45.461411797106265
-905.9126768693327 -47.27008970886469
-905.6804294869303 -49.000256859362125
-904.0668872877955 -50.21962960869074
-903.1494124218821 -51.222570859491825
-902.5608546420931 -51.427961670458316
-901.5162515327333 -52.25554450660944
-899.8228029891848 -52.59888234049082
-898.5294958040117 -52.92581247597933
-897.0039800092577 -53.65824060946703
-895.8395983859896 -53.66464181303978
-894.5907456561922 -53.93050907611847
-892.7631973907351 -54.22416643857956
-891.6999026224016 -54.452531114816665
-890.2866619512438 -54.441169565208256
-888.8758700773119 -54.9627293400839
-888.138465194404 -54.85392930138856
-886.2677626892923 -55.341239770539104
-885.4446537777781 -55.155088906772434
-883.9669723793863 -55.26463933814317
-882.6211853310465 -54.894343724139034
-880.8441709563135 -54.65895355273038
-880.0960854575037 -54.73305742222816
-878.9909622952341 -54.491763321347534
-877.5896688982843 -54.46703789722174
-876.0590474888681 -54.69788442146033
-874.4960441872477 -55.00510866533965
