-1105.6 10.64
-1104.0666140079497 10.355461730957032
-1102.2496472358703 9.986783190965653
-1100.5216872453689 9.985276854932309
-1098.5401772022246 9.562203533351422
-1096.5652545452117 9.186818725764752
-1094.8070554494857 8.930882460772992
-1092.8942897081374 8.871290005147458
-1091.0379478693008 8.643103651106358
-1089.1713177919387 8.281036726534367
-1087.2694175004958 8.287005505859852
-1085.3790791988372 8.268703631460667
-1083.7071277856826 8.21431585341692
-1081.756358718872 7.926789484322072
-1079.931015586853 7.929107777178288
-1078.3909120321273 7.882403991520405
-1076.5458931684493 7.721052996218205
-1074.7593767404555 7.803879908621312
-1072.964109635353 7.979603982865811
-1071.2673499345779 8.567504144608975
-1069.3649582624435 8.825295514762402
-1067.449359512329 8.619959301650525
-1066.4908712863921 9.355624623000622
-1064.851128911972 9.290073297321797
-1062.952447271347 9.713507376015187
-1061.0102661609649 9.203645966351033
-1059.2938807964324 8.902651927769185
-1057.349648809433 8.840973741710187
-1055.4027970790862 8.964214436113835
-1053.5989466667174 8.670129589140416
-1052.0155521392821 8.300239554941655
-1050.7877255439757 7.960221044123173
-1048.8538703680038 7.85595460921526
-1047.0313622713088 7.577762714922429
-1045.2401132345199 7.5706240454316145
-1043.3378879785537 7.744385606944562
-1042.2068211793899 8.12291289061308
-1040.5501569271087 8.35126662939787
-1038.758758997917 7.9856154987216
-1036.8520731687545 8.310890621840954
-1035.0557853937148 9.002213127315045
-1033.0831894636153 9.145369804799557
-1031.2242024898528 9.591867274940014
-1029.6437870025634 9.185053742825986
-1027.949971294403 8.927614487111569
-1026.0573671817779 8.849106214344502
-1024.1343577861785 8.850855253040791
-1022.3203328609466 8.591472468674183
-1020.4147580623626 8.851105681955815
-1018.491055703163 8.7795668014884
-1017.4451499938964 8.756645880043507
-1015.6103358030318 9.279616139233113
-1013.6562744140624 9.105839840471745
-1011.7626818180083 8.627367250025273
-1009.8924180030822 9.01148229032755
-1008.3288373708724 8.697837523519993
-1006.4193010091781 8.927455834448338
-1004.7541630029677 9.122970096170903
-1002.9708325624465 9.178938440382481
-1001.8445755004882 8.96471800595522
-999.9402924537658 8.611407510340214
-998.2819382905959 8.982530556023121
-996.5448512792586 8.842046938240529
-994.7147152185439 9.157078585922719
-993.3447431087493 9.117525375783444
-991.4266845941543 9.24072336345911
-989.6635095834731 9.920223347246647
-987.6955959558486 9.363697818815709
-985.8112306356429 9.32174632638693
-984.0378199577331 9.105000532567502
-982.1505700111388 9.461596644818783
-980.3871111631393 9.395703695118428
-978.6222350358962 9.556402690112591
-976.7894224882125 9.378654218614102
-974.9345035314559 9.694941199719906
-973.9474686145782 9.364696628749371
-972.041385269165 9.060647375285626
-970.0861366748809 9.199020631015301
-968.331573820114 9.794708437621594
-966.4417568206786 9.472110069692135
-964.5227740764617 10.016128993928433
-963.0096994400024 9.691730774343014
-961.7362440586089 9.826958707869053
-959.8174539566039 9.376115612089635
-957.988617992401 9.676177553236485
-956.9066587448119 9.356203667223454
-955.2736909151076 9.235855034887791
-953.5329851865768 9.62465070873499
-951.903199648857 9.244795880615712
-950.301227068901 9.176234937608243
-948.6577027797698 8.805308319032193
-946.7151390075683 8.913121252655984
-944.7753787994384 8.605986952185631
-943.4633995056151 8.677697553634644
-942.3831593751906 9.357942774295807
-940.7013683080672 8.983993365764618
-939.1121654272079 9.308045282363892
-937.3941694259643 9.705117299556733
-935.4766200542449 9.252581461668015
-933.8611269950866 9.022621616125107
-932.0799785614013 8.99181199014187
-930.1234723091125 8.885698392391205
-928.201499557495 8.348009660243989
-926.2498992443084 7.842046692371369
-924.4821831941604 7.3584120714664465
-922.5982923269271 7.245234026908875
-920.837396121025 6.1963118457794195
-919.2521332263946 4.948302879333497
-917.6222836732863 3.8843603277206427
-916.057861304283 2.743056907653809
-914.8823702096938 1.6498524093627935
-914.4380062282085 0.7335622453689581
-913.5298394024371 -1.1407532548904413
-912.9142805993556 -2.246012196540832
-912.5010435640811 -3.719057188034057
-912.0369060397147 -5.642538056373596
-911.619983947277 -6.915825352668762
-911.2465856432914 -8.32859085559845
-911.1887446254491 -9.959317908287048
-911.28615847826 -10.807224795818328
-910.8809268236159 -12.012136623859405
-910.8233077287673 -13.736174509525299
-910.551567441225 -15.572534606456756
-911.1421772301196 -17.247747824192047
-911.0448009133338 -18.87353484392166
-910.9327030241489 -19.773465201854705
-910.8792150527238 -20.822966859340667
-911.0847522974013 -21.933172509670257
-910.715356683731 -22.661367044448852
-911.0429486691951 -24.551837430000305
-910.7544687449931 -25.547992572784423
-910.8175160795449 -26.65076337814331
-910.6783898234366 -27.974648818969726
-911.0481358230113 -29.229760751724243
-911.1853828191756 -30.683066115379333
-910.9279920518397 -31.95994602203369
-911.6901407897471 -33.90073667526245
-911.7084568798541 -35.115186557769775
-912.1420343577861 -37.048411355018615
-912.0370627924799 -38.985568151474
-912.589916615188 -40.17613051891327
-912.7052428409456 -41.722019300460815
-912.618070064485 -42.603722319602966
-912.0367764815687 -44.04655478954315
-911.7267535313963 -44.87860952377319
-910.4845474347471 -46.11788152217865
-909.606515584886 -47.30408071041107
-908.708530126512 -48.24722229003906
-907.2749367341398 -48.700312987565994
-906.962059496343 -49.96952952504158
-905.9629715666174 -50.80766774773598
-904.1883145555853 -51.905157581567764
-903.1297854170202 -52.10905961751938
-902.1971461758017 -52.22429889500141
-901.0374399408697 -52.73138243019581
-900.4183151111006 -53.2203043705225
-899.1330346450209 -53.77926021873951
-897.465432344377 -54.23630124390125
-895.887856183946 -54.440801755189895
-895.0642389640211 -55.05830909371376
-894.3217452749609 -54.592370257377624
-892.8491003498434 -55.10381846189499
-891.751800058782 -55.13925059944391
-890.8033521756529 -54.98209612876177
-889.174413023889 -54.96707772523165
-888.2825856193899 -54.416014247238635
-887.370948730409 -53.96393515974283
-885.5527271613478 -54.149286471903324
-883.7850477084517 -54.649389230310916
-882.7978158578276 -54.54447971343994
-881.8608508691191 -54.74952250778675
-880.8805242761969 -54.934716344475746
-879.4325219377874 -54.41569918453693
-878.4988135680555 -54.05174940884113
-876.9028913363813 -54.20418120980263
-875.5956434592604 -54.508024171590804
-873.7796620711683 -54.982134149074554
