-1105.6 10.64
-1103.8354865074157 10.83053515791893
-1101.8814078330993 10.530869915485383
-1100.061003422737 10.56642292752862
-1098.2829768419265 10.01154308333993
-1096.3541691064834 9.592622625976801
-1094.46603808403 9.41552667632699
-1092.520799255371 9.034431415945292
-1090.5405049085616 8.79047997608781
-1088.8943910360335 9.34733154192567
-1086.944903230667 9.008707660585642
-1085.0338728189467 8.646437752395869
-1083.0610599279403 8.57243445828557
-1081.9389177322387 8.51489964440465
-1080.0480645656585 8.208527657538653
-1078.1592767000197 7.978044840842486
-1076.3544810771941 8.3437619240582
-1074.4083186149596 8.644916209727526
-1072.452075099945 8.442461434155703
-1070.603881216049 8.235529276877642
-1068.7203178167342 8.060376289635897
-1066.8158188819884 8.108003857880831
-1064.8877550125121 8.043589207679034
-1063.31180331707 7.812389674931765
-1061.4275814056396 7.666388812810183
-1059.9434427976607 7.7713640065491205
-1058.1558785200118 8.074308785945178
-1056.4850408792495 8.34659114792943
-1054.5652613401412 8.077704045325518
-1052.769123649597 7.716179433614016
-1050.84809384346 7.468530717641116
-1048.9404455184936 7.417117986232043
-1047.4343105316161 7.555747109800578
-1045.5466681480407 8.21747358456254
-1043.7877634525298 8.080972421318293
-1041.8475264072417 8.912181008011103
-1039.9713521957397 8.455139744430781
-1038.0750263690948 9.220215606838465
-1036.210163450241 9.387625071555377
-1034.9359178304671 9.609881970435382
-1032.9761287927627 9.237744960337878
-1031.0812783002852 9.178507375866175
-1029.123381948471 8.724259483963252
-1027.1805115699767 8.986822503954173
-1025.5847037792205 8.770560118705035
-1023.6731689929961 8.925733956843615
-1022.1405012369155 9.446378800421954
-1020.476538157463 9.118018183261157
-1018.6083583593368 9.791044327765704
-1016.6524448156356 9.46966210320592
-1014.7511831283568 9.674910161048174
-1012.8254130840301 9.858473691493273
-1010.8429645061492 9.782828550189734
-1009.226578092575 9.898578334003687
-1007.3115807533263 9.447157311588526
-1005.4703676462173 9.334871056824923
-1003.6650876760482 9.419979523271323
-1001.808482146263 9.813562075942755
-999.8320216894149 9.368947903960944
-998.178953385353 9.08892641529441
-996.2599305868148 8.653618048280478
-994.4153369426726 8.872922714203597
-992.5102072715758 8.845132883042098
-990.5523708820342 8.965433280318976
-989.0620432853698 9.365930985063315
-987.1617349147796 9.547881136983634
-985.4734831809997 9.212104062885047
-983.5595874547957 8.911809544414282
-981.6364685058593 8.515820394605399
-979.8084085941314 8.889172266572714
-977.9104960918426 8.71062889263034
-976.0026948213576 8.65320330426097
-974.2164577007293 9.090035136193038
-972.2528961658477 9.781288083046675
-970.3579902410506 9.803838740438223
-968.4670860528945 9.432409893125296
-966.4977050781249 9.928949754089118
-965.6671200752257 10.462125282138587
-963.8204821109771 9.89224181637168
-961.8311462163924 9.839604373425246
-960.0989302158355 9.336280520409346
-958.1891033411025 8.856111849993468
-956.2630280017852 8.375495697706938
-954.682069993019 8.173756863325835
-952.8579885721206 8.15741848513484
-950.9450590372085 8.606772209852934
-949.3880215644836 9.082690145224333
-947.8718546390533 9.218629534691573
-946.1642480850219 9.058078001588584
-944.9242332935332 9.277348648160697
-943.0895722866057 9.077549274414778
-941.1688927173614 9.278105463236571
-939.2127905845641 9.046607266515494
-938.1354390144347 9.339490245431662
-936.381879544258 8.924653183072806
-934.665127968788 8.624625305980445
-932.776326394081 8.328009526580573
-931.0469482898711 8.217702697366477
-929.1276625156402 8.447120468467475
-927.207621192932 8.200109373182059
-925.9800433874129 7.902077506631613
-924.0911931753158 8.632894466966391
-922.1921834707259 8.874151747077704
-920.7839064359664 8.657064835876227
-919.1931087732314 8.697459559291602
-917.6723485946654 8.408407966941596
-915.7092441082 8.380310098975897
-913.891944861412 8.167551051229239
-911.940042233467 8.15535975560546
-910.0442746639251 7.921633224338294
-908.2145377159118 8.049779440611601
-906.2917161941527 7.714374180287123
-904.7981744766234 7.775925140231848
-903.0457285404204 7.279385487884284
-901.3680094242095 7.28078075811267
-899.7202542781829 7.130545894950629
-897.8031614780425 7.0990812437236315
-896.4030012845992 7.158692050129176
-895.1415195226668 6.783544528633357
-893.4091975450515 6.344566929489375
-892.1748127698897 6.57775362148881
-890.7087638139724 6.733263629823924
-889.1510929822921 6.82219842389226
-887.3018357515334 6.780499223023654
-886.0958312511443 7.252894017249346
-884.3363049983977 6.765001806765795
-882.626044845581 7.4145864577591425
-880.7235613822936 8.099245342761279
-878.8428675889968 7.772789928466082
-877.307563638687 7.681350480169058
-875.8519632577895 7.288601319640875
-874.1147937536239 6.805507700294257
-872.8786407470702 6.458893160670996
-871.4648043870925 6.3831265674531465
-869.5415553808211 6.607271503061057
-867.648521876335 6.43077110812068
-865.9665970563888 6.919760163277388
-864.0568594694137 7.159200053066016
-862.9185275793075 7.158325250595809
-861.0510897397994 6.664096351116896
-859.632046675682 6.988712991923094
-857.9822126388549 6.7964805470407015
-856.0517077207564 7.189321439117194
-854.203784918785 7.269173014312983
-853.0454090595244 7.1643118740618235
-851.1414457321166 7.32788892403245
-849.6482169389724 7.630964625030757
-848.7472940444945 7.4300056727230555
-847.9281250596046 6.832760933190585
-846.142433798313 7.106661501675845
-844.6670092701911 6.134883228093386
-843.3018558382987 4.711849990636111
-841.9529765009879 3.9540201456844812
-841.6650067925452 2.608621481209994
-840.7752257943152 0.9478770525753504
-840.3361570000648 -0.730088350027799
-839.8548286318778 -1.5354247657954687
-839.9540279418229 -3.341805991381406
-839.9159539997577 -4.765740927904844
-839.2870200932025 -6.704753812998533
-838.8022472918033 -7.554754313677549
-838.1718959271907 -8.40190618917346
-837.8313813567161 -10.309226330965757
-837.4201012611388 -11.050058004111051
