-1190.34 -216.27
-1191.8639695310592 -216.25394635878504
-1193.5620196723937 -216.52280798040331
-1194.6006999874114 -217.34230222783984
-1195.8770053052901 -218.17174449048937
-1197.4826787376403 -219.0310113080591
-1198.926653470993 -219.58421471200884
-1200.5052908325194 -220.7738886126131
-1201.1865718030929 -222.4080301769823
-1201.4828592205047 -224.1855324753374
-1201.5917536729573 -226.1316240080446
-1202.2477764600515 -227.75113799653948
-1202.6643698626756 -229.71697452150286
-1203.182143908143 -231.30855217061938
-1203.224140022099 -233.07715847574175
-1203.8867731431126 -234.7701053865999
-1203.655937437117 -236.72558429323138
-1203.5272454062103 -238.4458067663759
-1203.9083629885315 -240.34594633661212
-1203.9053996542095 -242.07642474256457
-1203.3675310352444 -244.05431106172503
-1202.7814928033947 -245.9749441393465
-1203.0751479008793 -247.78011849008502
-1203.161394830942 -249.74711837850512
-1203.6252185964584 -251.68399086080493
-1204.029038157463 -252.74387695871295
-1204.1057307833432 -254.56602838121356
-1204.4362577313184 -256.5100555666536
-1204.5437791609763 -258.46945908151565
-1204.706703286767 -260.37558367334304
-1204.7972226405143 -262.0650120028108
-1205.07212569952 -263.82783224664627
-1205.0654486083984 -265.63790466867385
-1205.2930644118785 -267.4454233893007
-1205.2443827056884 -269.3451099642366
-1204.2615886592864 -271.15013458810745
-1204.4985300564765 -272.6842979439348
-1204.6322318428754 -274.31748595319687
-1204.4783464187383 -276.14584961019455
-1204.6713825279473 -277.9906795271486
-1204.3062611633538 -279.7500958689302
-1204.219026517272 -281.5357053526491
-1204.5860160702466 -283.3575487383455
-1203.9044699186086 -285.2631618031114
-1203.419771503806 -287.14284136377273
-1203.6487043911218 -288.7292996891588
-1203.83189029634 -290.52045729242263
-1204.4675232881307 -292.3507790812105
-1203.668733548522 -294.20410897813736
-1204.0467001014947 -295.40518632017074
-1204.5073431545495 -297.3507181652635
-1204.8181606346368 -299.1736799725145
-1204.5608578437566 -300.9288090714067
-1203.8008884900808 -302.7274800785631
-1203.488842409253 -303.6528334864229
-1203.8338963204621 -305.1682058819383
-1203.663932930827 -306.8844348438829
-1203.094072472453 -308.8079608925432
-1203.4799895399808 -310.5258026369661
-1203.7001387441157 -312.3959470041841
-1204.054119940996 -313.2644603499025
-1204.6540970170497 -314.66744914136825
-1205.0845324361323 -315.99060478292404
-1205.1632260942458 -317.8042086609453
-1205.189332332611 -319.45871212564407
-1204.649402167797 -321.20585467897354
-1204.7653495186566 -322.8811643370241
-1204.5699509644508 -323.6821903236955
-1204.3227518463134 -325.18409171186386
-1204.2354406008124 -327.1346535929292
-1204.6009773501753 -328.8647234686464
-1204.7080296316742 -330.27546789728103
-1205.0330191293358 -332.01503815732895
-1205.2464867869019 -333.6183935650438
-1205.3049866893887 -335.4852569349855
-1205.021324072182 -337.2734766253084
-1204.4968653658032 -338.945237422809
-1203.9910635092854 -340.90614559732376
-1204.0708107391 -342.75846352659164
-1204.2925117650627 -344.0342608936876
-1204.2368769088387 -344.86835529886184
-1203.9309176543354 -346.7549865492433
-1204.506604168713 -348.0781808146089
-1203.5697232821583 -348.97628262124954
-1203.4374580273031 -350.49908020578323
-1203.6476284453272 -352.37413575731216
-1203.3129415997862 -354.25422849737106
-1202.8313701638579 -355.84814968191085
-1202.4916695842146 -357.7166496761888
-1203.2061334142088 -359.54568018995224
-1203.3461389431357 -360.53987314783035
-1203.8964799532293 -362.4471562155336
-1203.7284300366043 -364.2496267803758
-1203.1181881466507 -366.1781271942705
-1203.449285749495 -367.79218330465255
-1202.7757865229248 -368.5532654174417
-1202.9175643661617 -370.2484172233194
-1202.6013086774944 -371.91058048091827
-1202.030657325089 -373.43694242320953
-1201.419769141972 -375.1705913194269
-1201.6781413295864 -376.00522979579864
-1201.7778564804792 -377.81683548770843
-1202.3282820695638 -378.5877278693765
-1202.1944794768094 -380.49415215335785
-1202.9163244479894 -381.8427258380502
-1203.3945295923947 -383.45805593810974
-1203.9574995154142 -385.180773223266
-1203.6547415965795 -386.33639284454284
-1204.1546690577268 -388.2135482677072
-1203.610385786891 -389.6686275848001
-1204.0489004963636 -391.54331120334564
-1204.0208747947215 -392.95266648612915
-1203.6069231593608 -394.52446206890045
-1203.5364886114 -395.8698168643564
-1203.2736523637175 -397.8096254714578
-1203.5525779017805 -399.48869093738494
-1203.1504474470019 -400.85531946502624
-1203.1706096680462 -402.19094094119964
-1202.9112163634597 -403.8356965430826
-1203.110404536277 -405.26301714263855
-1203.2775866539776 -406.7383125670999
-1202.9281265588104 -407.98572489105163
-1203.4651989789306 -409.5610608705133
-1203.1575539560615 -411.0050594457239
-1202.7228449733554 -412.74471696697174
-1202.134655907899 -414.03244694553314
-1202.3997903318702 -415.10485907875
-1203.1713899226486 -417.0001773484796
-1203.3399596364795 -418.7960145124048
-1203.7085246892273 -420.6510105975717
-1204.3050879092514 -421.6921389945596
-1204.3664625437557 -422.7654043086618
-1204.587974667698 -424.6769305118173
-1204.82778880015 -426.1523252376169
-1205.086760521084 -427.5150562175363
-1205.2166755200922 -428.54732796035705
-1204.773512661606 -430.2370395310968
-1204.980239495784 -430.8730495222658
-1205.0790117831527 -431.80914827667175
-1205.080200895816 -433.6512308963388
-1205.229414269477 -434.8935018428415
-1205.2421972902118 -436.64746888957916
-1205.4081085474788 -438.2220795997232
-1205.7392667384445 -439.86269732795654
-1205.9011866004764 -441.1650474914163
-1204.889972821027 -442.2179027446359
-1204.672368094474 -442.8938846834749
-1204.3095500321685 -444.26102926813064
-1204.0063738079368 -445.7110005863756
-1204.4154899270832 -447.1463200100511
-1204.5593227447569 -448.1766529329866
-1204.8491536082327 -449.2193675287813
-1204.708228469044 -450.4588244207948
-1204.707094773799 -451.1360322483629
-1204.95712314561 -452.5742962606996
-1204.980754122287 -454.48479082666336
-1205.0914736540615 -455.9725237139314
-1205.4126593919098 -457.022212530002
-1204.587028965503 -458.3446833141893
-1204.733846977502 -459.279397810325
-1204.6438254417478 -460.4056745418161
-1203.7214618624746 -461.42028459392486
-1203.5163656176626 -462.84384723983703
-1203.6802274884283 -464.71081754051147
-1202.9951600731908 -465.96511765800415
-1202.8498831690847 -466.68070885024963
-1202.2652589978277 -468.014499867782
-1201.9920985402166 -469.0426157363504
-1201.186779052168 -470.53560575328765
-1200.9511538745462 -471.72771033130584
-1199.7086641789972 -472.41470476470886
-1198.2515650989114 -473.0567112215608
-1197.340494096428 -473.9578814753145
-1196.4016188980638 -474.17904801152645
-1195.5860516430437 -474.602776537165
-1194.3933901192247 -474.3765176632255
-1192.7032637001573 -475.06990731738506
-1191.0781179071962 -474.6946439244598
-1190.3767444492876 -475.2312345006317
-1189.1615615488588 -475.2288192608207
-1188.5528978706895 -475.38349511705337
-1187.6506920458376 -475.0297586568445
-1186.8657811285555 -475.58464660726486
-1185.1708610655367 -475.54060157619415
