-1190.34 -216.27
-1191.923069562912 -217.8862054538727
-1193.0491794013976 -219.3018913459778
-1194.0971115493774 -220.9285705280304
-1194.8026023769378 -222.4855786752701
-1195.933862056732 -224.30743183612825
-1196.3445806765556 -226.07963408946992
-1195.8764716947078 -227.95242728710176
-1195.7171464824676 -229.35936488628388
-1195.6622072720527 -230.54963447570802
-1196.8416093850135 -232.0058934879303
-1197.3984408044814 -233.13984252929689
-1198.0814994835853 -234.88313247680665
-1198.4566614890098 -236.66872312545777
-1198.7786011958121 -238.2979097557068
-1199.4454144501685 -239.59448518276216
-1199.406871881485 -240.75990309238435
-1200.1636237764358 -242.39582886219026
-1201.0406899118423 -244.2594632101059
-1201.041966062188 -246.00666965961457
-1201.7462988311052 -247.82652379989625
-1201.3028828316926 -249.80485774993898
-1201.464697163701 -251.74218775749208
-1202.332325440049 -252.46895309209825
-1202.1483189874887 -254.37576432943345
-1201.92022262156 -256.28810401678084
-1201.544940482974 -258.1999857020378
-1201.2699223870038 -259.8000046801567
-1201.2655345761775 -261.7041210722923
-1200.8324070835113 -263.15634186983107
-1200.9845540487765 -264.2737123560905
-1201.2594910228252 -266.03732820272444
-1201.9614177906512 -267.8061539721489
-1202.3148313128947 -269.482533891201
-1202.0481669270991 -271.39128847837446
-1201.779232558012 -272.4767108750343
-1201.9170262181758 -274.39023431062697
-1201.9458879196643 -276.34744485139845
-1202.0153201335668 -277.73330207586287
-1202.1458403879403 -279.12331457853315
-1201.6503211671113 -280.70571108579634
-1201.1038980299234 -282.2774412226677
-1201.1191509926318 -283.96718331098555
-1201.2427452096342 -285.888806540966
-1201.6582379826903 -287.42010064840315
-1201.586653817594 -289.2305545401573
-1201.2066092976927 -291.08031745672224
-1201.3531154730915 -292.78320070028303
-1201.5619612970947 -294.6710619521141
-1202.3554706612229 -296.6364198517799
-1202.8841106334328 -298.5377472233772
-1203.5221670308708 -300.34785433530806
-1202.9873667398094 -302.241234023571
-1202.9805282858758 -304.16983147382734
-1202.761564752236 -306.1288165640831
-1203.2174752561002 -307.6163675379753
-1203.0716913399845 -308.91645558595656
-1202.7743107137828 -310.30686505556105
-1203.3668781576305 -312.12592824220656
-1203.4645208997279 -313.6891930890083
-1203.934461293891 -315.5643189740181
-1203.8245435414462 -316.9553703856468
-1203.681180184856 -318.4968399596214
-1203.6134293807297 -320.36282130002974
-1203.9309376312046 -321.74216314077376
-1203.2817445827275 -323.70579441308973
-1203.4635704887658 -325.1746258330345
-1202.9986942840367 -326.7652599406242
-1203.673891885355 -328.55115016222
-1202.898817403391 -329.8616041731834
-1203.3769078386574 -331.8132500243187
-1203.386884657815 -333.3480612826347
-1202.6424078626185 -335.1593501162529
-1202.9512421173602 -337.1051024985313
-1203.3272017819434 -338.32297476053236
-1202.9734756631403 -339.95817752599714
-1203.2064997089653 -341.66284247159956
-1203.290727822259 -343.57608838796614
-1203.043790249303 -345.501478869915
-1203.180243877843 -347.353525121212
-1203.4325394613295 -349.0788666796684
-1203.1833845359831 -350.417387444973
-1203.5086052400618 -352.00688346147535
-1203.4694592488556 -353.52674992799757
-1203.674514768794 -355.4764403891563
-1203.1787064356356 -357.3533792090416
-1203.8440857810526 -359.1995324683189
-1204.0104515833407 -361.1273638796806
-1204.3391517681628 -362.7748968195915
-1203.8268016857653 -364.3390979361534
-1203.4818197173624 -365.2706925463676
-1203.0507208985834 -366.91375394582747
-1203.39625638552 -368.7656147074699
-1202.7796031815558 -370.5848012757301
-1202.8388211113959 -372.2185645890236
-1202.8872487229853 -374.0799165558815
-1203.0316268337517 -375.78319938898085
-1203.2800339592247 -377.62377198457716
-1203.6733773184567 -379.02579887628553
-1203.3034426105767 -379.83181663274763
-1203.5166776908188 -381.1946144890785
-1203.0199894440918 -382.9244637084007
-1202.9264473301916 -384.73990770101545
-1203.1744826716929 -386.18636568307875
-1203.463426022008 -387.79648109197615
-1202.8296408934145 -389.60546036481855
-1203.085288254693 -391.5143987727165
-1202.5233814401179 -393.1834750962257
-1202.9991094452887 -394.8931840252876
-1202.8431435955315 -396.4594523501396
-1203.0424142313748 -398.36287256002424
-1203.0847435501962 -399.81450851678846
-1203.1795810369401 -400.5068518710136
-1202.5754867700487 -401.9729736638069
-1202.5756937937438 -402.90402980566023
-1203.3054999785124 -404.4978189063072
-1203.6815344469248 -405.7366891694069
-1204.087284155339 -407.56001265764235
-1204.53642848894 -408.3085442972183
-1204.5038231687247 -409.77606179237364
-1204.4966620580851 -411.20121910095213
-1203.8082456366717 -412.799506444931
-1203.3299001531302 -414.2588845682144
-1203.4480679036676 -415.9501092624664
-1202.6302108766138 -416.69896354198454
-1202.3559309841692 -418.22880770683287
-1201.7318879963457 -419.3556838226318
-1202.3033724428713 -420.77866615772245
-1202.9613616468012 -422.40541531562803
-1203.2745806874334 -424.30656792640684
-1203.3999069930612 -425.4969161939621
-1203.9472999574243 -427.24266709804533
-1204.4763852359354 -428.85356010913847
-1203.6629205943643 -430.5695270490646
-1202.954121351391 -431.98206498146055
-1202.5555501581728 -433.69623674869536
-1203.2332265378534 -435.6449823570251
-1203.3992237897216 -437.54540373802183
-1203.6315774025022 -439.1723243188858
-1203.1876172424852 -440.58367552280424
-1203.0116003753244 -442.12355031490324
-1203.086946517378 -443.20060755729673
-1202.5378864707052 -444.49838139533995
-1202.891139626652 -445.7103704404831
-1202.6409029664098 -447.5421091508865
-1202.862289160639 -449.2828878355026
-1202.5001292826234 -450.8147137355804
-1202.8624290527403 -451.7905159783363
-1202.884378876686 -452.7088331770897
-1202.9803135880827 -453.9709534239769
-1202.4024331459402 -455.40421660661696
-1202.4121937548368 -456.28831370592115
-1202.930363157913 -457.3078238558769
-1202.8399166112392 -458.591332514286
-1202.9975507055967 -460.155496199131
-1203.5982755815237 -460.9257744145393
-1203.3228894864767 -462.52978702306746
-1203.3561544214933 -463.38285334825514
-1202.8463343774526 -464.5058117699623
-1202.0271684920042 -465.92592807531355
-1202.060937905833 -467.7382287573814
-1202.095734918639 -469.2187867951393
-1200.7887978201359 -469.75826175928114
-1200.072183812186 -471.4474906516075
-1198.6744384413212 -472.6915299487114
-1197.1230644827335 -472.84583624124525
-1196.5081479196995 -473.20406191468237
-1195.4921321516483 -472.93826957464216
-1194.026567781493 -473.75215454816816
-1193.469762886092 -473.9470689487457
-1192.1093157177418 -474.1630016160011
-1190.6156159286945 -474.6911996793747
-1189.9871253614872 -475.3980042529106
-1188.4772967939823 -475.6542315971851
-1187.0385362749546 -476.3238985431194
-1185.2706603651493 -475.9329582047462
-1184.26116308026 -476.3353426647186
