-1190.34 -216.27
-1191.493239607811 -215.57825966596604
-1192.814273085594 -215.62231656581164
-1194.401219215393 -216.3552390602231
-1195.9570382499694 -216.79138371020557
-1197.286524977684 -217.88460001021625
-1197.6482563281058 -218.2391619053483
-1199.202975180149 -218.7339444127679
-1200.2804148459434 -219.24195545583964
-1201.002177145481 -219.71931963831187
-1200.585840191841 -221.31629031568767
-1201.0107695126533 -222.8012091484666
-1201.3315379285812 -224.18546217352153
-1201.955821123123 -224.9765129056573
-1201.8681538665294 -226.2035294738412
-1202.4946062529086 -227.50377511650325
-1203.0570422971248 -228.5349913802743
-1202.4645951354503 -229.06593900591136
-1202.185025807619 -230.4440268841386
-1202.7188638412952 -231.38866704374553
-1202.781372923553 -232.21718805700542
-1203.4796930143236 -233.06667130857707
-1203.0244065710901 -234.2188357678056
-1202.4180798718332 -235.1627221670747
-1202.439137853831 -236.1782603827119
-1202.1392772273718 -237.5768360462785
-1202.9088737444579 -238.40265392929317
-1202.7748039142787 -239.1499909129739
-1202.8839376719295 -240.06164192825557
-1203.0628760756551 -241.1642184224725
-1202.5683263243734 -242.23885869652034
-1202.776612997204 -243.1625378099084
-1202.6905760617553 -244.7023531165719
-1202.1838821621238 -246.12761747509242
-1202.194753408581 -246.9970325794816
-1202.6740590931474 -248.14134448438884
-1202.4482367636263 -249.04522168308497
-1201.948724180609 -250.0367854204774
-1201.5697809757291 -251.24887460142375
-1201.7048850060999 -252.0967984762788
-1201.4223646523058 -252.69317102104426
-1202.0759668947755 -254.47465979725123
-1202.0582953618466 -255.82916640907527
-1201.5181249307095 -257.0793034997582
-1202.0608008430897 -258.3050309386849
-1201.80851753816 -260.00446855694054
-1202.369533561319 -260.828220423758
-1202.7714930401742 -261.71745663553475
-1202.5061229096352 -263.25104075342415
-1202.461580734849 -264.74113839536903
-1202.5761543774604 -266.10426765352486
-1202.746271547079 -267.6074122753739
-1203.117800709009 -269.24339157015083
-1202.627877768278 -270.56063848406075
-1202.2316335701942 -272.1686618891358
-1202.4222217315435 -273.2301148739457
-1202.2583533638715 -273.8651413884759
-1202.8748300784825 -274.7552672591805
-1202.8093971574306 -275.97104191452263
-1202.2932431066035 -277.29125272899864
-1202.0926931464671 -278.12864029079674
-1201.899872597456 -279.2472259965539
-1202.212157484293 -279.8584783044457
-1202.3516977393626 -280.7796876397729
-1202.209502276182 -281.9856997695565
-1201.6555469596385 -283.17092108398674
-1202.2565581166743 -283.8841557469964
-1202.389327880144 -285.01085924774407
-1202.342858735621 -286.57408165603874
-1202.8975605407356 -287.83882832199333
-1202.6840460339188 -288.865572091639
-1202.624869838506 -290.79517471462486
-1202.4083698393404 -291.6146138873696
-1202.3666555584966 -292.4566687312722
-1201.968628078848 -293.500664588511
-1201.8340482862293 -295.1582045522332
-1201.6506285966932 -296.7976682153344
-1201.8539365829527 -298.2838540044427
-1201.5025158526003 -299.3713836637139
-1201.2726279498636 -300.59688710838554
-1200.928233206421 -301.52454590469597
-1200.6499565841257 -302.57169270187615
-1200.3130110503732 -303.11176013618706
-1200.189981430918 -303.796304282248
-1199.7692982853948 -305.5955809918046
-1199.5663085879385 -306.79027205377815
-1199.5357709230482 -308.1392078962922
-1199.4139067532121 -309.33589654833077
-1199.6701295377313 -309.7619777289033
-1199.4512427152692 -310.8426023092866
-1199.7328674198686 -311.61481278806923
-1199.6332651378214 -313.0244606104493
-1200.5185232163965 -314.41162031561134
-1201.3291541935503 -314.9249989953637
-1201.318399414569 -316.17756187587975
-1201.3971987889706 -317.25956022411583
-1201.4518626780807 -317.9144952264428
-1201.789690658599 -319.56421422630547
-1201.2735171766578 -321.1683732238412
-1201.6098849625885 -321.90125059753655
-1201.2812263818084 -323.4652661052346
-1201.479353621751 -324.2825545039773
-1200.862708583623 -325.374077078402
-1200.6511464865505 -326.2923198905587
-1201.1140268595516 -327.3730049100518
-1200.719180241376 -328.54861783653496
-1200.3323535473644 -330.01977610260246
-1199.9552233965694 -331.1375105348229
-1200.7904969604313 -332.0665313568711
-1200.7370603235065 -333.53284197717903
-1201.5232780130207 -334.21141385704277
-1201.3286778630315 -335.0111104813218
-1201.1114555747806 -336.08257692724465
-1200.8234125526249 -336.7737843957543
-1200.3775941880047 -338.18225991398094
-1201.0501939804851 -338.6475715008378
-1200.982614070326 -339.9800055590272
-1201.4011703731119 -341.052465018332
-1201.0361121894418 -341.7217466202378
-1201.0986673535406 -342.4280515280366
-1201.0277854354679 -343.54738646417854
-1201.610740557462 -344.42056673437355
-1201.1967282445728 -344.98829602867363
-1200.6502487213909 -345.72167849212883
-1201.174330189973 -346.9620144334435
-1200.9006378801166 -347.6032690373063
-1201.3586281092464 -348.29175537496803
-1200.8446058781444 -349.7716757622361
-1201.652961924821 -350.65682166486977
-1202.102938786298 -351.8705998030305
-1202.1739025266468 -353.245509442389
-1202.5711237938701 -354.91870623499153
-1202.3772305102646 -356.2645088997483
-1202.263547733575 -357.7603231039643
-1202.3320852668583 -359.5536535349488
-1202.1703472436964 -360.65665977865456
-1202.216187492162 -361.6187792983651
-1201.7590645106136 -362.1457831826806
-1202.161692366153 -362.9798767533898
-1201.4929513187706 -364.2714638677239
-1201.9142566175758 -365.7846474614739
-1202.5515932889282 -366.5567815867066
-1202.9212792666256 -367.2126408782601
-1203.2393024416267 -368.77837466865776
-1202.9033880086242 -369.84925412803887
-1202.2149265260994 -371.2365351882577
-1202.218984954208 -372.1719963517785
-1201.6213995741307 -373.4094228711724
-1201.687500283271 -374.77602696090935
-1201.7949375213682 -375.7125762668252
-1201.5412469805776 -376.89033591419457
-1202.3057658971845 -377.6793830361962
-1202.287896786034 -379.49193405777214
-1202.4738281854986 -381.1065770354867
-1202.4795737752318 -382.3389450278878
-1202.058841664493 -383.4196699824929
-1201.837445873916 -384.53889345794914
-1201.691695679128 -385.51548605829475
-1201.7836634853481 -387.45552545458077
-1201.9238701352476 -389.05518155962227
-1201.8937914931773 -390.15189009577034
-1201.90923545897 -391.41487759023903
-1202.3989785724877 -392.89632016092537
-1202.7695076876878 -394.2955937948823
-1202.8153649830817 -395.10849898725746
-1203.089541223049 -396.60116248995064
-1202.8464618587493 -397.26287316948174
-1203.2648776733874 -397.9501768913865
-1203.435668554306 -398.72761189609764
-1202.6890602374076 -399.63430094391106
-1202.9724706673621 -400.9241034951806
-1202.437878396511 -402.0210388866067
-1202.893471803665 -403.38578390747307
-1203.202683534622 -404.5808973279595
-1202.4884687924384 -405.94356560379265
-1202.7966765725612 -407.51660108238457
-1202.8780157679319 -409.2514251437783
-1202.407939683795 -410.17164766460655
-1202.0396132284402 -411.04208111435173
-1202.2728050762414 -412.39878403812645
-1202.9073931986093 -413.291001316607
-1203.081789266467 -414.7117112842202
-1202.4334712141751 -416.1777206626534
-1202.4269373008608 -416.790742572844
-1202.5105310568213 -417.932582911551
-1202.7261768022179 -418.4605007138848
-1202.5824410656094 -419.1709318128228
-1202.0006872752308 -419.62389593988655
-1202.4581204095482 -420.26295721203087
-1202.5748767369985 -422.0115390983224
-1202.5920803287624 -422.73819434314964
-1202.0832603910565 -423.4218179550767
-1201.7265554705261 -424.9674755898118
-1202.5191372671723 -425.6861755219102
-1202.7314781585335 -426.48761850267647
-1202.9744556733965 -427.2573594418168
-1202.6909374782442 -427.972799834311
-1203.097622860372 -429.13203352361916
-1202.6689983794092 -430.98498791128395
-1202.7393436843156 -432.3631072607636
-1202.5496321433782 -433.99407714277504
-1201.8384667152166 -434.8827847805619
-1202.0682504290342 -436.5468208160996
-1201.5088522547483 -437.3514332142472
-1201.973060261607 -438.7506739464402
-1201.5345264190435 -439.79955035120247
-1202.1236339920758 -440.60471558243034
-1202.2279674822091 -442.19063257843254
-1202.9045510107278 -443.7358584371209
-1202.7949648836254 -445.52976548343895
-1202.2218879202007 -446.59963309437035
-1202.609380159676 -447.8095674481988
-1203.3060409763455 -448.4677444067597
-1202.7904000619053 -449.4301511016488
-1203.1917443314194 -450.96273874908684
-1203.0819473528861 -452.0941860643029
-1203.427796062231 -453.83399545818565
-1202.8563781940936 -455.2255371776223
-1202.7237810605764 -456.76143777042626
-1202.8002079093455 -457.5079362359643
-1202.209763880968 -458.02771150738
-1201.6905616486072 -459.07293367058037
-1201.5170692467689 -460.04261654287575
-1201.3077571356296 -460.6819300022721
-1202.0724618399142 -461.7490025129914
-1202.3052513563632 -463.367740329802
-1201.8772515320777 -465.1346155968308
-1201.9678956085443 -466.97860854536293
-1201.437534790635 -468.28276055723427
-1200.6057622247934 -469.8222941723466
-1200.974602561593 -471.13103443056343
-1200.26011000216 -472.35315221220253
-1199.5946445280313 -473.8114294376969
-1198.9589352422952 -474.30405613452194
-1198.0759161525964 -474.94647290974854
-1196.980576854348 -475.12397899895905
-1195.7909560018777 -475.51054599553345
-1194.4445388132333 -476.01680364876984
-1193.7137046271562 -476.392736223042
-1192.2268324309587 -477.0425994065404
-1190.6327292138337 -476.3497697380185
-1189.3692582064866 -476.6718211439252
-1187.7534732037782 -476.9606664147973
-1186.1472313815354 -476.9872345034778
-1184.271096509099 -477.4463803474605
-1183.3177984172105 -476.8251096908748
