-1190.34 -216.27
-1191.229726102352 -216.64131583690644
-1191.8458318972587 -217.08658828258515
-1192.91798653841 -217.66638769626618
-1193.359490301609 -218.52143510103227
-1194.3837113642692 -219.6814231467247
-1195.2741756701469 -220.9537393641472
-1195.8374638819694 -222.3730418276787
-1196.3261154556274 -223.2768519115448
-1197.0846409463882 -224.7887910795212
-1197.1664312893151 -226.43837692260743
-1196.9867500478028 -228.17891647338868
-1197.2495443338155 -229.76969339370729
-1197.6408563667535 -230.68538947820664
-1198.0460773819684 -232.20019264936448
-1198.8028378599881 -233.31012805223466
-1199.0242387020587 -234.64111109495164
-1199.3017665112018 -235.92970700979234
-1199.0387125277518 -237.76150079488755
-1199.599007334709 -238.575419921875
-1200.7602040433883 -240.0666855764389
-1201.3001990580558 -241.9123718929291
-1202.0495853090285 -243.84805120944978
-1202.410040076971 -245.60497798442842
-1201.8535460197925 -246.28967108249665
-1201.3668127918243 -247.74441744804383
-1202.0516140127181 -249.622924823761
-1201.4740305805205 -251.19754244804383
-1201.3105290198325 -252.49580599784852
-1201.208909344077 -253.83745171546937
-1201.1103951150178 -255.32272448062898
-1200.6757910066842 -257.05372144699095
-1200.7477007472514 -258.59492744922636
-1201.4203993046283 -260.2712695789337
-1201.7564933264255 -261.7375221443176
-1202.262816544771 -263.191333193779
-1202.5025960618257 -264.540357131958
-1202.5177306748553 -266.2094369125366
-1202.662903270833 -267.4486705255508
-1201.9420532203837 -268.8773213815689
-1202.0486997358128 -270.78630508899687
-1202.7726367704197 -272.14864196300505
-1202.8994482598825 -274.0637376499176
-1203.022561817579 -275.9757886123657
-1202.9536141000315 -277.5487477970123
-1202.9320476270839 -279.233038444519
-1203.2168609417602 -280.4012619447708
-1202.4560133732482 -282.2842830610275
-1202.3265377647801 -282.8153456044197
-1202.259213878922 -284.6576742720604
-1202.4891517005487 -285.75245602846144
-1203.2092078171297 -286.83969386339186
-1202.9640091798826 -288.39777882814406
-1202.9785897258296 -289.8308106255531
-1203.403113526441 -291.5777476620674
-1203.1382055405154 -292.7539051365852
-1202.7168542269244 -294.6576901268959
-1202.6848869744315 -296.22873409509657
-1202.1253698292746 -297.02669759511946
-1202.5784183863177 -298.2241416764259
-1202.3606835577264 -299.3788919043541
-1201.988799390532 -300.7385563445091
-1201.6248753342404 -301.6700518918037
-1201.963911739327 -302.4938912582397
-1202.0112080845608 -303.9387154769897
-1201.7757754895463 -305.8742492389679
-1201.6913806620612 -307.7581727695465
-1201.2253957513346 -309.0150984716415
-1201.4705559435859 -310.25497414588926
-1201.654113006927 -311.43675758361815
-1201.4921888235583 -312.8286553812027
-1201.3636086407676 -314.47430409908293
-1201.9665798369422 -316.1168253612518
-1201.7579625669493 -318.08656742095945
-1201.5263386789336 -319.70773424625395
-1201.6370131644978 -321.5290874433517
-1201.9995349023118 -323.42006470680235
-1202.2490151796117 -324.72669960975645
-1202.8883642825856 -325.7195675563812
-1202.308065262772 -327.5060574007034
-1202.797724274136 -328.8074569892883
-1202.7644235763325 -330.39610578536985
-1202.9114235315099 -331.4085450363159
-1202.789936398305 -332.8388586235046
-1202.403307055272 -334.00859298229216
-1201.7681447017565 -335.15438498973845
-1202.1145568836107 -336.7189563703537
-1202.082010035552 -338.262968916893
-1202.3129828024282 -340.22312082767485
-1201.8390632319822 -340.99965496778486
-1201.5316823470964 -341.90320344686506
-1201.294502427019 -343.41108699560164
-1201.1624755460396 -344.36153097867964
-1201.0879857141151 -346.31099148511885
-1201.3533226746692 -347.97258396863936
-1201.6558777588978 -349.38531311273573
-1202.2901867527141 -351.182582218647
-1202.72147404138 -352.87243743658064
-1202.4836031693592 -354.26709409475325
-1202.7786595124378 -355.66814406633375
-1203.1685865122452 -357.58387239694594
-1202.8470155197754 -359.219891269207
-1203.2317001122608 -360.02429505109785
-1203.6208552617206 -361.6939127039909
-1202.8676147359981 -363.0691866469383
-1203.0129882890358 -364.78419514417646
-1203.3359939951076 -366.6661045145988
-1203.8378261822834 -367.95268758058546
-1204.255779733099 -368.7657829117775
-1203.9547717470302 -370.4857467007637
-1204.0416726369037 -371.6707856249809
-1203.2221783894672 -373.31326516389845
-1202.7853963870182 -374.7670045685768
-1202.6921844381466 -375.3617921066284
-1202.9116901654377 -376.48167385578154
-1203.3175853389873 -378.00057425022123
-1203.0289538401737 -378.8449670267105
-1203.2871650058403 -380.76285757541655
-1202.8170473474636 -381.2837888789177
-1202.994017635621 -382.81849022626875
-1202.8869192648306 -384.6957633090019
-1202.6758506644144 -385.49128123044966
-1203.0407845724 -386.9870632481575
-1202.7247837531938 -388.93093283891676
-1202.5468504923954 -390.15761180639265
-1201.868145813383 -391.98610516309736
-1202.4609580535068 -392.66502680301664
-1202.142457624115 -393.48468406915663
-1201.6044835049286 -394.52648981332777
-1202.3333704668655 -395.87794299840925
-1202.3256325546279 -396.5575062227249
-1202.1377459290995 -398.21113397598265
-1201.7402162376418 -399.354517121315
-1201.7617747161164 -400.76844753742216
-1202.264846262671 -401.9026254606247
-1202.2323273580148 -403.74507536411284
-1202.1724536541476 -404.5273030591011
-1202.7745643380656 -405.95222135305403
-1202.948922095038 -407.33328123807905
-1203.5321453783288 -408.2101426911354
-1203.0841559741273 -408.8599230837822
-1203.08382800702 -410.4746964764595
-1202.7306868183985 -412.2625196766853
-1203.265571152009 -413.80354996442793
-1203.769264315404 -415.5230278563499
-1203.886578281559 -416.4302547764778
-1204.3541189033165 -417.406135995388
-1204.0186493593826 -418.9856041264534
-1204.050345887579 -420.36409314393995
-1204.4823757607116 -421.6416385960579
-1204.8136896092071 -423.12557907819746
-1204.4733389515056 -423.6620611143112
-1203.7803748745098 -425.2884916257858
-1202.9778298634662 -426.70711566925047
-1202.823639636077 -427.76678528308867
-1202.2119458961859 -429.5280779790878
-1202.2655099566653 -431.0525311422348
-1202.2193173441663 -432.6524919462204
-1202.6817937466874 -434.176587600708
-1203.1012280556931 -435.8281793785095
-1203.5485742661729 -436.9058467340469
-1203.164693323113 -438.716383357048
-1202.4744415554776 -440.63990988254545
-1202.5617223579063 -441.18829937696455
-1203.1150243479385 -442.80173941373823
-1203.4519066113605 -444.06250973463057
-1203.445904170312 -445.73118491888044
-1203.5546471599116 -447.3174517941475
-1203.8430522206797 -448.86242969751356
-1203.3201433542743 -450.06444485902784
-1203.405423564054 -451.4842922282219
-1202.8379350129142 -452.11205830097197
-1202.7996133576705 -452.85667868375776
-1203.1571947943046 -454.69192620038984
-1203.5591161857917 -456.32613619089125
-1202.9884821187331 -457.4303770852089
-1203.1187810312583 -458.9419905734062
-1202.8049023460223 -460.42431278944014
-1202.7519813637807 -461.8488269639015
-1202.7125070925429 -462.98061211824415
-1203.0965064998343 -464.6324191880226
-1203.3585151370241 -465.5793059659004
-1202.8128578003123 -466.04170133590696
-1202.1272423203661 -466.77617253780363
-1202.0667022104933 -467.59595229148863
-1201.1811730499937 -468.1755976271629
-1200.272200369425 -469.11356290102003
-1199.693800532408 -470.1816294980049
-1199.4328511591627 -470.6678653550148
-1199.1774306531622 -471.86002822637556
-1197.8723197217657 -472.696756799221
-1197.0284733410551 -473.19029643058775
-1195.2264897461607 -474.03905679702757
-1193.9428839321806 -474.5780502748489
-1192.7654215927794 -474.043042678833
-1191.5834252472594 -474.8573455405235
-1190.3459679718687 -475.03882219314573
-1188.3664792414381 -475.51612709879873
-1186.8449194069578 -475.9927906286716
-1185.4611566897108 -475.55444081544874
-1183.6266342039778 -476.11562748670576
