-1190.34 -216.27
-1191.7087088489532 -217.2027786564827
-1193.3451703453063 -218.16366430044175
-1194.834816303253 -219.1195109677315
-1196.5753978157043 -218.81950588941575
-1197.9731083774566 -219.55132635354997
-1198.8981405758857 -221.1270311665535
-1200.1900812649726 -222.714604575634
-1201.1252513194083 -224.39279480695726
-1201.7272154355048 -226.31753297567369
-1202.4693058395385 -228.2784702372551
-1202.8592949175834 -230.01285405874253
-1203.4513978624343 -231.8244771552086
-1203.9034997487067 -232.99252374887467
-1204.07950381577 -234.78192051172257
-1203.8906673306226 -236.60490377664567
-1203.7651964837312 -238.02452369451524
-1203.8285580539703 -239.9247754406929
-1203.227994647026 -241.0234335255623
-1203.050789501667 -242.2233950686455
-1202.9266512060165 -243.94299205064775
-1203.4380662107467 -245.92607434511186
-1203.2537348383664 -247.8385791373253
-1203.1824895405769 -249.41321464300157
-1203.1385246330499 -251.21296807050706
-1203.2939450109004 -253.11798389673234
-1203.4106717520951 -254.78405745744706
-1202.93468396008 -256.60057409524916
-1202.9213442794605 -258.5851176571846
-1202.7020922891422 -260.5555122685432
-1203.0818807176872 -261.9125730586052
-1202.9673869825526 -263.84233959436415
-1203.6706111646815 -265.32090218782423
-1203.5697878889366 -267.22191103219984
-1204.1377590588852 -268.4650425505638
-1204.7243631772324 -270.1223409962654
-1204.6543587736412 -272.02485306978224
-1205.1040696493908 -273.7429405045509
-1204.481401621513 -275.538086373806
-1203.712999641113 -276.90777476549147
-1203.7914858378097 -278.81999941587446
-1203.4425791121646 -280.6073813033104
-1203.8453263558074 -282.2689201426506
-1204.2299569166823 -283.7866645646095
-1203.8230211056396 -285.72159155130385
-1203.8827868021651 -287.5548179936409
-1203.8218920819088 -289.2269974541664
-1204.075475453548 -291.18527825593947
-1203.8417398921772 -292.964201529026
-1204.342063247375 -294.63895555257795
-1204.7351606480404 -295.7744927000999
-1204.2424782506748 -297.72921796560286
-1204.3883866957947 -299.57789870023726
-1204.7480662159248 -300.05446304798124
-1204.6436591960116 -301.50764264583586
-1204.6070469833537 -302.6786204767227
-1205.068790695779 -304.5154925775528
-1204.7165987707301 -306.1838592481613
-1205.1253703750297 -308.04663910388945
-1205.1534092045947 -309.6740194749832
-1205.5845829464122 -311.1036683511734
-1205.932598046176 -312.74582793235777
-1206.3043486393615 -314.4116254043579
-1206.3561372972651 -315.68902112960814
-1206.1182536698504 -317.5646684360504
-1205.9168191767856 -319.18701781749724
-1206.029342613332 -320.9953803014755
-1206.142960361354 -322.88192262172697
-1206.0946077324077 -324.7263821554184
-1206.131604454629 -326.486282248497
-1206.3435563362762 -327.9249596786499
-1206.4204141713305 -328.9990140390396
-1206.3781364179774 -330.5914635848999
-1206.0878191209956 -332.4356221151352
-1205.6662302828952 -333.57832278728483
-1205.7871340728923 -335.2035694313049
-1206.1372962511703 -336.9653055858612
-1206.1803890086337 -338.7245665979385
-1205.8207670665904 -340.1200789403915
-1204.92834588062 -341.45283188343046
-1204.4991521454974 -343.1244257879257
-1204.6994134701415 -344.95353259563444
-1204.5423372901603 -346.7446431112289
-1204.6124578781053 -348.09370126247404
-1204.5217407039925 -350.0310578536987
-1204.4379524133726 -351.7564020347595
-1204.6680000714584 -353.61431493282316
-1203.8427738837524 -355.2548037958145
-1203.6920951149984 -356.738710064888
-1204.2354530237242 -358.4585939836502
-1204.0756905369087 -359.98774291992186
-1203.43406525176 -361.58315159797667
-1203.567725717239 -363.26700903892515
-1203.1970629088207 -365.0232670497894
-1202.9400852016731 -366.2530607175827
-1202.388271539621 -368.0350097608566
-1202.8637020580097 -369.8272326183319
-1203.2026126972958 -371.3600135040283
-1203.07531969171 -372.9663490247726
-1202.8683647356554 -373.95164336681364
-1202.7270915351435 -375.23087074279783
-1202.3202774665876 -376.3945630979538
-1202.9794043443724 -377.50352313041685
-1203.5640477679297 -379.3364074420929
-1203.555704913251 -381.0967202377319
-1203.818660906665 -382.73930503845213
-1204.2443054832145 -384.66496970176695
-1204.1440404943748 -386.6286467504501
-1204.1819082490726 -388.5183180761337
-1203.472465395145 -389.75587214946745
-1203.2133182279392 -391.0881163072586
-1203.9125915757938 -392.8118628454208
-1203.9591650955006 -394.6060297679901
-1204.3607797614857 -396.1970430803299
-1204.4900710872932 -397.8997386884689
-1204.6567514977976 -399.14062621116636
-1203.8071882567926 -400.7484038066864
-1203.2932138882204 -402.69426681518553
-1202.8522666535898 -404.64038111686705
-1203.4488491855188 -406.3229417991638
-1203.183684840016 -408.2695728731155
-1203.1914042822643 -409.99372353076933
-1203.6613732270523 -411.69499792575834
-1203.5307939640804 -413.3230111789703
-1203.7719210676476 -414.94499339580534
-1204.111856012754 -416.2109258365631
-1203.763127236776 -416.9987937402725
-1202.9644265465065 -418.17785098075865
-1202.346700160913 -420.1322406721115
-1202.932398050241 -421.73932208538054
-1203.1648937157913 -423.2368809175491
-1203.1466793149336 -424.0582159948349
-1202.7169735163077 -425.54168452739714
-1202.8442959367856 -426.6055951309204
-1202.4225122511014 -427.8856359910965
-1202.313993568681 -429.56105722904204
-1202.7682746901735 -430.9312538099289
-1203.2875225796922 -431.65830935955046
-1203.7344285204633 -432.2733759474754
-1203.4362943127378 -434.21642132520674
-1203.3397802888974 -435.9998299670219
-1202.7683621227368 -437.18105824708937
-1202.951376470886 -438.26136835336683
-1203.3704187899455 -439.65285094499586
-1203.8774765759333 -441.22286601781843
-1204.0724741398915 -441.91822179079054
-1203.968518029116 -442.5915719461441
-1203.7428575560077 -444.42863692760466
-1203.9713910325988 -445.9776324224472
-1204.3059305056556 -447.06962360858915
-1203.8184727236255 -448.26688231945036
-1203.7803229793533 -450.1738790464401
-1203.9407465859874 -450.66538824558256
-1203.5496026381477 -452.4638942670822
-1203.2234014674648 -453.9037749958038
-1203.4339982971176 -455.80599834442137
-1203.6027689531072 -457.35416140079496
-1203.50111948248 -458.3809527349472
-1203.3795661434158 -459.5426820707321
-1202.57623035755 -461.3617154550552
-1202.00821746435 -462.1993048381805
-1201.5613541110977 -463.4914401960373
-1202.3723985060676 -465.3311476898193
-1203.027439485453 -466.9914088439941
-1203.0485911324247 -467.9167839479446
-1202.8172179415449 -469.2595304441452
-1202.446624781154 -470.47895969867704
-1201.4900278105958 -471.4194116783142
-1201.2332285299524 -472.1814547371864
-1199.9401436701044 -472.33747078895567
-1198.2900691881403 -472.8017078232765
-1197.1365452661737 -472.73156379580496
-1196.5120659723505 -473.1000076127052
-1195.7330535307153 -473.5675869178772
-1194.8566574707254 -473.9300536704063
-1194.067400242351 -474.36599024057386
-1193.1923603668436 -474.35085767924784
-1192.6881919160112 -473.94592225968836
-1191.0033247723802 -473.8848783713579
-1189.8301310792192 -474.28320464909075
-1189.2707368984445 -474.3585273218155
-1188.6304761424287 -474.524094928503
-1187.598537470363 -474.2026629042625
-1187.1026716485246 -474.2497184616327
-1186.406184698604 -473.7743292790651
