-1190.34 -216.27
-1189.1927240753173 -215.83105580925942
-1188.3409499192237 -215.4224358391762
-1187.9846585059165 -215.11631288051606
-1187.2847999000548 -214.45609976768495
-1185.3768387699126 -213.4680721950531
-1184.4118947649001 -213.53308663189412
-1183.5330772066116 -213.76063196778298
-1182.5520784521102 -213.49525832057
-1181.4060442113876 -213.40131272792817
-1180.0440457725524 -213.7789437365532
-1178.2282675170898 -214.03884853839875
-1177.526165332794 -214.15011372089387
-1176.3800480031966 -214.45176224827767
-1175.2778436803817 -214.80396424651147
-1174.0654457473754 -215.12731104016305
-1173.2998278403281 -214.43826894879342
-1171.8042977118491 -214.13579290032388
-1169.989910390377 -214.27597679615022
-1168.529276754856 -214.2747065317631
-1167.6916525626182 -213.9086998295784
-1166.4422489666938 -213.0594886136055
-1165.6343313717841 -213.2623701286316
-1164.9345136547088 -213.59790291309358
-1163.694443192482 -213.29263587713243
-1162.2981810235976 -213.48282681822778
-1161.194973912239 -213.67096965432168
-1159.9359745645522 -213.2482677292824
-1158.698535170555 -213.47244437456132
-1157.3860120439529 -213.4872362804413
-1155.7520352268218 -213.7807998251915
-1153.9748111629485 -213.64253798544408
-1152.8246506118774 -213.74795225679875
-1151.3682222032546 -214.14540350854398
-1150.046130027771 -214.51147339165212
-1148.3445535564422 -215.14478037178517
-1147.7957584524154 -215.9209704142809
-1147.2667584085464 -217.2869384032488
-1147.1217064374684 -219.19838783562184
-1146.9196968191861 -221.07561561882497
-1146.7613913232087 -222.6589971524477
-1146.5238525831699 -224.45155820667745
-1146.682508137226 -225.35745642006398
-1146.098089184761 -227.1538772326708
-1146.0693954789638 -228.4154534083605
-1146.073020108193 -229.38772598326207
-1146.6184443311392 -231.23691955626012
-1146.8638133482634 -232.4201701027155
-1146.9433149175345 -234.18080667078496
-1147.7128350810706 -235.84075883448125
-1147.240615852326 -237.05988970816136
-1146.9251447694003 -239.0322410207987
-1147.49008873865 -240.80778995573522
-1147.055916942805 -242.23696402132512
-1147.1717658118903 -244.0502298218012
-1147.1536618174612 -245.74929812967778
-1147.8489599527418 -246.5252967220545
-1147.9171451182663 -247.6232004505396
-1147.317571029216 -249.28976574957372
-1147.0349693746864 -250.69489708960057
-1147.5293962807953 -251.76791742861272
-1147.5760179387032 -253.231224809289
-1147.8618345485627 -254.99551883757115
-1147.9351697491109 -256.7219320875406
-1148.3930466996133 -258.09430745661257
-1148.6226619707047 -259.79490474283693
-1148.8620391266047 -260.6248478037119
-1149.0595040099322 -261.9669800144434
-1148.8636382894217 -262.88648930609224
-1149.2208044306933 -264.6430950504541
-1149.4816332833468 -266.1852106195688
-1149.3601940275728 -268.08597508490084
-1149.219429284483 -269.9552485090494
-1148.891852736622 -271.39196852266787
-1148.911246491745 -272.8094574552774
-1148.81202254273 -273.34520796358584
-1148.2091713903098 -275.15732661306856
-1147.741757845655 -276.69264284193514
-1147.834874285534 -277.57302514135836
-1148.0896510911732 -278.9269352298975
-1148.438099933937 -280.6922266823053
-1147.9675908816605 -282.13665107309816
-1148.220149172619 -283.5641042333841
-1148.3900309038906 -284.98279717981814
-1148.0121317935734 -286.9140048366785
-1148.5140859318524 -288.09178975641726
-1148.5067714137583 -289.05982116281984
-1148.7903668565302 -290.71575048983095
-1149.262316553071 -292.4495125156641
-1150.1851541680842 -294.2774467808008
-1150.1483505202084 -296.08973268091677
-1149.565206868723 -297.43240955889223
-1149.7949060184508 -298.44068375647066
-1149.9919476044922 -299.7167139393091
-1149.9134564680605 -301.5296724182367
-1150.4514507932215 -303.3768482547998
-1150.5777409059554 -304.70003989756106
-1150.5805906766652 -305.73731258928774
-1151.0034380370378 -307.31606284201143
-1150.0905081444978 -308.94724718153475
-1150.1724503600597 -310.5059670549631
-1150.0629904830455 -311.0942809921503
-1149.3043009006976 -312.3050688844919
-1148.405394371748 -313.5057810884714
-1146.9206345641612 -313.9549196106195
-1145.6225069129466 -315.5234821182489
-1144.5244796836375 -316.7798049789667
-1143.600224431753 -318.6116727930307
-1143.2502261960506 -320.40668693602083
-1142.422446604967 -321.67116859972475
-1141.9894475901126 -322.8325652223825
-1142.0149280057847 -324.6561979395151
-1142.4580092059075 -325.88025430262087
-1141.9816421495377 -326.8381870728731
-1141.6961134301125 -327.92314503014086
-1141.3398786412179 -329.41523239433764
-1141.1818705426156 -330.77999338924883
-1141.9165939317643 -332.4480823022127
-1142.2668544875085 -333.6992901307344
-1142.2921282576024 -335.2038662177324
-1142.4434644804894 -336.0340109211206
-1142.023256920427 -337.274375949502
-1142.5701069460808 -338.56719652235506
-1141.983158968538 -339.4235114198923
-1142.0141947289555 -340.96572104513643
-1141.7392079552262 -341.4551669102907
-1141.649193683788 -343.19425210773943
-1141.5458892976492 -344.4710328322649
-1141.6206861605494 -345.56003591835497
-1141.8308713605254 -346.44923171818255
-1141.2757613828032 -347.7738859397173
-1141.1822777261584 -349.61002657234667
-1141.7738687267154 -350.2992489081621
-1142.3880672921985 -351.8317649108171
-1142.5674215724318 -353.7412165147066
-1142.3234292139857 -354.9839639407396
-1142.3870103602856 -356.10716554939745
-1141.727734113261 -357.6352573376894
-1141.3035362308472 -359.2222724896669
-1140.827363724038 -360.4755557519197
-1141.248392516896 -361.04292396128176
-1141.6627117937057 -362.5060731512308
-1141.593382673487 -364.27488747656344
-1141.036555962786 -365.95934704363344
-1141.3703438212722 -366.5177829605341
-1141.186978386864 -368.0386780840158
-1140.9430001398175 -369.8553446871042
-1141.3218635042756 -371.60072842657564
-1140.9068515916913 -373.2674998384714
-1141.1229977031796 -375.12387481749056
-1140.799161972627 -376.446841750741
-1140.6216003616898 -377.86909595549105
-1140.2307362874596 -379.3103556972742
-1140.2402057369798 -380.32224837362764
-1139.9501835425942 -381.98966947615145
-1140.5366776307671 -383.767829452157
-1140.5635891055315 -385.24086717188356
-1141.0947185849398 -387.0789902549982
-1141.6543530916422 -388.46615532457827
-1141.0907998179644 -390.2771170479059
-1141.241564521715 -391.04464450895784
-1140.7688305472582 -392.2283950191736
-1141.115329036638 -392.86920980036257
-1140.8202657794207 -393.9822110277414
-1140.3495486473291 -395.48351219713686
-1141.1465923284738 -396.36918995201586
-1141.7090145444124 -397.4058345299959
-1142.0308945273607 -398.8200669032335
-1141.5143131708353 -399.824036334157
-1141.6631599908321 -401.1586800557375
-1141.295664275214 -402.96829650223253
-1141.776763493344 -404.3879401427507
-1142.1474394445866 -405.8361050826311
-1142.0777139311283 -407.02456042587755
-1142.477413619086 -408.79551324665545
-1142.7055659686773 -409.78971770823
-1142.4839510118215 -410.8147522550821
-1142.2331329082697 -412.27816275179384
-1142.4267262165993 -413.2042922121286
-1141.6468131487816 -415.134723816514
-1141.2817925160377 -415.7786863785982
-1141.867014819905 -417.65694842159746
-1142.1744356101005 -419.02968499481676
-1142.837155157849 -420.67044482052324
-1143.0556226765364 -421.79813144028185
-1142.3524575030058 -422.9429815751314
-1141.7850631272047 -424.0382581692934
-1141.4367102777212 -425.7270788890123
-1140.8827839886396 -426.4257961851358
-1141.0090608244388 -426.94105580866335
-1141.005272599086 -428.28039864122866
-1140.9065621589868 -429.96607318937777
-1140.280697653219 -431.07803002417086
-1139.7796614264696 -431.8513105255365
-1139.3591570948809 -433.0002048355341
-1140.1763513182848 -434.53194001734255
-1140.506825754568 -436.037956033349
