-1190.34 -216.27
-1189.903002616167 -215.96606387615205
-1189.1070160233974 -215.83213331222535
-1188.0176586472987 -215.75012483119966
-1187.2468337380885 -215.5352664780617
-1186.42573153615 -215.15611668348313
-1185.994539912939 -215.0103931617737
-1185.121648248434 -215.40515305519105
-1184.1016200149058 -215.73748718619348
-1183.6886413657664 -215.78713311672212
-1183.2392573320865 -215.50201057314874
-1182.5492404663562 -215.48804663538934
-1181.8737570011615 -215.44150762677194
-1181.238715764284 -215.4265383374691
-1180.3185160720348 -215.75784029483796
-1179.2107961738109 -215.4897808623314
-1178.4221401774882 -215.79303981781007
-1177.252902086973 -215.67441367030145
-1175.5698890054225 -215.75683246970178
-1174.9276229703426 -216.06971605539323
-1174.2086048686504 -216.23670737862588
-1173.4847531878947 -216.40121590018273
-1172.9355555140971 -216.5004905653
-1171.7844429576396 -216.43312551498414
-1170.4543498122691 -216.17343138575555
-1169.9157891833781 -216.3247816157341
-1168.6735158526897 -216.58419333815576
-1167.5806843602656 -216.91056581258775
-1166.7647674643993 -216.5991906118393
-1166.152741369009 -216.8038476598263
-1165.4994011485576 -216.93321974992753
-1164.6681860053538 -217.1890939962864
-1163.3882151210307 -217.38321017146112
-1161.9673195445537 -217.40833823800088
-1160.6815633141994 -217.22827606320382
-1159.0629350507259 -217.43505238413812
-1157.7704257333278 -217.58371635198594
-1157.128390368223 -217.6830506515503
-1156.2214407289027 -217.67318855643273
-1155.5548158252238 -217.90738682866098
-1154.761799391508 -217.92749537944795
-1154.1409107410907 -218.22853036642076
-1152.8683160507678 -218.5561744761467
-1152.179216083288 -219.16450085163117
-1150.9307170474528 -219.12793065279723
-1150.3472991549968 -220.1678240415454
-1149.3232424819469 -221.8404816505313
-1149.2893313729762 -223.52730823725463
-1149.1129923427104 -225.08456779688598
-1148.6087381207942 -226.61649013727904
-1147.889137085676 -228.00811077326537
-1147.9975437188148 -229.6515543577075
-1147.9211299681663 -231.49986244410277
-1148.245260324478 -233.2339680311084
-1148.4298346751928 -234.94879747599364
-1148.881299805045 -236.78842641085387
-1148.7657616400718 -238.52831317156554
-1148.908485841155 -240.23743416041137
-1149.3890466803311 -242.13727713793517
-1149.8136374765634 -244.04216076105834
-1149.494996022582 -245.97984100550414
-1149.639813017249 -247.89432693690063
-1149.6490744316577 -249.76938916414977
-1149.3775379621982 -251.5201165792346
-1149.6311669313907 -253.07224453657867
-1150.1511277520656 -254.910145175159
-1150.3479404711723 -256.5578796979785
-1150.9283715748786 -258.3190298196673
-1151.379652466774 -259.33320201605557
-1151.4060943686961 -261.0913652297854
-1151.6243381911515 -262.18883861273525
-1151.342178415656 -264.03125942915676
-1151.152679812312 -265.97618771761654
-1151.5371858292817 -267.9018211480975
-1151.644039016366 -269.6464297887683
-1151.0408232623338 -271.13919354647396
-1150.1715736800431 -272.4917245027423
-1149.9155571871995 -273.1098399874568
-1148.84325961411 -274.22252042263744
-1147.399360101819 -275.23978943794964
-1146.4623428994416 -276.54722602337597
-1145.08079079926 -278.14428455799816
-1144.4578094893693 -279.2063481327891
-1144.4736536556481 -281.0680324551463
-1143.842478852868 -282.8317875382304
-1143.855475809574 -284.38746709793804
-1144.1078975462913 -286.0485866782069
-1143.8291449809074 -287.76957781285046
-1143.5708096587657 -289.62010319203137
-1143.988373544216 -291.4703977820277
-1144.2562177443504 -292.8221038100123
-1144.6289969944953 -294.63293201893566
-1144.927392270565 -296.4988973852992
-1145.066278424263 -298.25842125386
-1145.4042775297164 -300.1928750988841
-1145.2566623800992 -301.1823219773173
-1145.4322998040914 -302.6890713688731
-1144.792464684844 -304.3934127804637
-1144.3939631694554 -306.0935680386424
-1144.2240196579694 -307.7483653542399
-1144.460676204562 -309.56813211411236
-1144.2543531173467 -311.26524968117474
-1143.9398205393552 -312.9842760083079
-1143.8163093441724 -313.8228092905879
-1143.9410215729474 -314.7649136301875
-1143.6372189337014 -315.80229718655346
-1143.2181160861253 -317.60170514553784
-1143.1290368551015 -319.2582085844874
-1143.1418016666173 -320.45907456845043
-1143.0334666484594 -321.5066401478648
-1142.7116327399015 -323.00945301026104
-1141.7175834292173 -323.89016182392834
-1142.0317718499898 -325.77159614533184
-1141.9058827424049 -327.5854200837016
-1141.6881096327304 -329.4765593525767
-1141.8212972992658 -331.4289793488383
-1141.5636279100179 -333.03785057038067
-1141.4516069257259 -334.42413027256725
-1140.911629434824 -336.36857099503277
-1141.2979615294933 -337.1804478880763
-1141.7810905838012 -338.6367225167155
-1141.7407125049829 -340.216123175323
-1141.9636426085233 -341.60877711743115
-1141.6452478581666 -343.3913359162211
-1140.8738987261056 -344.2274642702937
-1140.3461376839875 -345.87247509926556
-1140.5404663944244 -347.00032515496014
-1140.2818312311172 -348.49904854267834
-1140.6694566273688 -350.01122350662945
-1141.1017337703704 -351.1721963402629
-1140.6659449005126 -352.9834763523936
-1140.3703421616553 -354.6642956253886
-1140.4499442988633 -356.18303329914806
-1140.4412142598628 -357.0795671460032
-1140.0491520130633 -358.98070020645855
-1140.2360083425044 -360.1025336501002
-1139.5860945546626 -361.67879993885754
-1139.0930601918697 -363.4907403704524
-1138.9991534763574 -365.30118830174206
-1138.8963006922602 -367.03648502796887
-1138.3686169573664 -368.84701139897106
-1138.2832964995503 -370.668152641952
-1138.0428030082583 -371.7598126646876
-1137.6592940875887 -372.53828091591595
-1137.46927044183 -374.26189179390667
-1137.4671949633955 -375.65144367188213
-1137.9905651697516 -376.8625581976771
-1138.3072131165861 -377.7486439463496
-1138.5190957525372 -379.4206047770381
-1139.0928952434658 -380.7126444098353
-1138.5996306577324 -382.5950439688563
-1138.7168625333904 -383.6185501334071
-1139.1485523620247 -385.562772822082
-1139.8278982082008 -387.36343271702526
-1139.8729992845654 -389.1879328009486
-1139.5522154906391 -390.8127755638957
-1140.0586989858746 -392.68445606201885
-1140.4231862166523 -393.65828896731136
-1140.244672153294 -395.14735890597103
-1140.4650933930277 -396.4272517082095
-1139.9376858660578 -397.8429070827365
-1139.9326884934305 -399.0223639127612
-1140.2181714960932 -400.85103918284176
-1140.2993542739748 -402.3904376146197
-1139.587386150062 -404.00486720770596
-1139.7464348861574 -405.5081714507937
-1138.8525145241617 -407.05649710863827
-1138.3911177405714 -408.99279035300015
-1138.7091232427954 -410.7736312267184
-1139.3535669335722 -412.3277255412936
-1139.9838784226774 -413.6518830177188
-1139.6292198488115 -415.258414876163
-1139.9203897306322 -416.9253895398974
-1139.3971134015917 -417.89292235344647
-1138.9318765887617 -419.2693147179484
-1138.9218854514509 -420.4912764546275
-1138.4936185089498 -422.40566558808086
-1138.7681585756688 -424.30391283005474
-1139.3531255928426 -425.55428214043377
-1138.7317587343603 -427.09577281445263
-1138.785132145658 -428.7769451853633
-1139.1554282663017 -430.3953200098872
-1139.6247709748893 -431.57499439686535
-1140.0725262222438 -433.33177800148724
-1139.7450816688686 -434.0667275306582
-1140.3684767542034 -435.6622688886523
-1140.2294953373819 -437.0017373678088
