-1190.34 -216.27
-1188.8526810073852 -216.58551492214204
-1187.2880681419372 -217.09933700084687
-1185.5077438020705 -216.8557262313366
-1184.3331541681289 -217.0355803114176
-1183.4207259082793 -217.37517616569997
-1181.8537155056 -217.1217899364233
-1181.1665196681022 -216.75761029541493
-1180.0547530913352 -216.8841187399626
-1179.236142065525 -217.1913700145483
-1177.452169086933 -217.4733701092005
-1176.471342113018 -216.94109556496144
-1175.1523156428336 -217.55970225155355
-1173.7828382515906 -217.88573182046414
-1172.720967438221 -218.27243328511716
-1171.1194267535209 -218.4021854889393
-1170.5881347322463 -218.6021792781353
-1169.4690150880813 -218.55904363512994
-1168.370660510063 -218.1291307103634
-1167.5082068109512 -217.71374051690103
-1165.9669923448562 -217.61228426218034
-1164.768050637245 -217.1610709321499
-1163.8125066423415 -217.62357102751733
-1162.8298944497108 -217.03256421208383
-1162.0226084256171 -217.03343917474152
-1161.2670278811454 -216.99020718082787
-1160.7098108792304 -217.86000828489662
-1159.6478915476798 -218.45283596262337
-1158.4441744351386 -219.02759186968208
-1157.579792048931 -219.43733178123833
-1155.9516331219672 -219.31260164126755
-1154.2183093094825 -219.3172140721977
-1153.7842405104636 -219.9107316736877
-1152.0747517609595 -220.64640265747906
-1150.7115208172797 -222.055243075341
-1150.2799897158145 -223.7896988992393
-1150.4534054660796 -225.2885625962913
-1150.287304829955 -227.06728655144573
-1150.1879033112525 -228.4920290116966
-1150.2305292749404 -230.03142410561443
-1150.158678766489 -231.5491781835258
-1149.6066935026645 -232.65835100457073
-1148.7553670966624 -234.1850174073875
-1148.316036131382 -235.06475788399578
-1148.370697479844 -236.46969765469433
-1148.124021809697 -238.07964724346996
-1147.9013304823636 -239.53094440743328
-1147.3239773029088 -240.33966922804714
-1146.3616889232396 -241.36029541537167
-1145.542664360404 -242.83670902296902
-1145.2920419389009 -243.83916604563595
-1144.6588640624284 -245.51691329523922
-1144.8390198165177 -247.10697317168118
-1144.1650200301408 -248.54101073786617
-1144.5671931022405 -249.75090920969845
-1144.7633579188584 -251.1583472494781
-1144.9991010540723 -251.81890672490002
-1144.743809711337 -253.09320646569134
-1144.6992809289693 -254.08138829514385
-1145.2078065389394 -255.81906408116222
-1145.4672365897893 -256.62004935786126
-1145.493576299548 -257.2719188337028
-1145.3534705156087 -257.8557866220176
-1146.1942297929525 -258.85753947541116
-1146.9655717128514 -260.5684161786735
-1146.629119079709 -262.02377873703836
-1147.4046827965974 -263.0142506365478
-1147.191350992918 -263.6226876978576
-1147.6823202335834 -264.52096593424676
-1148.3278462851047 -265.3429777626693
-1148.5727527701854 -266.4451471571624
-1148.0539273583888 -267.4080836777389
-1147.731778975725 -268.9091296200454
-1147.6922498086094 -269.8485226635635
-1148.0611569026112 -271.482026219815
-1147.6092497447132 -272.73422050520776
-1147.0712007024883 -273.8969269995391
-1147.419667188227 -275.53396475359796
-1147.5296571740507 -277.1459653382003
-1147.7420079299807 -278.2776356939971
-1147.1541089007258 -279.67200672671197
-1147.4578031787275 -281.37147772356866
-1147.1444553026556 -283.0618987087905
-1147.483277607858 -284.2107129101455
-1147.118347544372 -285.8887550835311
-1147.7068854758143 -286.97109413191674
-1147.53789095968 -288.85496425673364
-1147.1515711435675 -289.5470403437316
-1147.0174867102503 -290.9624096159637
-1146.9171693736314 -292.3637346033752
-1147.5963846260308 -293.16720175787805
-1148.0225126260518 -293.8000983600318
-1147.3271848672628 -295.3747326736152
-1147.6001990252732 -295.867082298249
-1147.358764734268 -297.2974372510612
-1147.6797907614707 -298.3716103439033
-1147.950119909048 -300.0257870559394
-1148.131156336665 -301.8603009586036
-1148.2466009372472 -303.01131624028085
-1147.2997223848104 -304.47714775845407
-1146.6002768987416 -304.99044543549417
-1146.2090928667783 -306.14464539334176
-1145.8816585355996 -307.42639762207864
-1145.5031858199834 -308.5692068938911
-1145.350056182742 -309.6022099857032
-1144.9605553859471 -311.2462361459434
-1144.9294335657357 -311.8358364109695
-1144.0416359120607 -312.6496983771026
-1143.201546292901 -313.1878148321807
-1142.8350325340032 -314.84727370783685
-1142.8975872212648 -316.14866507098077
-1142.7830800676345 -317.6181126837432
-1142.364710714817 -319.295942903012
-1142.3997244948148 -320.41153848215936
-1142.1702814364432 -321.7995973829925
-1141.86422696352 -322.5994027857482
-1141.7488659137487 -323.5431129340827
-1141.9649921768903 -325.1867251996696
-1142.6226185077428 -326.7873180513084
-1142.7278437802195 -327.40892589136956
-1142.3790270873903 -329.00979721590875
-1141.837876934707 -330.29298889681695
-1141.6844115146994 -331.6360868220031
-1140.937259901464 -333.19412314936517
-1141.3073938676714 -334.57556331202386
-1141.807574648559 -335.2163461451232
-1141.2619591543078 -336.3538216356933
-1140.7902061530947 -338.01176273867486
-1140.8289872297644 -338.9572085742652
-1140.5841307380795 -340.15409749791024
-1140.89713570863 -340.72373032614587
-1140.7579165437817 -342.0422788862884
-1140.686571177244 -342.59851241156457
-1140.4745367133617 -343.0725306276977
-1140.051604565382 -344.1877474789321
-1140.3847303652763 -344.74683195397256
-1141.187440779209 -345.76897126480935
-1141.9383605384826 -346.80922824189065
-1142.4956097269057 -348.4276188020408
-1142.4704619610309 -349.30931288048623
-1143.1586655342578 -350.6483815316856
-1142.853980269432 -351.9715161924064
-1143.5587571525573 -353.3664900664985
-1143.5613273402303 -354.6546537284553
-1143.3130700012296 -356.19620806023477
-1142.9007270952313 -357.16605824276803
-1142.7244571765511 -358.8198782806098
-1143.34748748146 -360.6176924113929
-1143.3493461927026 -361.46758633896707
-1143.7239461859315 -362.15552800938485
-1143.23260125719 -363.0979320411384
-1143.1435444524138 -364.1350187663734
-1142.8222583403438 -365.1627116803825
-1143.1228204538672 -365.8285772804916
-1143.1689710786193 -366.89422619387506
-1143.626100855097 -368.24819350287316
-1143.3314781656115 -369.09024500891564
-1143.0793410708754 -369.85432410284875
-1143.2248969545215 -370.4984912280738
-1143.3416867723315 -371.7422271375358
-1142.7408028712123 -372.4366210107505
-1142.5327799489348 -373.7855564956367
-1142.4898159077018 -374.48100686118005
-1142.133979158625 -375.7480320934951
-1141.8274631669372 -376.81438565298913
-1141.3199873735755 -378.6289851669967
-1142.1808490326255 -380.4805774693191
-1142.8044340779632 -381.56817877337335
-1142.5064979364722 -382.6098374132812
-1142.4813154955953 -383.92927753970025
-1142.2524159570783 -384.7931936983764
-1142.1538997685163 -385.762753367871
-1142.8711300884931 -387.1832401756942
-1142.687553787753 -388.2296109203994
-1143.3972597961872 -389.43541538760064
-1143.6577324514835 -390.7010270361602
-1143.0591596012562 -392.1407212023437
-1142.3757547383755 -393.9137171511352
-1142.557081485316 -395.46968984648584
-1142.890569621846 -397.1003341679275
-1142.2661446874588 -398.394765496701
-1142.7923862879722 -399.58856666132806
-1143.067091250941 -401.0258687739074
-1143.0405528043955 -402.77333915278314
-1143.377024123594 -403.9491444830596
-1143.6818345879763 -404.5322902803123
-1143.4924124275892 -405.9028353099525
-1143.9319790994375 -406.6564287547767
-1143.6098895763605 -407.4973869924247
-1142.9017572497576 -408.8978497390449
-1142.6902915184944 -410.72139006897805
-1142.0354290550201 -411.4010299448669
-1142.1344974284618 -412.7321379189193
-1142.9109052663296 -414.2757160668075
-1142.9746540804952 -415.69121289297937
-1142.6107962151616 -416.83544981524346
-1142.6807337572425 -418.7209895853698
-1142.970352994427 -419.6143254046142
-1143.5609189739077 -421.11596858546136
-1143.0526844730227 -422.10494989201425
-1143.4890706112235 -423.07846939608453
-1143.5149616470187 -424.2845846419036
-1143.0727412571757 -426.13527286097406
-1143.3367346992343 -427.1496117119491
-1142.7350991239398 -428.1944251064956
-1142.6873725114017 -428.90755033537744
-1143.0242478904872 -430.19904041334985
-1142.8584348318725 -431.19278490588067
-1142.3976809141784 -432.6675544981658
-1142.8666781244426 -434.25272047564386
