-1190.34 -216.27
-1190.7207510137557 -217.16616346359254
-1191.9859293365478 -218.0777295422554
-1192.206929411888 -218.26609804153443
-1192.3153299355506 -219.05847640752793
-1193.70147493124 -220.44797654867173
-1194.3702594304084 -221.49445899248124
-1195.6020515227317 -222.558829267025
-1195.4402518236636 -224.14810868024827
-1195.630807723999 -225.8140120100975
-1195.731477793455 -226.37601049661637
-1196.1062862837314 -227.17405315160752
-1196.580078896284 -228.24130578756333
-1197.618451412916 -229.68309756040574
-1197.7445118391513 -231.29448517084123
-1198.900711055994 -231.91221513271333
-1198.5499118828773 -232.78680356264115
-1199.1780098938941 -233.84178121805192
-1199.2829951310157 -234.74542768716813
-1200.1156151556968 -236.4413042855263
-1200.025602813959 -237.32365192890168
-1200.4628712797164 -238.87550212860108
-1200.9327403867244 -240.23504545211793
-1201.7106658780574 -240.97701891183854
-1202.293102737665 -241.95033993244172
-1203.0004997217654 -243.3012066078186
-1202.4646902644633 -244.3083437871933
-1202.9006375336646 -245.2589573454857
-1202.9008995743095 -246.66510887861253
-1202.4473711700737 -247.7068559718132
-1202.266781643182 -249.27324946641923
-1201.8230131717025 -250.91159709215165
-1202.026521846801 -251.94117732763291
-1201.8296348007023 -253.53146930456163
-1201.3308955581485 -254.43353672742845
-1201.998256996423 -255.15956314325334
-1202.326458171159 -256.10126562833784
-1202.1665688754617 -257.1892844033241
-1201.9999901653825 -258.5549970459938
-1201.655123591572 -259.25820370435713
-1202.0716829003393 -261.07853742361067
-1202.1443731637298 -262.16249354600905
-1202.4377235026657 -262.8868478131294
-1202.8093787582218 -263.7243583393097
-1202.3740264625847 -265.4981866073608
-1202.1467741580307 -266.37274231433867
-1202.9084066601097 -267.7600654554367
-1202.7820994408428 -269.0090751838684
-1202.3902188690006 -270.80994584083555
-1202.8566285522281 -271.5000346493721
-1202.2404027731716 -272.9838859629631
-1201.8164132685959 -274.6250813794136
-1201.7857113407551 -275.7023459267616
-1202.4469459579884 -277.3259139847755
-1202.354925342053 -278.4641137909889
-1202.4993285016715 -280.17354961156843
-1202.0991665498912 -281.0641462397575
-1202.308464296311 -282.12116297006605
-1202.446123369187 -282.9271198105812
-1202.6373171584307 -283.9916113209724
-1202.301185377091 -284.6172560048103
-1201.6758314447104 -285.6470330548286
-1201.4227277116477 -287.041465241909
-1201.5316848681866 -288.02472438335417
-1201.790544323772 -289.69042064666746
-1202.3519394920766 -290.4304491472244
-1202.0933065639435 -291.17878307819365
-1202.040220581144 -292.2642704439163
-1202.3840490208565 -292.9777318429947
-1202.92421837911 -293.7451521348953
-1202.540860377401 -294.6523252916336
-1202.373477332443 -295.5705120754242
-1202.8927788065373 -296.26442279338835
-1202.6132779346406 -297.22874989032744
-1202.8562108652293 -298.49878408432005
-1202.5889946596324 -299.2223195028305
-1203.2509313599764 -299.8659655046463
-1202.595888711661 -301.2152700614929
-1202.4472138063609 -301.9162504863739
-1202.9913825766741 -303.4365184497833
-1203.5009708182513 -304.5754651021957
-1202.7977320329844 -305.149312813282
-1203.3086661474406 -305.8030937504768
-1203.5899462179839 -306.7810659599304
-1203.1590052621066 -308.13674761772154
-1203.0854799897968 -309.3047467660904
-1202.4702695162593 -310.2355876159668
-1202.8403087706863 -311.2499931049347
-1202.471465602666 -313.04067577838896
-1202.737176016122 -313.7047819685936
-1203.277058854848 -315.16259022474287
-1202.9171661885082 -316.83655091047285
-1203.129719555527 -318.2837748122215
-1203.7204080821573 -319.1614956450462
-1203.8502018155157 -319.7189878416061
-1204.0683532209694 -320.5766302537918
-1203.7194941492378 -321.4753400278091
-1203.6425600425898 -322.9257273864746
-1203.671377532333 -323.6501928758621
-1203.8936873154341 -325.4567595911026
-1203.9454257415234 -326.15610875606535
-1203.5470631049573 -327.65333785533903
-1203.6348218695819 -329.1248241853714
-1203.5860660263895 -329.726394135952
-1203.6421158128976 -330.43263049840925
-1203.6623469704389 -331.63726027727125
-1203.5010417217015 -333.3116401028633
-1203.7334762775897 -333.82502307415007
-1203.8390948364138 -334.48210533380507
-1204.3705920764803 -335.9388908934593
-1204.2315672823786 -336.85402854204176
-1203.7796753534674 -337.9317831587791
-1202.9481245169043 -339.68227930784224
-1202.528055627048 -341.3996183466911
-1202.774244774282 -342.3222667765617
-1203.4825250396132 -343.86447211027144
-1203.6851862856745 -344.55462427854536
-1203.7672590130567 -345.3217584681511
-1203.3885060364007 -347.20810003995894
-1203.8871651107072 -348.52456875562666
-1203.69303927958 -349.8047605347633
-1204.0053608828782 -351.04605444192885
-1204.0925247484445 -351.5615089726448
-1204.0510698148607 -352.11332358837126
-1204.458558757007 -353.3307259273529
-1204.9791362473368 -355.158507604599
-1204.6208593735098 -356.55306889533995
-1204.6948421189188 -357.76111652374266
-1204.4403369912504 -359.4136984539032
-1204.43462954849 -359.97200341939924
-1204.206886474192 -360.49882974147795
-1204.1310474166273 -361.9888431024551
-1203.8028334864973 -363.0506094884872
-1204.2325073966383 -364.49702169418333
-1204.3035997638106 -366.0609786701202
-1203.9785173127054 -367.7937429141998
-1203.3124808260798 -368.8701522541046
-1203.3641051241755 -370.558343667984
-1203.4738196471333 -371.7716857385635
-1203.5181549230217 -373.6458841753006
-1202.646070305407 -374.74095561027525
-1202.9688966611027 -376.39053275108336
-1202.3828490117191 -377.2213293504715
-1201.9704604783653 -377.78880091428755
-1201.3917495647072 -378.5851079416275
-1201.116909507811 -379.6492588710785
-1201.4542830625176 -380.68981506347654
-1201.35008746773 -381.37766518115995
-1201.8977318444847 -383.1503137540817
-1201.9413283096253 -384.12534411668776
-1201.9281605036556 -385.2529011559486
-1201.4382713289558 -386.21578754901884
-1202.0541058035194 -387.68980004310606
-1201.7402130515873 -388.5379515480995
-1202.2403655798732 -390.1883829426765
-1202.3358462975918 -391.4966209721565
-1201.7281524465977 -392.4431832027435
-1201.43178128466 -393.1035343599319
-1201.6359998063742 -394.13103069782255
-1201.8221646176278 -394.8172613573074
-1201.6724835859238 -396.07407536029814
-1201.6253056304156 -397.25922860622404
-1201.3841738478839 -398.81171514511107
-1201.6204715447127 -399.87114169120787
-1201.0766719059645 -401.04285611629484
-1200.6019316987692 -402.3965841722488
-1200.9705912844836 -403.23087038516996
-1201.4848510996997 -404.0492999744415
-1201.9464911596476 -405.4590676021576
-1201.77087920174 -407.34310009002684
-1201.9210998938977 -409.10898377418516
-1202.0810302124917 -410.27371158123015
-1202.0522324220835 -411.6526398849487
-1202.6824370996653 -412.4401949238777
-1202.4819130526482 -414.19261916399
-1202.7217639909684 -415.9477701973915
-1202.4805585817992 -417.12471004247664
-1202.8272170202433 -417.96405406713484
-1202.7389274464547 -419.3970199418068
-1202.6768768468498 -420.7793359351158
-1202.6731764768808 -422.0049796891212
-1202.8108297681063 -422.9594159913063
-1202.789200535193 -424.8083575558662
-1202.3235683647542 -426.4881946635246
-1202.7406917718797 -427.8029214930534
-1203.1246203986555 -429.3058079075813
-1203.356245016828 -431.19210203409193
-1203.0347610173374 -432.19955726385115
-1203.3290461955219 -433.6767674279213
-1203.125039776936 -434.6019051861763
-1203.2710704860835 -435.9981602025032
-1203.8508474884181 -437.4804415297508
-1203.6462594030052 -438.967180211544
-1204.1139454302936 -440.72739263296126
-1203.6916618404537 -442.3377071213722
-1203.4271424470096 -443.59716196775435
-1202.790832048431 -445.10631843328474
-1203.0733945129066 -446.68730099916456
-1203.3036252913623 -448.3140564751625
-1202.8943776545673 -449.13218243837355
-1203.1251874325424 -450.1062880349159
-1203.101773398146 -451.90427728414534
-1203.5821306278556 -453.29567559480665
-1203.5429383201151 -454.31438203573225
-1204.0473333282023 -454.77084537267683
-1203.2440569085627 -455.96540232419966
-1202.7106960696726 -457.227300722599
-1202.612232087329 -458.34906693220137
-1202.477482734397 -459.9973365855217
-1203.0501991493254 -461.2842951607704
-1203.123626543358 -462.0323594403267
-1203.370645923689 -463.35642214536665
-1202.6312007141858 -464.8876541447639
-1202.7333639694004 -465.61311074018477
-1202.1029835177212 -466.3488460969925
-1201.8260293436795 -467.99612154483793
-1201.2156593633442 -469.3939265203476
-1200.5664902163296 -470.3464872431755
-1199.7674286795407 -471.03564812660215
-1198.6734914017468 -472.26498057365416
-1197.5805635882168 -472.7243726146221
-1195.835578246191 -473.7257258784771
-1193.9078152609616 -474.5134442937374
-1193.3069870305806 -475.08708434224127
-1192.3110996318608 -475.35935648202894
-1191.2680405212193 -475.5428208899498
-1190.2049671245366 -475.57964811891316
-1189.257679445818 -475.4550382015109
-1188.2093180251866 -475.58751499325035
-1186.7405899596959 -475.2477138009667
-1185.6646033359318 -475.9675154057145
-1184.8797557187825 -475.60457837253807
