-1190.34 -216.27
-1189.0804553890227 -215.5237033557892
-1188.123305466175 -214.6054732990265
-1187.375852074623 -214.4673280310631
-1185.6784616374969 -214.28247593760491
-1184.926648583412 -214.453541148901
-1184.1433500313758 -214.7998876464367
-1182.5772409701347 -215.16930772781373
-1181.9115906023978 -214.5628457260132
-1180.9132780098914 -214.77395673513413
-1180.4767600560187 -215.19909476161004
-1179.8502887153625 -215.42255412459374
-1178.8197571897506 -214.89238427996636
-1177.7704431676864 -214.8310661506653
-1176.8721902036666 -214.62204958915711
-1175.15887280941 -214.05253948688508
-1173.9422782325744 -213.92459847450257
-1172.9017381334304 -214.31343512654306
-1171.23498090744 -214.0541474413872
-1169.4362240695953 -214.37639682412149
-1168.6472534799575 -214.61677951037885
-1167.0816306734084 -214.36344176948072
-1166.1358711981773 -214.80684662282468
-1165.240170981884 -215.0283196014166
-1163.4804408812522 -214.74102428972722
-1162.0083872342109 -214.6241798591614
-1160.2952655816077 -214.98445283293725
-1158.4166659379005 -214.49367337346078
-1157.0040451550483 -214.7277064663172
-1155.2281081938743 -214.857716832757
-1153.929237987995 -215.4844203335047
-1152.6872096323966 -216.2001731735468
-1151.6065039896964 -216.49896130383016
-1150.7111860775947 -217.48064038574697
-1149.0937586092948 -217.92822438895703
-1147.9554220700263 -219.3101336401701
-1146.753936316967 -219.99754840552808
-1145.9539881014823 -221.49793655097486
-1145.5051664674281 -223.07158965289594
-1144.813651021719 -223.8621357125044
-1144.4037858211993 -225.6065135639906
-1143.8174989187717 -227.14755350768567
-1143.5237786138057 -227.79989445626737
-1143.7658302748202 -228.4365106266737
-1143.6873901227116 -230.02235609710218
-1144.4965913632511 -231.3544567269087
-1144.23833522588 -232.38112408339978
-1144.7639873960613 -233.40851301372052
-1144.7428915539383 -234.90986806571485
-1145.1271381118893 -236.00705236613751
-1145.201661709845 -237.00702029883863
-1145.2904370763897 -238.72518688857556
-1145.550869140923 -239.27234709680081
-1145.5597638228535 -240.5594075959921
-1145.3025485911965 -242.23388874948026
-1144.9984119275211 -243.37894714295865
-1144.5930251815914 -244.74832916677
-1144.7263945826887 -246.09296799123288
-1144.5372844824194 -247.583423499465
-1144.6750641056894 -249.4422441762686
-1144.8356558570265 -250.00243807256223
-1144.644570518434 -251.01877904355527
-1145.735418010652 -252.3858614009619
-1145.5963433870672 -253.8421964687109
-1145.484467882812 -254.87171531140805
-1145.2474034914374 -256.5439364951849
-1145.7606110462546 -258.0523361009359
-1146.733775962293 -259.5692729991674
-1146.5424700865149 -261.0577403348684
-1147.0001340100168 -262.88069332063196
-1146.6979559251665 -264.2887921375036
-1146.3131883332132 -265.9151724618673
-1146.4820965120196 -267.75580180108545
-1147.0547200033068 -268.9218512815237
-1147.6114134976267 -269.8325102370977
-1146.9285066911577 -271.4255545181036
-1146.926468182504 -272.93895841062067
-1146.2140846738218 -274.58882928311823
-1145.3519223222136 -275.7233189386129
-1144.6154215225577 -277.48663247048853
-1143.6992049106955 -279.0320020955801
-1143.2376032957434 -280.7473315042257
-1142.8122922071814 -282.68226969659327
-1142.1000642070173 -284.33763695180414
-1141.5681336411833 -285.67978859364985
-1142.32362442106 -286.7426596921682
-1143.0715865382551 -288.66035068452356
-1143.0109258705377 -289.7993292850256
-1142.912683289647 -291.7270214599371
-1143.29157520473 -293.3614299339056
-1143.0128678792714 -294.9444206994772
-1142.2319936865567 -296.5876876157522
-1141.9965494090318 -298.36178625047205
-1141.869179379344 -299.0927709382772
-1142.0493355059623 -300.84055149972437
-1141.523224260807 -301.9015522044897
-1141.3977888339757 -303.8042211574316
-1141.4658649900555 -305.6199629348516
-1141.6349405685066 -306.6857487004995
-1141.8050951251387 -307.5386554044485
-1141.7186001056432 -308.62843561589716
-1140.9646249526738 -309.7644856017828
-1140.7491774523257 -311.6508047622442
-1140.097769793272 -312.211447481513
-1140.5919289553165 -313.92347383916376
-1140.0685730540752 -315.8869175952673
-1139.4898165428638 -317.4080615085363
-1139.089457925558 -318.67476880967615
-1139.6017883384227 -319.55827778995035
-1139.8008180373906 -320.69781309783457
-1139.8838892841338 -322.3671609801054
-1140.4626051449775 -324.32640332400797
-1139.8421811127662 -325.686609570384
-1139.4898479545116 -327.35414773643015
-1139.7110575401782 -329.2740029734373
-1139.7502453626691 -330.97685248076914
-1139.8930127622186 -331.97016793906687
-1139.4054870010912 -333.5107565563917
-1139.1190865935384 -335.1034931582212
-1139.0777732284366 -336.6359061640501
-1138.8890468926727 -337.97184998214243
-1139.3555641026794 -339.77121407210825
-1138.7928760500251 -341.297933165431
-1138.5123405905067 -342.4381700199842
-1138.3628472091257 -344.1688432139158
-1138.7316932381689 -345.7283586901426
-1138.634287201017 -346.83908766925333
-1138.7191810311376 -347.8159892004728
-1138.0355919899046 -349.7599169653654
-1138.0783610792457 -350.8699857634306
-1138.050085246712 -352.43744987666605
-1137.6172037424146 -353.24243838012217
-1138.2473897637426 -354.1054303091764
-1138.3377225549518 -354.8432245892286
-1138.6078129859268 -356.10981542289255
-1138.0737812371551 -358.0141440075636
-1138.3129571230709 -359.2214315575361
-1138.2466263772546 -360.9029684704542
-1138.1646686793863 -361.6412224215269
-1138.7945110799371 -363.2374396961927
-1138.425793081671 -364.38493568122385
-1139.0417748393118 -366.10275012671946
-1138.6688376964628 -367.34186429202555
-1139.3124576510488 -368.6178316515684
-1139.8197968305647 -370.52892727077005
-1140.2607790531217 -371.4211804908514
-1140.3871049584448 -372.30740547597406
-1139.7539790572225 -373.9002995532751
-1139.1618049444257 -375.8164899390936
-1138.7872710527479 -376.4978542369604
-1138.946722909957 -377.4464286011457
-1139.092351630479 -379.2226976794004
-1138.3616183550655 -380.6270191115141
-1138.4963847996294 -381.7074154061079
-1138.8942898215353 -383.0441299122572
-1138.4926591815054 -384.44930082976816
-1138.4737276715784 -385.3683052700758
-1138.350555865243 -387.1788038653135
-1138.3462183979898 -388.62126022994516
-1137.8086047080903 -390.4312623184919
-1137.9406749216466 -391.6965714138746
-1138.5922877398878 -393.41595751464365
-1138.729888683334 -394.41606456458567
-1138.6828001534193 -395.3577010077238
-1138.8455752228945 -396.8810288351774
-1139.4003428911417 -398.8140992563963
-1138.9505562280863 -400.267398301959
-1138.8358133678882 -401.14152306735514
-1138.7573433538525 -402.18964833438395
-1138.270193817243 -402.86116403758524
-1138.796770574674 -403.8527630609274
-1138.373456897363 -405.5920479339361
-1138.117128940448 -406.3974802535772
-1138.3079902549832 -407.37566167533396
-1138.0590790977328 -408.9600930851698
-1137.6708401908725 -409.9339904230833
-1137.9114644696563 -411.5067828339338
-1138.689456777796 -412.568404738307
-1139.301345007643 -414.2891314667463
-1139.0716736932843 -415.58731776893137
-1138.8573725392669 -416.0750148338079
-1138.8591212473436 -417.8968596500158
-1139.0267477921768 -419.55531108796595
-1139.298289864473 -421.1302856248617
-1138.6655720762535 -421.85582328259943
-1139.0890519015118 -423.4068696540594
-1139.234705804996 -424.6505997222662
-1139.277148570083 -426.5076491874456
-1139.6554540052637 -427.5616090339422
-1139.8071929171308 -428.4509348911047
-1139.3836156680807 -429.07608765780924
-1139.4041886712982 -430.8056771200895
-1139.3631926860287 -431.3645647805929
-1139.1612144346907 -432.823942784667
-1139.6173458929732 -433.23818374097345
-1139.595860296078 -434.4271421474218
-1139.0457674201205 -435.15339148461817
-1139.5320106085017 -436.19486594617365
-1139.8370625611021 -437.0414733928442
