-1190.34 -216.27
-1191.6905294322967 -216.60383318781854
-1193.2449801826476 -217.26506649374963
-1195.0987897777557 -217.9778274190426
-1196.7695198917388 -218.7630782020092
-1197.3454185986518 -219.6820988547802
-1198.4263899588584 -220.81034945368768
-1198.8505661153793 -222.29814397215844
-1198.9712924027442 -223.51736258387567
-1199.7474736237525 -225.00530027270318
-1200.4776993656158 -226.80385040163995
-1200.8448163235187 -228.19110785841943
-1201.4806309902667 -229.99461900115014
-1202.3008205258845 -231.88002597212792
-1203.1083977782725 -233.7335965526104
-1202.4642491304874 -235.65659235835076
-1202.5534313881396 -237.49045132517816
-1202.4978872948884 -239.2752044093609
-1202.6605487132072 -241.17555307269097
-1202.5110611283778 -242.16821973443032
-1202.84000628829 -244.0828311932087
-1202.6200024300813 -245.51049869179727
-1202.913876067996 -247.4466554415226
-1202.3119699472188 -249.31660311341287
-1202.823306929469 -250.94517331242562
-1202.9792411887645 -252.47755615830422
-1203.0113275574147 -254.32940547585488
-1203.062393143922 -256.2100120079517
-1203.3230299802124 -258.1118257534504
-1203.5306817741691 -260.019045163393
-1204.044182524234 -261.8633738052845
-1203.4809992165863 -263.4378082048893
-1204.1248633117973 -265.2544183027744
-1203.4535822124778 -266.95065562844275
-1203.687931433469 -268.8419474852085
-1203.0499860198795 -270.7968739759922
-1202.6909715683757 -272.6579534304142
-1202.7279871480166 -274.620710183382
-1202.3919029013812 -276.515729714632
-1202.74540529415 -278.48790435910223
-1203.3796452657878 -280.3829457056522
-1203.1894886420666 -282.3061362993717
-1203.0518540368973 -283.67389147400854
-1203.4561817871033 -285.60968606591223
-1203.4541863949596 -287.5568207991123
-1203.1467977018654 -288.623320389986
-1203.3541268409788 -290.3255184185505
-1202.8511579932272 -291.9676629793644
-1203.4364965261518 -293.78709643006323
-1202.6880947650968 -295.25549047112463
-1202.9406981171667 -297.23782675385473
-1203.6251472534238 -299.17759435296057
-1203.3910278083383 -301.08925788521765
-1203.927777648121 -302.74877970337866
-1204.2496701480447 -304.6091410410404
-1204.0452178420126 -306.3054767143726
-1203.9524893166124 -308.26483278393744
-1204.1316005440056 -309.79847054600714
-1204.168259203583 -311.5448308479786
-1203.2713491918146 -313.32393388867376
-1203.3428431005775 -314.89264040112494
-1202.8723161669075 -316.57568531155584
-1203.2150497289 -318.26839642643927
-1202.8492457719146 -319.9390755188465
-1203.2829152794181 -321.5276266825199
-1203.2795168758928 -323.1331719648838
-1203.6504696907102 -324.76424043297766
-1204.1367755533754 -326.0571016561985
-1204.3100235314666 -327.79301374077795
-1203.9053456635772 -329.59394900918005
-1203.3797781915962 -331.3767911684513
-1202.9120306821167 -332.9587995302677
-1202.837519481927 -334.5543336164951
-1203.2745790334045 -336.3289009821415
-1202.6390139909088 -338.1849931967258
-1202.2651118190586 -339.9601332437992
-1202.206349171847 -341.91785853028296
-1202.1036355273425 -342.8727507483959
-1201.5205510036647 -344.06973849654196
-1201.4949802981316 -346.00468074202536
-1202.0839056001603 -347.89628135085104
-1201.9533042834698 -349.1291109216213
-1202.5939719603955 -350.47417341589926
-1203.0461268649995 -352.2616052520275
-1203.7046131716668 -354.2227682960033
-1204.2586005555092 -355.72298609137533
-1204.0054418967663 -357.5857683312893
-1204.4883142636716 -359.305548299551
-1204.4605844841897 -360.97252940058706
-1204.9809838758408 -362.82349752306936
-1204.1129331813752 -364.4853806388378
-1203.9237091319262 -366.022477735281
-1203.5999850408732 -367.44215463519095
-1203.6245200113951 -369.28136395335196
-1203.9563131408393 -371.0003142249584
-1203.8852855713665 -372.6611416232586
-1203.934414267689 -374.3175680530071
-1203.4080251456796 -375.97676645636557
-1203.1068738998472 -377.3003457677364
-1202.895382464081 -379.09472786307333
-1203.4803795816003 -380.0363308084011
-1203.747016608864 -381.7031963956356
-1203.5613317640125 -382.9891382348537
-1204.1419223697483 -384.75907777667044
-1204.0140353442728 -386.3502192389965
-1203.9169728533923 -388.16292165637014
-1203.7865358965098 -389.9868202102184
-1203.0183364526927 -391.8502108943462
-1202.7008467690646 -393.7377276313305
-1203.243940808028 -394.68174444556234
-1203.3290400283038 -396.54742013335226
-1203.8494941966235 -398.3576313149929
-1203.9170401619374 -400.15777527213095
-1204.1288457886874 -401.80832122683523
-1203.8608668224513 -402.88427959799765
-1204.1236997024714 -404.51211463332174
-1204.1794991271197 -406.281095136404
-1204.1522438602149 -408.0344346654415
-1203.7288492397963 -409.82038079619406
-1203.2778681592642 -411.60274981379507
-1202.7639888601004 -413.4200262916088
-1203.368206449002 -414.512065757513
-1203.528675623387 -416.207737673521
-1203.9998461084067 -417.8206996810436
-1203.6567473487555 -419.54642318606375
-1204.0306611435115 -420.73868404746054
-1203.4976229445635 -422.53519975066183
-1203.0900084154307 -424.27910505652426
-1203.677738584727 -425.9985200059414
-1203.3886196689307 -426.90748934864996
-1203.4434432165324 -428.37996535420416
-1202.916946210116 -429.93243746876715
-1203.3772185520827 -431.2322073471546
-1203.8962997870146 -432.68727712750433
-1204.1513000802695 -434.5172966015339
-1204.2680021451413 -436.2082520020008
-1204.1393137203156 -437.3706660759449
-1203.9974002765118 -438.9237254154682
-1204.2499408648907 -440.5322140944004
-1204.11544907853 -442.0017499220371
-1204.4491843955218 -443.48169677376745
-1203.637657381743 -445.0193806183338
-1202.9501653091609 -445.7763832104206
-1202.970777850747 -446.97613422989843
-1202.9317130634188 -448.4727083933353
-1202.849293861687 -449.71697287678717
-1203.1337669232487 -451.41431419968603
-1202.5359235742687 -452.4464649450779
-1202.3155601808428 -454.3348674070835
-1202.678917337358 -455.75865357041357
-1203.3065069803595 -456.82158284306524
-1203.0125537404417 -458.66827373623846
-1203.3170030006766 -460.0284549486637
-1203.0817804524302 -461.6312803518772
-1203.0357523301243 -462.7581878197193
-1203.6614182928204 -464.0310493004322
-1203.0776729920506 -465.62215547680853
-1203.3155706712603 -467.1173060429096
-1202.616726476848 -468.81223921895025
-1201.9392497131228 -470.23468332409857
-1201.4533989617228 -471.8503680717945
-1201.1270435044169 -472.22586535334585
-1199.776038069427 -472.8884177100658
-1199.123263735473 -472.67013152360914
-1198.0925179907679 -473.01316868185995
-1197.4853667804598 -473.15272534310816
-1195.8591553756594 -473.19780186235903
-1194.5149222204088 -474.10618445694445
-1193.8039692828058 -473.7848871093988
-1193.1564251372217 -473.71441190361975
-1191.9142309615015 -474.1866021645069
-1190.7272776553034 -474.475809623003
-1189.1393586584925 -475.22361658930777
-1187.7423758694529 -475.9349893224239
-1186.474267501533 -476.5050623309612
-1184.9099590966105 -476.54033087611197
-1184.3776716777681 -476.3403769624233
