-1190.34 -216.27
-1190.1940549278258 -215.586547870636
-1189.3976407909392 -214.68376715898515
-1187.996697511673 -213.87534763336183
-1186.673732485771 -213.93211861371995
-1184.800080742836 -213.69439514398576
-1184.271708395481 -213.41572846889497
-1183.301291015148 -213.1711837989092
-1182.5585189127921 -213.4259662371874
-1181.8209570908546 -213.13472533643247
-1180.760651257038 -213.55222070634366
-1179.4090670609473 -213.09871519029141
-1177.663475420475 -212.62667468607427
-1176.230034019947 -212.2927481275797
-1174.883304502964 -212.35284842967988
-1173.0282603764533 -212.4794532251358
-1172.0123393797874 -212.63811408400537
-1170.837649013996 -212.9053537142277
-1169.4125935101508 -211.88602619290353
-1168.3225566411018 -211.33483229994775
-1167.2543714308738 -211.75513838648797
-1165.431649711132 -211.81511125385762
-1164.09305634737 -212.21456504285337
-1162.5878817105292 -212.243524838686
-1161.4648068213462 -212.0611957204342
-1160.2786116862296 -211.52459411740304
-1159.5190128946304 -211.36439104795457
-1157.849379029274 -211.02295880436898
-1156.6340601110458 -211.5370291364193
-1155.896093752384 -210.93241458058358
-1154.971933748722 -211.15521721959115
-1153.1083025002479 -211.35251997828485
-1152.1887427830695 -211.59147584855558
-1151.3159467244147 -211.87868768393994
-1149.9345482850074 -212.8064498347044
-1148.9822027945518 -213.44950294911862
-1148.3569085860252 -214.3007736247778
-1148.5737880432605 -214.96462262094022
-1148.7726441586017 -216.0055048507452
-1148.3302365505695 -217.28642690598966
-1147.8121249639987 -218.75670075833798
-1148.1551795566081 -220.5334909003973
-1148.2688553893565 -221.44633698880673
-1148.0517751538753 -222.77103686749936
-1148.3913392090797 -224.43024981439115
-1148.5548112356662 -225.87689698159696
-1147.758011933565 -226.54701888978482
-1147.4960213863849 -227.97710967481137
-1147.0943236017226 -229.33431816518308
-1147.553412374258 -231.0291671794653
-1146.7871342265605 -232.0513783735037
-1146.6545464658736 -233.56892490804196
-1146.222347792387 -234.36148727357389
-1146.473624523878 -235.88476288735868
-1146.601820808053 -236.74925029695035
-1147.2919987255334 -238.2169843953848
-1147.288602925986 -239.0995893520117
-1147.1694970206916 -240.38075888574124
-1147.558390058726 -241.1093251746893
-1147.1746816711127 -242.94348848283292
-1147.9354772643744 -243.80796838223935
-1148.4436798767745 -245.37887490212918
-1149.06402183339 -246.88485634744168
-1148.9903500156104 -247.66562956988813
-1149.3636000828444 -249.23473900973798
-1148.828036494702 -249.80172205388547
-1148.354572571963 -251.14957094609738
-1148.5670143292843 -252.0706105273962
-1148.5996783675253 -253.8978652995825
-1148.6932875888049 -254.6535718482733
-1148.896619118899 -255.61906087815763
-1148.9363936857878 -257.0049388450384
-1149.1934355871379 -257.9044883292913
-1149.5026373641192 -258.55087143599985
-1149.9367188887297 -259.5865767639875
-1149.3623599486052 -260.4448359650373
-1149.5260305033623 -261.71023804366587
-1149.412747837752 -262.53392816007135
-1148.9876366333663 -263.9970532697439
-1149.3052378372847 -265.5712021631002
-1149.7107185797393 -267.11127651154993
-1149.6507130937277 -268.1641308110952
-1149.748008892089 -269.6290216487646
-1148.9274601192772 -270.706675414443
-1148.5196490438282 -271.73747647225855
-1148.3126725853979 -272.6250025075674
-1148.223104044944 -273.72828579366205
-1147.9363145382702 -274.95714617192743
-1148.5078530462085 -276.08355713307856
-1148.872600004226 -277.8988428157568
-1148.2396777124702 -279.2146781724691
-1149.0070122928917 -279.8853959482908
-1149.6578615756332 -280.4642891925573
-1149.6706128568946 -281.39527786195276
-1148.995647177249 -282.33452141702173
-1148.6658485682308 -283.21838808476923
-1148.2118535788356 -284.44152784764765
-1148.7748351843654 -286.20632434308527
-1149.6068530233204 -287.68780887544153
-1150.0553501100837 -288.7008945983648
-1149.7773244829475 -289.4255765122175
-1150.3992510290443 -290.6178317707777
-1149.7243719549476 -291.8324211281538
-1149.5752756895124 -292.8968513649702
-1149.4953072072565 -294.4261572998762
-1149.6562040747701 -295.17876077115534
-1149.5612980128824 -296.37252140462397
-1149.1917886139452 -297.531418685317
-1148.710518002659 -298.9226496261358
-1149.342748761326 -300.2279453319311
-1149.5501445682346 -301.28892529428003
-1149.6877485217153 -302.1856859964132
-1149.4221837820112 -303.8661514562368
-1149.4969271497428 -305.0408899825811
-1149.654976569265 -306.52960110127924
-1149.7892114447056 -307.51992398917673
-1149.910566099137 -308.88541585624216
-1149.6289874987303 -309.9702257555723
-1148.9202441649138 -310.72258562266825
-1148.1568062977492 -311.53395969092844
-1147.5079657511412 -312.12043857991694
-1147.6549613849818 -313.51627135694025
-1146.8532793299853 -314.30698401153086
-1146.5369623677432 -315.59563571631907
-1145.7635534779727 -316.822543208003
-1144.7382478491961 -317.9188180607557
-1144.0866509453951 -319.14187890708445
-1143.6448746995627 -320.45009619414805
-1143.3724961058795 -321.01876455962656
-1142.9234948830306 -321.9137390297651
-1143.385426171273 -323.587639157176
-1143.2790054903924 -325.013518397212
-1143.541476033777 -326.68621761023996
-1142.9479971157014 -328.3368633431196
-1142.7015459315478 -329.01669824540613
-1142.673195399493 -329.96409649074076
-1143.10370389387 -330.79624551951883
-1143.0194100664555 -332.6098408144712
-1142.99213079378 -333.55825651109217
-1142.831920556873 -334.00494718968866
-1143.3156816290318 -334.7316898149252
-1143.5504749940335 -335.3116555851698
-1143.0009540842473 -336.03293168962
-1142.2531540320813 -337.7558412593603
-1142.632451556772 -338.8363561671972
-1141.9923961387574 -339.7867346447706
-1142.3227188812195 -341.41891783893107
-1141.8076783047616 -342.93936998069285
-1142.0678313301503 -343.4247745913267
-1141.3348165677487 -344.4966556471586
-1141.2289062665402 -346.3856126707792
-1140.743411116451 -347.2384386104345
-1141.204830996841 -348.15403324782847
-1141.6633494721352 -348.9101021927595
-1141.3827428744733 -349.8797165197134
-1141.704274110645 -351.34480488717554
-1141.8316151575743 -352.7034385246038
-1141.9096485899388 -353.7506185811758
-1142.3076364026963 -355.3185638231039
-1142.7466160880028 -357.1389094632864
-1142.3502710090577 -357.60325092494486
-1142.4152819143235 -358.9756503742933
-1142.830844424814 -360.7035718601942
-1142.23313345775 -361.85502964675425
-1142.6887785123288 -363.52441090762613
-1142.6422505380212 -365.3907167357206
-1142.9232468010484 -366.2989435237646
-1142.3021770121156 -367.34790778577326
-1141.6442102195322 -368.47090006291864
-1141.8640721441805 -369.89399123609064
-1141.8893686217814 -371.47695661008356
-1141.8532924932986 -372.94788015305994
-1142.2746634764223 -373.35997635543345
-1142.2826727909594 -374.21913248717783
-1141.706282166913 -375.1199726504087
-1141.1965693516283 -376.00524443805216
-1141.7283998412638 -377.38775808036326
-1141.3762078566103 -378.4136386555433
-1140.8634742183237 -379.3460028809309
-1141.3125134093314 -380.1693466347456
-1141.7183676046877 -381.6810901802778
-1141.631412981227 -382.88362962424753
-1141.8804739696532 -384.18061727702616
-1141.8399881405383 -385.63398749053476
-1141.5987180603295 -386.8083135527372
-1141.3038860095292 -388.02547163188456
-1140.8517325354367 -389.7318792980909
-1140.9637315107136 -391.03003293693064
-1141.6823887062817 -392.9665020149946
-1142.0912982655316 -394.198234025836
-1142.3587460649758 -395.6798247736692
-1141.7525996101647 -396.3788782995939
-1142.2704374922066 -397.5987326544523
-1142.0185732973366 -398.54436868846415
-1142.0653194991498 -400.24516958415506
-1141.913718899861 -401.9603161257505
-1141.2970928756147 -403.1000652951002
-1140.8271067348867 -404.7998238247633
-1141.0944979397207 -406.4242568653822
-1141.5382922200113 -407.2296537798643
-1141.0183250216394 -407.9914912623167
-1140.8533385602384 -409.1195529145002
-1140.7927162183075 -410.54911441028116
-1141.12693045862 -411.45171624839304
-1141.442443711832 -412.91363126456736
-1141.2994905246048 -413.960849468112
-1141.2949040403216 -415.1739260596037
-1141.7140471806376 -416.2725243014097
-1141.4373959174006 -417.05369037806986
-1141.5341964831202 -418.6983191412687
-1142.0356219282 -419.4573653382063
-1141.8889774998277 -421.23232859790323
-1142.5656224211305 -422.87565499961374
-1142.2999977191537 -423.7465050858259
-1142.5230958183854 -424.8952119988203
-1142.3700989504903 -426.24654668986796
-1142.292196670696 -427.0358529728651
-1142.8490675484388 -428.3389158886671
-1142.5683292543142 -429.42745954215525
-1142.3018867170065 -430.42339086949823
-1141.6417187248915 -432.1820459407568
-1142.2878795658796 -433.8658161205053
