-1190.34 -216.27
-1190.1929398441314 -216.02781744718553
-1188.7774051094054 -215.59035407423974
-1188.2216994428634 -215.04909609675408
-1187.9708740377425 -214.5837256205082
-1186.4864592218398 -214.52426891446115
-1185.260490026474 -214.8873103451729
-1183.790796842575 -215.0100140464306
-1183.3184922003745 -214.9654145729542
-1181.8074007296561 -215.29740958333016
-1180.980880525112 -215.29880650758744
-1180.0580134654044 -214.87987848043443
-1178.3762414717673 -215.16632639288903
-1176.9315123820304 -215.47766219496728
-1175.912913110256 -215.68274893283845
-1175.0974835419654 -215.9256544005871
-1174.5945632719993 -216.27125816464425
-1173.3343422675132 -216.2376114022732
-1171.8907242083549 -216.22188280940057
-1171.289096918106 -216.2428215634823
-1170.2418944501876 -216.30141191601754
-1168.979456629753 -216.45295496702195
-1167.5951963329314 -216.65838395476342
-1165.7809506320953 -216.73283960342408
-1164.5834065341949 -216.9488389980793
-1162.771988954544 -217.03216024160386
-1162.096100296974 -217.036568005085
-1160.6934387350082 -216.98593928337098
-1159.1812967920303 -217.21558212161065
-1158.0738778972625 -217.12514894127847
-1157.5812689328193 -216.31100200533868
-1156.2237117552756 -216.42128934383393
-1154.785430457592 -216.51626561999322
-1153.1839281582832 -216.78829820871354
-1151.7371665501594 -217.25969784379006
-1150.522304561138 -217.76044325947763
-1149.297356750965 -218.72312574505807
-1148.0917080903052 -220.07715301632882
-1146.7341009640693 -221.6183616411686
-1145.623712685108 -223.2304963362217
-1145.4723304027318 -225.09535973191262
-1145.2716060245036 -226.2148542892933
-1144.976345297098 -227.8709068787098
-1145.2801745796203 -229.7609649193287
-1144.5640195274352 -231.43792562603952
-1144.2287237608432 -232.69435398697854
-1145.0756323301791 -234.4333326113224
-1145.7102161610126 -235.6114161503315
-1146.6893368923663 -237.21684937596322
-1146.454847704768 -238.7235371363163
-1146.3261348569392 -240.0643212091923
-1146.2751044744252 -240.73913161873818
-1146.3345231825112 -242.19298236489297
-1146.363854881525 -243.39404873967172
-1146.5244963431358 -245.17034940838815
-1145.9986925983428 -246.345437694788
-1146.7731552386283 -247.95799141049386
-1147.1243704819678 -249.1558225643635
-1147.6313282513618 -250.53388159394265
-1147.845632907152 -251.26106112122537
-1147.294049795866 -253.1942037832737
-1147.780158098936 -253.79518323063851
-1148.1380204224586 -255.34593777775765
-1148.3623111063241 -256.4626176846027
-1148.7401180678605 -258.00365917801855
-1149.1903845781087 -259.61410420060156
-1149.2611578965186 -260.6228210222721
-1149.8313390874862 -262.18117182374
-1149.4344712162017 -263.8569061052799
-1149.6189828777312 -265.04515187859533
-1149.651989761889 -266.66367190003393
-1149.0963522234558 -267.8538496983051
-1148.8766501435637 -269.5959641230106
-1148.4847796747088 -271.05186991810797
-1147.304824669063 -272.59195594906805
-1146.4865711519121 -273.61754410386084
-1145.7479613611101 -274.9548454773426
-1144.7434962579607 -276.2561353933811
-1144.7112027594446 -277.95460932374
-1144.6510253438353 -279.5867146742344
-1144.0706483015417 -281.2910726559162
-1143.995061095953 -283.0465934765339
-1143.9821608626842 -284.6166377556324
-1144.0816455745696 -285.63233630776404
-1143.8072477841376 -286.7330581438541
-1142.9084504508971 -288.31861989617346
-1142.3463187479972 -288.9907238972187
-1142.4835096114873 -290.07792704224585
-1141.935351204276 -291.3928461563587
-1142.000800397396 -292.94389813065527
-1141.9797619098424 -294.0242326748371
-1142.211966794133 -295.8150814068317
-1142.6214530283212 -297.7670752298832
-1141.9584632331132 -299.67869536995886
-1141.7163366639613 -301.3803928387165
-1141.343632545471 -303.2357509624958
-1140.7950751447677 -304.08312468647955
-1140.542897965908 -305.46781854748724
-1140.6811639481782 -306.94017260193823
-1140.982473295331 -308.70280139565466
-1140.652402293086 -310.5131267797947
-1140.614249576032 -312.1025037062168
-1139.9165427574515 -313.14122169137
-1139.706985850036 -314.7123895180225
-1140.062326569259 -316.3711224091053
-1140.1497793087362 -317.77316205620764
-1140.6850512513518 -319.2729515326023
-1140.2750653216242 -320.7363781225681
-1140.4892558345198 -322.33673422455786
-1140.6154822596907 -323.40786473870276
-1140.9553119131922 -324.6636106264591
-1140.0619987437128 -326.1899356138706
-1139.6096087881922 -327.189501632452
-1139.9525956997275 -328.6042634141445
-1140.4484318980574 -330.4162160050869
-1140.92627756685 -331.6460727345943
-1141.2223939189314 -333.2413977277279
-1140.9236307629942 -334.7545293462276
-1141.4475973138212 -336.49561559081076
-1141.190668631494 -337.8761378419399
-1140.5768571981787 -339.11545311331747
-1139.8334788569807 -339.9693062198162
-1139.677440393865 -341.663755286932
-1139.07150434345 -343.4887927663326
-1139.4669581243395 -344.91073130488394
-1139.906869072616 -346.4276674878597
-1139.3995579668879 -347.99895142436026
-1138.8260789105295 -349.6992136132717
-1138.2763496825098 -350.3476346027851
-1138.8071871587633 -351.94153695225714
-1138.7725461536645 -353.4612606060505
-1138.8467066028713 -355.1212978851795
-1138.97520283252 -357.0008386862278
-1139.1585040280222 -358.56503789544104
-1138.9572510907053 -360.2673854124546
-1139.0919393339752 -360.8377532851696
-1138.5348284879326 -361.9195284736156
-1139.0402648487686 -363.85194682002066
-1139.0996348822116 -365.567036498785
-1138.4478002154826 -367.1620300900936
-1138.605596911311 -368.71540736079214
-1138.4645189756154 -370.1110740792751
-1138.8438099735974 -371.4783177268505
-1138.6062822455167 -373.01125644564627
-1138.2708015555143 -374.3910794150829
-1138.8501820081472 -375.50972913622854
-1138.7149228566884 -376.4685847651958
-1138.953122537732 -378.243802536726
-1139.499915998578 -380.08239172816275
-1139.070006173253 -380.8415632140636
-1139.3552025967836 -381.843726862669
-1139.0888607913255 -383.49372993826864
-1138.4736977034806 -384.53857408881186
-1139.1930128747224 -385.7107773911953
-1139.822134655118 -387.14136432528494
-1139.2166035586595 -388.5371223580837
-1139.3614215964078 -390.15745018839834
-1138.7437550538777 -391.9944585454464
-1138.4316142016648 -393.3227063310146
-1138.620919611454 -394.84185861468313
-1138.8466682994365 -396.73312591433523
-1138.4409737253188 -397.69394831776617
-1138.4786862546205 -398.8718652021885
-1138.6066830718516 -400.2227989923954
-1138.7127623075246 -402.09616916298864
-1138.3423068040609 -403.56325357079504
-1138.8810429686307 -405.29569714188574
-1138.5019742959737 -406.3294815313816
-1138.6275483781099 -407.9326717150211
-1138.4968677574395 -409.1178149473667
-1138.2248796635865 -410.4450920116901
-1138.121802125275 -412.21993236660956
-1138.2453104445337 -413.6830691587925
-1138.6549402365088 -414.7673364174366
-1138.2687715777754 -415.752922822237
-1138.5468250998854 -417.2354988348484
-1138.6815768817066 -418.2303867828846
-1139.2194577792286 -419.1738451015949
-1138.771205637753 -420.6741335880756
-1138.90107532233 -421.88148849129675
-1138.491403300464 -422.67759846568106
-1138.429945334941 -423.4247274291515
-1138.1691213102638 -424.9618016374111
-1137.7016213090717 -425.98165606379507
-1137.8019776569306 -427.2800940167904
-1137.6673887597024 -428.72382329821585
-1137.222110800594 -430.03643642783163
-1137.3882645146548 -431.1821795594692
-1137.458622984737 -432.9251483571529
-1138.0859487579762 -433.44235299944876
-1138.5066423939168 -434.16465114474295
-1139.4514176176488 -434.73365413069723
-1139.052948706001 -435.91873883128164
-1138.690865598768 -436.7032512915134
-1139.609105490297 -437.9658772242069
