-1190.34 -216.27
-1191.364255633354 -217.75734188079835
-1192.3982749843597 -219.3425293159485
-1193.323615875244 -220.97164144039155
-1194.3168550395965 -222.67620291233064
-1195.52504178524 -224.4929200601578
-1195.6940771007537 -225.7001737546921
-1196.764897313118 -227.34493937015534
-1196.2742339932918 -229.18709792613984
-1196.4020756447314 -230.96944226741792
-1197.3317561113834 -232.24588098049165
-1198.0505288803577 -233.51362945556642
-1199.1374493801593 -235.27289082527162
-1199.7880923712253 -236.86472823143006
-1200.2118989193439 -238.6794467163086
-1200.9346542322635 -240.5149382543564
-1201.4742803537845 -241.9944271039963
-1202.0087972843646 -243.7332443189621
-1201.6245907211303 -245.497973818779
-1201.8334546351432 -246.8572722864151
-1202.0841133856773 -248.82807042121888
-1202.5904069805144 -250.64222599983216
-1202.3455567026137 -252.5662694168091
-1202.6136153006553 -254.50601365089418
-1203.1107484364509 -256.4586713504791
-1203.0667721407115 -258.4061801624298
-1203.08071906507 -260.31122710227964
-1203.1578660497069 -262.23844017505644
-1202.9405399152636 -264.1855639410019
-1203.1517400482296 -266.0794741106033
-1203.270871963501 -267.8790105772018
-1203.6113472247123 -269.61124958515165
-1203.4431946241855 -271.1249689054489
-1204.0480363333224 -272.9503435087204
-1203.5200362169742 -274.8010568809509
-1203.9609341585635 -276.5527304601669
-1204.0341101849078 -278.4141965103149
-1204.457046713829 -280.2857661437988
-1204.9015896582603 -282.191134352684
-1204.7235151195525 -284.1083065462112
-1204.8503864371776 -285.56621803760527
-1204.231046077013 -287.42715265274046
-1203.5811430180072 -289.26735569953917
-1204.2051175796985 -290.6112809371948
-1204.2556758934259 -292.4189588022232
-1204.4428211861848 -294.38536467075346
-1204.4668376260995 -295.59756066322325
-1204.0926045888662 -297.5110237789154
-1203.7211510652303 -299.05178787231443
-1203.0439856165647 -300.60160603046415
-1202.746341895461 -302.4376181554794
-1202.534636568427 -304.19053139209745
-1203.3345823997258 -306.1173340272903
-1202.867360484004 -307.38041474342344
-1202.5038450175523 -308.8501051855087
-1202.4111100175976 -310.1741571617126
-1202.8753270247578 -311.6567928981781
-1202.492550496161 -313.5524718952179
-1203.0015701690315 -315.3089153957367
-1203.2815844753384 -316.783824224472
-1203.7375454643368 -318.75498249053953
-1204.0278075674175 -320.2606243085861
-1204.6009683945774 -322.0135611486435
-1204.9008423426747 -323.1742644500732
-1205.2422268131374 -325.0975256156921
-1205.2726392784714 -326.9811144065857
-1204.3918521443009 -328.4770914506912
-1204.5149970540404 -330.4390555810928
-1204.3452891299128 -331.591773648262
-1204.1099387297033 -333.1417929124832
-1204.227341581285 -334.46279956817625
-1203.7334583589434 -336.4108185958862
-1203.920765388906 -337.94168819904326
-1204.345254678428 -339.5794123601913
-1204.8626771757006 -341.1155235958099
-1205.1723478028177 -343.07524778366087
-1204.9183764645456 -344.91908254146574
-1204.2060761639475 -346.7163115930557
-1203.9905449041723 -348.3503594589233
-1204.16273953408 -349.645559091568
-1203.9859565237164 -351.53954865455626
-1204.2954023221134 -353.12170102119444
-1204.0635175296663 -354.97094656944273
-1203.574184168279 -356.74728371620176
-1203.1526085326075 -358.2979449224472
-1203.5268184432387 -359.978435177803
-1203.1590231546759 -361.78644682884214
-1203.7080659160017 -363.3549950313568
-1203.4162312933802 -365.23782040596006
-1203.6127858647703 -367.0876438808441
-1203.792852450311 -368.4965087366104
-1203.7000855544209 -370.2441104841232
-1202.9829837420582 -372.17005576610563
-1202.9638252483307 -373.9169351053238
-1203.5125368462502 -375.83077635288237
-1203.7934305892884 -376.9041254711151
-1203.3212133274972 -378.63917054653166
-1202.878794811815 -380.2546373796463
-1202.7020126210152 -381.70055486679075
-1202.1615066753327 -383.5542171192169
-1201.5719266758858 -385.52185894966124
-1201.6854746194183 -386.9115979862213
-1202.1491328032314 -388.5865099620819
-1202.3137651534378 -389.53809030771254
-1202.8914529533683 -391.38037093400953
-1202.7644686700403 -393.1588875842094
-1202.980201959759 -394.63147302389143
-1203.1701218189298 -396.5158314299583
-1203.7116890253126 -398.27222462415693
-1204.0902255775034 -398.86782874584196
-1203.5075945855676 -400.64884271144865
-1203.9223665000497 -401.66918160438536
-1204.1779565812647 -403.02965070724485
-1204.0172020496427 -404.7100475025177
-1204.3680635692178 -406.4621818256378
-1204.8965073825418 -408.3071750593185
-1204.4096831680833 -410.16519202709196
-1204.7037527562677 -412.08632781028746
-1205.0238962770998 -413.94579197883604
-1205.2262477876245 -415.4407624197006
-1205.5688279272615 -416.48257030963896
-1205.453636303693 -417.7687994432449
-1204.870596423894 -418.70336206674574
-1204.359298005849 -419.9527794909477
-1204.8309438975155 -421.6809155535698
-1204.9820875973999 -423.5883369040489
-1205.0564053805172 -425.0935792517662
-1204.49996562317 -426.89296348810194
-1204.1176058204471 -427.9957542014122
-1204.6158765108883 -429.7611851286888
-1204.0515107662975 -431.497572619915
-1204.5576878936588 -432.3242100071907
-1204.0945703239738 -433.84974487543104
-1204.5126831980049 -435.39203460931776
-1204.402969174236 -436.63049050092695
-1204.1764249281584 -438.49807830572126
-1203.4366913513838 -440.274233777523
-1202.6187162475287 -441.36620839357374
-1202.352957703322 -442.6445999932289
-1202.740952707976 -443.8700002026558
-1202.1641714946925 -444.58058943271635
-1201.9360017852484 -445.8468951177597
-1202.6083175615966 -447.62268080234526
-1202.9242563919722 -449.509312171936
-1203.3083997146784 -451.260603685379
-1203.2138076128065 -453.05746449947355
-1202.9341304303705 -454.6161533784866
-1203.0871409477293 -456.3288136911392
-1202.7352510394155 -456.87122233629225
-1202.508980617076 -458.42163844823835
-1202.7085308434068 -459.58763571500776
-1203.1566634477674 -460.2555653643608
-1203.6745090188085 -461.786196668148
-1203.1227931679784 -462.7710935664177
-1203.0684685485064 -463.82977672338484
-1202.8278858439623 -464.5405751657486
-1203.2582933680712 -465.929007191658
-1203.6871607081591 -466.9573219013214
-1202.7261804120242 -468.62216057300566
-1202.1632427947222 -469.88234176158903
-1202.2466365472972 -470.391218085289
-1200.9135725872218 -471.4487130832672
-1200.5275987462699 -471.8848636639118
-1199.1752984599768 -472.794129062891
-1198.313160546273 -472.6941505265236
-1196.9093939141928 -473.35669048547743
-1195.392230041474 -472.8645154428482
-1194.5814433173834 -473.3241749000549
-1193.9453179316222 -474.2406783890724
-1193.0224439577757 -475.0701657128334
-1192.208943851441 -474.9687516582012
-1191.33042538926 -475.26615985155104
-1190.6094486789405 -475.4357287478447
-1189.7555518226325 -475.7313339602947
-1189.028605826348 -475.7121189557761
-1187.1818002538382 -475.0732677900046
-1185.205526240319 -474.6998428725451
