-1190.34 -216.27
-1191.3736002111434 -216.85068281412126
-1192.6615804100036 -217.56959523677827
-1194.3353269958495 -218.16681398868562
-1195.5265553855895 -218.706451792717
-1197.105281677246 -219.52744563341142
-1198.0314792060851 -220.41825028181077
-1199.4168629312514 -221.2576865744591
-1199.9458868169784 -223.16797013998033
-1200.2099814081191 -225.00896783590318
-1200.5830810928344 -226.8897676062584
-1200.3133535945415 -228.60543592691423
-1201.1592960321902 -230.32279737710954
-1201.136918556094 -232.23746402978898
-1201.8564360255002 -234.19275816202165
-1202.5134143942594 -236.15086873292924
-1203.1884387248754 -237.64783831357957
-1203.7807364577054 -239.40819736242295
-1203.7220397779345 -241.34039493322373
-1203.8893381544947 -243.24891277074815
-1204.115911681354 -244.6489547085762
-1203.6616180130839 -246.5773897957802
-1203.2697208711504 -248.50544400930406
-1203.4846937397122 -250.39073773145677
-1203.2532035300135 -252.3750884127617
-1203.0634959974884 -254.20976658582688
-1202.3412914314865 -255.72540875196458
-1202.8435766139626 -257.70832224607466
-1202.815638726726 -259.3914569211006
-1202.9274645952135 -261.26243599176405
-1202.9374066052585 -263.05205639123915
-1202.8944203538447 -264.88738258600233
-1202.5791600627451 -265.99147172689436
-1203.1105739755183 -267.6720771384239
-1202.7739015800505 -269.66467042684553
-1203.3348965031653 -271.10317178487776
-1203.9406301362067 -273.0060283732414
-1204.191600261405 -274.89889343500136
-1203.8650791627913 -276.2644239258766
-1203.941470472291 -277.63072689294813
-1204.394820658639 -279.0677322936058
-1203.7122634334116 -280.96774895906447
-1204.0997069460898 -282.59716208696364
-1204.085744721964 -284.390492875576
-1203.5260330272465 -285.78872318983076
-1203.4845078533142 -287.7701439452171
-1203.8677353208511 -289.59105726003645
-1204.1039076840132 -291.43203063726423
-1203.6216396486013 -293.19243272066115
-1203.1775954162329 -294.9882863354683
-1203.2182749380916 -296.9463315796852
-1203.6470222940295 -298.8290856671333
-1203.5257296358793 -300.70120819330214
-1203.4310025965422 -302.5581310582161
-1203.832489947006 -304.4675635886192
-1203.938043469712 -306.2444636416435
-1203.3283579891174 -308.1882791113853
-1203.6172706430405 -310.07580061674116
-1204.0964134281128 -311.4383012843132
-1204.2914773469417 -313.15101786375044
-1203.887251401469 -314.28535087823866
-1203.4327171688526 -315.6710831713676
-1203.7412532215565 -317.4118927311897
-1204.0405449812858 -319.14202793359755
-1203.8001251017301 -320.6843721461296
-1204.409400800392 -322.6361807179451
-1204.6799339150637 -323.85725589513777
-1205.1672471260279 -325.25595839738844
-1205.168627867624 -326.800649125576
-1205.2120237445085 -328.68777998209
-1204.8838019763677 -330.29002722024916
-1205.0841170942037 -331.1738028717041
-1205.167442182228 -333.10314144611357
-1205.1725709532946 -334.8762570810318
-1205.3772311305254 -336.4331734371185
-1205.7866954302042 -338.02099968910215
-1205.8769885098188 -338.8165745925903
-1205.8191817497461 -340.6952755641937
-1206.0804334377497 -342.487481136322
-1205.668263087198 -343.8644330692291
-1205.788132051155 -344.8052720618248
-1205.775719622299 -346.0566623997688
-1205.5593743120878 -347.63645621061323
-1205.2187424396723 -349.05622263669966
-1205.5616259669512 -350.59222682237623
-1205.3019657229631 -351.9903113436699
-1205.1076605712622 -353.7607754063606
-1205.4556977247446 -355.1869194102287
-1205.799925217554 -357.13883586645125
-1205.5736205970495 -358.5903721642494
-1204.8814120089262 -360.43978842020033
-1204.6551243757456 -362.3856497597694
-1204.2926502322405 -364.31728096723555
-1204.6906287466734 -365.93517370939253
-1204.840627098605 -367.8535935473442
-1204.7975551282614 -369.5034753870964
-1204.7758252566307 -371.2823055577278
-1204.6409393196552 -372.21942772388456
-1204.6510388498752 -373.9758571577072
-1204.945218945071 -375.33901228427885
-1204.0674739127605 -376.43657614707945
-1204.101615751311 -377.8983733844757
-1203.5479091649502 -379.0318507146835
-1204.0072762613743 -380.8295791339874
-1204.1271962916105 -381.4771397900581
-1204.460429797098 -383.151724178791
-1203.8622468804567 -384.5120532107353
-1203.7975524758547 -386.10345812559126
-1203.1587759350984 -387.25187512159346
-1203.4632421230524 -388.31540210962294
-1202.7852827405184 -390.0332784247398
-1202.7805570784583 -390.87769325494764
-1203.111211371757 -392.5643404316902
-1203.2259103331342 -394.329275329113
-1203.7764072689786 -396.12290509462355
-1203.7076246860995 -397.6639165472984
-1203.6542747068777 -398.5139492344856
-1203.029785935916 -399.83149607896803
-1203.5066873181238 -401.38764842271803
-1203.6017033133282 -403.21200032949446
-1203.2043760690465 -405.0861259293556
-1203.6668084535374 -406.184723098278
-1203.030835774876 -407.37105937719343
-1202.5537047061696 -408.71546502828596
-1202.3971828940882 -410.200182158947
-1202.3731415617838 -411.8392048668861
-1202.5393007147684 -412.9948905301094
-1201.9805683839693 -414.5351372551918
-1201.631576036252 -416.35677703142164
-1201.7264396670832 -417.6800939631462
-1201.8539420488848 -419.06206508398054
-1201.7496872964873 -420.67972596406935
-1201.4791262570395 -422.2772757601738
-1202.0368917408957 -424.149587829113
-1202.738385063745 -425.226213414669
-1203.4604599896445 -426.59750433683394
-1202.8484767499938 -428.455562312603
-1203.4078632417693 -430.04454823255537
-1203.8954180899634 -431.5941083025932
-1204.0923396322503 -432.35714282512663
-1204.2801262411847 -434.2304111909866
-1204.6930020723119 -435.9631301355362
-1204.4489296052232 -437.5161607456207
-1204.5346972170844 -439.23680736541746
-1204.3021452996506 -440.4360653352737
-1204.5960419747605 -441.50696267604826
-1204.9327757928147 -443.13895716190336
-1204.9679916176572 -444.6020391178131
-1205.0591407689824 -446.1997055006027
-1204.299703923203 -447.97256626605986
-1204.1175668064132 -449.2761956644058
-1203.4129963937773 -450.7245294046402
-1202.8729591790213 -451.7850464773178
-1202.43414137993 -453.0382787179947
-1202.7193436149134 -454.3612356376648
-1203.0786024156585 -456.2655677986145
-1202.3467355791106 -456.7819421482086
-1202.039645713903 -458.3576487493515
-1202.0850540782883 -459.64486577033995
-1202.653539517112 -461.4438427877426
-1202.9269231643154 -462.14124025821684
-1203.5217488493397 -463.09332336902617
-1203.8221068765595 -464.4734223079681
-1204.2833580162003 -466.27289344787596
-1204.443277307935 -466.8972261738777
-1203.637123116441 -467.49595942020414
-1203.1125725593045 -468.77595688819883
-1202.8619064475968 -469.8419335079193
-1202.5867917324974 -471.4999335002899
-1201.5318729664757 -471.7781338882446
-1201.2701635148003 -473.254041929245
-1200.4731966640427 -473.31414683580397
-1199.3450304653122 -473.2847665739059
-1198.188335337825 -474.2081539225578
-1197.663933196254 -474.2511092466116
-1196.2971145297959 -474.3663973701
-1194.6269443418457 -474.7289771032333
-1193.3775650646164 -475.07718782544134
-1192.6055109884217 -475.83642124056814
-1191.1568419124558 -475.56976817965506
-1189.6085825349762 -475.47225051045416
-1188.6938374425843 -475.0078088235855
-1187.6079165126755 -475.5018732142448
-1186.701114216037 -475.741171438694
-1185.6659926559403 -475.25934897780417
-1184.3535463001206 -475.85321461081503
