-1190.34 -216.27
-1191.352062549591 -217.0788357448578
-1192.3321338558196 -217.39486258149148
-1193.5368621015548 -218.19350545525552
-1194.8942246103286 -218.79441880106927
-1195.2428265476226 -219.29048909664155
-1196.0857436323165 -220.1373982024193
-1196.9669985437392 -220.3435149383545
-1197.4989568853377 -221.06729783535005
-1198.222609605789 -222.01602872133256
-1198.2234254741668 -223.01341982603074
-1198.4933232927322 -223.64418764829637
-1198.5119811856746 -224.35154904842378
-1198.83664285779 -225.4943105173111
-1198.947137531042 -227.13692905426026
-1199.1303346717357 -228.50067605495454
-1199.151920851469 -229.36008252620698
-1200.1146679484843 -230.38543154716493
-1199.8151397669315 -231.3818026971817
-1200.8546951973437 -233.20567860126496
-1200.8059071117639 -234.086725730896
-1200.9515739792585 -235.36514915943147
-1200.5313755983113 -236.5587613773346
-1200.3221194559335 -238.28016569137574
-1200.7727422231435 -240.06001331329347
-1200.8045923823117 -241.54675211429597
-1201.760113787055 -243.00157644271852
-1201.9954345339536 -243.66003241062165
-1201.6140875333547 -245.2986296606064
-1201.841026853919 -247.05836023807527
-1202.1103756839036 -248.27805187225343
-1202.9366152101754 -249.08707894802095
-1202.5051569157838 -250.32338740348817
-1202.4003735223412 -251.93186904907228
-1202.6245384404062 -253.33454706192018
-1202.2785484680533 -254.1080846977234
-1201.839589882791 -255.3761877012253
-1202.4550703653692 -256.49261774539946
-1203.036001075208 -257.50350024223326
-1202.7500796505808 -259.3373229694366
-1202.0881050416826 -260.00247438669203
-1201.5012591668963 -261.693782646656
-1201.0067313501238 -262.5170795512199
-1201.0196243712305 -263.72548993349073
-1201.2154439130425 -265.46170016050337
-1201.747685495913 -266.39851721048353
-1201.5112563708424 -267.9402339053154
-1201.1591614821552 -269.32203491449354
-1202.0700707772373 -270.76265629053114
-1202.8330377677082 -272.65621526956556
-1202.8391693533956 -273.7345084738731
-1202.3542222084104 -275.4631404471397
-1202.0108703972398 -276.67762573480604
-1201.7344634534418 -278.3416188549995
-1201.3959698678552 -279.5068008494377
-1201.7195295394956 -280.16927291870115
-1201.7723418550192 -280.96660919904707
-1201.8313138486444 -282.1860501360893
-1202.0496454538404 -283.5075984787941
-1202.2974541784822 -285.2131682229042
-1202.9036312700807 -287.0174473118782
-1202.2834918500482 -288.7279771161079
-1202.7855786086618 -290.0801740479469
-1203.2629795970022 -291.97708256959913
-1203.5016152115165 -293.2077751946449
-1203.3463850469886 -294.8189390492439
-1202.981764897853 -296.1409687590599
-1203.0167264865338 -297.7977411341667
-1203.1453620271384 -299.19510420084
-1202.0375347213446 -300.42365117788313
-1201.461759455651 -301.5611804318428
-1201.6359700934588 -303.0149558377266
-1200.9685803429782 -304.5365995955467
-1200.8582344578206 -306.3843040060997
-1199.874835960716 -308.1760985445976
-1198.8990147040784 -309.5413502049446
-1198.502192698568 -310.2710737776756
-1198.2846490965783 -311.4224847149849
-1196.8329610453545 -312.17130859613417
-1195.0879102574288 -312.4658470344543
-1193.6113466845452 -313.1097192955017
-1192.442108951658 -313.4221537005901
-1190.6575594769417 -314.1763277542591
-1189.8885888682305 -314.64567234039305
-1188.3189220057427 -315.2466067266464
-1187.2447616682946 -315.8615842056274
-1185.731895290464 -316.0526665639877
-1184.6537103281914 -316.4988054227829
-1184.0179607497155 -316.484046808891
-1182.6382318364083 -316.46935556035487
-1181.2398219929635 -316.15791038375346
-1180.0788374768197 -315.92093657653777
-1179.1406386123597 -316.5256688515469
-1178.1859701500832 -316.8295456091687
-1177.0692628251015 -317.0343956867978
-1176.817163966745 -318.4899377743527
-1175.8121988998353 -319.86979388397185
-1174.562128804773 -321.4929749886319
-1173.8901708947121 -322.9551807562634
-1173.322073482126 -324.33011531036345
-1172.8061112986504 -325.8220945517346
-1172.2615804301201 -327.2436480442807
-1172.3279862107336 -328.7123657385632
-1171.9136346580087 -329.97967659633605
-1172.094715565592 -331.63127075832335
-1172.3728035391866 -333.1828743140027
-1171.7937930525839 -334.1979536930844
-1171.8350515069067 -336.07950042884795
-1171.5385753513872 -337.23154532115905
-1172.0105880798399 -338.62774562042205
-1172.38627770558 -340.37142895858733
-1172.2686372698843 -341.64254569213836
-1172.2944235430657 -342.907271377258
-1172.303427234441 -343.8690559188649
-1171.972629264146 -345.3840669910237
-1172.3480068595707 -346.6006963769719
-1172.3437265084683 -347.7837499896809
-1171.8468925283848 -349.2643151799962
-1172.2333572433888 -350.683649472408
-1172.5180580841004 -352.0106025258824
-1172.1164677368104 -352.54033904474227
-1171.3936517463624 -352.9888788978383
-1171.2215887533127 -353.8626223127171
-1170.3805141673981 -354.94271498125045
-1169.5750479923188 -355.6387180606648
-1168.9733730779587 -357.1682726661488
-1168.719151340574 -358.69686429899184
-1168.943539135307 -360.40229266088454
-1169.5094063208996 -361.4636604110524
-1168.949630730003 -363.0386801282689
-1168.575073890537 -364.492363027744
-1168.8365358637272 -365.4935300866887
-1168.5438161121308 -367.1641452829167
-1168.2635176704823 -368.36502902906386
-1168.1575096176564 -368.8586078206822
-1167.73321776852 -370.5025859395787
-1166.6448829697072 -372.1638672868535
-1166.438055358976 -372.83687191408126
-1166.4370286689698 -373.9499872247502
-1166.2543506251275 -375.2628250638768
-1164.822386585325 -375.9176360885426
-1163.5532992707192 -376.9525381843373
-1162.2324591504037 -378.2129731694981
-1161.3668195830285 -378.4634151081368
-1160.622774683088 -379.63229044478385
-1159.2050283776223 -379.7264110813662
-1158.181987606138 -380.51572815280406
-1156.319322668165 -381.02607188325373
-1155.8279490695893 -381.02585706811396
-1154.4938886390626 -381.5819522510096
-1153.8077002988755 -381.5674907038733
-1152.6158616767823 -381.8311188588664
-1152.1475960241257 -382.85713843207805
-1151.3893649803101 -383.28846488099543
-1150.8688360677659 -384.5554538736865
-1149.9393533693253 -385.551861144118
-1148.7227680908143 -385.9081223676726
-1147.9840110765397 -386.9991695354506
-1146.4889111743867 -388.1272646854445
-1146.4897470103203 -388.89181441765277
-1145.6402454601227 -390.32395596008746
-1144.8303127513825 -391.73415798645465
-1145.0424084292351 -392.84898633461444
-1144.6922455655038 -394.7006940315291
-1144.1439244376122 -396.5066835353896
-1143.7163051591813 -397.0605471799895
-1144.113210402578 -398.29379088383166
-1143.5854188428818 -400.01836521130053
-1143.3369136081635 -401.7534511755034
-1142.8151693569123 -402.6237271497771
-1142.0181206689774 -403.916959352307
-1142.4434460924565 -404.3879685471579
-1142.2686957643925 -405.7247138093039
-1142.793798200935 -407.28745413523166
-1142.4496211336552 -408.8970227311179
-1142.8786827252804 -409.6563638518378
-1143.3176028655469 -411.1903220484778
-1142.6495171712338 -412.63594461183993
-1142.9226447568833 -413.8935986826941
-1143.0882960186898 -414.8933460186049
-1142.6887567268311 -416.0222982833907
-1143.2306077109276 -417.2807372282073
-1143.4354451672732 -418.94367522697894
-1142.7595833317935 -420.04478115539996
-1142.2299424187838 -421.20305294495074
-1142.6034178213774 -422.67752069931475
-1141.8634448723494 -424.0841035316512
-1141.5707711057364 -425.6231624553725
-1141.0824868158995 -426.82516664963214
-1141.2727529482543 -427.524323172383
-1141.423050828427 -429.0125883291289
-1140.878594584912 -429.8121674726531
-1140.3847778217494 -431.1705744932219
-1140.5146074818074 -432.5244153211638
-1140.5520964489876 -433.0254618595168
-1140.5171452389657 -434.85116524200885
-1140.2804759965836 -435.9885233114287
