-1190.34 -216.27
-1191.380225148201 -217.80502321243287
-1191.951175239086 -219.1304806661606
-1192.917643930912 -219.7220026445389
-1193.8129709029197 -220.41869713783265
-1194.3718087935447 -221.9363739681244
-1195.1873724126815 -223.12139989852906
-1196.1758689546584 -224.5876876306534
-1195.912023719549 -226.4157861661911
-1196.830264326334 -228.22159566402436
-1197.1665193998813 -229.76416947364808
-1197.3778624349832 -230.79772116661073
-1197.610664975047 -232.47873057842256
-1198.6083756202459 -234.256594080925
-1198.6512192898988 -235.08119191646577
-1199.5202675276994 -236.6847379398346
-1199.9093626254796 -237.32055797100068
-1200.1418967062234 -238.89794053554536
-1200.3434419596194 -240.58417167186738
-1200.1700641179084 -242.11842121601106
-1200.6252641940116 -243.3980484199524
-1200.2802534663676 -244.01443459510804
-1200.1063469016551 -244.96366556406022
-1199.959848936796 -246.73993404626847
-1199.8248178327083 -248.48132475137712
-1199.9548280650376 -250.24807282209397
-1199.9244375044107 -251.35666580915452
-1200.3195637875795 -252.94805999517442
-1200.2381818407773 -254.10957475423814
-1200.004750471711 -255.93280859708787
-1200.4871938639878 -257.39459462881086
-1200.1584516876935 -259.0438756537437
-1199.9337733203172 -260.2236635279655
-1199.8729737514257 -262.0014750552177
-1199.9309651368856 -263.3338718008995
-1200.598985981345 -265.08802958250044
-1201.0658944958448 -266.9358598780632
-1201.7034648174047 -268.8255879473686
-1201.6540450268983 -270.7116510462761
-1201.1326762849092 -272.60455675840376
-1200.934676464796 -273.0718625974655
-1200.9649619424342 -274.7648178529739
-1201.7475802862643 -276.34452702522276
-1201.1386861169337 -277.6343510341644
-1200.9989095294475 -279.5554859828949
-1201.0297883862256 -281.16557874202726
-1201.0244169199466 -282.82705296993254
-1201.7111578547954 -284.2569300127029
-1201.8438050562143 -286.015366692543
-1202.2339341157674 -286.935443778038
-1201.8072159403562 -288.32374908447264
-1201.8237455078959 -289.9809667062759
-1202.1702236422896 -291.7269181203842
-1202.247925441861 -292.6694524478912
-1201.587431948781 -294.38002922058104
-1202.0433130675553 -295.97171284675596
-1201.8639750295877 -297.25764955997465
-1202.3034037166833 -298.5785891008377
-1202.7145801597833 -299.6514213275909
-1202.2298576945066 -301.19900335788725
-1202.7399448269605 -302.4888078165054
-1202.7867802122234 -304.1489254426956
-1202.6990420186519 -305.28066708564756
-1203.0628572666644 -307.0914882612228
-1203.1148727463185 -308.61752368927
-1203.4504167364537 -309.78338267326353
-1203.9152316378056 -311.58929385662077
-1203.34149288401 -313.4776994180679
-1203.0931977854668 -314.40774800300596
-1202.4130161629616 -316.1001985263824
-1202.7878836916386 -317.1833323431015
-1203.3957021163403 -317.7551732254028
-1203.882199101299 -319.00550605773924
-1203.1607060359418 -320.84114124298094
-1203.3338948117196 -322.69623925209044
-1203.0550798104703 -323.9191174697876
-1203.2837344931065 -325.83006574630735
-1202.9817675875126 -327.6720209312439
-1203.5897654817998 -329.2935641002655
-1203.0205917881428 -331.1059398841858
-1202.5723506735264 -332.16517867565153
-1202.6366495268046 -333.2253713798523
-1202.788267262429 -335.16589023590086
-1203.4755991773307 -336.64164163589476
-1202.7415406779944 -338.46071280956266
-1202.9757870958745 -340.26972438812254
-1203.2623218224942 -341.72216345787047
-1203.0933650659024 -343.222184677124
-1202.6565779076516 -344.47128750801085
-1202.4712652789055 -345.2298687291145
-1202.3824026437103 -346.75338812589644
-1202.2269798369705 -348.6481399130821
-1202.5789753051101 -350.30805702924727
-1202.7797890754043 -351.921366174221
-1202.5474088491499 -353.421539504528
-1202.08388814345 -354.8743372750282
-1201.5122568310796 -356.21002670049666
-1202.1936208905279 -357.7732724738121
-1202.0053905399143 -358.30275114297865
-1201.5356278569996 -358.7777977776527
-1201.7792984397709 -360.4565593791008
-1202.554168716222 -362.03644414663313
-1202.6380576343834 -362.94828875780104
-1203.3447680921852 -364.6125980210304
-1203.5791633726656 -366.20171578645704
-1203.4623018802702 -368.04440029382704
-1202.9746341408788 -369.81011064767836
-1203.118670940548 -370.68924422979353
-1202.6220478118955 -371.77953263044355
-1203.1784214676916 -373.53878362894056
-1203.37960281983 -374.91442604780195
-1203.851394444853 -375.58573396921156
-1203.6931466312706 -376.77150805711744
-1203.1950701029598 -377.7266381573677
-1203.2291186341643 -378.8147990298271
-1203.6659179219603 -379.9969505858421
-1204.3115189561247 -381.465404112339
-1204.1653009542822 -383.2261757445335
-1203.9769665637612 -384.0912632536888
-1203.676757428944 -384.7024772953987
-1203.1241715887188 -386.48961694955824
-1203.6732983925938 -388.22930451154707
-1203.4521876314282 -390.04375453710554
-1204.0482610204815 -391.3761819195747
-1204.466136727631 -392.6517202448845
-1204.8072775939106 -394.28071816682814
-1205.0989034214615 -395.65389045000074
-1205.0147252717613 -396.3458975148201
-1204.5291491487621 -398.1908112359047
-1203.8238349893688 -399.77349181890486
-1204.241946760714 -401.020091612339
-1204.1829785892367 -402.13288303136824
-1204.1190127769112 -403.2080493760109
-1203.2868289390206 -404.5125242066383
-1203.3020758593082 -405.4545743060112
-1203.2203726956247 -407.05869134187697
-1203.6663831064104 -408.98764796972273
-1202.8027543613314 -409.6775465798378
-1202.3515485712885 -411.2161744427681
-1202.3357348331808 -412.72110541582106
-1202.240761090219 -414.17920895338057
-1202.4853344151377 -414.89117356061934
-1201.7934462615847 -415.54534639835356
-1201.7848915123939 -416.0653674197197
-1201.8880557903647 -417.9863092494011
-1202.1159995386004 -418.8045529913902
-1202.9603629896044 -420.21457191228865
-1202.806950021684 -421.41362424612043
-1202.8369092290848 -422.0995884132385
-1203.2797983234375 -423.3293007802963
-1203.5441890304535 -425.1572891664505
-1203.473527552709 -426.8296497058868
-1203.3064014782756 -427.81233783483503
-1203.4954795708506 -429.6096590352058
-1203.9279496540873 -431.4992550206184
-1204.0380813946574 -433.40915652036665
-1203.3087044825404 -435.0465452265739
-1203.5950031151622 -436.48030169725416
-1204.0415719618647 -437.983830769062
-1203.6651030948012 -439.777885992527
-1202.8811339309066 -440.9708355259895
-1202.5888018181174 -441.8385185790062
-1202.1224110593646 -442.6567948055267
-1202.177210016325 -443.25425316810606
-1202.6812081170826 -443.9237499427795
-1202.8029790205508 -445.38481833457945
-1202.4272343797236 -445.8211898398399
-1202.334651051238 -447.4642839026451
-1201.9854884726553 -448.2639116835594
-1202.2042447609454 -449.71109791517256
-1202.951698390916 -451.2204196047783
-1203.022351725176 -453.10639580011366
-1203.5181471837311 -454.24194057703016
-1203.5739503336697 -455.92021473169325
-1203.7717613858729 -457.0287175965309
-1203.6888408196717 -457.5372901153564
-1203.561093373373 -458.0120468330383
-1203.3552922738343 -459.1281210374832
-1203.7525866163521 -459.94430520057676
-1203.6538347733765 -461.1016477537155
-1203.9614937437325 -462.8432192993164
-1203.7404626441746 -464.5782784414291
-1203.6949054805189 -465.0932495188713
-1203.2343202439695 -466.7091877055168
-1203.6755238679796 -468.44388743162153
-1203.3599652258306 -469.11159237146376
-1202.9631079343706 -470.2957539153099
-1202.4211456684022 -470.8478362751007
-1202.0542674867063 -471.5712738227844
-1201.850993534699 -472.5977372121811
-1201.2408300248533 -472.9459150624275
-1200.2696793881803 -473.533303399086
-1198.5766081420331 -473.8381062042713
-1197.201770743504 -474.2263221633434
-1196.0122431126981 -474.80458169102667
-1194.4877209273725 -474.6105712544918
-1192.8043441382795 -475.1237730872631
-1191.9303683844953 -475.197571401
-1191.0985648242383 -474.4881166857481
-1189.9721808043867 -474.5825719204545
-1188.3481688109784 -474.77676432996986
-1186.5353908149152 -474.781472903192
-1185.9361151067167 -474.8430595067143
-1184.129939874783 -474.8744203042984
