-1190.34 -216.27
-1192.1957659387588 -217.26215519428254
-1192.9123945498466 -218.08816977262498
-1194.131159927845 -219.02760132074357
-1195.2234915757178 -219.0594626259804
-1196.0444721841811 -220.45921142816545
-1196.6678349041938 -220.94209535837174
-1197.0088670516013 -222.64778455018998
-1197.7534606719016 -223.81532271623612
-1198.3219673299789 -225.3365667653084
-1199.1668599510192 -226.81303532838822
-1199.5700334274768 -227.65099044561387
-1199.4044846260547 -228.72680791139604
-1199.8623873853683 -230.44973989248277
-1200.1615768635272 -231.42551322698594
-1200.2169324719905 -232.52742441415788
-1200.7889429891109 -233.9401417565346
-1200.7797765994071 -235.56616862535478
-1201.457131769657 -236.40042974472047
-1202.0037175679206 -237.35109050989152
-1201.4787251615523 -238.50521465063096
-1201.0665643775462 -240.43415160894395
-1201.504570659399 -241.799729783535
-1202.3448730671405 -243.57605071783067
-1202.3704892733692 -244.92981262922288
-1201.7428616026043 -246.68017550230027
-1201.756034437716 -248.13291152238847
-1202.3045552411675 -249.5402721953392
-1201.7779527941345 -251.33482857465745
-1202.0626930335163 -252.46088870286943
-1201.9765968361496 -254.34611054182054
-1202.418705139458 -255.86593611955644
-1202.1134908536076 -257.75195868730543
-1201.6454366782307 -258.7654635500908
-1201.5329426416754 -259.89819761037825
-1202.0309233257174 -260.9439503741264
-1202.0990314894914 -262.26773973226545
-1202.881076555848 -264.0472268652916
-1202.4436687344312 -265.65278025388716
-1202.503306981325 -266.997461874485
-1202.717594858408 -268.9073074650764
-1203.0823398792743 -270.24712820768355
-1202.8438440823554 -271.5009423089027
-1202.1165525579452 -273.1008554291725
-1201.9542283827066 -274.7903505158424
-1201.8827203550934 -276.1845223498344
-1201.7190106549858 -277.98533995866774
-1201.6143807658552 -279.7129662823677
-1202.1365585812925 -280.9493499588966
-1202.6466281303763 -282.7171817612648
-1203.3839489111303 -283.9731665444374
-1202.6753915438055 -285.34635182142256
-1203.155113596618 -287.1388303828239
-1203.0318487772345 -288.66788848161696
-1203.5509051570295 -290.62511833429335
-1203.6652865076064 -292.2061156821251
-1203.2592919433116 -293.0270244669914
-1203.3171693237125 -294.42763574838636
-1203.3092246355116 -296.1049120020866
-1202.7546240390836 -297.22577281713484
-1202.6763165147602 -298.64568420171736
-1202.208431854993 -299.8198198866844
-1201.6683330090343 -301.2005090308189
-1201.0258172900974 -302.5039290976524
-1201.1874201001226 -303.5944087100029
-1201.457280665785 -304.46484478235243
-1201.051333606392 -306.22437961816786
-1200.66776677981 -307.61814530611036
-1199.9854218663274 -308.38272889375685
-1199.8111957015096 -309.43555887460707
-1198.4596033991872 -310.93737645864485
-1197.8981365860998 -312.0243389201164
-1196.0944223107397 -312.82742055177687
-1194.8060286940633 -313.50027169704435
-1194.2259574235975 -313.19624086141584
-1193.2236563266813 -313.03870495080946
-1191.5756849350034 -313.4904394340515
-1190.3947570623457 -313.66483653008936
-1189.1194258035719 -313.5335848224163
-1188.5411340893804 -313.7917294991016
-1187.9228946270048 -313.9983335626125
-1186.8912314476072 -314.23675318479536
-1186.1017425359785 -314.8381840777397
-1184.3749620021879 -314.861161057353
-1182.8867154420911 -314.9583373260498
-1181.5038111509382 -315.3747161519527
-1180.4569022955 -316.1436415803432
-1179.40061739102 -316.30435179591177
-1178.432995647341 -317.0514819514751
-1177.3408872784673 -317.7187685859203
-1176.7964933814108 -318.35810612559317
-1176.035561531931 -319.49254928946493
-1175.2149407567083 -320.9212139737606
-1174.0778557957708 -322.58168779730795
-1174.020264238268 -323.65927897810934
-1173.578406781107 -325.0609800708294
-1173.7056834252178 -326.37930189490316
-1173.089432671815 -327.3629060280323
-1173.416958734542 -328.99461572289465
-1172.9336946459114 -330.66275327324865
-1172.5896116943657 -332.3993396055698
-1172.101504817754 -333.572206069231
-1171.6998302192985 -334.8564894688129
-1171.2846494467556 -336.62491731762884
-1170.740101352483 -338.22168474316595
-1170.7849550025164 -339.5332032930851
-1170.5395541863143 -340.9552675974369
-1170.3130628542601 -342.7651402246952
-1170.2410160081088 -344.56142346978186
-1170.2565887199341 -346.23017614006994
-1169.7511702404915 -347.2538514626026
-1170.4376643525063 -348.7980453264713
-1170.301645912379 -350.23644607186316
-1170.8190030233561 -351.86999433159826
-1170.475851662606 -353.43479197144507
-1169.5119175986945 -354.6897975695133
-1169.3886558638512 -355.59650700211523
-1168.9256550894677 -357.0806919825077
-1168.9221243189274 -358.15151028752325
-1168.593908600658 -359.80335884213446
-1168.6046228261291 -361.3658512127399
-1168.579879000932 -362.0344917666912
-1168.538022328317 -363.7694578063488
-1168.249471862018 -365.0035242927074
-1167.8128293344378 -365.971840788126
-1167.6704430916905 -367.88294069886206
-1167.1136362889408 -369.6166419279575
-1166.2361749151348 -371.28342144608496
-1166.2756645718216 -372.8620733511448
-1166.2658601143955 -373.4350510728359
-1165.5115179756283 -374.09392129302023
-1164.7067764738201 -375.2384571921825
-1163.3965602853893 -376.3829694879055
-1162.3102854231 -377.66559897780417
-1160.8708691337704 -378.8927441728115
-1159.1851795652508 -378.9835505378246
-1158.1463767030834 -379.4767751288414
-1156.4393759706616 -380.3430218887329
-1155.6344507077335 -381.44380225658415
-1154.5844025948643 -381.86355920553206
-1153.3428330758213 -382.14347891926764
-1151.9082627633213 -382.8765289080143
-1150.3520734646916 -384.21048610329626
-1149.2210102418064 -385.26156859517096
-1148.6154414156078 -386.1590950977802
-1148.0448839405178 -386.749145437479
-1147.4789943435787 -388.04661648392675
-1146.5813778379559 -388.41685869216917
-1145.3900052049755 -389.68619181632994
-1145.1642014124989 -391.4592545223236
-1145.4004623332619 -392.51607467651365
-1144.8301498332619 -393.2300783586502
-1144.0306299367546 -395.0773612451553
-1143.8497537413239 -396.9400571775436
-1143.6814938524365 -397.5025113415718
-1143.5425971338152 -398.5845471215248
-1142.7467979380488 -400.28413279771803
-1142.7748393604159 -401.35964031934736
-1142.1493097135424 -402.5644182753563
-1141.7082278320192 -404.38679702997206
-1142.0121212789415 -405.6745938849449
-1142.286416966617 -407.0914208483696
-1142.331858780384 -408.7279194188118
-1142.6574791038036 -410.2786037516594
-1142.2502008342742 -411.1460724663734
-1142.1364515611529 -412.32610758066176
-1142.337489325702 -413.5916969370842
-1142.0647688397764 -414.9274873328209
-1141.8314203509688 -415.9550506663322
-1142.484817970693 -416.5968975019455
-1141.9792246112227 -417.84118344306944
-1141.9845813924073 -419.2463501882553
-1142.0182567128538 -419.94507994174955
-1142.2068911978602 -420.92377658605574
-1142.1979256869852 -422.12485929250715
-1141.429404080063 -423.93538566350935
-1141.501167796701 -424.54912139892576
-1141.0353969858586 -425.78990258693693
-1140.7091206239163 -427.46681513309477
-1141.3208134697377 -429.1504624080658
-1141.4716710375249 -430.77416195392607
-1141.2402105407416 -432.14353420257567
-1141.8156708554923 -433.8333792877197
-1142.1580652968585 -435.7819366645813
