-1190.34 -216.27
-1191.5008009338378 -217.58442964076997
-1192.6131935977935 -219.13167144775392
-1192.8582573199271 -220.11902822971345
-1193.806503560543 -221.58236755847932
-1194.579898622036 -223.31302775859834
-1195.1198047065734 -224.97647943019868
-1196.3647081518172 -226.8275637817383
-1196.4015899264812 -228.70148040771485
-1196.727098878622 -230.40226783275605
-1197.7070137822627 -231.36425002336503
-1197.3798285984992 -233.02917679071427
-1197.6170909667014 -234.72198231935502
-1197.5495066308974 -236.00332995176316
-1198.3392748498916 -237.74476547956468
-1199.2783767843246 -239.2390085053444
-1200.455227818489 -241.10943921327592
-1200.279981162548 -242.91972335100175
-1201.2864495778083 -244.623442132473
-1201.2797131502628 -246.5646452498436
-1201.6119318568706 -248.4312671017647
-1201.6305498370527 -250.1688898396492
-1201.450859580338 -251.78655238866807
-1202.2285862901806 -253.69919820547105
-1202.698337946236 -255.57012172460557
-1202.9290876129269 -257.5531133008003
-1202.7960504630207 -259.4518266510963
-1203.4284053781628 -261.3144057583809
-1203.7440053263306 -263.0983316493034
-1203.9756017962097 -265.0110127520561
-1203.2357192674278 -266.88163944005964
-1203.0199704656004 -268.62272687673567
-1202.525606561601 -270.14843483686445
-1202.3347880730032 -271.9539658617973
-1201.9242606648802 -272.9260298800468
-1201.4437306711077 -274.7815470290184
-1202.253351111114 -276.4612660002708
-1201.7297844478487 -278.16940828084944
-1201.5068818816542 -279.80196495771406
-1202.3325928935408 -281.7343692374229
-1201.6894829759 -283.68073316335676
-1201.9391188213228 -285.48709913015364
-1202.138834554851 -286.80730410337446
-1202.7538719365 -288.66933604001997
-1203.316109020412 -290.5602273535728
-1202.9352404364943 -292.0201816153526
-1202.6511856803297 -293.34814890146254
-1202.2091140934824 -294.57948239564894
-1202.9803248235582 -296.2204514336586
-1203.2270516642927 -298.11105736017225
-1203.6219920107721 -298.9380516004562
-1203.764556903541 -300.6330492687225
-1203.2488951870798 -301.9220367860794
-1202.8742395231127 -303.87614693164824
-1203.6263913103937 -305.3711638641357
-1203.1767886468767 -307.2818885040283
-1202.6165862867235 -309.1514740180969
-1202.4571067729592 -310.8130269241333
-1202.3515651264786 -312.071304936409
-1202.264328006804 -314.0286141824722
-1201.9199359753727 -314.89357902526854
-1202.416897598803 -316.78469206809996
-1203.01940274626 -318.45308413028715
-1203.1844476947188 -320.4325094413757
-1203.0252892264723 -322.28216042041777
-1203.659654367864 -324.1944233369827
-1203.9658440837263 -325.35152401447294
-1203.9828828015923 -327.15196289539335
-1203.613684181273 -328.96968450069426
-1204.1262930074333 -330.67274322032927
-1203.651276204884 -332.59671296596525
-1203.980634484589 -334.46400894641874
-1204.3992779889702 -336.16243924617766
-1204.5578312465548 -338.0329553079605
-1204.1112679430842 -339.4050269317627
-1204.4087155649065 -340.38960279941557
-1203.8192851135134 -341.92626633167265
-1203.5400463828444 -343.8886438798904
-1203.316506449282 -345.4428855371475
-1203.5023125895857 -346.92503072738646
-1203.467369903028 -348.526255865097
-1204.052458513677 -350.3456993293762
-1203.9436980971693 -351.8349696588516
-1204.1398123392462 -353.7443891954422
-1204.342102278173 -355.4526418638229
-1204.1843567827343 -357.0706874322891
-1203.5966245868801 -358.6543238353729
-1202.9727138021588 -360.60150100708006
-1203.3696972766518 -362.2899909210205
-1203.3680997902154 -363.61113442897795
-1203.075269859433 -365.5162520599365
-1203.646897714734 -366.84326412200926
-1203.7419628986715 -368.4065735530853
-1203.3454881200194 -370.18395902633665
-1203.5576560088991 -371.4332945537567
-1203.1436847040056 -372.11621304273604
-1203.709344227016 -373.9499055933952
-1203.4396093675493 -375.86994477033613
-1202.7196152994036 -377.700510699749
-1202.37020452708 -378.76117189645765
-1202.4093449154495 -380.09714921236036
-1202.7764525452255 -381.9978679013252
-1203.0933548548817 -383.5663723540306
-1203.1296130420267 -384.79627903223036
-1203.189951058626 -386.4784291577339
-1203.5828661882877 -388.02869208574293
-1203.320257898569 -389.5680627417564
-1203.0429313147067 -391.30554409742354
-1203.319139626026 -393.2575218272209
-1203.2948604898154 -394.98244877576826
-1203.7236123161017 -396.78945358514784
-1203.0763809160887 -398.0346657824516
-1203.0785534718632 -399.14741273641584
-1203.731847975552 -400.68246956586836
-1203.274577025473 -402.36807127714155
-1203.8039512076973 -404.1544816088676
-1203.9775671699642 -405.4561849427223
-1204.401445839703 -406.8088585925102
-1204.502857018411 -408.5409770798683
-1204.3317032048105 -409.7816915106773
-1203.8002088853716 -411.5369352889061
-1204.1564268061518 -412.69980116605757
-1203.5291786977648 -414.58196612119673
-1203.4111124017834 -415.6829938483238
-1203.2729212531447 -417.31870814085005
-1203.766749818027 -418.6881173443794
-1203.574041981399 -420.41178961515425
-1203.4485619851946 -422.33580466032026
-1203.9988433906435 -424.2213477683067
-1204.168027240932 -424.9646409344673
-1204.1555919238924 -426.57711275339125
-1204.3318307587504 -427.80425127267836
-1204.4372616299986 -428.9513514828682
-1204.078743059337 -430.60984690904615
-1203.7045280227064 -431.6216915440559
-1204.0746484288572 -433.56939490556715
-1204.473419536054 -435.2260516476631
-1203.792833019197 -436.7379698348045
-1203.784451920688 -438.2089504790306
-1203.4985749313234 -439.1544673037529
-1203.0771662780642 -440.6119969677925
-1202.781742710769 -442.48388083696364
-1202.487772155702 -444.42492659807203
-1202.67148201555 -445.97480090379713
-1203.1286687740683 -446.8251831126213
-1202.550137747228 -448.54535265684126
-1202.6599849128722 -449.83070643663405
-1203.0002171361446 -451.30519147634504
-1203.0814063364267 -452.44867177724836
-1202.8798277342319 -453.60412235975264
-1202.7975868546962 -455.0648381304741
-1203.1287281179427 -455.91839965105055
-1202.808452990055 -456.72815688371657
-1203.2115459406375 -458.6473161768913
-1203.2767271661758 -460.3651077342033
-1203.5583747291564 -462.1331923794746
-1203.2740784549712 -462.9657607269287
-1203.3362474405765 -463.839050848484
-1203.860028144121 -465.3269512248039
-1203.995636012554 -466.306018371582
-1203.114833858013 -468.12706067085264
-1202.4344037437438 -469.95135571479796
-1201.8147909903525 -470.40534623384474
-1201.8011003398894 -471.91903718233107
-1201.3509518766402 -472.1057362747192
-1200.387439098358 -473.0985346031189
-1199.334676709175 -474.28825726032255
-1198.0058624410628 -475.03382720470427
-1196.5383613967895 -474.757366348505
-1195.1927632951736 -474.9956211042404
-1194.4055777454375 -475.3901775372028
-1193.2107107305526 -475.0326511156559
-1192.170287694931 -474.7486197841167
-1191.5189910197257 -474.8928021085262
-1190.1615716481208 -474.3594573032856
-1188.9377346301078 -474.6806304347515
-1187.2349155211448 -475.288940359354
-1185.6010194087028 -475.6809152853489
-1184.357599761486 -476.33980594992636
