-1190.34 -216.27
-1191.2931631469726 -216.88175525188447
-1192.793785419464 -217.99952926158906
-1193.6541627311706 -219.1010387134552
-1194.3986647391318 -219.84177096605302
-1194.8976813519 -220.96019967317582
-1195.9867703878879 -222.1916373562813
-1196.9408562743663 -223.4775499892235
-1196.9474097156524 -225.16642828702928
-1197.6331370735168 -227.07631703138352
-1197.220324691534 -228.8044278216362
-1197.8603060805797 -230.59677775621415
-1198.3138627374171 -232.19060118913652
-1198.3149776721 -234.0713523221016
-1199.3194910550117 -235.6842377972603
-1199.7119882667064 -237.4498217892647
-1200.0329436922073 -238.5384891819954
-1200.239053916335 -240.4459532094002
-1200.791206550002 -241.7412011218071
-1201.0682444685697 -243.31021137952806
-1200.9667670243978 -244.55633469343186
-1201.105432551503 -246.291712243557
-1201.6391947084664 -248.16976185560227
-1201.8596487158536 -249.9588137459755
-1202.0205216223 -251.59373541593553
-1201.7306565755605 -253.26426859617234
-1201.6194171124696 -255.09775741815568
-1201.6430278980731 -256.48038168668745
-1201.5872520023584 -257.9063847851753
-1201.356745492816 -259.8333867383003
-1201.4581941330432 -261.37597521066664
-1202.2090654337405 -263.0885845017433
-1202.6374013090133 -264.14394577264784
-1202.124897506237 -266.0345519375801
-1202.6725678706168 -267.56621976613997
-1202.549044203162 -269.389991004467
-1202.1959377342462 -270.8828322482109
-1201.6758615785836 -272.3956473660469
-1201.4594375902414 -274.01438458681105
-1201.3844379597901 -275.6341770482063
-1201.6847182327508 -277.4577492070198
-1202.373415928483 -279.2043516230583
-1202.437961835563 -280.948580224514
-1202.8431705722212 -282.88655396223066
-1202.5668000170588 -284.672927339077
-1202.7415657529234 -286.2313963961601
-1202.690268881768 -288.1788845849037
-1202.7604650782048 -289.73962374448774
-1202.2940084265172 -291.59208055257795
-1202.3584010155498 -293.5733737540245
-1201.7805895359813 -295.2859732699394
-1202.0726078005134 -297.07416816473005
-1202.712177619487 -298.79256220579146
-1203.0092298538982 -299.84950645685194
-1202.6535499246418 -301.6997073483467
-1202.3617409022152 -303.64489801645277
-1202.2484716178476 -304.7131398510933
-1201.7895926238596 -306.5413864445686
-1201.742235854417 -307.9059193921089
-1201.8929895313083 -309.4863843512535
-1202.0365639926492 -311.09218879461287
-1201.5156381131708 -312.73813482046126
-1201.5983066932856 -314.28237684488295
-1202.250683106631 -315.0546007943153
-1202.7872000710665 -317.019719440937
-1203.221112229079 -318.6305994582176
-1202.5931952373683 -320.4539146018028
-1202.376049839109 -322.2381970477104
-1202.6825067029893 -323.65227730989454
-1202.948913179487 -325.4659016919136
-1202.7762185560166 -326.83543976068495
-1202.748616375178 -328.64867552042006
-1202.540771909207 -330.3203559708595
-1203.2468324379622 -331.6391331744194
-1202.8568877653777 -332.4079638314247
-1203.1718306021392 -333.56709500074385
-1202.3909844832122 -335.28453536748884
-1201.9039212243258 -337.17888422727583
-1202.343481965512 -339.0952106308937
-1201.8253874854743 -339.9423763346672
-1201.6978046970069 -340.82974131822584
-1201.632285811156 -342.0409619402885
-1201.1515433864295 -343.5633046221733
-1201.7501000241934 -345.09560139894484
-1202.2233927623927 -346.66477187395094
-1201.9949709253012 -348.56064804315565
-1202.0941640810668 -350.39644535303114
-1202.2344216035306 -352.2221065354347
-1201.9213691578805 -354.17913373231886
-1202.5910443888604 -356.1406033825874
-1202.3853853420912 -357.7689599585533
-1202.2452508734166 -359.6716892313957
-1202.5517847763 -361.4003922533989
-1202.0725175963341 -362.56198163747786
-1202.5962449537217 -363.9701696228981
-1202.387605317086 -365.42880662202833
-1202.4595239387452 -366.9269254994392
-1202.0187934564053 -368.10916693925856
-1202.2434599922597 -369.29518278360365
-1201.8894043193757 -370.744704682827
-1201.8660519497096 -372.4661299777031
-1202.2472217755019 -373.99747820615767
-1201.7226038651168 -375.6029703211784
-1201.6721366347372 -376.7337957215309
-1202.124490738064 -378.395531733036
-1202.50214716807 -380.31489332437513
-1202.2683180125057 -381.6820096564293
-1202.3297322319447 -383.4388181757927
-1202.5543647931515 -385.16716619253157
-1202.2697179244458 -386.884681661129
-1202.0726106093823 -388.5794529509544
-1202.4805903361737 -389.5043116402626
-1202.0891382323205 -391.1265230965614
-1202.8190254198014 -393.0695344996452
-1203.24628727898 -394.52385576486586
-1202.5237725304066 -396.38608880758284
-1202.7199239210784 -397.66433830976484
-1202.3485877291857 -398.72653241872786
-1202.1638330297171 -399.9718591761589
-1202.2415675596892 -400.86414237737654
-1202.5699837879836 -402.135085542202
-1202.0243631677329 -403.6595606398582
-1201.9631568567454 -405.0923187327385
-1202.0589599834382 -406.52212198495863
-1202.132034100741 -407.6636313986778
-1201.7201548592745 -408.2885245275497
-1201.160937346667 -410.1587912034988
-1200.939504943937 -411.1790131521225
-1201.268764488548 -413.07334639549254
-1201.3204016165434 -414.2072444152832
-1200.740046031922 -415.81496538639067
-1201.644695110768 -416.61569573402403
-1201.4446515516936 -418.2408694219589
-1201.6967421250044 -419.49021770477293
-1201.303877659291 -421.2251882743835
-1201.3417729066311 -422.78729774475096
-1201.812072508186 -424.54004957199095
-1202.3985044287144 -425.67051889419554
-1203.0453255103528 -427.2190610361099
-1202.4949592874943 -429.0547054004669
-1202.6979363338648 -430.6446953010559
-1203.365589954108 -431.8456696462631
-1202.515408553332 -433.074324388504
-1203.0684567467868 -434.42609741210936
-1203.457838334292 -436.11844279289244
-1203.0950586573779 -437.4740636539459
-1203.7081478612124 -438.9132718038559
-1203.4513373748957 -440.75884069919584
-1203.5892783181368 -441.99036337852476
-1203.4402668850123 -443.4340144586563
-1202.8464913146197 -445.3173846197128
-1203.2722395734488 -446.0789888691902
-1203.3716870473324 -447.48077972650526
-1202.9008631931245 -448.92514999628065
-1202.7245685534178 -450.8527079415321
-1202.9886087851226 -451.8291204166412
-1202.6305836217105 -453.1129833650589
-1202.087132372111 -454.55519082069395
-1202.059215516001 -456.41756393432615
-1202.1664261819421 -458.13624193191527
-1201.983076006323 -459.42091252326964
-1201.9919551761448 -460.9159865570068
-1201.8189469130336 -462.1107952785492
-1202.5871754439174 -463.1490074586868
-1203.0176108033954 -464.22095646381376
-1203.524568632394 -464.9483638000488
-1203.1262399704754 -466.75453485965727
-1202.8024743945896 -468.0306438398361
-1202.6515920014679 -469.7319697332382
-1201.205421552211 -470.49893863916395
-1200.0786110015213 -471.10952170610426
-1199.780726418048 -472.61810000658033
-1198.7614654155075 -473.0216643106937
-1198.2515392155944 -473.05946739435194
-1197.760093614608 -473.8898120713234
-1197.0607338400184 -474.0282275420427
-1195.6261051149665 -474.7346639972925
-1194.1997465343773 -474.2154043060541
-1192.936484977752 -474.55394366800783
-1191.9171972723304 -474.9476677519083
-1190.7108138056099 -475.05495062887667
-1189.607961937934 -474.7467694622278
-1188.6856296510994 -474.7436884832382
-1187.5919121952354 -474.44246958613394
-1185.9199853391945 -475.15797363638876
-1184.6522590370475 -475.5431200158596
