-1190.34 -216.27
-1191.7798089647292 -217.00642438650132
-1192.9515415096282 -217.6490345788002
-1194.3679483795165 -218.2388478112221
-1195.5085523986816 -218.9375069332123
-1196.3868398332595 -219.35139526844026
-1198.268232192993 -219.95688768148423
-1199.732303109169 -221.20579214811326
-1200.3026793861388 -222.85935660123826
-1199.876781489849 -224.77683265924455
-1200.1179421210288 -226.39983745336534
-1199.9436648750304 -228.07199033021928
-1199.9906751477718 -229.97418459177018
-1200.6708776319026 -230.97788735151292
-1200.4225488865375 -231.65315254449845
-1200.1123417282104 -233.3539529633522
-1199.8167705202102 -234.50151272535325
-1200.4965425395965 -236.3706254553795
-1200.7470800840854 -237.69202192544938
-1201.002555873394 -239.4554347586632
-1201.1060619616508 -240.71182497262956
-1201.7531143689155 -242.4292500805855
-1201.422044482231 -244.28460534334184
-1201.3882244193553 -245.75242527246476
-1200.9292257094382 -247.23301013231278
-1200.8167056703567 -248.777103741169
-1201.2359274888038 -250.0342920613289
-1201.3810363078117 -251.76801856279374
-1200.9270777368545 -253.30629869222642
-1201.743963446617 -254.97012158155442
-1201.7706812956928 -256.80986996412275
-1202.3152456024288 -258.5254458975792
-1202.2342928686737 -260.3676712107658
-1201.9237806537747 -262.2199308466911
-1201.933119509518 -264.09285851240156
-1201.8377917224168 -265.70524092435835
-1202.0445805603265 -267.08251686811445
-1202.6313851886987 -268.93186183691023
-1202.5629578271507 -270.85901661634443
-1202.094147477448 -272.5349831175804
-1201.6002236643433 -273.77917106866835
-1202.0020150581001 -275.4387577366829
-1201.6044366696476 -277.2351909470558
-1201.3091377952694 -278.39438482046126
-1201.3065553197264 -279.23508079767225
-1201.8459849843382 -280.80725272417067
-1201.7666454577445 -281.94633897066115
-1202.0374578499793 -283.4202059102058
-1201.7815706992149 -285.3038414311409
-1201.609431889057 -286.5211319518089
-1201.2417622768878 -288.3541407179832
-1200.9414772951602 -289.29676194906233
-1201.6898846590518 -290.920539457798
-1201.194878515005 -292.80552657365797
-1201.5548532271384 -294.5307277035713
-1201.0039237403869 -296.31485541582106
-1201.2690660023688 -297.7503484082222
-1201.6239152812957 -299.59577568292616
-1201.5241020584106 -301.34174736261366
-1201.2564067208766 -302.96019669294355
-1200.812603291273 -304.70285983800886
-1200.9877116048335 -306.57250579118727
-1200.670487936735 -307.9271434140205
-1201.0960415565967 -309.8806851696968
-1200.9255675041675 -311.68332536935804
-1200.6247871482371 -313.54360373735426
-1200.5231301748752 -314.9719332051277
-1201.205470021963 -316.65383811712263
-1201.2535067313909 -318.508102376461
-1201.472461681962 -320.18376107931135
-1200.922365527749 -322.1544726681709
-1201.4681032711267 -324.08193953752516
-1201.554285314083 -325.939938147068
-1201.4147621804475 -327.7099871230125
-1201.1215538793801 -328.5848417472839
-1201.6308917218446 -330.3721395921707
-1202.3002944403886 -332.23262037754057
-1202.844320397973 -334.07526375770567
-1202.4261555188893 -335.8356371116638
-1202.4373883718251 -337.69309713363646
-1202.6168286019563 -339.2453333330154
-1202.1338118726014 -340.9401282262802
-1202.1582310797273 -342.52060617923735
-1201.550086558014 -344.31866755008696
-1201.6561709196865 -346.2823528242111
-1202.2936864049732 -347.60263397216795
-1202.6656655223667 -349.0895114135742
-1202.9496822507679 -350.43661393642424
-1202.68035493806 -352.3555941772461
-1201.9750646801292 -353.5167415332794
-1201.5071535260975 -355.39088978290556
-1201.7026041598617 -356.7373089981079
-1201.8748454751073 -358.22276010036467
-1202.2002146245538 -359.9037385177612
-1201.859423071295 -361.38398220062254
-1201.829152174443 -363.1176479053497
-1201.4100726024806 -364.3473626565933
-1202.1025110261141 -365.4490919303894
-1201.9845885263383 -366.8845462989807
-1202.026041302979 -368.72999574661253
-1202.479658279717 -370.23691131591795
-1202.6104770043491 -371.92713894367216
-1202.6451430098712 -373.78996850967405
-1202.244723893851 -374.66937794208525
-1202.546018012017 -376.0036149215698
-1202.1920088903605 -377.7051165294647
-1202.502167172879 -379.18632056236265
-1202.640608690828 -380.8566594314575
-1202.0508557783066 -382.28874768733976
-1202.2082680390774 -384.092319149971
-1202.5274356232583 -386.0634194803238
-1203.060673855394 -387.3869863939285
-1203.4197852538525 -388.31192161560057
-1203.4101849721371 -389.9756059837341
-1203.8619728611409 -391.2261842679977
-1203.240440301746 -392.8070190143585
-1202.7697314845025 -394.74690188884733
-1203.091713361591 -395.41054471254347
-1202.6740682052075 -397.12828191041945
-1203.0317091570794 -398.2257221531868
-1203.1488229261338 -400.12764509439467
-1202.9749723301827 -401.8711591553688
-1203.5081668125092 -403.80072744607924
-1203.5303233639895 -405.23186703443525
-1203.704197652787 -407.03206630468367
-1202.9534302429854 -407.78000094413756
-1202.601182975024 -409.5677340221405
-1203.2861074583232 -410.5475089740753
-1202.820588685721 -412.18405940055845
-1202.327828504294 -413.3750455570221
-1202.3532186450063 -414.91763224124907
-1202.6564244331419 -416.5062558841705
-1203.0386928917467 -417.9288268280029
-1202.5833550693094 -419.67796065330504
-1202.8996151091158 -421.5232694339752
-1203.0264796616136 -422.825239200592
-1202.6842236818372 -424.01184775352476
-1202.8408284337818 -425.7425513458252
-1203.3279466481506 -427.3974995803833
-1203.5346622319519 -428.2786848735809
-1203.4729761259257 -429.7921811532974
-1202.7181582228839 -431.27456845760344
-1202.1825881378352 -433.09471406459807
-1202.4796415643393 -434.4455995750427
-1202.9071385638415 -436.3704235744476
-1202.5616785363852 -438.1067805480957
-1202.6281742753088 -439.1700084400177
-1202.9331738950311 -441.0357432556152
-1203.0550399051606 -442.1955059957504
-1202.5513855443894 -443.0693583679199
-1202.096084498018 -444.8039841842651
-1202.6293655262887 -446.22543110370634
-1203.06549694404 -447.91099395275114
-1203.6148717032372 -449.8272589635849
-1203.3777941690385 -450.5176993203163
-1203.7356398330628 -451.9772606682777
-1203.0155752526223 -453.8903923821449
-1203.0553724245726 -454.51505418539045
-1203.6154565887152 -456.39074226140974
-1203.2903706507384 -457.8216861081123
-1203.6749182121455 -458.87261660814283
-1203.7779967041313 -460.09164126634596
-1203.0842926950752 -461.9830005955696
-1202.628710195571 -463.21196516275404
-1202.4196475596725 -464.9187856507301
-1202.334799438864 -465.7903402638435
-1202.6095305682718 -467.40867753744124
-1202.5363393725454 -468.7473668646812
-1201.684699267298 -469.13775106191633
-1201.656525761038 -470.5021247458458
-1201.2828014494478 -471.4647284936905
-1199.8467788101732 -472.26417412281035
-1199.1899357439577 -473.25148173093794
-1197.5420246721803 -474.05425115346907
-1196.6057047845422 -474.18441133618353
-1194.9811758996545 -474.8557775509357
-1193.4126765729486 -475.270520914793
-1192.436070382744 -475.83317809224127
-1191.1779251696169 -476.29409651875494
-1190.7125277520715 -476.3763301563263
-1190.2140902878343 -475.84635688781736
-1189.1777275206148 -476.30586959838865
-1188.1289111973344 -476.2264229547977
-1186.6072288157045 -476.47135167241095
-1185.9508825542032 -476.7345449519157
-1184.5274525882303 -476.22911037921904
