-1190.34 -216.27
-1189.1550279521941 -215.94703211307527
-1188.4028910660743 -214.86047615528108
-1188.0319263005256 -213.71483149051667
-1186.8877963089942 -214.04034306526185
-1185.968092944622 -214.33947115063668
-1184.4548013472556 -214.52636145472528
-1183.686984386444 -214.57950921773912
-1182.3648146057128 -214.565486420393
-1181.3882974052428 -214.55693413734437
-1179.7082687282561 -214.7540224683285
-1179.1383608245849 -214.97518854260446
-1177.9610083961486 -214.81160940647126
-1177.0868958497047 -214.07130672454835
-1175.4781343007087 -213.5294475746155
-1173.7111970448493 -213.81318380355836
-1173.2273243927955 -213.99155305743218
-1172.58935734272 -213.88400640010835
-1171.5308543109893 -213.63035531759263
-1170.858541097641 -213.57252581834794
-1169.490852203369 -213.67799176692964
-1168.1184128189086 -213.5911033344269
-1166.9727428817748 -212.92911543369294
-1165.9795478844642 -212.87748147964479
-1164.3699095511436 -212.54760165929795
-1163.8560620212554 -212.77837972760202
-1162.4628165626525 -213.11329679608346
-1161.4734211826324 -213.13055591702462
-1160.156731929779 -213.25282808065415
-1159.4604694509505 -212.61304052591325
-1157.9978599214553 -213.06877999424935
-1157.499158527851 -213.21917288422586
-1156.2799884343146 -213.4186291885376
-1155.6746545696258 -213.7022335124016
-1154.8880700731277 -213.67474790334703
-1154.1698197984695 -214.0141411316395
-1152.8625613117217 -214.41839565753938
-1151.997623052597 -214.85461993932725
-1150.4768119716643 -214.54020370960237
-1149.7030576133727 -215.3173724603653
-1149.397997405529 -216.8327646446228
-1149.5337165558337 -217.65481330871583
-1149.0735685789584 -219.21556725025178
-1148.3600599730014 -220.43130483150483
-1148.613877620697 -221.2472664308548
-1148.16175424695 -222.3299446296692
-1148.5209669733047 -224.18087186336518
-1148.0487457776069 -225.99411525249482
-1147.676477279663 -227.7014297437668
-1147.8214059585332 -229.36241724014283
-1147.274616073966 -231.32398631095887
-1147.2617147938906 -232.6909725856781
-1147.5411473886668 -233.74430312633515
-1147.3123725281655 -235.09093691825868
-1147.2094643191992 -236.09693266868592
-1146.9318111614882 -237.9160384130478
-1146.5664036349951 -238.73473574638368
-1146.4486413525044 -240.24215700149537
-1146.93294366464 -241.68700434684754
-1146.922382004708 -242.71304513931275
-1146.29149711892 -244.1066438150406
-1147.094778843373 -245.94941355705262
-1147.0755712018906 -247.61495294094087
-1147.3411867843568 -249.03920258998872
-1147.2086842285096 -250.75014676570893
-1147.3592425511777 -251.6211246442795
-1148.0862103031575 -253.5471271467209
-1148.4421009050309 -255.4618342113495
-1149.1478435026108 -257.01179899692534
-1149.0233408810197 -258.36833443164824
-1148.812142893821 -259.2411534976959
-1148.9865076394378 -260.9032092285156
-1149.3110916168987 -262.7561268997192
-1148.9387456329166 -264.5700144958496
-1148.8439783678948 -265.73959400177
-1149.0261249171197 -267.4861648273468
-1148.6612087713181 -268.5025048446655
-1148.3616438136994 -270.0196052980423
-1147.9320831523835 -271.86024584293364
-1148.1642742083966 -273.4931194972992
-1148.8359712289273 -274.6242784452438
-1148.5654500351845 -276.1645904970169
-1148.4599993006884 -278.09172203063963
-1148.9487095849215 -279.31953122138975
-1148.477132834643 -280.72502471923826
-1148.7039117591082 -282.5588362407684
-1149.2833116428553 -284.49409856319426
-1149.7847413794696 -286.3795074415207
-1149.310628838986 -288.1894220304489
-1149.9720555619895 -289.54147924900053
-1150.0142182187735 -291.2589050722122
-1150.1284534932672 -291.82358707904814
-1149.6707674266397 -292.718351919651
-1150.1316878201067 -293.85837646245955
-1150.5113123060762 -295.6373419356346
-1151.0527706743776 -297.2890889239311
-1151.4789142610132 -299.10340138196943
-1150.9061174990236 -300.84016724348066
-1151.1540476234256 -302.4163477015495
-1151.5160306842624 -304.07539911985396
-1151.197308525592 -305.8737420630455
-1151.2264059112965 -307.68306990385054
-1151.0329407529532 -308.70838948011396
-1150.926793731898 -310.1496650767326
-1149.6556059496104 -311.73409410238264
-1148.6364112274348 -312.5013106060028
-1148.4895342068373 -313.24760266065596
-1147.364690967053 -314.5094064068794
-1146.7772410587966 -315.70379765748976
-1145.9217084126174 -316.55938978910444
-1145.087268717736 -317.1313224029541
-1144.9337604419886 -318.41386856555937
-1144.5492031948268 -319.1674585533142
-1144.1186567918955 -319.80944480419157
-1143.4683051483332 -320.6945170354843
-1143.488001562804 -321.94838060855864
-1143.5762178079783 -323.8672261428833
-1143.0298315660655 -325.2749033164978
-1142.8223156408965 -326.52342977046965
-1142.9630943612754 -327.72648634433745
-1142.8584035114943 -329.33552827358244
-1142.8928823547064 -330.25643457889555
-1142.9140962587296 -331.70750393390654
-1143.0550506041943 -333.3850436401367
-1142.604114703983 -334.75430705070494
-1142.356343768686 -336.46586145877836
-1141.6740926729142 -337.7798153352737
-1142.1703983472287 -339.6048236083984
-1141.9092975781857 -340.4955480289459
-1141.423204563707 -342.1944005680084
-1140.9003916607796 -343.7809678506851
-1141.4564365969597 -344.60564883470533
-1141.6241339074074 -346.45289524316786
-1142.1865530835091 -347.8718524765968
-1141.5932215081154 -348.8674974632263
-1141.6589018554985 -350.82455756187437
-1141.5461470560729 -351.4527013492584
-1142.0079169945418 -353.2167215538025
-1141.7753774301707 -354.93138207912443
-1142.0990357474982 -355.94090904712675
-1142.1396063195168 -357.5349518251419
-1142.782439969629 -358.96447076320646
-1142.0322863088547 -360.63321771144865
-1142.522250317186 -361.7901699733734
-1142.5300201402604 -362.9525522184372
-1142.9157448337971 -363.546303589344
-1142.6415169762074 -364.24660654783247
-1142.4519592450558 -365.3873623204231
-1142.8450314329564 -366.7062147450447
-1142.3441079185902 -368.3528402638435
-1142.1316306965052 -369.62166972875593
-1141.8477348463236 -371.4986300063133
-1141.3964329735934 -372.461173017025
-1141.473751694113 -373.38440461874006
-1141.7608369888364 -374.1684687924385
-1141.1992224158346 -375.06522746801375
-1141.7179228962957 -376.867929418087
-1142.0840252639352 -378.0936177563667
-1141.8443829269706 -379.44894679307936
-1141.700807660967 -381.33034153699873
-1141.5048798175155 -382.6841666293144
-1141.0889673383533 -384.3956005167961
-1141.6353300960361 -385.94016106843947
-1141.7391716615855 -387.520379383564
-1141.2461791412532 -388.9579555583
-1141.1768792049586 -390.7256009173393
-1141.7101135031878 -391.88800545454023
-1141.4241134898364 -393.0686622452736
-1141.246475316733 -393.6816401672363
-1141.7634843365847 -395.2016564798355
-1141.7448452172428 -395.9089819383621
-1141.3370730040222 -397.19239427566527
-1141.2663613242655 -398.0565271568298
-1141.6286472065 -399.23849811077116
-1141.563550589755 -400.91221227169035
-1141.5782334554567 -402.73016561985014
-1142.2816448557749 -403.9813515138626
-1141.9796622741594 -405.2898367834091
-1141.953076894544 -407.12338032245634
-1141.3246753170713 -408.58492590904234
-1140.8569513514265 -410.26438989162443
-1141.5840395643934 -411.85239209651945
-1142.1493468835577 -413.1581058692932
-1141.8237702503427 -414.80377509117125
-1142.1277394249662 -416.5562784862518
-1142.5775689437612 -417.72136165618895
-1142.9976625695451 -419.2872402858734
-1143.0612370773777 -420.1759703350067
-1143.3537695511802 -421.3263642978668
-1143.6268401845916 -422.3470353078842
-1143.0785114869102 -423.09317197322844
-1142.7020170792564 -424.54098369598387
-1142.9354303881153 -425.89304401397703
-1143.093117664717 -427.18366147994993
-1143.366111259125 -428.93934263706205
-1143.3161994471773 -429.8349490356445
-1143.6081332519277 -431.4209165763855
-1143.3083424821123 -433.10039557933806
