-1190.34 -216.27
-1191.4602490329742 -216.676166523695
-1193.0349183940887 -217.35903834223748
-1194.789593067169 -217.89251427769662
-1196.5858752393722 -218.68679123044015
-1197.79923435688 -219.79671256661416
-1198.8010258340835 -220.7455565226078
-1198.936321105957 -222.46872191548348
-1199.1995526218413 -224.33127360463143
-1199.826669063568 -225.7190731060505
-1200.2715388798713 -227.46459965825082
-1200.330236595273 -228.77377681851388
-1200.7835759633779 -230.40443234562875
-1200.9926324898004 -232.378308583498
-1200.5753597432374 -234.22307376980783
-1201.1970464402436 -236.11180215001107
-1201.3675781452655 -238.0549124968052
-1201.8834197485446 -239.82140879750253
-1202.081407483816 -241.69188826203347
-1201.7087532246112 -243.66385011792184
-1201.8913772815465 -245.52900104641915
-1202.3784554713964 -247.25918893933297
-1202.4938494452833 -249.1678641331196
-1202.1766803154349 -250.8394835484028
-1202.1016469189524 -252.48676018834115
-1201.770737607181 -254.372275878191
-1202.1224902758001 -256.2987479460239
-1202.051055241525 -258.2020808947086
-1202.3162770459055 -259.73547546982763
-1201.9216216096281 -260.9476786148548
-1202.3011054882406 -262.72555689930914
-1202.5284376630186 -264.6110530388355
-1201.8009731659292 -266.5626552593708
-1201.7170793303846 -268.52226309895514
-1202.1331320890783 -270.22372250676153
-1202.7095717081427 -271.93110482811926
-1202.8597351500391 -273.50319283127783
-1202.4335203954577 -275.362844158411
-1202.758841920793 -276.791301060915
-1202.7180417330562 -278.4043666613102
-1203.2132688613235 -280.08519427895544
-1203.6915976257621 -281.7977878344059
-1204.23608611539 -283.64267342209814
-1203.6101494283973 -285.6093374979496
-1204.0191681535541 -287.59175531983374
-1203.7790244968235 -289.51132898449896
-1203.4845985920726 -291.11831610321997
-1203.6634591074287 -292.6017665159702
-1203.4352282585203 -293.65142815232275
-1203.0931035281717 -295.3909456026554
-1202.9453300984203 -297.1942152273655
-1202.9386393876373 -298.96325974583624
-1202.7728545816242 -300.535660315752
-1202.9639603050052 -302.37523203015326
-1202.7989025117456 -303.695736695528
-1202.95294843629 -305.64095883488653
-1203.173550069481 -306.9380963337421
-1203.308616027385 -308.6347544682026
-1202.930556103736 -310.480363894701
-1202.9239438792317 -312.04418413758276
-1202.955307142958 -313.9678951990604
-1203.157990174517 -315.8657542955875
-1203.699808852896 -317.8240968477726
-1204.1714131405204 -319.4070280086994
-1204.332885461077 -321.20861082196234
-1204.8892398049682 -323.06560020565985
-1205.146595345959 -324.9512491714954
-1204.5558831562846 -325.74538128495215
-1204.1988281180709 -327.70092837929724
-1203.825236665234 -329.32247929692267
-1204.104860799536 -330.96661954045294
-1204.612529831156 -332.8362522614002
-1204.3500700464099 -334.5136284124851
-1204.095043318495 -335.7256130468845
-1204.3080784847587 -337.53530376076696
-1204.0447961261123 -339.41262786507605
-1204.2788615842908 -341.3105525267124
-1204.3010899891704 -343.0773286116123
-1204.0201298167556 -344.5735351336002
-1203.6698104014247 -346.5098337423801
-1204.1776916851848 -348.31319301247595
-1204.0429863353818 -350.1178297293186
-1203.8513594587891 -351.9701985609531
-1203.8625212927907 -353.6308515560627
-1203.6072949787228 -355.30932920098303
-1203.5730511119216 -356.4863518965244
-1203.5356413891166 -358.4042331469059
-1203.0485418608039 -360.2288133394718
-1203.5145819654315 -362.0725781214237
-1203.7726022472232 -364.0412709009647
-1203.556662487015 -365.9385720980167
-1203.4125867655127 -367.8733333837986
-1202.7573113610595 -369.36060779213904
-1202.8283802291005 -370.6111238491535
-1203.2359100898354 -372.28870837807654
-1203.007506461963 -373.7660812628269
-1203.6004613360017 -375.4297322523594
-1203.894793095216 -376.0463464748859
-1203.5700003226846 -377.6855447781086
-1203.9544164260476 -379.4512823116779
-1204.3013156374543 -380.99756841778753
-1204.0317774733155 -382.91636638760565
-1204.1156966408341 -384.5829312098026
-1204.6182560046761 -386.03144781708716
-1204.937750460729 -387.95047633767126
-1204.0252585431188 -389.7538551580906
-1203.909525470957 -391.17299466252325
-1203.6173082163184 -393.0963154327869
-1203.4293583800643 -394.9246037495136
-1203.3693839331715 -396.64604096531866
-1203.095191689357 -398.5319707882404
-1203.023684086427 -399.8862429153919
-1202.3797098418324 -401.10290246129034
-1201.8956877311318 -402.96233563542364
-1202.2974643727391 -404.8813541424274
-1202.3065798004716 -406.6916504395008
-1202.1265763064473 -408.20168702721594
-1201.8080712576955 -409.86516087174414
-1201.257349135503 -411.0726993572712
-1201.580094995126 -411.59132509350775
-1201.1369913240521 -412.63358872056006
-1201.5701901932805 -414.4490269911289
-1202.1002342721074 -416.0833033812046
-1201.8708252032845 -417.4141433727741
-1202.3244375904649 -418.33449690461157
-1202.2688929533213 -419.65757041096685
-1202.813646922037 -420.4446927797794
-1202.1387058591097 -421.6327349436283
-1202.4858783280104 -422.84207909226416
-1202.4862374385445 -424.4750999701023
-1202.918238999471 -425.569334436655
-1203.1578966101258 -427.3586426270008
-1203.1733587367087 -428.80724256157873
-1203.3954222036152 -430.7262341272831
-1202.8103716207295 -432.57098596215246
-1202.6325247717648 -434.3200022470951
-1202.5535323304682 -435.52043621659277
-1203.1318989080935 -436.9073323500156
-1203.3143172843008 -438.65604155182837
-1202.8970415575056 -440.5622569811344
-1202.5767299515753 -441.7785578262806
-1202.8322511298209 -442.52958696007727
-1202.501714406684 -444.3780583631992
-1202.20757847853 -445.4127792608738
-1202.8645960075407 -447.18572418808935
-1203.1814288479834 -449.08091240048407
-1203.2404199896007 -450.928384591341
-1203.5427810309081 -451.8678272259235
-1203.6462612060457 -453.34938650250433
-1203.792413374558 -455.2458748114109
-1203.414969464913 -456.8052723896503
-1203.1566998866945 -458.2662784349918
-1202.7947796491533 -459.5446079266071
-1203.292806616202 -461.2425208580494
-1203.6234166828542 -463.07258229374884
-1204.0479288903623 -464.22561853051184
-1204.4584357348829 -464.66647832512854
-1204.4270663914829 -466.15972190022467
-1203.9750559387355 -467.758524466753
-1203.7878631112724 -468.8525059711933
-1203.0419293997436 -470.4657880556583
-1201.9962770102172 -471.65003733754156
-1200.7388499138503 -473.01825528264044
-1199.95556632258 -473.49894820570944
-1199.2870451567321 -474.1326671731472
-1197.7584783194213 -474.3688391935825
-1196.4247061369567 -474.10141472935675
-1195.198925173059 -473.64580931186674
-1194.1046623346954 -473.742435683012
-1193.287545358911 -473.89494912743567
-1191.5854264853149 -473.5548874032497
-1190.6577408073097 -473.2093080174923
-1189.6265878436714 -474.0058324229717
-1188.232594942823 -473.67109625458716
-1186.9864338395744 -473.91600782096384
-1186.050944900289 -474.64386904656885
-1185.45145449616 -474.47712994039057
