-1190.34 -216.27
-1191.2135360503196 -217.47542693138124
-1192.0220042729377 -218.50124217987062
-1193.7117913031577 -219.48595072746278
-1195.3493755125999 -220.42385854244233
-1196.0533038640021 -220.71668889045716
-1197.109834458828 -222.13712050437928
-1197.1433776283263 -223.51467086791993
-1197.5058672392367 -224.47009595155717
-1198.622665401697 -225.8852828335762
-1198.684247996807 -226.743914206028
-1199.5322431588172 -228.53070255041123
-1199.7734392249583 -230.26638456106187
-1199.6699193978309 -231.4492111992836
-1200.130195018053 -232.04421218156816
-1200.680109437704 -233.21588500261308
-1201.5402848684787 -234.97360046625138
-1201.343009840846 -236.40404506444932
-1201.366754155755 -237.59352727651597
-1201.0957659000157 -239.34886666059495
-1201.572332214713 -240.73307474374772
-1201.76875726521 -242.31722195863725
-1201.6272743159532 -243.67209287405015
-1201.2446281725167 -245.5205916953087
-1201.6712291949987 -246.94963820695878
-1202.225607883334 -248.0786971640587
-1202.258572321534 -248.6819663834572
-1201.9331059271096 -250.53379662752153
-1201.778953205943 -251.8847148013115
-1202.0962154084443 -253.36232288599015
-1202.0768031367659 -254.1516244006157
-1202.6143896469473 -255.646262485981
-1201.9414412865042 -256.5685023856163
-1201.9157290273904 -257.29160561084745
-1201.7514013463258 -258.5278740119934
-1201.2178538256883 -260.1791554880142
-1201.980918150544 -261.7666067075729
-1201.8701194265484 -263.33314015388487
-1201.575615439713 -264.9912139368057
-1201.0244769194721 -265.67151518583296
-1201.634001944363 -266.6813911986351
-1202.005061481297 -267.61138137102125
-1202.3155559340119 -268.94756074666975
-1202.235951963961 -270.56726940393446
-1201.7272037306427 -271.2587727499008
-1202.0141297021507 -272.6712767076492
-1202.4293487408756 -274.5716012907028
-1202.609826389849 -276.27501000881193
-1202.312486771643 -277.4120781612396
-1201.7659165897965 -278.90621699810026
-1201.5455178061127 -280.5654612970352
-1201.8077206352352 -282.4830011320114
-1201.5728721359371 -283.80787648677824
-1202.4212341049313 -284.9503195476532
-1202.0815287867188 -286.08784760951994
-1202.3535249271988 -287.0362318944931
-1202.228029642403 -287.76750864505766
-1201.7242725232243 -288.4612494301796
-1201.9328517654537 -289.6871078801155
-1201.967542875707 -291.39681704759596
-1201.6069688090681 -293.13111909151075
-1201.6258943641185 -294.32121010541914
-1201.833056550622 -296.20111318349836
-1202.4748244696855 -297.7601856780052
-1201.931306105256 -298.55350430727003
-1201.4309220725297 -299.52521916151045
-1201.0976708346604 -300.1782742333412
-1201.547538202405 -301.32020934343336
-1201.3828518950938 -302.483066637516
-1201.2569883430003 -304.11732860326765
-1200.8305605614185 -304.6979597401619
-1199.327342864275 -305.64761825323103
-1198.710406538248 -306.53030778884886
-1197.9430226051807 -307.28173692941664
-1196.5765955412387 -307.892035741806
-1195.3666932547092 -308.29139338850973
-1193.9570255243777 -308.16723746478556
-1192.3593585455417 -307.8723748964071
-1190.9199492895602 -308.0435634893179
-1189.3459192478656 -308.8897602599859
-1188.0748724901675 -308.75554410040377
-1186.2475058996677 -308.70691585958
-1185.3630692923068 -308.51833771586416
-1183.6671727859973 -309.2706762444973
-1182.9242582285403 -309.4240770232677
-1181.4214166367053 -309.51712753295897
-1179.9283190929889 -309.55381916880606
-1179.1910308563708 -310.3544761431217
-1177.5239433014392 -310.8292341125011
-1175.934418913126 -312.0103716742992
-1175.767267730236 -312.86301528334616
-1175.210265185833 -314.4535466325283
-1174.8670878970622 -316.0231174123287
-1174.2878895962237 -316.98736070513723
-1174.194073151946 -318.1123474729061
-1174.3647348695993 -319.01669966101645
-1174.5904088431596 -319.81066905379294
-1174.493672903776 -320.9979333770275
-1174.5889192485809 -322.41931592345236
-1173.6416209602355 -324.2878340375423
-1172.941229250431 -325.6905685555935
-1172.5919049048423 -327.2438670289516
-1172.6676717588305 -328.73854349970816
-1172.1535453388094 -330.3089650762081
-1172.2947041282057 -331.8167709004879
-1172.3850298711657 -332.69147508263586
-1171.8464176246523 -334.20965092301367
-1171.779313136041 -335.5846976530552
-1171.6404625067114 -336.53262643933294
-1171.4693366625904 -337.53244714856146
-1171.1340736487507 -339.30363397717474
-1171.018864441812 -341.1426065456867
-1171.8119515070318 -342.24680845856665
-1171.2677098998427 -343.8698672544956
-1171.9598081597685 -344.6537825357914
-1172.3882262596487 -346.3606037390232
-1172.0298134872316 -348.19346253991125
-1171.5747507104277 -349.31587271809576
-1171.5129889214038 -350.94647758126257
-1171.7135386133193 -352.73386232972143
-1171.020677294731 -354.30822246193884
-1171.1013754570483 -356.25710694909094
-1171.6243898832797 -358.0382754099369
-1171.921819564104 -358.6766627919674
-1171.7157391571998 -359.6564165842533
-1171.5966202431916 -361.34338896393774
-1171.577228900194 -362.7636340153217
-1171.5857496896385 -363.95976631760595
-1170.864380661547 -365.6944545996189
-1170.491553787291 -367.59623437047003
-1170.0969170370697 -368.87981848835943
-1169.9946229571103 -370.4958242666721
-1169.2785642260312 -371.433724809885
-1169.346631359458 -373.1386615526676
-1168.3638576382398 -373.46997441768644
-1167.70643640697 -375.0167405796051
-1167.5599830263852 -376.42579855442045
-1167.5031039828061 -376.68682708263395
-1166.314038645625 -377.1074096751213
-1165.0075551384687 -377.9380943369865
-1164.72837467134 -378.3461442184448
-1163.372322987914 -379.4520979118347
-1162.059544276595 -380.1484443736076
-1160.7095086091756 -379.9333172035217
-1159.784997832179 -380.11533193707464
-1158.0341853016614 -379.9341135215759
-1156.7446358317136 -380.68685807704924
-1155.6585011595487 -381.4939009737968
-1154.0407722109555 -381.7209699344635
-1153.195352923274 -382.49714632749556
-1151.5993948096036 -383.13894649267195
-1150.600998532176 -384.0662983250618
-1149.0822943562268 -384.4429547679424
-1148.0541740769147 -384.7268648636341
-1147.2317760699987 -386.06294899106024
-1146.497379195094 -386.7097561252117
-1146.1474273616075 -388.15750955462454
-1146.3403846436738 -389.5337114226818
-1146.2829875463246 -390.4078351151943
-1145.7051695698499 -391.27960692763327
-1145.2529184037446 -392.10284667134283
-1144.5270647221803 -393.3049680483341
-1144.6875473970174 -394.96631949067114
-1144.0545192474126 -396.5212450516224
-1143.4681553953885 -397.32866387486456
-1142.7876176947354 -398.22033839344977
-1143.3535280936956 -399.34161274552343
-1143.4561536350845 -400.67471842885016
-1143.5343907663225 -401.72710626244543
-1143.367890317142 -402.3566482555866
-1143.0148016700148 -403.99607961297033
-1143.0759761223196 -404.9154198658466
-1142.2510992774367 -406.3837104332447
-1142.0797109940647 -407.9409586679935
-1141.4912326672672 -409.692762542963
-1141.1947715619206 -411.24858360409735
-1140.9004124739765 -412.54357640862463
-1140.2653280833363 -413.5171320927143
-1140.9500202277302 -415.09883504033087
-1141.3799315729736 -416.5567967188358
-1141.81868476063 -417.831060577631
-1141.6949619689583 -419.48744075417517
-1141.3530011811852 -421.0478820097446
-1140.8979638853668 -422.7541312468052
-1140.6135065892338 -423.6293159019947
-1140.3586663940548 -424.6143138897419
-1140.5708183684944 -425.62192027688025
-1140.8921312728523 -426.91808800816534
-1141.5040549078583 -428.54101042866705
-1140.9186323323845 -430.3131328117847
-1141.6214133539795 -431.2168623101711
-1141.6770406776666 -432.49498711943625
-1141.3262706810235 -433.49257205843924
-1141.2637016364931 -434.20276092410086
-1141.0505895653366 -435.5603079688549
