-1190.34 -216.27
-1191.3392314577102 -216.57381077528
-1191.4971475863456 -217.99874742746354
-1192.027288224697 -219.31175037145616
-1192.821248319149 -219.74214642167092
-1193.3675728106498 -220.74930911183358
-1194.0182210469245 -222.25006251454354
-1195.203176047802 -224.00685947060586
-1195.72082665205 -225.55027525544168
-1195.699513938427 -227.30972509503366
-1195.8162622416019 -228.96863978028298
-1195.6953951084613 -230.3092728149891
-1196.589516814947 -231.97362654328347
-1197.658763822317 -233.7589170229435
-1198.3004597985744 -235.24651591897012
-1198.874556776285 -237.00905542492868
-1199.7277537548541 -238.8736484539509
-1200.4740139210223 -240.53564458012582
-1200.5570333266257 -242.06422441124917
-1200.5105181598663 -243.39310472130776
-1200.3410946393012 -244.64430837750436
-1200.2442841494083 -245.85704486489297
-1200.4736379647254 -246.9820820581913
-1200.083642270565 -248.9001797926426
-1200.0047759974002 -250.5334202539921
-1200.0898189657926 -251.70644884228707
-1199.884137135148 -253.40928535580636
-1200.8608909660577 -255.2346798670292
-1200.9464669638871 -256.59690814137457
-1201.5001447612046 -258.24343602776526
-1201.460492234826 -260.14180414795874
-1201.302098672986 -261.4519739639759
-1201.6911013239621 -263.01554553627966
-1201.741882894337 -264.8804144155979
-1201.4909064510464 -266.78278045773504
-1201.0398926475643 -268.5496948254108
-1201.4563544133305 -270.31110518097876
-1201.8899274805187 -272.1305350553989
-1202.1132548490166 -273.99170987725256
-1202.6023900547623 -275.78446214318274
-1202.9398910441994 -277.69809537053106
-1202.4149411359429 -279.48071246266363
-1202.0888941326737 -281.1116282236576
-1201.684510115683 -282.6718169939518
-1202.4962580838799 -284.5761720430851
-1203.055451993048 -286.16587786793707
-1202.5521087685227 -287.9610244524479
-1202.7553925552963 -289.6863946211338
-1203.2775459328293 -290.7449836027622
-1203.4570563176273 -291.8546095383167
-1203.3617642635106 -293.550742675066
-1202.8621975594758 -295.51338391423224
-1202.2313262039422 -297.43613057255743
-1201.8916056865453 -298.3644023430347
-1201.857626620829 -299.75203364014624
-1201.9364171513914 -301.3723179590702
-1202.4042239972948 -302.734545994997
-1202.2881061771511 -304.51000218510626
-1202.9379982689022 -306.2239783298969
-1203.035527896285 -308.02607791543005
-1202.858001243472 -309.7886561644077
-1202.6430081689357 -311.40160720467566
-1202.7670114675163 -313.2788156759739
-1203.2769122758507 -314.65714507222174
-1202.6992843189835 -315.8475959789753
-1202.4881028720736 -317.69347386479376
-1202.5879701712727 -319.13002686619757
-1202.439383674562 -320.7406918299198
-1202.0003824421763 -322.3234693300724
-1202.2156985142826 -324.19756286263464
-1202.4396526107191 -326.0153109323978
-1202.1508601793646 -327.74608032822607
-1202.1429860928654 -329.4904920351505
-1202.0361288675665 -331.4611396086216
-1201.953195694983 -333.37887458920477
-1202.0796079078316 -334.0014126193523
-1202.7047767081856 -335.7545112264156
-1202.4696068504452 -337.1170885455608
-1202.5921855607628 -338.85401510119436
-1202.5433597715198 -340.7263243091106
-1202.5630506837367 -342.39204429507254
-1202.496549938023 -343.14864825129507
-1202.6406981834768 -344.6531505477428
-1202.334087718427 -346.28065668463705
-1201.3075079807638 -347.8887941730022
-1201.5846162328123 -349.08080159544943
-1201.0851751753687 -350.1719005000591
-1200.9138257989287 -351.5142028224468
-1200.3674991616606 -353.02951692461966
-1199.6912513265013 -354.28115283370016
-1199.280840564668 -355.995286334753
-1198.4525592216849 -356.91009502530096
-1197.915436078012 -358.3614614498615
-1198.1567275711893 -359.66288237690924
-1198.422910530269 -360.98406498551367
-1198.1455061027407 -362.83293979287146
-1197.614201028049 -363.6142061245441
-1197.973011125028 -365.3406172287464
-1197.9939146378636 -365.9779471051693
-1197.8619055786728 -367.37478433966635
-1197.560923371613 -368.8537729871273
-1197.5500374121218 -370.2781472098827
-1198.1494252962618 -371.21198974967
-1198.1965061744302 -373.05298768401144
-1197.672578247413 -374.03695546507834
-1197.1089474280923 -375.85294162154196
-1196.7447585185616 -377.63205133795736
-1196.193746658191 -379.32726358294485
-1196.175307976231 -380.50013338446615
-1195.3916589488833 -381.6436182153225
-1194.5508312454074 -382.8554762494564
-1193.3112705221026 -383.37294476151465
-1192.3743418922274 -384.49630324959753
-1190.533285068497 -384.46453278183935
-1189.4302406778186 -384.9483110797405
-1188.466378616318 -385.5398431909084
-1186.8879998197406 -385.1665275287628
-1185.0351349582522 -385.90215845823286
-1183.946650551781 -386.30914073109625
-1182.8498914708941 -386.4516025227308
-1181.57603852652 -386.8981476765871
-1180.6848035325854 -387.542808983922
-1179.4983125200122 -387.7589682084322
-1178.0281813611834 -387.7067028623819
-1176.9171427955478 -388.0984719735384
-1175.9193398227542 -387.7621258240938
-1174.140472697243 -387.53728238165377
-1172.4781694879382 -387.4597807791829
-1171.129882859215 -388.0582824614644
-1169.8119062652438 -388.63263120919464
-1168.780999707207 -387.93499949246643
-1167.3111384382098 -388.5432656672597
-1166.49084519051 -388.6956474152207
-1165.3281545510142 -388.47025860518215
-1163.382814394459 -388.66332430809734
-1162.1392998566478 -388.2307946798205
-1160.3403472771495 -388.72937582105396
-1158.8095836510508 -388.05328653424976
-1157.6569532027095 -387.93581399738787
-1156.7429191937297 -388.59539130747316
-1155.0029754509776 -388.62200673155485
-1154.304260837063 -389.1449260883778
-1152.3612317910045 -389.26408110789953
-1150.517013060078 -388.7932993941754
-1149.2462299933284 -388.7118358784169
-1147.9707997908442 -388.8087374740094
-1146.3360004296153 -389.5128084593266
-1145.0571219792216 -390.7560799293965
-1145.0705638696998 -392.66949595741926
-1144.295924740061 -393.9136495762318
-1144.2909531017392 -394.98190368942915
-1143.4160088916867 -395.8511250191182
-1143.9922752400487 -396.80534716181455
-1144.240046950206 -398.7111748033017
-1143.7645087560265 -400.33021052412687
-1143.506853999719 -401.06552841000257
-1142.7479992529004 -402.2190947704762
-1142.0490912219136 -404.10514427952467
-1141.986927056834 -405.1029827170819
-1142.024001384303 -406.76999350123106
-1141.8855662291496 -408.59097571901975
-1141.6414734815805 -409.80944867663084
-1142.0793646668642 -411.1993847661465
-1141.4475405310839 -412.5456069283932
-1141.2443510537594 -414.40450699858366
-1141.8310425525158 -415.80873914293943
-1141.6289532428234 -416.9557178788632
-1141.0097901468723 -418.2237464957684
-1140.863400036618 -419.2619936042279
-1141.3767273371666 -421.17400773100553
-1140.8459676449745 -422.7562048011273
-1140.717506731078 -423.61894376806913
-1140.534117275998 -424.85939236216245
-1140.1431802456825 -426.7685074382275
-1140.8419429009407 -427.6976860337704
-1141.1062121336906 -429.61991890005766
-1141.2518258040398 -430.5850758128613
-1141.2621757706254 -432.287712412402
-1140.8072906454652 -433.7427504830807
-1141.278820188865 -434.38849009804426
-1141.8477263768762 -435.8105834894627
